TITLE = "Temporal Signal for receiver number 00002"
VARIABLES = "Time","s_xx","s_yy","s_zz","s_xy","s_yz","s_xz","v1","v2","v3"
# x1       2.600000000000e+04
# x2       -1.000000000000e+03
# x3       -8.000000000000e+03
# cell-global-id 15211
  0.000000000000000e+00  0.000000000000000e+00  0.000000000000000e+00  0.000000000000000e+00  0.000000000000000e+00  0.000000000000000e+00  0.000000000000000e+00  0.000000000000000e+00  0.000000000000000e+00  0.000000000000000e+00
  5.000000000000000e-03  0.000000000000000e+00  0.000000000000000e+00  0.000000000000000e+00  0.000000000000000e+00  0.000000000000000e+00  0.000000000000000e+00  0.000000000000000e+00  0.000000000000000e+00  0.000000000000000e+00
  1.000000000000000e-02  0.000000000000000e+00  0.000000000000000e+00  0.000000000000000e+00  0.000000000000000e+00  0.000000000000000e+00  0.000000000000000e+00  0.000000000000000e+00  0.000000000000000e+00  0.000000000000000e+00
  1.500000000000000e-02  0.000000000000000e+00  0.000000000000000e+00  0.000000000000000e+00  0.000000000000000e+00  0.000000000000000e+00  0.000000000000000e+00  0.000000000000000e+00  0.000000000000000e+00  0.000000000000000e+00
  2.000000000000000e-02  0.000000000000000e+00  0.000000000000000e+00  0.000000000000000e+00  0.000000000000000e+00  0.000000000000000e+00  0.000000000000000e+00  0.000000000000000e+00  0.000000000000000e+00  0.000000000000000e+00
  2.500000000000000e-02  0.000000000000000e+00  0.000000000000000e+00  0.000000000000000e+00  0.000000000000000e+00  0.000000000000000e+00  0.000000000000000e+00  0.000000000000000e+00  0.000000000000000e+00  0.000000000000000e+00
  3.000000000000000e-02  0.000000000000000e+00  0.000000000000000e+00  0.000000000000000e+00  0.000000000000000e+00  0.000000000000000e+00  0.000000000000000e+00  0.000000000000000e+00  0.000000000000000e+00  0.000000000000000e+00
  3.500000000000000e-02  0.000000000000000e+00  0.000000000000000e+00  0.000000000000000e+00  0.000000000000000e+00  0.000000000000000e+00  0.000000000000000e+00  0.000000000000000e+00  0.000000000000000e+00  0.000000000000000e+00
  4.000000000000000e-02  0.000000000000000e+00  0.000000000000000e+00  0.000000000000000e+00  0.000000000000000e+00  0.000000000000000e+00  0.000000000000000e+00  0.000000000000000e+00  0.000000000000000e+00  0.000000000000000e+00
  4.500000000000000e-02  0.000000000000000e+00  0.000000000000000e+00  0.000000000000000e+00  0.000000000000000e+00  0.000000000000000e+00  0.000000000000000e+00  0.000000000000000e+00  0.000000000000000e+00  0.000000000000000e+00
  5.000000000000000e-02  0.000000000000000e+00  0.000000000000000e+00  0.000000000000000e+00  0.000000000000000e+00  0.000000000000000e+00  0.000000000000000e+00  0.000000000000000e+00  0.000000000000000e+00  0.000000000000000e+00
  5.499999999999999e-02  0.000000000000000e+00  0.000000000000000e+00  0.000000000000000e+00  0.000000000000000e+00  0.000000000000000e+00  0.000000000000000e+00  0.000000000000000e+00  0.000000000000000e+00  0.000000000000000e+00
  5.999999999999999e-02  -9.850088618732904e-12  -4.845770132167337e-12  -2.511912403455028e-13  -3.571108276416835e-12  -4.525713699263620e-13  -8.981157755115171e-13  -6.791231575133685e-19  -3.565374492549344e-19  1.272059712844574e-19
  6.499999999999999e-02  -4.724566335082558e-08  -3.135399339991197e-08  -3.227764756981924e-08  -1.675067118903899e-08  7.434425404535620e-09  1.109484069665271e-08  -3.678240608908046e-15  -2.199137709430725e-15  2.594283716215401e-15
  6.999999999999999e-02  -7.567114883445395e-06  -5.928124947786698e-06  -6.821852024946345e-06  -3.189804434219412e-06  2.238583175250537e-06  3.472288052144730e-06  -6.968619888481076e-13  -4.008934218980737e-13  5.143497585718761e-13
  7.500000000000000e-02  -2.432806963457604e-05  -1.158821813436244e-05  -1.043158251788958e-05  -8.285808203693773e-06  3.926455497843667e-06  1.065614511539292e-05  -1.990799441359685e-12  -8.803299415078120e-13  8.051596719897986e-13
  8.000000000000000e-02  7.906524043435952e-05  6.739458802201503e-05  1.286231554972806e-04  2.964287922138551e-05  -3.041193450591518e-05  -6.176365014426778e-05  8.662401054806745e-12  2.797958169294442e-12  -1.005385972446830e-11
  8.500000000000001e-02  2.581716431380028e-04  1.071391532193062e-04  2.810656392182595e-04  1.043043054250811e-04  -8.791748458240862e-05  -2.898457755091481e-04  3.085300089376293e-11  4.538431902618805e-12  -2.146218546740536e-11
  9.000000000000001e-02  -4.326693483404102e-05  -2.271826912941918e-04  -2.462463779390433e-04  -7.214037519243898e-05  3.055222126499329e-05  -9.918476545294882e-05  -7.976153968417017e-12  -1.162715381462448e-11  2.043657032809325e-11
  9.500000000000001e-02  -1.189415504001682e-03  -8.512466313812774e-04  -1.804270754429164e-03  -4.786272273132711e-04  5.798128673937848e-04  1.308619498270240e-03  -1.466728269404631e-10  -4.071010197668658e-11  1.548048192644491e-10
  1.000000000000000e-01  -4.819735979789131e-04  2.059962341980870e-04  -9.271522721269456e-04  1.233092067321057e-04  4.506270129885011e-04  1.717125746153260e-03  -6.408475733782184e-11  1.656344739610552e-11  9.864746841968750e-11
  1.050000000000000e-01  2.701018921966259e-03  2.137489099863782e-03  3.250369890915382e-03  1.305569382732293e-03  -9.396703694076226e-04  -1.466993360975696e-03  2.768996787121749e-10  1.002285310633132e-10  -3.008999667007065e-10
  1.100000000000000e-01  -1.767767495345079e-03  -1.029289301343119e-03  2.198344034432725e-03  -9.814082725324064e-04  -1.575802200244694e-03  -3.478464450747410e-03  -4.874141785949287e-11  -3.572077272140163e-11  -2.639013737991215e-10
  1.150000000000000e-01  -6.736531801374119e-03  -3.056981380384028e-03  -1.926168796075749e-03  -2.891663125299684e-03  -3.847646513388924e-04  -8.941239471549605e-04  -4.661365751543902e-10  -1.061484061115875e-10  1.253345884044343e-10
  1.200000000000000e-01  -3.435180866951415e-04  -6.036494224841689e-04  -3.938181323589630e-03  -6.759369596824844e-04  2.113463632579967e-03  2.959638957836836e-03  9.124008551136429e-11  -5.612201626723830e-11  3.660416620936988e-10
  1.250000000000000e-01  1.234083137582409e-02  1.438214890652054e-03  -1.838256716344292e-03  2.475286146755115e-03  2.986058559229539e-03  1.883684659986974e-03  9.882099149245479e-10  -9.838790837563436e-11  1.118500769269024e-10
  1.300000000000000e-01  1.569562203215352e-02  -1.452218963755975e-03  -1.101134034300297e-03  4.933580426549629e-03  2.385249972500197e-03  -1.323390057861315e-03  7.998773674248015e-10  -1.915698002713480e-10  -3.316480696510328e-12
  1.350000000000000e-01  -3.156098817710324e-03  2.561076891256157e-03  -1.422298882725012e-04  -2.100340203643559e-04  -1.367652419611403e-03  2.915734043037931e-03  -1.291839455646302e-09  3.581553944336002e-10  4.164613416940085e-10
  1.400000000000000e-01  -2.605306923961778e-02  3.695354387534172e-03  -4.970393021900913e-03  -1.971214816133513e-03  -3.295605011672632e-03  8.249956222189507e-03  -2.631939741153482e-09  5.898452481607479e-10  9.245041198351690e-10
  1.450000000000000e-01  -2.554285601573015e-02  9.584175761559781e-03  -4.988428474665805e-03  -5.601320024573627e-03  -4.352494966502259e-03  1.237406679703455e-02  -1.822551366374771e-09  7.696536066682029e-10  -7.017577568583799e-11
  1.500000000000000e-01  9.924206681848943e-04  1.021898027013182e-02  4.547631735864460e-03  -1.865701621308826e-03  -5.041590080454066e-03  5.984859315516785e-03  1.085585656256472e-09  5.578615591857585e-10  -1.905871696873165e-09
  1.550000000000001e-01  5.476993144807569e-02  4.414588615156536e-03  3.217681639416088e-02  1.341414164865514e-02  -4.698546404658106e-03  -2.117571513547615e-02  6.150337668526287e-09  -5.667430029192809e-11  -3.880953158544177e-09
  1.600000000000001e-01  6.140810980471306e-02  -2.426267301169594e-02  1.888122895417123e-02  2.260958809651046e-02  8.641773943944941e-03  -4.580333502336652e-02  5.737273742294056e-09  -2.234518735185270e-09  -5.215860930187170e-10
  1.650000000000001e-01  4.387182558871549e-02  -3.315812462135786e-02  -2.019212899602211e-02  1.072803474232254e-02  2.077132828930640e-02  -3.145078106931040e-02  7.516172112545583e-10  -3.129862535899853e-09  3.888280399819742e-09
  1.700000000000001e-01  1.067910128563184e-02  -4.162970278640199e-03  -5.543179772068734e-02  2.181611765183757e-03  2.006773738096390e-02  1.938763896255000e-02  -5.764433251435689e-09  -1.651922167382474e-09  6.040385900357741e-09
  1.750000000000001e-01  -2.105500679624329e-02  4.008557272610797e-02  -1.523162432487195e-02  8.844967749181747e-03  -1.584021631315539e-03  3.582941160043816e-02  -6.662891348504559e-09  1.488327208107551e-09  1.390254859815457e-09
  1.800000000000001e-01  -1.775781805385287e-01  -1.703191053161098e-03  2.361998884044511e-02  -5.649683240675205e-02  -1.304065059863108e-02  3.876792953230025e-02  -1.403460707951105e-08  1.764012523570114e-09  -2.543931222600376e-09
  1.850000000000001e-01  -4.859913893235625e-01  -1.487735416392390e-01  -8.594789941210713e-02  -1.980772702936207e-01  3.579670082065031e-02  1.547895907924164e-01  -3.393845185327514e-08  -4.266213787141939e-09  7.780185007335186e-09
  1.900000000000001e-01  -5.640596088039181e-01  -1.064613561952832e-01  -1.318433541842380e-02  -1.645292805871666e-01  1.020415019213688e-02  1.695004828222010e-01  -2.711857385261897e-08  -4.237464277620375e-09  5.419148488399575e-09
  1.950000000000001e-01  -1.296569177558734e-01  1.451480465118152e-01  3.878687496904114e-01  5.548522175403182e-02  -7.467420341493941e-02  -1.648257276520844e-01  3.374970459899352e-08  1.365006308273768e-09  -1.535800478846487e-08
  2.000000000000001e-01  3.390826823238529e-01  1.808496658489741e-01  4.973854475885397e-01  6.947337710956233e-02  -8.028817544816187e-02  -4.872129412577673e-01  6.802021217522410e-08  -3.739529476565715e-09  -2.133774826979136e-08
  2.050000000000001e-01  5.386665315957061e-01  -3.696036372162961e-01  -5.954424669154185e-01  -1.537771667974632e-01  6.591914269602175e-02  -2.333614083251221e-01  4.494925158999405e-08  -4.549881982362988e-08  2.657497454337499e-08
  2.100000000000001e-01  1.744179351657600e+00  -5.570645936073263e-01  -2.079582094901733e+00  9.185603378172867e-03  7.010723542676166e-01  1.199510522514541e+00  8.201402296370275e-09  -6.839264717920669e-08  1.047749178500658e-07
  2.150000000000001e-01  4.011708769123741e+00  9.130484746777311e-01  -9.749319143542928e-01  1.000338484415473e+00  8.499187617095011e-01  1.676807220166088e+00  1.422785665565486e-07  2.744854017403436e-08  6.237253913360560e-08
  2.200000000000001e-01  6.412928973743891e+00  2.407552155735223e+00  2.275713738871158e+00  2.867261125987855e+00  2.559689962465875e-01  -1.093680792654941e+00  4.300843878533197e-07  1.626605926941312e-07  -1.927363680306896e-07
  2.250000000000001e-01  2.840295015845469e+00  -7.994791095172891e-01  1.552630499387923e+00  1.651337466448645e+00  1.100234578473872e-01  -3.327964095788640e+00  1.863949794354671e-07  5.800535564449262e-08  -2.425566612722928e-07
  2.300000000000001e-01  -1.670585156814125e+01  -9.291699211474594e+00  -4.643473877705611e+00  -5.606029740496073e+00  7.844321980987147e-01  5.866067326475882e-01  -1.406893797373309e-06  -3.401997962226332e-07  2.664608993179943e-07
  2.350000000000001e-01  -3.258064134656487e+01  -6.087205154862491e+00  -2.667987941123447e+00  -1.219038379288252e+01  1.646968921132034e-01  8.932732536511010e+00  -2.614787618100321e-06  -1.652803333172319e-07  3.946079296873981e-07
  2.400000000000001e-01  -3.137206796526909e+01  4.523534785827914e+00  6.046997734137116e+00  -7.831327868612565e+00  -4.197718576513215e+00  6.217022630429209e+00  -1.488871249136638e-06  2.914080847835794e-07  -2.571665357770381e-07
  2.450000000000001e-01  1.157104188905686e+01  2.329299834790742e+01  2.146156547569684e+01  6.114312062369970e+00  -1.206630823113163e+01  -1.262147394979854e+01  3.043589616853477e-06  1.187679803868301e-06  -1.869738839607747e-06
  2.500000000000001e-01  5.988751186428700e+01  2.492346537891523e+01  2.189921525520647e+01  1.271241008731400e+01  -9.556009459719716e+00  -2.640256185757761e+01  5.782805642261468e-06  1.234926678888704e-06  -2.160223684391208e-06
  2.550000000000001e-01  8.274330540782057e+01  1.048618407179420e+01  9.879619791177064e-01  2.331401064961812e+01  2.506015012181382e+00  -2.714477491238392e+01  5.423448120957207e-06  9.963459240686169e-07  3.781111265981014e-08
  2.600000000000001e-01  5.102896377914151e+01  -2.018201227363215e+01  -2.830127825966753e+01  1.767403478235590e+01  2.494410223543700e+01  2.985941768064325e+00  -2.245749730813675e-07  -9.837906212644390e-07  3.942998425266175e-06
  2.650000000000001e-01  -1.741446176773792e+01  -4.887013284406408e+01  -4.517488116427057e+01  2.163112609376358e+00  2.967433231826169e+01  3.737616826153403e+01  -5.267320916502620e-06  -3.499609270139585e-06  6.208983852831019e-06
  2.700000000000001e-01  -1.226787185695022e+02  -1.026749945319748e+02  -7.847757481169440e+01  -4.220290532407822e+01  3.872646373355929e+01  8.237956803691476e+01  -1.109819659077415e-05  -9.363862889299650e-06  7.185866758356026e-06
  2.750000000000001e-01  -1.801578690104757e+02  -9.817062169944842e+01  -8.890995111139752e+01  -7.054659236608025e+01  2.930533601686992e+01  9.871169622446128e+01  -1.192856238266958e-05  -1.078564804135328e-05  5.477182006787104e-06
  2.800000000000001e-01  -1.050575495583505e+02  -9.304375447857964e+00  -1.831243741024736e+01  -7.467756613843177e+01  2.404235869641878e+00  6.586572849834455e+01  -4.603899067289818e-06  -4.467555080433797e-06  -2.731093956409650e-06
  2.850000000000001e-01  6.653800495708229e+01  1.477077625803718e+02  1.259685377203796e+02  -2.810500767303661e+01  -5.233710634970363e+01  -3.522009565081933e+01  8.395563288615687e-06  1.112246163453714e-05  -1.553770819890568e-05
  2.900000000000001e-01  1.965742737583135e+02  1.806897061362384e+02  1.998294416169626e+02  2.628769172287112e+01  -5.568434939627771e+01  -1.454802133943061e+02  1.765586620890516e-05  1.940136095171642e-05  -2.323290290031699e-05
  2.950000000000002e-01  2.763262743538525e+02  2.116536472935143e+02  2.477908375662737e+02  1.144588594232425e+02  -8.112164947044268e+01  -2.775044428372296e+02  2.622470104870278e-05  2.774657446625175e-05  -2.583806820286576e-05
  3.000000000000002e-01  2.805461044400108e+02  1.420627369693158e+02  2.062536797462042e+02  1.788115003326712e+02  -7.212034073375433e+01  -3.414039059913491e+02  2.518201233338525e-05  2.626178668858499e-05  -1.819281129165635e-05
  3.050000000000002e-01  1.629758440987728e+01  2.190112972779651e+01  6.928784359487606e+00  1.689710928728568e+02  -6.471702573468126e+01  -2.385888211623104e+02  8.772249852428549e-07  1.762196031217484e-05  8.563862199604788e-06
  3.100000000000002e-01  -4.424413680418347e+02  -2.397636160420587e+02  -3.489502614438832e+02  5.033136357534196e+01  -5.171607470589351e-01  8.261603991812191e+01  -3.755526661923788e-05  -6.604247485124167e-06  4.327349741409750e-05
  3.150000000000002e-01  -8.680433755021811e+02  -4.030980126067790e+02  -5.807453348962819e+02  -5.309812022962092e+01  -2.022461726018954e+00  4.531208462769386e+02  -6.281752850713276e-05  -2.756637778287279e-05  6.088238407482928e-05
  3.200000000000002e-01  -9.610311997087653e+02  -5.895137331865847e+02  -7.793574162640086e+02  -1.898617038959474e+02  1.501069322041523e+02  8.611078647714464e+02  -7.167918744717546e-05  -6.263305985473668e-05  7.005341939146676e-05
  3.250000000000002e-01  -6.509259633102752e+02  -3.823244721454979e+02  -6.670081992679620e+02  -3.201260791090786e+02  2.305497535882419e+02  1.063477954371224e+03  -6.023545824423770e-05  -7.247330292749228e-05  6.342038325352210e-05
  3.300000000000002e-01  2.949032500089162e+02  1.483469538307297e+02  1.594700854588136e+01  -2.541696294425230e+02  2.789542034761944e+02  7.860365175104288e+02  -8.748743374164186e-06  -5.016575535597988e-05  1.392935825114406e-05
  3.350000000000002e-01  1.395469075115300e+03  9.539336418500036e+02  1.020004430403456e+03  -3.807921774220458e+01  6.452054506115576e+01  3.027608338723663e+00  7.570436817460146e-05  1.362047327905806e-05  -6.696298903763865e-05
  3.400000000000002e-01  2.275140066964972e+03  1.427250242842357e+03  1.618030869703863e+03  2.225471263412759e+02  -1.165293382322407e+02  -9.438387059061109e+02  1.586168720912654e-04  6.663898906091830e-05  -1.326793999634335e-04
  3.450000000000002e-01  2.280245555644646e+03  1.312029461596174e+03  1.613780706795818e+03  3.432003149833668e+02  -5.053575078189135e+02  -1.819641070187424e+03  2.083221035939939e-04  1.062760350275421e-04  -1.777135572229662e-04
  3.500000000000002e-01  1.310330650969078e+03  2.718610081075673e+02  1.036036666102646e+03  2.324463061611012e+02  -5.345379197039119e+02  -2.168914718647019e+03  1.758553744213549e-04  8.314272290392234e-05  -1.739057288801919e-04
  3.550000000000002e-01  -1.057227445912039e+03  -1.164310092099091e+03  -1.761071573082912e+02  -2.796316473450917e+02  -3.390028234987388e+02  -1.624468916002504e+03  2.374704473152709e-05  1.517122446612168e-05  -8.117498811192405e-05
  3.600000000000002e-01  -3.417427231457316e+03  -2.311429388695653e+03  -1.068354963144202e+03  -8.459271052601224e+02  2.293682742334290e+02  -4.580324146636360e+02  -1.878636447896290e-04  -6.868771040409085e-05  4.449130266086191e-05
  3.650000000000002e-01  -5.287154958169183e+03  -3.238445285007043e+03  -2.104562453788817e+03  -1.129845470335279e+03  7.674098211202984e+02  8.996492198954336e+02  -3.866439358689360e-04  -1.436687795523317e-04  1.750643124745139e-04
  3.700000000000002e-01  -5.587038906705044e+03  -3.555534414192034e+03  -3.314565517006286e+03  -1.321054320898375e+03  1.367867764091106e+03  2.441781602785354e+03  -5.120565143786391e-04  -2.164609710182473e-04  3.252275663968777e-04
  3.750000000000002e-01  -5.912989923886078e+03  -4.129852303233799e+03  -5.068073714224996e+03  -1.691748296327200e+03  1.663387455398215e+03  3.856453330735211e+03  -5.717314888450001e-04  -3.066640560360713e-04  4.715366297022946e-04
  3.800000000000002e-01  -5.795685785734102e+03  -5.285350155208327e+03  -7.000137966053179e+03  -2.068551780134044e+03  1.878701656399931e+03  4.601895372044840e+03  -5.208912762435625e-04  -4.240356010742574e-04  5.645339018531005e-04
  3.850000000000002e-01  -6.622778696872435e+03  -6.664499051782151e+03  -8.022411430791782e+03  -2.623945123631425e+03  2.026369806321597e+03  4.566750402574165e+03  -4.454932240520823e-04  -5.334633680393431e-04  5.777897334053798e-04
  3.900000000000002e-01  -6.276920542346910e+03  -6.499379318844717e+03  -7.236538459905474e+03  -3.527010390708763e+03  2.173501122577865e+03  4.238976061023634e+03  -3.387337759243647e-04  -5.563814033649825e-04  5.332878875699606e-04
  3.950000000000002e-01  -5.992741498659069e+03  -4.972742882916352e+03  -5.019450047027831e+03  -3.471905428734029e+03  2.377899837551211e+03  3.417665719333300e+03  -2.296452825906316e-04  -4.391910778060192e-04  3.822041745840457e-04
  4.000000000000002e-01  -4.072351195241067e+03  -8.295929494819181e+02  -1.296540662689730e+03  -2.478515374320270e+03  1.912393103681569e+03  2.376242439573148e+03  -1.337370682993790e-04  -1.479596324922917e-04  1.447743970149937e-04
  4.050000000000002e-01  -4.765148026381072e+03  1.718047597207660e+03  6.624678304807642e+02  -2.492124430295627e+03  2.130730609596172e+03  2.952688511584885e+03  -3.095072652088116e-04  5.162221286460118e-05  2.674220865290196e-05
  4.100000000000003e-01  -1.221843230696903e+04  -2.215194687831112e+03  -2.382669457735002e+03  -5.784630578148686e+03  3.716831609840026e+03  5.480688082230204e+03  -1.065376011843705e-03  -1.910982005461863e-04  2.120279611619706e-04
  4.150000000000003e-01  -3.656489520298100e+04  -1.970511865292595e+04  -1.686123028931300e+04  -1.516399010441119e+04  8.937377186720843e+03  1.199615270912259e+04  -2.813973059730594e-03  -1.322936486163541e-03  1.041257645127722e-03
  4.200000000000003e-01  -8.395960859454222e+04  -6.107438602682584e+04  -4.857624544394098e+04  -3.711838402673709e+04  2.113517098106807e+04  2.559448484840391e+04  -6.170722826287047e-03  -4.089061740305968e-03  2.966745543358798e-03
  4.250000000000003e-01  -1.635786506522322e+05  -1.334858066808759e+05  -1.055913546794405e+05  -7.404836926422556e+04  4.434005907229261e+04  5.019722171720905e+04  -1.144857657395679e-02  -8.943479688887928e-03  6.444278512659934e-03
  4.300000000000003e-01  -2.769372099413480e+05  -2.404259150025563e+05  -1.860580359386019e+05  -1.284149888634666e+05  7.835970659014965e+04  8.624314365721875e+04  -1.889122063943736e-02  -1.617668522718126e-02  1.139429348410641e-02
  4.350000000000003e-01  -4.221288233936620e+05  -3.813458002016704e+05  -2.905914141547825e+05  -1.993818368301773e+05  1.247984465056848e+05  1.350798534711836e+05  -2.832742808634163e-02  -2.576468984387727e-02  1.788171737588864e-02
  4.400000000000003e-01  -5.897173351380915e+05  -5.554997386407452e+05  -4.151764565243705e+05  -2.871680260816762e+05  1.845913111918558e+05  1.954081816177604e+05  -3.949511996523631e-02  -3.770864505827590e-02  2.580209838642486e-02
  4.450000000000003e-01  -7.692198688702240e+05  -7.491802351339035e+05  -5.497368711569321e+05  -3.839519073649051e+05  2.532701432151848e+05  2.625606550643322e+05  -5.146250114184017e-02  -5.109221804904684e-02  3.455404673532526e-02
  4.500000000000003e-01  -9.465163483880127e+05  -9.578107310539654e+05  -6.857490789647455e+05  -4.889605167284271e+05  3.300176396995138e+05  3.325530952575746e+05  -6.372741676137231e-02  -6.564504508504911e-02  4.375626353778338e-02
  4.550000000000003e-01  -1.109623629357252e+06  -1.166459113454815e+06  -8.175153737759141e+05  -5.935819193246999e+05  4.123958527715583e+05  4.018037489869537e+05  -7.516425369546212e-02  -8.037624667981008e-02  5.311328314904316e-02
  4.600000000000003e-01  -1.248664544593006e+06  -1.369728402757545e+06  -9.373850068984691e+05  -6.964672541107031e+05  4.987931965553002e+05  4.666493024435986e+05  -8.541109983604725e-02  -9.496754134517109e-02  6.221811963038521e-02
  4.650000000000003e-01  -1.353875238994440e+06  -1.554554020985438e+06  -1.035567089471703e+06  -7.927199149961403e+05  5.846615468368995e+05  5.234548962297937e+05  -9.381594288534889e-02  -1.084211196053443e-01  7.038431516931189e-02
  4.700000000000003e-01  -1.424181280641173e+06  -1.721583354818699e+06  -1.116607657915513e+06  -8.798541189192404e+05  6.728671407645573e+05  5.721732580081321e+05  -1.000335331368221e-01  -1.209175265878551e-01  7.806327348545257e-02
  4.750000000000003e-01  -1.457871225912947e+06  -1.862493435531401e+06  -1.176906013330393e+06  -9.534571652493197e+05  7.596308938620221e+05  6.120889930725585e+05  -1.037265993526677e-01  -1.315838944756010e-01  8.480661757006216e-02
  4.800000000000003e-01  -1.457981085459661e+06  -1.984301939139565e+06  -1.218134102936115e+06  -1.016949973186933e+06  8.458865069794731e+05  6.455218844893395e+05  -1.051830576227003e-01  -1.410297074297360e-01  9.083277474969229e-02
  4.850000000000003e-01  -1.429514009073018e+06  -2.085535971279986e+06  -1.241727352685912e+06  -1.069400972773749e+06  9.291647810360924e+05  6.746713179926709e+05  -1.046108413651579e-01  -1.489211732351862e-01  9.598461269358424e-02
  4.900000000000003e-01  -1.385908047635296e+06  -2.178392735066178e+06  -1.257520648344915e+06  -1.110742235353971e+06  1.012630955258757e+06  7.008624663903157e+05  -1.027341467065893e-01  -1.560632094635027e-01  1.007802278037855e-01
  4.950000000000003e-01  -1.328972931145596e+06  -2.261640220217200e+06  -1.260474976202250e+06  -1.148852063613363e+06  1.092895946636413e+06  7.276353948645002e+05  -1.001978649549622e-01  -1.623523991151316e-01  1.047746317108588e-01
  5.000000000000003e-01  -1.273069716042504e+06  -2.349365057561095e+06  -1.259900965424521e+06  -1.184055457150626e+06  1.174570229436110e+06  7.540008087955958e+05  -9.776058523434948e-02  -1.688625335306614e-01  1.086616764566345e-01
  5.050000000000003e-01  -1.219111582682640e+06  -2.433792174660857e+06  -1.252842587654478e+06  -1.220744361202079e+06  1.254871154993313e+06  7.819064658766311e+05  -9.603536728895072e-02  -1.748552082102618e-01  1.118245299714386e-01
  5.100000000000003e-01  -1.176022141392704e+06  -2.522788298249793e+06  -1.243987685171403e+06  -1.260674050329227e+06  1.335347282072946e+06  8.092622144579521e+05  -9.550928456487830e-02  -1.809387313276970e-01  1.146467317441223e-01
  5.150000000000003e-01  -1.143605119078699e+06  -2.615237523647421e+06  -1.228626108262705e+06  -1.309791552390694e+06  1.412707798530154e+06  8.374231572659970e+05  -9.597257871624711e-02  -1.873062853052998e-01  1.170781474955708e-01
  5.200000000000004e-01  -1.126472674006003e+06  -2.713986145800610e+06  -1.217764219334959e+06  -1.364113365301667e+06  1.490426733842445e+06  8.632737442999546e+05  -9.798784353912823e-02  -1.936120766358765e-01  1.192988109055796e-01
  5.250000000000004e-01  -1.114019818751752e+06  -2.816331213497759e+06  -1.204220368883637e+06  -1.427264402202040e+06  1.566701178568657e+06  8.902941791530778e+05  -1.004997952830244e-01  -2.002084857367054e-01  1.213330824597898e-01
  5.300000000000004e-01  -1.113896106415430e+06  -2.938833852002900e+06  -1.205800149043745e+06  -1.493478035881991e+06  1.649609624397467e+06  9.129921660576594e+05  -1.035291982730974e-01  -2.077401612425448e-01  1.242267200918085e-01
  5.350000000000004e-01  -1.110301897662316e+06  -3.077960753161842e+06  -1.216161949248082e+06  -1.560725629806962e+06  1.740451499008552e+06  9.338646037159741e+05  -1.057229636777549e-01  -2.164016062885236e-01  1.279932391215176e-01
  5.400000000000004e-01  -1.085789750292558e+06  -3.224383078793873e+06  -1.232707926512960e+06  -1.619983189182089e+06  1.841287880618782e+06  9.530251653975135e+05  -1.064735938570395e-01  -2.253656864819089e-01  1.324616779716831e-01
  5.450000000000004e-01  -1.041433774533617e+06  -3.390306784173258e+06  -1.258381213348419e+06  -1.671190544866840e+06  1.956716145453105e+06  9.684579580887257e+05  -1.045962330507390e-01  -2.359311062094049e-01  1.385398704097119e-01
  5.500000000000004e-01  -9.667156617668567e+05  -3.561384237691716e+06  -1.291962500003779e+06  -1.705690475454532e+06  2.086794555397241e+06  9.796769643689410e+05  -1.005029394505273e-01  -2.463459900405350e-01  1.456716338844304e-01
  5.550000000000004e-01  -8.520160000934702e+05  -3.733714116409760e+06  -1.318652225624471e+06  -1.727594522387550e+06  2.229040463499755e+06  9.910642036717837e+05  -9.289850113251000e-02  -2.575799134555823e-01  1.539377174150910e-01
  5.600000000000004e-01  -7.006644325322430e+05  -3.898221122209501e+06  -1.337587708796752e+06  -1.734719612201261e+06  2.380715515982020e+06  1.002489051414969e+06  -8.295378370912468e-02  -2.682871998805196e-01  1.627841550352492e-01
  5.650000000000004e-01  -5.433828781932723e+05  -4.068503875709206e+06  -1.360680066577048e+06  -1.734888317646584e+06  2.541645738383997e+06  1.008852686305125e+06  -7.248466384644521e-02  -2.786416888295593e-01  1.719153980829020e-01
  5.700000000000004e-01  -3.636635873694555e+05  -4.219715714275697e+06  -1.358450457714486e+06  -1.732536027345887e+06  2.697927152247613e+06  1.021028600563698e+06  -6.165323474395456e-02  -2.880359034042012e-01  1.800687638351203e-01
  5.750000000000004e-01  -2.131202538718229e+05  -4.373702124901045e+06  -1.345131247085751e+06  -1.744495455427126e+06  2.845204759756977e+06  1.030660671892005e+06  -5.326261858116129e-02  -2.971623527169325e-01  1.865125387659422e-01
  5.800000000000004e-01  -8.660926817351195e+04  -4.502220305014469e+06  -1.301080905308376e+06  -1.773301640410213e+06  2.969108346710062e+06  1.044896082028073e+06  -4.903884407231771e-02  -3.040306783583809e-01  1.896223231964580e-01
  5.850000000000004e-01  -2.468489626432572e+04  -4.614518675971468e+06  -1.231421035679874e+06  -1.834904937661031e+06  3.061100147158157e+06  1.057611912727766e+06  -5.128602497481394e-02  -3.089405100811614e-01  1.883387828731003e-01
  5.900000000000004e-01  -3.199822182883192e+04  -4.696636093231996e+06  -1.109694084026965e+06  -1.940917060422694e+06  3.101996614068539e+06  1.073791682568400e+06  -6.036838431052774e-02  -3.122032134614747e-01  1.814680467230934e-01
  5.950000000000004e-01  -1.387818411922345e+05  -4.744674759084046e+06  -9.612416053319843e+05  -2.090466708913949e+06  3.092708395712783e+06  1.083145716521161e+06  -7.915177834523876e-02  -3.113817756067783e-01  1.681863086994611e-01
  6.000000000000004e-01  -3.162183429064404e+05  -4.737497515491719e+06  -7.506743074636876e+05  -2.285144798200805e+06  3.015319223392467e+06  1.097942178568117e+06  -1.054152457759511e-01  -3.075813415937814e-01  1.485540047320600e-01
  6.050000000000004e-01  -6.095505666974080e+05  -4.695210556900918e+06  -5.244116173184584e+05  -2.524185164872781e+06  2.880563011012941e+06  1.098794520450004e+06  -1.414257916491364e-01  -2.994321576267395e-01  1.224462817947790e-01
  6.100000000000004e-01  -9.832939637629944e+05  -4.609264194909364e+06  -2.684071375912062e+05  -2.798096507670788e+06  2.683949697397835e+06  1.094627312996780e+06  -1.842366249462594e-01  -2.880129523431503e-01  9.101910177638542e-02
  6.150000000000004e-01  -1.392783620966732e+06  -4.465332775736333e+06  9.834553765950730e+03  -3.084290486025054e+06  2.433751586025124e+06  1.093969773463777e+06  -2.309308731883844e-01  -2.731598456659802e-01  5.666946585351674e-02
  6.200000000000004e-01  -1.867802259947271e+06  -4.309656899627701e+06  2.749780147763647e+05  -3.383393100347576e+06  2.143069262230524e+06  1.080532349160564e+06  -2.809293089706639e-01  -2.565188179089970e-01  1.994565703040852e-02
  6.250000000000004e-01  -2.347056639966512e+06  -4.121322352465909e+06  5.162731456485972e+05  -3.663847410361419e+06  1.829620110303799e+06  1.066292508560181e+06  -3.307601455532396e-01  -2.375060089268334e-01  -1.605711830531918e-02
  6.300000000000004e-01  -2.824764226834975e+06  -3.935419767199902e+06  7.293339816811392e+05  -3.925235161223516e+06  1.499645005152532e+06  1.048626628254526e+06  -3.777234075918072e-01  -2.187623187269674e-01  -5.034747806427606e-02
  6.350000000000005e-01  -3.260455816684274e+06  -3.741223826359359e+06  9.043136970651930e+05  -4.146086678926115e+06  1.171318995782349e+06  1.035001676044639e+06  -4.194940672480829e-01  -1.997992155926745e-01  -8.068920028906364e-02
  6.400000000000005e-01  -3.660021664896687e+06  -3.553620220109900e+06  1.004480619742537e+06  -4.317913635704917e+06  8.713526350197644e+05  1.017293580229843e+06  -4.560038011555078e-01  -1.801899891151039e-01  -1.062018881825639e-01
  6.450000000000005e-01  -3.966823819091956e+06  -3.364792311512718e+06  1.075598758446772e+06  -4.436592349220752e+06  5.943179254050087e+05  1.016837354333800e+06  -4.833960365585445e-01  -1.620998300555089e-01  -1.250385382299826e-01
  6.500000000000005e-01  -4.225315335206963e+06  -3.197709476376667e+06  1.068781893787976e+06  -4.507062702467700e+06  3.667564380977854e+05  1.014238839325197e+06  -5.044024322649093e-01  -1.442139828577465e-01  -1.381057896263370e-01
  6.550000000000005e-01  -4.369741902276873e+06  -3.025037564985060e+06  1.040353901588956e+06  -4.521875674614320e+06  1.825627643841883e+05  1.037020547186018e+06  -5.158151463910382e-01  -1.280683894790590e-01  -1.434498391031114e-01
  6.600000000000005e-01  -4.438650210743184e+06  -2.860982780592992e+06  9.688034261333522e+05  -4.493252453685302e+06  5.278729103304022e+04  1.072121919693956e+06  -5.202954799731494e-01  -1.128934504321630e-01  -1.425713028630718e-01
  6.650000000000005e-01  -4.466889715371168e+06  -2.725207485954800e+06  8.592605154947749e+05  -4.444084296017678e+06  -2.780195547887257e+04  1.110259804570047e+06  -5.200742426275579e-01  -9.891079861372980e-02  -1.375751650095974e-01
  6.700000000000005e-01  -4.417894644783105e+06  -2.585720517619958e+06  7.424939746435141e+05  -4.365278731577815e+06  -6.144517110074567e+04  1.169247519767536e+06  -5.145617427517749e-01  -8.639176005027971e-02  -1.276029285738536e-01
  6.750000000000005e-01  -4.343526085367172e+06  -2.473527905318604e+06  6.211401144564629e+05  -4.288464917130324e+06  -6.242037903194936e+04  1.233735712840142e+06  -5.065526311137988e-01  -7.567766105438484e-02  -1.155691578153241e-01
  6.800000000000005e-01  -4.240117848855748e+06  -2.369022506415914e+06  5.012571444708058e+05  -4.208291149166208e+06  -3.129727155719313e+04  1.308037474801353e+06  -4.973154154627356e-01  -6.643994156404634e-02  -1.018944501402883e-01
  6.850000000000005e-01  -4.135989514521568e+06  -2.287285044827514e+06  3.881673161235004e+05  -4.143722094369645e+06  1.797871030785976e+04  1.383520448451780e+06  -4.883583746996450e-01  -5.894968287037038e-02  -8.837770280342223e-02
  6.900000000000005e-01  -4.025720520153603e+06  -2.222437327105240e+06  3.077458200639213e+05  -4.100555204161582e+06  6.864546923220661e+04  1.463551585909040e+06  -4.796110189891000e-01  -5.352752809185350e-02  -7.537192052493931e-02
  6.950000000000005e-01  -3.943008646325432e+06  -2.175178255065993e+06  2.293047812741121e+05  -4.081255165570937e+06  1.242349049464526e+05  1.534137031013013e+06  -4.735581226117812e-01  -4.902614750347557e-02  -6.455875575225653e-02
  7.000000000000005e-01  -3.859791868916421e+06  -2.133715908976611e+06  1.884891901657588e+05  -4.084435822518440e+06  1.682358304868391e+05  1.607343965150121e+06  -4.686131039221826e-01  -4.620326237650700e-02  -5.494857472071414e-02
  7.050000000000005e-01  -3.819305988767681e+06  -2.107117742414310e+06  1.459149757522321e+05  -4.117493400746202e+06  2.030785860957739e+05  1.663766622088008e+06  -4.673022022636823e-01  -4.356436842484387e-02  -4.855254280720696e-02
  7.100000000000005e-01  -3.800416378727214e+06  -2.086559627220072e+06  1.185908152258410e+05  -4.174874535562155e+06  2.219571005756369e+05  1.712337883799991e+06  -4.683272579576840e-01  -4.152954716549197e-02  -4.427820035142631e-02
  7.150000000000005e-01  -3.784620567287717e+06  -2.061700367718803e+06  1.103025147277743e+05  -4.244574760525880e+06  2.263691742431626e+05  1.761839325648336e+06  -4.707286698971067e-01  -4.044431562482888e-02  -4.096099551444709e-02
  7.200000000000005e-01  -3.802309120620212e+06  -2.043433315558637e+06  9.489875301854042e+04  -4.335368913203843e+06  2.169818307479152e+05  1.796514041061111e+06  -4.756795033565240e-01  -3.889739789206074e-02  -3.991025448028134e-02
  7.250000000000005e-01  -3.820630092428259e+06  -2.018671838097114e+06  8.520151380278028e+04  -4.429445225567283e+06  1.989388374579918e+05  1.831715893741030e+06  -4.816908762020048e-01  -3.792097767321585e-02  -3.936973210010765e-02
  7.300000000000005e-01  -3.855744638769731e+06  -1.996150730748872e+06  6.657413414822210e+04  -4.533278623517368e+06  1.718268501464688e+05  1.857994361339876e+06  -4.889718372983855e-01  -3.646419672586357e-02  -3.991721656287699e-02
  7.350000000000005e-01  -3.890185553278784e+06  -1.970298409836973e+06  4.506578558804396e+04  -4.636866976148228e+06  1.398417719251061e+05  1.882751856867335e+06  -4.968417763689899e-01  -3.514654244742693e-02  -4.074227494231946e-02
  7.400000000000005e-01  -3.919954582977138e+06  -1.940480337073861e+06  1.567002045015897e+04  -4.735010738135028e+06  1.080789611878347e+05  1.905749629052041e+06  -5.051757724210687e-01  -3.401680999886492e-02  -4.178121534874864e-02
  7.450000000000006e-01  -3.941829947351729e+06  -1.907251452061666e+06  -1.582438906629596e+04  -4.830801503224038e+06  7.441327221958571e+04  1.927774384916561e+06  -5.134255325047551e-01  -3.269511701679633e-02  -4.269180065548561e-02
  7.500000000000006e-01  -3.957440499878891e+06  -1.869601547160680e+06  -5.595004911102009e+04  -4.919794739011156e+06  4.509011129441985e+04  1.946132739871709e+06  -5.218030307993675e-01  -3.115265404106525e-02  -4.361794121360110e-02
  7.550000000000006e-01  -3.955288089452575e+06  -1.826957104597244e+06  -9.241494361811077e+04  -5.002330741646540e+06  1.915803993674549e+04  1.966850591696142e+06  -5.294605278754766e-01  -2.960260013918894e-02  -4.376796559043033e-02
  7.600000000000006e-01  -3.941692874664588e+06  -1.781067313915499e+06  -1.299649966184513e+05  -5.077586888804998e+06  -5.295954311982525e+02  1.986508295388422e+06  -5.366324675374112e-01  -2.796778063973189e-02  -4.337221648035943e-02
  7.650000000000006e-01  -3.927680134862319e+06  -1.735536761924393e+06  -1.744184538648733e+05  -5.147906336786193e+06  -1.392100945339192e+04  2.000219107040834e+06  -5.433799009424100e-01  -2.593215987506633e-02  -4.275850964759292e-02
  7.700000000000006e-01  -3.900709865825241e+06  -1.689878975210297e+06  -2.128788735875904e+05  -5.211032265348259e+06  -2.219501788101372e+04  2.015543260967623e+06  -5.491424083639528e-01  -2.422030210225848e-02  -4.132995535522490e-02
  7.750000000000006e-01  -3.878724005760323e+06  -1.648714167371684e+06  -2.570407019261081e+05  -5.270203368945283e+06  -2.667137746049658e+04  2.024429137880167e+06  -5.541589335106567e-01  -2.219450073787550e-02  -3.983241586775021e-02
  7.800000000000006e-01  -3.850151509211881e+06  -1.609686248429985e+06  -2.947573242887202e+05  -5.322681892605606e+06  -2.784268378603053e+04  2.033869456821159e+06  -5.580554871239558e-01  -2.052887945727848e-02  -3.781069664518164e-02
  7.850000000000006e-01  -3.823755105862568e+06  -1.574373224081271e+06  -3.315083527269681e+05  -5.370291857423224e+06  -2.703711780724725e+04  2.040143443269920e+06  -5.609717140885054e-01  -1.880117111711083e-02  -3.569849372500856e-02
  7.900000000000006e-01  -3.801366674711801e+06  -1.542828303003432e+06  -3.677360208573141e+05  -5.415667082669908e+06  -2.616895660674114e+04  2.043040271696992e+06  -5.630751711184813e-01  -1.682774264039899e-02  -3.379812926046827e-02
  7.950000000000006e-01  -3.777418776607736e+06  -1.512172413052415e+06  -3.977636928113227e+05  -5.455846382056209e+06  -2.425094896145920e+04  2.045322332841717e+06  -5.642535401322024e-01  -1.495864812452696e-02  -3.179716522758230e-02
  8.000000000000006e-01  -3.754212674182391e+06  -1.483057725002276e+06  -4.250139024301870e+05  -5.494722837182550e+06  -2.284277783311506e+04  2.046629942139538e+06  -5.647981079853648e-01  -1.292386684829326e-02  -3.006975497646277e-02
  8.050000000000006e-01  -3.731342424720503e+06  -1.454328935796116e+06  -4.471778115967321e+05  -5.529724655321582e+06  -2.099578322601317e+04  2.046485787977369e+06  -5.646590792573807e-01  -1.097042948437374e-02  -2.834182776947308e-02
  8.100000000000006e-01  -3.709320626082882e+06  -1.426745615176590e+06  -4.665527252858928e+05  -5.562569514864230e+06  -1.961558687877195e+04  2.045694456654691e+06  -5.639883335677629e-01  -9.066615811515312e-03  -2.676259219314782e-02
  8.150000000000006e-01  -3.686549832635988e+06  -1.400045058153339e+06  -4.842747329937880e+05  -5.593629488347368e+06  -1.877575887389515e+04  2.046006300819017e+06  -5.629522607022882e-01  -7.317353992498553e-03  -2.538401757823077e-02
  8.200000000000006e-01  -3.665911987804071e+06  -1.374258125646735e+06  -5.011548019888676e+05  -5.621285480194403e+06  -1.837838520860845e+04  2.045007443555715e+06  -5.614380106043043e-01  -5.729731325430219e-03  -2.405288106181880e-02
  8.250000000000006e-01  -3.643426259872863e+06  -1.347231330207628e+06  -5.166012232189938e+05  -5.646043386517409e+06  -1.816201032088252e+04  2.044948652715160e+06  -5.595718396391605e-01  -4.282515708442652e-03  -2.282127964983179e-02
  8.300000000000006e-01  -3.623662505157948e+06  -1.321750841479424e+06  -5.340456134538060e+05  -5.667818031760057e+06  -1.806478205460715e+04  2.043875031010530e+06  -5.574110105123109e-01  -3.013485248446604e-03  -2.162624229357489e-02
  8.350000000000006e-01  -3.603975155651602e+06  -1.296113619413387e+06  -5.526617377335603e+05  -5.687022666532029e+06  -1.791612122560231e+04  2.043157216584745e+06  -5.550414215974909e-01  -1.889986682241953e-03  -2.048663676188945e-02
  8.400000000000006e-01  -3.582957419866664e+06  -1.268281938401733e+06  -5.701061721691159e+05  -5.703970824334954e+06  -1.820719008212270e+04  2.042525514153265e+06  -5.525088967611860e-01  -7.913116750566658e-04  -1.940779712941222e-02
  8.450000000000006e-01  -3.563750971558996e+06  -1.242690524373363e+06  -5.918501555961625e+05  -5.720231213335186e+06  -1.860642743384174e+04  2.042138181452109e+06  -5.500547894051235e-01  6.766134101178282e-05  -1.850695414329232e-02
  8.500000000000006e-01  -3.544467215924344e+06  -1.216622263751611e+06  -6.127462656868093e+05  -5.736730942830549e+06  -1.969624851951989e+04  2.041514051539699e+06  -5.476854086654932e-01  9.079480993282278e-04  -1.768017440998904e-02
  8.550000000000006e-01  -3.526610048358452e+06  -1.193644226513909e+06  -6.373677486558931e+05  -5.754666466101955e+06  -2.095249090764296e+04  2.041310910889450e+06  -5.456312102130809e-01  1.466131402466091e-03  -1.716954918667980e-02
  8.600000000000007e-01  -3.509458132868941e+06  -1.172087901674419e+06  -6.617835686058055e+05  -5.774939426486764e+06  -2.260653484196422e+04  2.041027837249935e+06  -5.438982560171858e-01  1.910588291637200e-03  -1.686585235084437e-02
  8.650000000000007e-01  -3.493664902925878e+06  -1.151536772478586e+06  -6.840417665971017e+05  -5.798024676573126e+06  -2.406263877175275e+04  2.039952273104879e+06  -5.424182953403184e-01  2.405289040408820e-03  -1.657140267494887e-02
  8.700000000000007e-01  -3.477854681849090e+06  -1.132077642817633e+06  -7.053704074127678e+05  -5.823968179485949e+06  -2.475035167512325e+04  2.038915888089048e+06  -5.412742539089941e-01  2.808493563401917e-03  -1.650321086113554e-02
  8.750000000000007e-01  -3.463389559276836e+06  -1.113041320916045e+06  -7.239808036647161e+05  -5.852486818910244e+06  -2.405942625309684e+04  2.036692751097864e+06  -5.403005346116463e-01  3.288741159234664e-03  -1.628150841096144e-02
  8.800000000000007e-01  -3.448737472025522e+06  -1.094174330841876e+06  -7.402362974670181e+05  -5.883447591375397e+06  -2.148626877771470e+04  2.033710705531354e+06  -5.394935919399956e-01  3.779613759412521e-03  -1.610031480000640e-02
  8.850000000000007e-01  -3.435071154360028e+06  -1.075660951045661e+06  -7.538177396496492e+05  -5.916410644143485e+06  -1.709054618872228e+04  2.028971725951341e+06  -5.387674184085214e-01  4.315652788904130e-03  -1.577536111165867e-02
  8.900000000000007e-01  -3.423322862704084e+06  -1.057725265696808e+06  -7.661727092078215e+05  -5.950713588741770e+06  -1.132874003695458e+04  2.023024921881273e+06  -5.381107661073352e-01  4.751158960790787e-03  -1.525643769948049e-02
  8.950000000000007e-01  -3.412491136775717e+06  -1.040089063271923e+06  -7.756350285727038e+05  -5.986385615985575e+06  -4.320908907573326e+03  2.015619244111436e+06  -5.375084256206848e-01  5.229933962947469e-03  -1.466456135191405e-02
  9.000000000000007e-01  -3.404352475965474e+06  -1.023864894345010e+06  -7.857313887560599e+05  -6.022368157772342e+06  3.041060078445586e+03  2.008111383660866e+06  -5.369850427910893e-01  5.435948019068819e-03  -1.398323959795248e-02
  9.050000000000007e-01  -3.397822249186551e+06  -1.007602019803696e+06  -7.932818135954947e+05  -6.058996721302646e+06  1.000823919499750e+04  2.000139354353343e+06  -5.365071135485353e-01  5.650027986367536e-03  -1.323303792844878e-02
  9.100000000000007e-01  -3.393791394128783e+06  -9.923524361670061e+05  -8.007484877283686e+05  -6.095560942078261e+06  1.585045384061047e+04  1.992503405767356e+06  -5.360877958129948e-01  5.667182817081916e-03  -1.247511309613004e-02
  9.150000000000007e-01  -3.391361431998270e+06  -9.794871300212207e+05  -8.093818249499077e+05  -6.131245616347350e+06  2.057432594507203e+04  1.985553628014132e+06  -5.357661983411574e-01  5.288843273367619e-03  -1.184642557836000e-02
  9.200000000000007e-01  -3.390907923518643e+06  -9.665197622932284e+05  -8.170256533643565e+05  -6.166426768647281e+06  2.312041825456093e+04  1.978575353759896e+06  -5.354530952522717e-01  4.868062063771064e-03  -1.121990201684613e-02
  9.250000000000007e-01  -3.390634926336056e+06  -9.560198017318394e+05  -8.252637985568218e+05  -6.200292545815877e+06  2.442172299626582e+04  1.971977991722079e+06  -5.352510155113026e-01  4.098736805021813e-03  -1.079756816433782e-02
  9.300000000000007e-01  -3.391832457361739e+06  -9.455471200045462e+05  -8.338111871308303e+05  -6.232802481500091e+06  2.358702981811895e+04  1.964722351950577e+06  -5.349965131261821e-01  3.292814744550819e-03  -1.042000112628651e-02
  9.350000000000007e-01  -3.392810518434089e+06  -9.362842721486853e+05  -8.432416943229464e+05  -6.263623321270098e+06  2.122299681916886e+04  1.956741235179889e+06  -5.347489759399772e-01  2.325499047191438e-03  -1.022824822173580e-02
  9.400000000000007e-01  -3.391781454068295e+06  -9.286348601704977e+05  -8.520709015745126e+05  -6.292914866231231e+06  1.793303787689904e+04  1.948363540018334e+06  -5.345307655017297e-01  1.237503294033837e-03  -1.019648882052547e-02
  9.450000000000007e-01  -3.390164471669855e+06  -9.211582729236004e+05  -8.623373400856579e+05  -6.319848184407613e+06  1.357209383092094e+04  1.938894263587523e+06  -5.342071557959495e-01  1.814197464857444e-04  -1.028825937276792e-02
  9.500000000000007e-01  -3.385819581225751e+06  -9.138835554810631e+05  -8.713836331226504e+05  -6.344852697829278e+06  9.376934325780298e+03  1.929248316432919e+06  -5.337880171030721e-01  -7.697165569636144e-04  -1.039288701253940e-02
  9.550000000000007e-01  -3.379638174148889e+06  -9.069124621106732e+05  -8.815750146169461e+05  -6.367177352019423e+06  5.512042020935152e+03  1.919572039894197e+06  -5.332733729220301e-01  -1.639535659976653e-03  -1.057366958187850e-02
  9.600000000000007e-01  -3.370735216239576e+06  -9.000502890665859e+05  -8.909618455829478e+05  -6.387262430609664e+06  3.025591617136510e+03  1.910587505141914e+06  -5.326714204011638e-01  -2.338696451270484e-03  -1.070931585627519e-02
  9.650000000000007e-01  -3.360085882364844e+06  -8.925545751096620e+05  -8.990891322717989e+05  -6.405411462588903e+06  2.159903397335717e+03  1.901684574728400e+06  -5.318826018949165e-01  -2.735183084870669e-03  -1.073972238609328e-02
  9.700000000000008e-01  -3.347472474319634e+06  -8.868521663308907e+05  -9.069208914125426e+05  -6.421974922015947e+06  3.501251432023199e+03  1.894361227980033e+06  -5.311795265262335e-01  -3.075599707014545e-03  -1.074740055102954e-02
  9.750000000000008e-01  -3.334674021453945e+06  -8.815544641345310e+05  -9.142098022604047e+05  -6.437532892448350e+06  6.269769639299257e+03  1.887136287890093e+06  -5.303773143045539e-01  -3.169910017630697e-03  -1.071907274488998e-02
  9.800000000000008e-01  -3.320549924092435e+06  -8.784762923590661e+05  -9.206945212656562e+05  -6.452996291835690e+06  1.117699515679237e+04  1.881460896496952e+06  -5.297760212337271e-01  -3.266240428588888e-03  -1.071183630031506e-02
  9.850000000000008e-01  -3.306049076916164e+06  -8.765999705440307e+05  -9.260612023779909e+05  -6.468713659116977e+06  1.734469441841598e+04  1.876411515761350e+06  -5.292409046776030e-01  -3.259811794614289e-03  -1.071657017357678e-02
  9.900000000000008e-01  -3.292067944418431e+06  -8.751465447587312e+05  -9.306592063863577e+05  -6.484894175932108e+06  2.405377359523716e+04  1.872148836307027e+06  -5.287519422477545e-01  -3.108465841405606e-03  -1.074704824431020e-02
  9.950000000000008e-01  -3.277267060947200e+06  -8.750193056163559e+05  -9.329194111075390e+05  -6.501848536324869e+06  3.158123418686610e+04  1.868965753732768e+06  -5.283938116109358e-01  -2.964181350384259e-03  -1.074289459189964e-02
