TITLE = "Temporal Signal for receiver number 00008"
VARIABLES = "Time","s_xx","s_yy","s_zz","s_xy","s_yz","s_xz","v1","v2","v3"
# x1       2.800000000000e+04
# x2       1.000000000000e+03
# x3       -9.000000000000e+03
# cell-global-id 6467
  0.000000000000000e+00  0.000000000000000e+00  0.000000000000000e+00  0.000000000000000e+00  0.000000000000000e+00  0.000000000000000e+00  0.000000000000000e+00  0.000000000000000e+00  0.000000000000000e+00  0.000000000000000e+00
  5.000000000000000e-03  0.000000000000000e+00  0.000000000000000e+00  0.000000000000000e+00  0.000000000000000e+00  0.000000000000000e+00  0.000000000000000e+00  0.000000000000000e+00  0.000000000000000e+00  0.000000000000000e+00
  1.000000000000000e-02  0.000000000000000e+00  0.000000000000000e+00  0.000000000000000e+00  0.000000000000000e+00  0.000000000000000e+00  0.000000000000000e+00  0.000000000000000e+00  0.000000000000000e+00  0.000000000000000e+00
  1.500000000000000e-02  0.000000000000000e+00  0.000000000000000e+00  0.000000000000000e+00  0.000000000000000e+00  0.000000000000000e+00  0.000000000000000e+00  0.000000000000000e+00  0.000000000000000e+00  0.000000000000000e+00
  2.000000000000000e-02  0.000000000000000e+00  0.000000000000000e+00  0.000000000000000e+00  0.000000000000000e+00  0.000000000000000e+00  0.000000000000000e+00  0.000000000000000e+00  0.000000000000000e+00  0.000000000000000e+00
  2.500000000000000e-02  0.000000000000000e+00  0.000000000000000e+00  0.000000000000000e+00  0.000000000000000e+00  0.000000000000000e+00  0.000000000000000e+00  0.000000000000000e+00  0.000000000000000e+00  0.000000000000000e+00
  3.000000000000000e-02  0.000000000000000e+00  0.000000000000000e+00  0.000000000000000e+00  0.000000000000000e+00  0.000000000000000e+00  0.000000000000000e+00  0.000000000000000e+00  0.000000000000000e+00  0.000000000000000e+00
  3.500000000000000e-02  0.000000000000000e+00  0.000000000000000e+00  0.000000000000000e+00  0.000000000000000e+00  0.000000000000000e+00  0.000000000000000e+00  0.000000000000000e+00  0.000000000000000e+00  0.000000000000000e+00
  4.000000000000000e-02  0.000000000000000e+00  0.000000000000000e+00  0.000000000000000e+00  0.000000000000000e+00  0.000000000000000e+00  0.000000000000000e+00  0.000000000000000e+00  0.000000000000000e+00  0.000000000000000e+00
  4.500000000000000e-02  0.000000000000000e+00  0.000000000000000e+00  0.000000000000000e+00  0.000000000000000e+00  0.000000000000000e+00  0.000000000000000e+00  0.000000000000000e+00  0.000000000000000e+00  0.000000000000000e+00
  5.000000000000000e-02  0.000000000000000e+00  0.000000000000000e+00  0.000000000000000e+00  0.000000000000000e+00  0.000000000000000e+00  0.000000000000000e+00  0.000000000000000e+00  0.000000000000000e+00  0.000000000000000e+00
  5.499999999999999e-02  0.000000000000000e+00  0.000000000000000e+00  0.000000000000000e+00  0.000000000000000e+00  0.000000000000000e+00  0.000000000000000e+00  0.000000000000000e+00  0.000000000000000e+00  0.000000000000000e+00
  5.999999999999999e-02  -8.384241916596299e-06  -1.569773699306552e-05  5.176224242904647e-06  -3.969419249076538e-06  4.337404903488682e-06  4.903259373689994e-06  8.697022058769805e-13  5.894086907515928e-13  1.328959423900204e-13
  6.499999999999999e-02  -1.186236824547200e-03  -7.894556904210603e-04  -3.384316321976653e-04  -4.470502360407356e-04  2.061219033327725e-04  2.997667570901152e-04  6.261524383796905e-11  6.879315471450758e-11  -3.612409907887518e-11
  6.999999999999999e-02  -3.514096745111583e-03  -1.876795722234377e-03  -1.885927354513926e-03  -8.519362777319933e-04  -2.277907147106231e-04  6.896323065982687e-04  4.375625420518946e-11  1.112569397756278e-10  -1.773039777097274e-10
  7.500000000000000e-02  3.155823529391892e-03  -7.872313280763189e-04  -4.349567146652216e-03  4.884299802971464e-03  -1.119238174524684e-03  -1.230502195901673e-04  -6.423101365105610e-10  -4.549108222211065e-10  -2.927745735275765e-10
  8.000000000000000e-02  2.769730806869823e-02  4.575016880505160e-03  8.878012995734482e-03  2.021544982757828e-02  -2.047132422202549e-03  -6.356635626758319e-03  -1.552324970062277e-09  -1.992809910895283e-09  1.037413614870339e-09
  8.500000000000001e-02  -7.043054282399873e-03  -2.672832281951851e-02  -6.707672190216504e-03  3.537235077796932e-03  8.628082722184930e-03  -4.619850557649471e-03  1.834969789316834e-09  6.224684526136459e-10  6.453316366538111e-10
  9.000000000000001e-02  -1.424987827023643e-01  -8.490007378191114e-02  -7.783276901233264e-02  -7.827934590581946e-02  2.196282331578388e-02  1.760229809186113e-02  9.996764479711277e-09  8.115486857178969e-09  -4.419392322844482e-09
  9.500000000000001e-02  -1.166566863257297e-01  -4.026622106293118e-02  -8.116799427693701e-02  -1.276916694425677e-01  1.211997981610058e-02  4.260402301699138e-02  5.380608927253575e-09  1.028164734433120e-08  -6.244462599100500e-09
  1.000000000000000e-01  4.634752004282268e-01  2.255781960543685e-01  1.839658657341547e-01  4.080128915696298e-02  -2.482742417930400e-02  7.149366917336809e-03  -2.889663540356929e-08  -5.202152258262168e-09  5.461914360442805e-09
  1.050000000000000e-01  9.295282108598170e-01  4.427586653965960e-01  5.127995924099764e-01  3.543574611468284e-01  -7.999857607330736e-02  -1.158692088074819e-01  -5.199369711891066e-08  -3.489490054143967e-08  2.115727535300303e-08
  1.100000000000000e-01  -4.667837727391236e-01  -8.606429896039475e-02  -6.889548076098964e-02  2.172022972073865e-01  -8.715084176985663e-02  -3.598585904313253e-02  2.557471812845636e-08  -2.811467956117804e-08  1.864588695435755e-09
  1.150000000000000e-01  -2.728102608114481e+00  -1.173824807419949e+00  -1.309980270127544e+00  -5.369899822527650e-01  7.751897045395707e-02  3.010962003921527e-01  1.580537502579153e-07  5.274172598178359e-08  -4.068257831885019e-08
  1.200000000000000e-01  -1.666829398651633e+00  -8.530620468761093e-01  -8.610879641456729e-01  -7.720959260146852e-01  1.815837291227029e-01  2.759900480653242e-01  1.117736391195757e-07  8.892076430467871e-08  -2.063278011228576e-08
  1.250000000000000e-01  3.072299616311202e+00  1.391582533591301e+00  1.775879728689607e+00  3.709380218222949e-01  -7.709685611056047e-02  -3.121558028374664e-01  -1.661231644132613e-07  -4.050782111668966e-08  6.803245567337290e-08
  1.300000000000000e-01  5.260913911183010e+00  2.569041582687398e+00  2.863402563449362e+00  1.546448668070626e+00  -4.358222989055457e-01  -5.612480453834383e-01  -3.439887178160782e-07  -1.834525220558455e-07  8.008165806699463e-08
  1.350000000000000e-01  1.074660836806215e-01  -2.066527813861751e-01  -5.090366389564698e-01  3.429291807836681e-01  -6.224244112089148e-02  3.073962932972926e-01  -5.616310355026013e-08  -1.982619069820431e-08  -6.503277631889591e-08
  1.400000000000000e-01  -6.029531992155438e+00  -3.487066790569787e+00  -3.920275266494345e+00  -2.036014945210375e+00  5.951285940743696e-01  1.135192048049319e+00  3.674737790829173e-07  2.858690430260456e-07  -1.665576387283343e-07
  1.450000000000000e-01  -4.802591868016981e+00  -2.281715373638007e+00  -2.391900945531481e+00  -2.110954586570641e+00  4.417485152773036e-01  5.824582868655026e-01  3.656754646414025e-07  2.488948439238350e-07  -6.037041237818110e-08
  1.500000000000000e-01  2.068014402858801e+00  1.801752351571296e+00  2.058600377976264e+00  8.869692966101151e-01  -4.169347564194443e-01  -7.143132235499308e-01  -7.462680300235131e-08  -1.955339439414130e-07  1.266403800882242e-07
  1.550000000000001e-01  5.713439944341046e+00  2.835683925735642e+00  3.454505310248724e+00  3.377814351381002e+00  -7.156285481535846e-01  -1.323238288312146e+00  -3.833520600705714e-07  -4.834024990554084e-07  1.571162516527183e-07
  1.600000000000001e-01  1.080925261876459e+00  -5.800154114372335e-01  -3.953801976123322e-01  1.773454000057794e+00  -1.354753847554777e-01  -6.171489038011831e-01  -1.696191654258691e-07  -1.760337738397680e-07  -1.810364185735093e-08
  1.650000000000001e-01  -3.689390229678016e+00  -3.575258248956229e+00  -4.101644952511828e+00  -1.612924530725879e+00  6.608752089851070e-01  5.698300091190216e-01  1.112846745888133e-07  4.091558513157947e-07  -1.987380898359378e-07
  1.700000000000001e-01  1.910922159775698e-01  -1.494186115015633e+00  -1.594868437565757e+00  -2.786028647099061e+00  9.568866234874078e-01  8.852690729379905e-01  1.243730522203606e-08  6.120507018022865e-07  -8.692750214190454e-08
  1.750000000000001e-01  6.262281742331492e+00  2.361819618832986e+00  3.865011533377674e+00  -1.966060921444019e+00  1.119681943058551e+00  1.183870481371384e-01  -1.983192158549453e-07  3.448629122713832e-07  1.965587661207714e-07
  1.800000000000001e-01  -6.791666582877990e-01  1.535464850582837e+00  2.361257469622896e+00  -3.500772195244565e+00  1.414168278941819e+00  -2.787804851012301e-01  1.233482952263461e-07  1.187817648265273e-07  1.131320881956483e-07
  1.850000000000001e-01  -7.957686050369756e+00  -9.086511545404304e-02  -2.596543780255022e+00  -3.556752712792299e+00  9.254384249975913e-01  3.203317814766028e+00  3.977540732907334e-07  -1.736474696272207e-07  -2.032166336926742e-07
  1.900000000000001e-01  1.308866676669289e+01  7.473052487285131e+00  7.453287561108842e+00  8.943292788474267e+00  -8.918928183843542e-01  5.235987504533629e+00  -7.505266181892715e-07  -1.167252567667296e-06  4.257960251319203e-07
  1.950000000000001e-01  3.347562139710729e+01  1.768980526038192e+01  2.538692296737098e+01  2.849389604609742e+01  -7.008683901727624e+00  -2.136027151969870e+00  -1.546286811662918e-06  -3.221046879284609e-06  9.982672273128900e-07
  2.000000000000001e-01  -5.738521923971809e+01  -2.945786920542770e+01  -1.760040194551692e+01  1.468831773814984e+01  -2.712295093770595e+00  4.282839366656396e+00  2.659577652863646e-06  -2.365686983582153e-06  -1.798787583075589e-06
  2.050000000000001e-01  -2.090950555879909e+02  -1.616748239057727e+02  -1.270745629638871e+02  -5.497129478153254e+01  3.688451663950672e+01  4.256138772675428e+01  1.201445327799817e-05  8.558887631205237e-06  -6.010904035082428e-06
  2.100000000000001e-01  -8.295021408325182e+01  -1.428751371463704e+02  -7.701838397496802e+01  -8.367013769152531e+01  5.001184886100203e+01  3.039719814984775e+01  1.047193343459877e-05  1.338156317947629e-05  -1.904436748623493e-06
  2.150000000000001e-01  3.179476046281445e+02  1.393467433549700e+02  1.654505350364864e+02  6.720904320330555e+00  -6.799457063336238e+00  -5.768634356736986e+01  -1.169303208113923e-05  -5.152059360362389e-06  7.750955088894425e-06
  2.200000000000001e-01  4.466141324587279e+02  2.697889054984901e+02  2.227702876380136e+02  8.185422252947893e+01  -4.914376562936932e+01  -7.500517776844907e+01  -2.823682490599806e-05  -2.317856460647221e-05  6.576653936270312e-06
  2.250000000000001e-01  1.025307288969546e+01  -9.952705734872734e+01  -1.401147595508174e+02  -4.459951368148052e+01  -1.954781785844740e+00  1.026029171064079e+02  -6.774819867906442e-06  -3.020239198088212e-06  -7.495808405710499e-06
  2.300000000000001e-01  -5.323835828910798e+02  -6.745349846179374e+02  -6.312607423933275e+02  -3.259021981230458e+02  9.480625160738775e+01  3.256301112504720e+02  4.737615663204921e-05  5.102046088323939e-05  -1.819473219313545e-05
  2.350000000000001e-01  -2.615267886675676e+02  -4.633757721906211e+02  -4.547277717252938e+02  -3.234964064326261e+02  1.054675641381879e+02  1.840342207153434e+02  5.987805900763673e-05  4.706691627310075e-05  -8.075533950773954e-06
  2.400000000000001e-01  5.532380637357805e+02  5.157634974872566e+02  1.846895389399678e+02  1.445856591538559e+02  9.293679532412496e+01  -3.258143849863578e+02  2.709072151364277e-06  -4.081428792878843e-05  4.455618579011773e-06
  2.450000000000001e-01  7.220194882216684e+02  1.275011617223064e+03  5.076287050000781e+02  7.483927021025826e+02  1.591642828349532e+02  -7.847265013249829e+02  -8.684002838960626e-05  -1.369420296018218e-04  -3.738816164680223e-06
  2.500000000000001e-01  -4.610072790193476e+02  5.891650670596774e+02  -9.115508755968389e+01  9.341578378768751e+02  3.557849843578747e+02  -7.329693079649509e+02  -1.432506744361258e-04  -1.103123756280616e-04  -3.562832342449436e-05
  2.550000000000001e-01  -2.104985337025545e+03  -1.808289287498890e+03  -9.271260539867990e+02  4.415684957592208e+02  4.017334194823636e+02  1.211323485260336e+02  -9.751391626906262e-05  1.048889473397726e-04  -4.920099097734198e-05
  2.600000000000001e-01  -2.789101798731879e+03  -4.135086701464992e+03  -8.822091876119471e+02  -8.059284806418033e+02  8.658104579239132e+01  1.072227072696606e+03  7.607941267280648e-05  3.428596653542988e-04  -5.892677661142114e-06
  2.650000000000001e-01  -1.810534335099955e+03  -4.778305794667434e+03  3.397728313127229e+02  -2.100713124196687e+03  -5.728398558447129e+02  1.785492284453856e+03  2.894692005735572e-04  4.170507646849067e-04  8.518391887710949e-05
  2.700000000000001e-01  -3.349241032581937e+02  -4.075141410532508e+03  1.052718708490452e+03  -3.192018756656755e+03  -9.371959399100714e+02  2.054607598327932e+03  4.730017015482927e-04  2.804590305350309e-04  1.266021420227967e-04
  2.750000000000001e-01  -6.945502629776062e+02  -4.246462156077285e+03  -6.241381513077743e+02  -4.373805970401485e+03  -1.353434692460702e+02  2.134603031098224e+03  6.142082914670682e-04  8.951028956031193e-05  3.272586521934362e-05
  2.800000000000001e-01  -4.444115449058338e+03  -7.294764189291210e+03  -6.172219485852593e+03  -5.844244890672114e+03  2.645853679567655e+03  1.873295652850648e+03  6.665940029526807e-04  7.408510423055632e-05  -2.743858186220894e-04
  2.850000000000001e-01  -1.017736549047041e+04  -1.531529158036650e+04  -1.376127033336944e+04  -7.605453475641753e+03  6.757648135078161e+03  2.133651509527996e+03  6.480815037850260e-04  5.459341773319614e-04  -7.184134668707905e-04
  2.900000000000001e-01  -1.497170254309850e+04  -2.522394420824722e+04  -2.011852971240710e+04  -8.705749541081837e+03  1.038482945232684e+04  2.266497337931135e+03  4.855358407305418e-04  1.332365255949507e-03  -1.094282327167339e-03
  2.950000000000002e-01  -1.560921917243404e+04  -3.188971312188061e+04  -2.110517135303849e+04  -7.981984321748205e+03  1.127482080703300e+04  1.972113433588421e+03  1.385744998909796e-04  2.047772083042591e-03  -1.155183587242792e-03
  3.000000000000002e-01  -1.037174390773063e+04  -3.054742039285597e+04  -1.496292901955727e+04  -4.984998490932393e+03  8.332095853005019e+03  9.467952040762980e+02  -3.747776141130398e-04  2.286204871393089e-03  -8.212872371906485e-04
  3.050000000000002e-01  -5.157683218080264e+01  -2.009156119337082e+04  -1.857969649478871e+03  -6.274991935860264e+02  1.609210288601434e+03  -3.166179513852538e+02  -8.283899530134354e-04  1.826353373070826e-03  -9.862198945183241e-05
  3.100000000000002e-01  9.378324816825521e+03  -3.707660212937784e+03  1.260163197743193e+04  2.883568311285036e+03  -6.392963897456051e+03  -1.896493650714503e+03  -8.613303453795692e-04  7.564302131330395e-04  7.491518816549712e-04
  3.150000000000002e-01  1.024681734603892e+04  6.343492149417145e+03  2.080226980113401e+04  1.822384441999325e+03  -1.188530612564245e+04  -2.098869254691660e+03  -1.239429536053697e-04  -1.028104171427514e-04  1.319725389958504e-03
  3.200000000000002e-01  -4.525092909275734e+03  -3.820341925068230e+03  1.508574982075654e+04  -7.938682079270036e+03  -1.106213397575966e+04  3.653214250781307e+02  1.607209794329076e-03  2.248140259902137e-04  1.231378290771520e-03
  3.250000000000002e-01  -3.892316101082820e+04  -4.640799910359277e+04  -8.671533123978645e+03  -2.940621650276368e+04  -1.555991977675667e+03  6.363810484270964e+03  4.399882268574593e-03  2.609544197958472e-03  3.025453590733009e-04
  3.300000000000002e-01  -9.300407965558057e+04  -1.285640193494971e+05  -5.190510008914355e+04  -6.373736215670577e+04  1.758842918999619e+04  1.550849341233748e+04  8.078602671154929e-03  7.650342470822846e-03  -1.560809514289406e-03
  3.350000000000002e-01  -1.561104908004564e+05  -2.520684161248138e+05  -1.088247031291152e+05  -1.073722639488824e+05  4.533126625580794e+04  2.720425739012830e+04  1.183702888568569e-02  1.560156433426271e-02  -4.293088223716181e-03
  3.400000000000002e-01  -2.211335644492478e+05  -4.096122569324977e+05  -1.718460743355657e+05  -1.563277560527074e+05  7.839005227946209e+04  3.982626229549439e+04  1.530013601327779e-02  2.596770546856540e-02  -7.539974843734456e-03
  3.450000000000002e-01  -2.815300495816689e+05  -5.915590951714392e+05  -2.333883602492611e+05  -2.057715793609591e+05  1.135882428997189e+05  5.219202885205281e+04  1.815866479198629e-02  3.806686604666645e-02  -1.095204542366619e-02
  3.500000000000002e-01  -3.328280544985854e+05  -7.875906967975486e+05  -2.882167959914771e+05  -2.522427883493590e+05  1.483776848819193e+05  6.383565518291399e+04  2.030345315007903e-02  5.110436216667234e-02  -1.426709313846414e-02
  3.550000000000002e-01  -3.717237558605897e+05  -9.898045345339117e+05  -3.327743760010945e+05  -2.930159582114951e+05  1.816076698294145e+05  7.487005041825767e+04  2.163255937288438e-02  6.441184713592046e-02  -1.731000351629047e-02
  3.600000000000002e-01  -4.091407383224214e+05  -1.192255477691414e+06  -3.692775536984058e+05  -3.310971363484506e+05  2.127418382159640e+05  8.500862899904820e+04  2.333620592970436e-02  7.724841396734936e-02  -1.976573239086374e-02
  3.650000000000002e-01  -4.426181047138808e+05  -1.390992924696744e+06  -3.988240386252168e+05  -3.664976919521216e+05  2.432049107610426e+05  9.443779113473957e+04  2.529005577623113e-02  8.935119722111587e-02  -2.175171509301659e-02
  3.700000000000002e-01  -4.716642956696213e+05  -1.581226135651273e+06  -4.202980547579934e+05  -3.996818940238612e+05  2.724507679017796e+05  1.032819487896548e+05  2.765017527268896e-02  1.002978255218309e-01  -2.314213701435562e-02
  3.750000000000002e-01  -4.936483416569222e+05  -1.761455923620193e+06  -4.353739791187465e+05  -4.305076370373761e+05  3.019671278214683e+05  1.109692220012027e+05  3.024123681901072e-02  1.100457909549898e-01  -2.409553803661362e-02
  3.800000000000002e-01  -5.039333130798096e+05  -1.930639257604739e+06  -4.429376501206571e+05  -4.586035416365192e+05  3.320291133265515e+05  1.165706281595078e+05  3.297072440208163e-02  1.184796735095304e-01  -2.454721612122042e-02
  3.850000000000002e-01  -4.970547714215246e+05  -2.085880630467437e+06  -4.447440072035274e+05  -4.805289525207127e+05  3.640600070458142e+05  1.209428858667656e+05  3.470251633611992e-02  1.257790707700168e-01  -2.527749948918834e-02
  3.900000000000002e-01  -4.687532819176082e+05  -2.231709339709846e+06  -4.405449781493335e+05  -4.944465119513836e+05  3.994897961818079e+05  1.230637900911084e+05  3.507564286119484e-02  1.322905816094526e-01  -2.636788734372117e-02
  3.950000000000002e-01  -4.126935806281175e+05  -2.372842658200856e+06  -4.315951584047730e+05  -4.986270429181497e+05  4.407138337838011e+05  1.222336440710141e+05  3.332143411134057e-02  1.386097456915867e-01  -2.814256838818647e-02
  4.000000000000002e-01  -3.297530808799236e+05  -2.514296163263298e+06  -4.174789313197926e+05  -4.911367418935460e+05  4.872461932090090e+05  1.180469041773518e+05  2.921675429808787e-02  1.450980281130631e-01  -3.054521563249602e-02
  4.050000000000002e-01  -2.287310886894563e+05  -2.660544754051000e+06  -4.021860568336187e+05  -4.725393814796013e+05  5.389801154804041e+05  1.111013382687728e+05  2.294246615969442e-02  1.522270150923760e-01  -3.374760825066964e-02
  4.100000000000003e-01  -9.790297718791229e+04  -2.823030166144310e+06  -3.825821195610877e+05  -4.380679124675772e+05  5.968618692919365e+05  9.943352710530574e+04  1.351921086871218e-02  1.607410808996521e-01  -3.737073260651930e-02
  4.150000000000003e-01  4.769795770541884e+04  -3.001305945396964e+06  -3.593710858535794e+05  -3.899186004907573e+05  6.570503814431004e+05  8.461571441124176e+04  2.031537764823932e-03  1.703986123012865e-01  -4.105172073864736e-02
  4.200000000000003e-01  1.975270333689260e+05  -3.196893232931630e+06  -3.344823516228879e+05  -3.300556545839480e+05  7.181111062473087e+05  6.741953872670521e+04  -1.068534359353711e-02  1.811254831230510e-01  -4.453152927832244e-02
  4.250000000000003e-01  3.434066723177279e+05  -3.404689327862309e+06  -3.058754379407480e+05  -2.616979475903671e+05  7.765282586614973e+05  4.919359085380979e+04  -2.368941363665853e-02  1.923616363978201e-01  -4.741862444287323e-02
  4.300000000000003e-01  4.757847360870932e+05  -3.620099415723288e+06  -2.748127644978392e+05  -1.882682443466231e+05  8.301739365844157e+05  3.167334289525134e+04  -3.621941649778702e-02  2.037012800350599e-01  -4.970033936783631e-02
  4.350000000000003e-01  5.806967313912074e+05  -3.831474228706820e+06  -2.392068808174503e+05  -1.200358597186014e+05  8.756099879022195e+05  1.521433418843188e+04  -4.587646473306661e-02  2.138187730207901e-01  -5.071404861462201e-02
  4.400000000000003e-01  6.526136284837032e+05  -4.027428261438622e+06  -1.997438846863746e+05  -6.404041915806878e+04  9.109960202850386e+05  2.276419050589611e+03  -5.195470511022651e-02  2.221788581310595e-01  -5.070486910037943e-02
  4.450000000000003e-01  6.818866943705669e+05  -4.196933264740225e+06  -1.573303534228374e+05  -2.825828392645785e+04  9.335651193991818e+05  -4.841376035942508e+03  -5.314800902534689e-02  2.279873319697183e-01  -4.966456479745167e-02
  4.500000000000003e-01  6.670829338644834e+05  -4.329794029961411e+06  -1.127223355524452e+05  -2.049334180291252e+04  9.429302265713200e+05  -4.526895314059691e+03  -4.880603631980960e-02  2.309314517728779e-01  -4.774400904455718e-02
  4.550000000000003e-01  6.125667161045800e+05  -4.419289754527589e+06  -6.438063007625768e+04  -4.426359511321556e+04  9.386392937657512e+05  3.771161549613151e+03  -3.884298679303234e-02  2.306520028094689e-01  -4.486841092273836e-02
  4.600000000000003e-01  5.082855568398336e+05  -4.453284246972885e+06  -1.662999850567373e+04  -1.091395489362596e+05  9.194248360937880e+05  2.290257766442131e+04  -2.206814527848924e-02  2.269420077262858e-01  -4.137365563965869e-02
  4.650000000000003e-01  3.650168951515175e+05  -4.434063830536334e+06  3.053786489932278e+04  -2.141604135021092e+05  8.878758113493989e+05  5.152768442121395e+04  5.891311888491516e-04  2.201957763885750e-01  -3.732810467728812e-02
  4.700000000000003e-01  1.899071252317396e+05  -4.363028454230590e+06  7.710071853393555e+04  -3.586951586205161e+05  8.450226044574822e+05  8.845004761057011e+04  2.844577427992331e-02  2.107385147520556e-01  -3.276122006272827e-02
  4.750000000000003e-01  -1.198392577176422e+04  -4.247689378582987e+06  1.198475140924909e+05  -5.404105475909211e+05  7.935997720667297e+05  1.318249948206572e+05  6.072160579717968e-02  1.991629159772863e-01  -2.782036425878141e-02
  4.800000000000003e-01  -2.310158156352727e+05  -4.093064109873411e+06  1.590920139451188e+05  -7.567944642530370e+05  7.359845809868270e+05  1.789587240076187e+05  9.673325501222706e-02  1.857886598630589e-01  -2.244130763045013e-02
  4.850000000000003e-01  -4.613343382280757e+05  -3.914038928299917e+06  1.909562297113397e+05  -9.994116275566029e+05  6.744190741829090e+05  2.287734922466643e+05  1.345031560194307e-01  1.717756235371708e-01  -1.706682158035250e-02
  4.900000000000003e-01  -6.953900924217883e+05  -3.719432584936443e+06  2.147443556446491e+05  -1.262606430374369e+06  6.121450084730004e+05  2.788416059041152e+05  1.733155745798566e-01  1.574109520194889e-01  -1.176438295529905e-02
  4.950000000000003e-01  -9.232781672947004e+05  -3.517718946503363e+06  2.311892994001591e+05  -1.539307190469243e+06  5.516449988751534e+05  3.274463864118629e+05  2.119598192605668e-01  1.432255070694962e-01  -6.746308180091268e-03
  5.000000000000003e-01  -1.140629380114514e+06  -3.318379503965434e+06  2.393129191796392e+05  -1.822246623348719e+06  4.950206355904356e+05  3.732640686677038e+05  2.496102640754623e-01  1.296122760464852e-01  -2.232207804549300e-03
  5.050000000000003e-01  -1.343776372838470e+06  -3.127077924222272e+06  2.389683369926771e+05  -2.106678419334966e+06  4.434208582458295e+05  4.150255751692453e+05  2.858025721083198e-01  1.169593638133588e-01  1.654813866660974e-03
  5.100000000000003e-01  -1.525439257783599e+06  -2.954135886187035e+06  2.322246808556705e+05  -2.381345381856412e+06  3.977357619869159e+05  4.525391251524916e+05  3.190507035692096e-01  1.056724006261092e-01  4.822187289130079e-03
  5.150000000000003e-01  -1.685906135160093e+06  -2.801009722321018e+06  2.198041884855022e+05  -2.642901044488587e+06  3.572350545170957e+05  4.850010037275563e+05  3.493633382904975e-01  9.581188119029357e-02  7.398668560172911e-03
  5.200000000000004e-01  -1.823941954074669e+06  -2.670020948398264e+06  2.031497904035053e+05  -2.886232271835736e+06  3.216634902774084e+05  5.124878582723024e+05  3.763989961381426e-01  8.751642297338161e-02  9.437744177594718e-03
  5.250000000000004e-01  -1.939622599083407e+06  -2.561929618933698e+06  1.833951090153090e+05  -3.107017348971585e+06  2.904258697048507e+05  5.354526103340948e+05  3.999019784803082e-01  8.079271099284592e-02  1.097796561406857e-02
  5.300000000000004e-01  -2.036747388386252e+06  -2.478299195393419e+06  1.600870589146499e+05  -3.301819212251330e+06  2.630943808566938e+05  5.553278140760579e+05  4.197053558303944e-01  7.578047500602339e-02  1.189619785107657e-02
  5.350000000000004e-01  -2.110684419563742e+06  -2.414854979496090e+06  1.360586998279464e+05  -3.469520138834677e+06  2.411695409130566e+05  5.719415234063782e+05  4.359380287023046e-01  7.205669085922425e-02  1.231495175438443e-02
  5.400000000000004e-01  -2.165902241882259e+06  -2.369332449921081e+06  1.119584174605040e+05  -3.610279661736241e+06  2.237487467723640e+05  5.865025711185642e+05  4.487208146236329e-01  6.953671444845434e-02  1.221754576231083e-02
  5.450000000000004e-01  -2.206093603217933e+06  -2.339629554106405e+06  8.804617576621770e+04  -3.725756514693567e+06  2.107398363400280e+05  5.995963529263991e+05  4.584081532088326e-01  6.801050049689321e-02  1.170100534068141e-02
  5.500000000000004e-01  -2.233534960964934e+06  -2.322413194985231e+06  6.564314375266338e+04  -3.818579972266506e+06  2.011608660082678e+05  6.116830521657115e+05  4.653230472252527e-01  6.728477968001402e-02  1.093336573296556e-02
  5.550000000000004e-01  -2.252049061436220e+06  -2.316777006241419e+06  4.474393362713809e+04  -3.890838965003138e+06  1.942486252001970e+05  6.235992297795577e+05  4.696402202130434e-01  6.722496959133474e-02  1.001147320500053e-02
  5.600000000000004e-01  -2.262682178974249e+06  -2.316559406884257e+06  2.653514850555731e+04  -3.948290569962625e+06  1.895955584823677e+05  6.343419530514203e+05  4.722761695887819e-01  6.733907442543210e-02  9.181793753044612e-03
  5.650000000000004e-01  -2.267481970876188e+06  -2.319338517489806e+06  1.166769078121087e+04  -3.992874078644230e+06  1.863254549235444e+05  6.449490371082183e+05  4.733362887898269e-01  6.748048379120401e-02  8.415267333041212e-03
  5.700000000000004e-01  -2.269624481393982e+06  -2.323120028218355e+06  -6.710059540253428e+02  -4.027552672489918e+06  1.841186130697551e+05  6.556531973435821e+05  4.732061187347241e-01  6.743915850099469e-02  7.720275367243068e-03
  5.750000000000004e-01  -2.270869149148239e+06  -2.326240716852835e+06  -1.122702381658545e+04  -4.054686090249319e+06  1.826040098971317e+05  6.667661587858377e+05  4.722099963252601e-01  6.715152610831807e-02  7.062797964612821e-03
  5.800000000000004e-01  -2.272495671852820e+06  -2.328652710064268e+06  -2.128752945950807e+04  -4.076142625723650e+06  1.819730369021021e+05  6.781313930113324e+05  4.706005015464453e-01  6.657230161531755e-02  6.415134532338796e-03
  5.850000000000004e-01  -2.279096612893391e+06  -2.330130193481382e+06  -3.257860919058411e+04  -4.094745537756879e+06  1.818026701008107e+05  6.892928376573616e+05  4.688099904568743e-01  6.586266408548498e-02  5.694878001938301e-03
  5.900000000000004e-01  -2.289260350569210e+06  -2.330616643853365e+06  -4.476604183351822e+04  -4.111481642804214e+06  1.820380379089026e+05  6.999755472082171e+05  4.669425349145502e-01  6.504200082432589e-02  4.975590439566812e-03
  5.950000000000004e-01  -2.302827660264649e+06  -2.329438221634614e+06  -5.757571216742567e+04  -4.127661441251464e+06  1.822004490789454e+05  7.097562143757627e+05  4.651701383989187e-01  6.414594278300274e-02  4.328398526318579e-03
  6.000000000000004e-01  -2.319164798093333e+06  -2.325964691345478e+06  -7.067357407089038e+04  -4.144472360555388e+06  1.821547726152988e+05  7.183240697704377e+05  4.636380741757767e-01  6.317998413315706e-02  3.812694405242700e-03
  6.050000000000004e-01  -2.336841474438450e+06  -2.318910392071104e+06  -8.355309358674080e+04  -4.163053921309745e+06  1.819776073017409e+05  7.252232390003673e+05  4.625046990500111e-01  6.210006648696147e-02  3.455383296311466e-03
  6.100000000000004e-01  -2.358180511661801e+06  -2.308698842607679e+06  -9.656186777799409e+04  -4.183686318564517e+06  1.810962932450823e+05  7.308490404923982e+05  4.617516537369501e-01  6.101624412181033e-02  3.228930850358449e-03
  6.150000000000004e-01  -2.382100494456252e+06  -2.295126489016716e+06  -1.092410260529866e+05  -4.207025418146644e+06  1.798202030130968e+05  7.352290420567857e+05  4.614566466634190e-01  5.988279093662609e-02  3.182055183273815e-03
  6.200000000000004e-01  -2.407858470508830e+06  -2.277859416540224e+06  -1.209568760351784e+05  -4.232997374927090e+06  1.779487566007815e+05  7.388895184531348e+05  4.615723095115540e-01  5.872406824212970e-02  3.299501462923732e-03
  6.250000000000004e-01  -2.435438077039534e+06  -2.257733212587456e+06  -1.317435807059180e+05  -4.261529841900754e+06  1.758226925166496e+05  7.422770902770660e+05  4.620446331611524e-01  5.755477323081904e-02  3.517977615735115e-03
  6.300000000000004e-01  -2.464513576015285e+06  -2.234924792632977e+06  -1.414860993900743e+05  -4.292422569166463e+06  1.736869239253923e+05  7.457512494496594e+05  4.628075106178340e-01  5.640464594351736e-02  3.727245874868636e-03
  6.350000000000005e-01  -2.494838968609098e+06  -2.211140991944409e+06  -1.502637467627836e+05  -4.324675221332280e+06  1.722743448374018e+05  7.500696792799929e+05  4.635574624135373e-01  5.531225472640642e-02  3.873968429085070e-03
  6.400000000000005e-01  -2.527020141762256e+06  -2.186988766570305e+06  -1.582312793299698e+05  -4.358153865826098e+06  1.718803465914317e+05  7.553882560258846e+05  4.642386494120285e-01  5.427620296898803e-02  3.918472877021811e-03
  6.450000000000005e-01  -2.561499300776830e+06  -2.163148677028593e+06  -1.655305316945889e+05  -4.392254946817469e+06  1.725282767172065e+05  7.618315008569772e+05  4.647162767323487e-01  5.333541989547246e-02  3.892253605929305e-03
  6.500000000000005e-01  -2.598526812647942e+06  -2.140206843305530e+06  -1.724290006419699e+05  -4.426278028782358e+06  1.740221156871797e+05  7.691049480615961e+05  4.649094708639132e-01  5.251152047750061e-02  3.831500782056092e-03
  6.550000000000005e-01  -2.638189546523704e+06  -2.118253629169197e+06  -1.789868331704137e+05  -4.459544561782473e+06  1.761452009182902e+05  7.764600540434626e+05  4.647795291737162e-01  5.184465800661116e-02  3.801630005194054e-03
  6.600000000000005e-01  -2.678812065290231e+06  -2.097762530437399e+06  -1.859452672610407e+05  -4.491288864849706e+06  1.785232490617188e+05  7.830926124485859e+05  4.643757537801634e-01  5.128724541841073e-02  3.786080750602824e-03
  6.650000000000005e-01  -2.719463802423004e+06  -2.078376251641667e+06  -1.937122001234768e+05  -4.521353138445415e+06  1.809115738213821e+05  7.880258068429574e+05  4.638292252073761e-01  5.083555565557520e-02  3.771818726019806e-03
  6.700000000000005e-01  -2.758655162259135e+06  -2.060118869091743e+06  -2.028479156500848e+05  -4.550048140849699e+06  1.833367256222994e+05  7.905173316921813e+05  4.633128627414762e-01  5.044902895397754e-02  3.706490259962748e-03
  6.750000000000005e-01  -2.794888269872951e+06  -2.042743667360945e+06  -2.133868892531683e+05  -4.578064910694573e+06  1.858869748051751e+05  7.900912502140097e+05  4.630061589408438e-01  5.008813380561728e-02  3.532538696154656e-03
  6.800000000000005e-01  -2.826840725286431e+06  -2.026207219794619e+06  -2.251942728933427e+05  -4.606373821257832e+06  1.887417470638933e+05  7.866523394642397e+05  4.630343688778257e-01  4.969579449721341e-02  3.225513073558636e-03
  6.850000000000005e-01  -2.853302177387587e+06  -2.010580014362130e+06  -2.374624781174595e+05  -4.636097407506564e+06  1.918862656105396e+05  7.801627857754594e+05  4.634537307527258e-01  4.926336148603546e-02  2.748542253981356e-03
  6.900000000000005e-01  -2.874152525420832e+06  -1.996411826326789e+06  -2.500219457860320e+05  -4.667690788681892e+06  1.951748312985864e+05  7.711584918585800e+05  4.641972041342054e-01  4.879700071919909e-02  2.192641468557430e-03
  6.950000000000005e-01  -2.889280552491158e+06  -1.984179358875262e+06  -2.624283203647743e+05  -4.701230918578613e+06  1.981035580048909e+05  7.602467251649367e+05  4.651322630410539e-01  4.827875329757046e-02  1.677241590806320e-03
  7.000000000000005e-01  -2.899967776666523e+06  -1.974439261919096e+06  -2.744742463819187e+05  -4.736387800526726e+06  1.999595150619634e+05  7.481305078152816e+05  4.661102630114224e-01  4.771026940838696e-02  1.362533806094901e-03
  7.050000000000005e-01  -2.907836080665820e+06  -1.967486374979793e+06  -2.859618921519271e+05  -4.772644844325265e+06  1.997946906183066e+05  7.354850299583497e+05  4.670285751412070e-01  4.705782728605326e-02  1.385762264863638e-03
  7.100000000000005e-01  -2.913948568493783e+06  -1.962918018487714e+06  -2.964739618764386e+05  -4.809156964272652e+06  1.968966350944057e+05  7.231348598881918e+05  4.677408318919242e-01  4.633580075946188e-02  1.896560300395004e-03
  7.150000000000005e-01  -2.920098903912035e+06  -1.960374123704606e+06  -3.063948347999713e+05  -4.845640322647815e+06  1.909238435653556e+05  7.114122894245296e+05  4.682503659298712e-01  4.554693024850043e-02  2.862267624607050e-03
  7.200000000000005e-01  -2.927152756114735e+06  -1.959110388760637e+06  -3.158111038182593e+05  -4.882000319887982e+06  1.821002646385806e+05  7.005621108076170e+05  4.686068459042546e-01  4.472341808738320e-02  4.171531918260538e-03
  7.250000000000005e-01  -2.935534306651522e+06  -1.958159818849305e+06  -3.247656800742637e+05  -4.918336759445233e+06  1.709522229563777e+05  6.906328132151600e+05  4.688435391347130e-01  4.390389915508803e-02  5.661674695992665e-03
  7.300000000000005e-01  -2.945703106926872e+06  -1.957098236260198e+06  -3.333172587744874e+05  -4.954769568231881e+06  1.581318793775094e+05  6.816525474813171e+05  4.689774690502970e-01  4.314895265083073e-02  7.167214754147459e-03
  7.350000000000005e-01  -2.957640247865363e+06  -1.954901596281647e+06  -3.416844196665363e+05  -4.991553057571053e+06  1.442175266163258e+05  6.735234674582480e+05  4.691518909835145e-01  4.253832211795571e-02  8.608522925935587e-03
  7.400000000000005e-01  -2.971337318030126e+06  -1.951599043227027e+06  -3.495830049337980e+05  -5.028485911862802e+06  1.294797117951030e+05  6.660174066485394e+05  4.693490073406568e-01  4.212218273378874e-02  9.930465153895587e-03
  7.450000000000006e-01  -2.987137770804913e+06  -1.947392364434485e+06  -3.568567448517063e+05  -5.065409752775286e+06  1.141583590387074e+05  6.588340002772701e+05  4.696243565738484e-01  4.193980055971942e-02  1.113270842367867e-02
  7.500000000000006e-01  -3.004767259594840e+06  -1.942338691935631e+06  -3.630674238729843e+05  -5.102020907501103e+06  9.831461214707821e+04  6.516274295189641e+05  4.699996158400914e-01  4.199824276601349e-02  1.225867036263933e-02
  7.550000000000006e-01  -3.023877587563011e+06  -1.936654267908439e+06  -3.681823921433506e+05  -5.138095292507862e+06  8.193649016268605e+04  6.441880779201064e+05  4.704783116522125e-01  4.230996132717442e-02  1.338028876892371e-02
  7.600000000000006e-01  -3.045089924228898e+06  -1.930824873554009e+06  -3.723614564792346e+05  -5.173470524088788e+06  6.525179925151361e+04  6.366174972208315e+05  4.711599721702552e-01  4.279312897306254e-02  1.448564336596562e-02
  7.650000000000006e-01  -3.067079322845935e+06  -1.924710980691990e+06  -3.759433468349666e+05  -5.208150418787978e+06  4.844666213888054e+04  6.290788824220838e+05  4.719997690727786e-01  4.341824045095582e-02  1.558978924790311e-02
  7.700000000000006e-01  -3.088676384752003e+06  -1.917858900607958e+06  -3.789611666406836e+05  -5.242251513689310e+06  3.180062543962966e+04  6.219262533683021e+05  4.729520500255105e-01  4.409297962909094e-02  1.667234361551261e-02
  7.750000000000006e-01  -3.108653960246227e+06  -1.909681765762126e+06  -3.814361091585563e+05  -5.275837040760810e+06  1.567063557584951e+04  6.155448066515187e+05  4.739561993688031e-01  4.472673358880851e-02  1.769038115616378e-02
  7.800000000000006e-01  -3.126054613305263e+06  -1.899497953209165e+06  -3.831295457154867e+05  -5.308817628199087e+06  3.159756094631037e+02  6.102735904361674e+05  4.749745808993809e-01  4.523356419664734e-02  1.861457709762895e-02
  7.850000000000006e-01  -3.141280455467158e+06  -1.887625082436254e+06  -3.845225176744293e+05  -5.340755377084433e+06  -1.405712131899471e+04  6.059399239354214e+05  4.757493397706356e-01  4.553352900092904e-02  1.939714262911775e-02
  7.900000000000006e-01  -3.154831528460642e+06  -1.874492220277863e+06  -3.861978384869150e+05  -5.371364995859172e+06  -2.722955528639017e+04  6.022875381359147e+05  4.762731187489923e-01  4.564047580935560e-02  2.001266401185191e-02
  7.950000000000006e-01  -3.167913455266958e+06  -1.861106858221905e+06  -3.889270417510929e+05  -5.400494174378403e+06  -3.902554559397692e+04  5.987003279767617e+05  4.765097111650339e-01  4.559331097747876e-02  2.045773830359750e-02
  8.000000000000006e-01  -3.182179680667229e+06  -1.848814197283699e+06  -3.935624602531728e+05  -5.428264282337257e+06  -4.938375858652419e+04  5.945852533312968e+05  4.764999847477019e-01  4.545474677847029e-02  2.074038836565156e-02
  8.050000000000006e-01  -3.199472957386019e+06  -1.838839031840560e+06  -4.007241202287748e+05  -5.454902370118766e+06  -5.830266794330886e+04  5.895415531869419e+05  4.763242816561681e-01  4.527957164524225e-02  2.086616015777538e-02
  8.100000000000006e-01  -3.220467795901730e+06  -1.832412804883355e+06  -4.103484115004269e+05  -5.481121598434079e+06  -6.619856262628507e+04  5.830857240327412e+05  4.759834252561189e-01  4.519367399051583e-02  2.095524675955773e-02
  8.150000000000006e-01  -3.246189836397002e+06  -1.830099864407770e+06  -4.221631448769828e+05  -5.507207529287097e+06  -7.337978705088100e+04  5.755423087478271e+05  4.755720911319424e-01  4.521809208636781e-02  2.102500037712101e-02
  8.200000000000006e-01  -3.276212881673961e+06  -1.831803351966913e+06  -4.354012743953618e+05  -5.533348688753507e+06  -8.026308046639952e+04  5.672484380434279e+05  4.750867060058190e-01  4.537118728737332e-02  2.111514299722551e-02
  8.250000000000006e-01  -3.309553842326651e+06  -1.836777337731663e+06  -4.488294317247811e+05  -5.559671735785771e+06  -8.724839416769528e+04  5.587220342768445e+05  4.745244820084693e-01  4.561567912647905e-02  2.126000951423904e-02
  8.300000000000006e-01  -3.344685562805673e+06  -1.843913100344338e+06  -4.613054647078239e+05  -5.586191801567968e+06  -9.458179731924795e+04  5.502623416347163e+05  4.738222064978395e-01  4.589376622342284e-02  2.147646849303465e-02
  8.350000000000006e-01  -3.378734417030529e+06  -1.850720398839250e+06  -4.710908479484548e+05  -5.612792898436506e+06  -1.024050184714720e+05  5.424645250257666e+05  4.730219452214803e-01  4.609018927816569e-02  2.171435535064002e-02
  8.400000000000006e-01  -3.410638559305942e+06  -1.855997236314629e+06  -4.778690404425538e+05  -5.639422998147869e+06  -1.106615277888661e+05  5.354627026230923e+05  4.720983951663842e-01  4.613654504443500e-02  2.194592940083569e-02
  8.450000000000006e-01  -3.439680534900732e+06  -1.858800776648794e+06  -4.819171003963476e+05  -5.665957041158631e+06  -1.192292910726954e+05  5.294783437603223e+05  4.710809396519903e-01  4.601363991720768e-02  2.213111265560508e-02
  8.500000000000006e-01  -3.465917080295612e+06  -1.858886424461639e+06  -4.839708194358791e+05  -5.692250131414935e+06  -1.280027046277691e+05  5.246731846360342e+05  4.699902497390527e-01  4.574607850360347e-02  2.226121618544435e-02
  8.550000000000006e-01  -3.489933191182528e+06  -1.856605131403541e+06  -4.849103001299466e+05  -5.718200293358095e+06  -1.369065195577725e+05  5.211548439271505e+05  4.688383771126338e-01  4.539570205016614e-02  2.235825016339557e-02
  8.600000000000007e-01  -3.513669086528607e+06  -1.852985505200678e+06  -4.863256117409803e+05  -5.743581934236575e+06  -1.458182569372513e+05  5.190847498493738e+05  4.677724786788151e-01  4.511124978226360e-02  2.242478470306195e-02
  8.650000000000007e-01  -3.537911725509430e+06  -1.849022448248786e+06  -4.886989427049239e+05  -5.768393179112479e+06  -1.545733859708159e+05  5.181557978006002e+05  4.667814613258036e-01  4.498628619522430e-02  2.250077837496680e-02
  8.700000000000007e-01  -3.563537921408263e+06  -1.845702380167794e+06  -4.924931355156719e+05  -5.792630493470647e+06  -1.629574464620322e+05  5.180510507505798e+05  4.659403692304372e-01  4.510752112322376e-02  2.258607560943618e-02
  8.750000000000007e-01  -3.590512862295122e+06  -1.843693880415729e+06  -4.977238658321953e+05  -5.816313045152520e+06  -1.706901732590366e+05  5.182946049713281e+05  4.652691514760876e-01  4.552165000955914e-02  2.266210809730413e-02
  8.800000000000007e-01  -3.618085116780251e+06  -1.843172750791360e+06  -5.040345708853580e+05  -5.839536998239701e+06  -1.775935644440571e+05  5.185753830577865e+05  4.647943380383122e-01  4.622766825979505e-02  2.269059074077295e-02
  8.850000000000007e-01  -3.646506193731590e+06  -1.844695756706997e+06  -5.114171761457246e+05  -5.861963542012033e+06  -1.833265767863064e+05  5.188308983528967e+05  4.645537187742465e-01  4.716643548024694e-02  2.260834114371970e-02
  8.900000000000007e-01  -3.674441156379374e+06  -1.847693999517807e+06  -5.191529698492382e+05  -5.883612395794488e+06  -1.879437338611221e+05  5.191823934468011e+05  4.645193571774198e-01  4.824962712533113e-02  2.238648251514761e-02
  8.950000000000007e-01  -3.701372259224973e+06  -1.851841952518728e+06  -5.268946851163245e+05  -5.904367953714683e+06  -1.915228659349477e+05  5.200438572727359e+05  4.646691228543786e-01  4.938233105250781e-02  2.199747700824719e-02
  9.000000000000007e-01  -3.727080624190570e+06  -1.856852251907538e+06  -5.345339411904601e+05  -5.924092698661925e+06  -1.942498813233843e+05  5.219235013599258e+05  4.649735046032859e-01  5.048967107020343e-02  2.144467453802830e-02
  9.050000000000007e-01  -3.752043579733167e+06  -1.862705247144419e+06  -5.422936235661752e+05  -5.942586675685721e+06  -1.963054084914701e+05  5.253329504526400e+05  4.654000991402072e-01  5.154838634952282e-02  2.073867252555456e-02
  9.100000000000007e-01  -3.775861331892908e+06  -1.869227352233639e+06  -5.498958896406417e+05  -5.959921130138052e+06  -1.981840320431536e+05  5.304362910330881e+05  4.658181516482692e-01  5.249007824578632e-02  1.997445025503864e-02
  9.150000000000007e-01  -3.798929229149370e+06  -1.876281328140206e+06  -5.573803949375605e+05  -5.975930067801729e+06  -2.001242320941295e+05  5.373145423522323e+05  4.661733632453687e-01  5.333407642185403e-02  1.920440056227520e-02
  9.200000000000007e-01  -3.821003488043179e+06  -1.883333293835687e+06  -5.642879367397624e+05  -5.990527028050805e+06  -2.024642470223553e+05  5.456668616320624e+05  4.663393525448596e-01  5.405840702752458e-02  1.851742469767447e-02
  9.250000000000007e-01  -3.841837002170878e+06  -1.889767747623389e+06  -5.704146318258123e+05  -6.003644759755103e+06  -2.053695461689341e+05  5.551586936131788e+05  4.662424010186342e-01  5.465098706055539e-02  1.796208048578772e-02
  9.300000000000007e-01  -3.861283491254841e+06  -1.894920372613193e+06  -5.756145042189806e+05  -6.015084000430322e+06  -2.089614917746400e+05  5.653872253260111e+05  4.658269419972547e-01  5.508512947958591e-02  1.757626582337251e-02
  9.350000000000007e-01  -3.878130415448006e+06  -1.897793369469581e+06  -5.797909414484788e+05  -6.025109946786988e+06  -2.131310919839102e+05  5.755719771161051e+05  4.649615410284750e-01  5.532149617274075e-02  1.735771041906292e-02
  9.400000000000007e-01  -3.892860072212728e+06  -1.898286287976459e+06  -5.836365483309581e+05  -6.033589164120294e+06  -2.176498181029533e+05  5.854183024604419e+05  4.636879678440551e-01  5.537708784974864e-02  1.724698400454702e-02
  9.450000000000007e-01  -3.905631471460645e+06  -1.896320288202885e+06  -5.876285218296340e+05  -6.040650958374667e+06  -2.222761354943966e+05  5.945273138637698e+05  4.620300793651730e-01  5.526915484749953e-02  1.718544482761417e-02
  9.500000000000007e-01  -3.916957096469607e+06  -1.892130244440075e+06  -5.922999415995112e+05  -6.046527896074476e+06  -2.267774039964001e+05  6.026668976281333e+05  4.600635562919874e-01  5.503001662274315e-02  1.710627339040006e-02
  9.550000000000007e-01  -3.927295705760776e+06  -1.886024860395524e+06  -5.979398656938705e+05  -6.051665555835265e+06  -2.309875946186942e+05  6.097250613639993e+05  4.578858370347327e-01  5.467530896168754e-02  1.696660440231058e-02
  9.600000000000007e-01  -3.937862291548251e+06  -1.878619082852028e+06  -6.045531099988951e+05  -6.056409957703078e+06  -2.348063911836833e+05  6.156035582441768e+05  4.555920653683558e-01  5.432688704204351e-02  1.675552833781472e-02
  9.650000000000007e-01  -3.949366178433805e+06  -1.870334450890041e+06  -6.117649496286648e+05  -6.061211875667031e+06  -2.384091262661488e+05  6.203650349779924e+05  4.532819180016701e-01  5.400374624036174e-02  1.650161996001215e-02
  9.700000000000008e-01  -3.962691368802956e+06  -1.861767533866402e+06  -6.192341848351820e+05  -6.066475074224822e+06  -2.419386339373385e+05  6.241144167946356e+05  4.510446439742718e-01  5.377453770965913e-02  1.623356721856409e-02
  9.750000000000008e-01  -3.978500496701133e+06  -1.853427561936255e+06  -6.264130591192844e+05  -6.072494867968718e+06  -2.456507066670121e+05  6.268923553548317e+05  4.489235152188282e-01  5.368791784970044e-02  1.599061240144442e-02
  9.800000000000008e-01  -3.996902802917933e+06  -1.845822557564465e+06  -6.329919379716965e+05  -6.079564969631915e+06  -2.496163674146039e+05  6.286837157179662e+05  4.469299406579470e-01  5.379826833210620e-02  1.578686959529874e-02
  9.850000000000008e-01  -4.018722023239289e+06  -1.839721499830096e+06  -6.394242063193492e+05  -6.087695867363647e+06  -2.539558287379408e+05  6.301754162227421e+05  4.451107308823485e-01  5.414836010872522e-02  1.558637515644649e-02
  9.900000000000008e-01  -4.043302721275579e+06  -1.835315966654092e+06  -6.457686708252056e+05  -6.097030668605968e+06  -2.585478691112718e+05  6.314976338514378e+05  4.434118901706133e-01  5.473447225920396e-02  1.537367067906482e-02
  9.950000000000008e-01  -4.070014751466158e+06  -1.832733051958277e+06  -6.524069029749040e+05  -6.107474819401036e+06  -2.632548222560682e+05  6.330922230456255e+05  4.418010734886436e-01  5.554053093193497e-02  1.511939154077337e-02
