TITLE = "Temporal Signal for receiver number 00001"
VARIABLES = "Time","s_xx","s_yy","s_zz","s_xy","s_yz","s_xz","v1","v2","v3"
# x1       2.600000000000e+04
# x2       -1.000000000000e+03
# x3       -9.000000000000e+03
# cell-global-id 20254
  0.000000000000000e+00  0.000000000000000e+00  0.000000000000000e+00  0.000000000000000e+00  0.000000000000000e+00  0.000000000000000e+00  0.000000000000000e+00  0.000000000000000e+00  0.000000000000000e+00  0.000000000000000e+00
  5.000000000000000e-03  0.000000000000000e+00  0.000000000000000e+00  0.000000000000000e+00  0.000000000000000e+00  0.000000000000000e+00  0.000000000000000e+00  0.000000000000000e+00  0.000000000000000e+00  0.000000000000000e+00
  1.000000000000000e-02  0.000000000000000e+00  0.000000000000000e+00  0.000000000000000e+00  0.000000000000000e+00  0.000000000000000e+00  0.000000000000000e+00  0.000000000000000e+00  0.000000000000000e+00  0.000000000000000e+00
  1.500000000000000e-02  0.000000000000000e+00  0.000000000000000e+00  0.000000000000000e+00  0.000000000000000e+00  0.000000000000000e+00  0.000000000000000e+00  0.000000000000000e+00  0.000000000000000e+00  0.000000000000000e+00
  2.000000000000000e-02  0.000000000000000e+00  0.000000000000000e+00  0.000000000000000e+00  0.000000000000000e+00  0.000000000000000e+00  0.000000000000000e+00  0.000000000000000e+00  0.000000000000000e+00  0.000000000000000e+00
  2.500000000000000e-02  0.000000000000000e+00  0.000000000000000e+00  0.000000000000000e+00  0.000000000000000e+00  0.000000000000000e+00  0.000000000000000e+00  0.000000000000000e+00  0.000000000000000e+00  0.000000000000000e+00
  3.000000000000000e-02  0.000000000000000e+00  0.000000000000000e+00  0.000000000000000e+00  0.000000000000000e+00  0.000000000000000e+00  0.000000000000000e+00  0.000000000000000e+00  0.000000000000000e+00  0.000000000000000e+00
  3.500000000000000e-02  0.000000000000000e+00  0.000000000000000e+00  0.000000000000000e+00  0.000000000000000e+00  0.000000000000000e+00  0.000000000000000e+00  0.000000000000000e+00  0.000000000000000e+00  0.000000000000000e+00
  4.000000000000000e-02  0.000000000000000e+00  0.000000000000000e+00  0.000000000000000e+00  0.000000000000000e+00  0.000000000000000e+00  0.000000000000000e+00  0.000000000000000e+00  0.000000000000000e+00  0.000000000000000e+00
  4.500000000000000e-02  0.000000000000000e+00  0.000000000000000e+00  0.000000000000000e+00  0.000000000000000e+00  0.000000000000000e+00  0.000000000000000e+00  0.000000000000000e+00  0.000000000000000e+00  0.000000000000000e+00
  5.000000000000000e-02  0.000000000000000e+00  0.000000000000000e+00  0.000000000000000e+00  0.000000000000000e+00  0.000000000000000e+00  0.000000000000000e+00  0.000000000000000e+00  0.000000000000000e+00  0.000000000000000e+00
  5.499999999999999e-02  0.000000000000000e+00  0.000000000000000e+00  0.000000000000000e+00  0.000000000000000e+00  0.000000000000000e+00  0.000000000000000e+00  0.000000000000000e+00  0.000000000000000e+00  0.000000000000000e+00
  5.999999999999999e-02  7.216197280462848e-08  1.020057295166717e-07  5.035900364005560e-08  7.174211360267262e-08  1.535059743820135e-08  2.792751984481923e-08  8.214786672963255e-15  6.617308730305275e-15  2.314183141074420e-15
  6.499999999999999e-02  1.626150796333044e-05  2.056221082057295e-05  1.022158000225664e-05  1.357563229473167e-05  6.598410348062770e-07  2.024758139189172e-06  1.613708610880228e-12  1.276406962046292e-12  2.360838362132613e-13
  6.999999999999999e-02  -7.202363373276559e-05  -2.832385664884760e-05  3.973783073104528e-05  1.224198927757498e-04  4.389438807004625e-05  7.502727431875830e-05  6.925243572889497e-12  8.122448604301985e-12  2.407730531946959e-12
  7.500000000000000e-02  -1.522310651880986e-04  -3.196304733930361e-04  4.339676325012023e-04  -6.947177073644903e-05  1.365012300765326e-04  -1.187996454572704e-04  -4.017834899564946e-11  -1.588013819518710e-11  3.737384661947371e-11
  8.000000000000000e-02  1.353387464273540e-03  8.157132508438684e-04  1.796950205734600e-03  -8.269368041790067e-04  4.953636287827160e-04  -6.680615996148076e-04  3.604607308627780e-12  -8.981823826574201e-11  6.674215112418275e-11
  8.500000000000001e-02  2.912818470511179e-03  3.300823867131041e-03  -3.723882784737258e-03  7.284087580814344e-04  -1.891930293402029e-03  3.945209976714556e-04  4.211827886944484e-10  1.624170567844918e-10  -4.208889024707415e-10
  9.000000000000001e-02  -7.408223921933709e-03  -3.247763121931801e-03  -1.209981674898607e-02  2.918631532072401e-03  -3.727017797100739e-03  3.831924573319128e-03  4.401772415330452e-11  5.545481470755857e-10  -5.694864391207043e-10
  9.500000000000001e-02  -1.429589556216223e-02  -1.632720639823884e-02  3.317276444418287e-03  3.486503591632057e-04  2.630946519596884e-03  -4.918027270134925e-04  -1.738682822365395e-09  -2.246002056402934e-10  9.414452367390094e-10
  1.000000000000000e-01  3.001527372619167e-02  1.095691284768514e-02  4.610213410271879e-02  1.049061337645529e-03  1.104245067633722e-02  -1.296872161278133e-02  2.126616590549831e-10  -8.167417443197891e-10  2.617389506401539e-09
  1.050000000000000e-01  1.779880940005369e-02  3.350368671184179e-02  5.513479033497426e-03  -5.458446414074278e-03  -2.669442597055737e-03  3.954927259933652e-03  3.710153189663629e-09  -1.729633381269586e-09  -1.348908846749208e-09
  1.100000000000000e-01  -6.930776785982716e-02  -1.532264238794765e-02  -1.229752193135206e-01  -2.754316747980843e-02  -4.665497518752128e-02  2.602534126072972e-03  -4.710435309723091e-09  4.490409785858855e-10  -8.311353700679565e-09
  1.150000000000000e-01  3.320717222022083e-02  -5.343781963636818e-03  -3.808866564659272e-02  2.229644073885350e-04  -2.725843563152270e-03  -1.593642587453930e-02  -4.529952829099233e-09  8.033051563725556e-09  -4.041171767140958e-10
  1.200000000000000e-01  9.708789232613156e-02  -2.294446772399437e-02  1.584184196297616e-01  8.845264593544701e-02  8.040937965901812e-02  1.390835094282676e-02  5.904923890493787e-09  6.059224612465266e-09  1.550462056949737e-08
  1.250000000000000e-01  -1.452286071354164e-01  -1.351999966344411e-01  6.625464138717559e-02  4.241402667967235e-02  1.701853369508276e-02  5.242676499644112e-02  1.648117157384241e-09  -1.280519559286953e-08  6.395813055209062e-09
  1.300000000000000e-01  -1.858601081850857e-01  -3.154331585968774e-02  -1.269841576953726e-01  -1.279654526696003e-01  -1.151571370108863e-01  -1.541063106140600e-02  -5.569109623914085e-09  -2.267923688507512e-08  -2.031118790081969e-08
  1.350000000000000e-01  1.975166965885504e-01  3.030405884603340e-01  -2.710969849507061e-02  -1.261906173294344e-01  -5.155094010281968e-02  -1.674225780158865e-01  7.439825279262846e-10  1.399722424978944e-08  -1.356289625532757e-08
  1.400000000000000e-01  3.376132081188274e-01  3.017191923244310e-01  6.766819887271852e-02  8.349197998060506e-02  1.057546092084546e-01  -4.457084770419033e-02  1.222752039868266e-08  3.450378830956991e-08  1.850664920531487e-08
  1.450000000000000e-01  -3.410610854130079e-01  -2.300617079873148e-01  -1.186515295863406e-01  2.090761312229669e-01  1.646094451637544e-01  2.616677568588736e-01  -1.604156916947492e-08  1.346792936358148e-08  2.751022217222631e-08
  1.500000000000000e-01  -5.966036238904819e-01  -4.987661962511261e-01  -1.644440001727167e-01  7.654847759933852e-03  -1.421570777363973e-02  1.649153693627001e-01  -3.760695559072416e-08  -1.588100575923440e-08  -7.403269222064700e-09
  1.550000000000001e-01  5.309305724025181e-01  4.508171589958406e-02  3.348669468887384e-01  -1.744528635518711e-01  -1.620167548155446e-01  -3.402125407000092e-01  2.353492293227183e-08  -2.397184446489617e-08  -3.017291185365471e-08
  1.600000000000001e-01  1.086953865715383e+00  1.605007735000625e-01  5.348942623538468e-01  7.050113336477717e-02  5.707591883099113e-02  -3.640214976675168e-01  8.487108629481335e-08  3.600191938074468e-09  3.237415476303503e-09
  1.650000000000001e-01  -3.970247493791451e-01  -6.447795818601202e-01  -3.606377737831948e-02  1.373131268498892e-01  1.987484055821168e-01  2.303515681304651e-01  6.593810272978388e-09  -6.184075454066582e-09  5.482976216414358e-08
  1.700000000000001e-01  -2.001597132359497e+00  -5.820835298784869e-01  -4.839118719164178e-01  1.295868154668929e-01  -4.683161709402927e-04  6.991014660400361e-01  -1.000696932688453e-07  -3.653780558478160e-08  -5.501088304158043e-10
  1.750000000000001e-01  -9.156477222181426e-01  1.160542941743890e+00  -3.001949244538339e-01  9.732409352084360e-02  -2.999980714219745e-01  1.060450665791752e-01  -4.116663619534929e-08  -8.878286815570686e-09  -1.402881164036959e-07
  1.800000000000001e-01  1.296197965357214e+00  2.235402312585186e+00  -9.906809226756411e-01  -1.669834829616726e-01  -6.717882250317851e-01  -6.098098011871211e-01  6.026384239389794e-08  8.983830806644282e-08  -2.206458609050287e-07
  1.850000000000001e-01  1.223501725539019e+00  -9.498310484414147e-01  1.153909957719691e-01  -8.818059444913252e-01  5.085347224250577e-01  -7.206496324070917e-01  -1.392818350079601e-07  1.016126795826549e-07  2.103970145953978e-07
  1.900000000000001e-01  5.281269846568709e+00  9.429762417991987e-02  5.979632333016535e+00  -2.268351777672999e-01  1.343686256554294e+00  -8.269716765268903e-01  -1.416201709583975e-08  1.267328115471641e-07  7.472167156669100e-07
  1.950000000000001e-01  6.471352097514723e+00  4.942276950843257e+00  8.970750358092118e+00  1.279301869340428e+00  2.361875248904150e+00  4.782911041183293e-01  6.420530270385141e-07  -8.324434860174568e-08  3.846740329146577e-07
  2.000000000000001e-01  -1.028315523849114e+01  -3.156721401436299e+00  -5.612439510408906e+00  -6.265799537749362e-01  -7.537776008819278e-01  2.306852168845571e+00  1.949834532751840e-07  -4.944124645982664e-07  -8.676916707289607e-07
  2.050000000000001e-01  -2.395774076782192e+01  -2.125239317627546e+01  -2.525395539194281e+01  -2.936884306125713e+00  -7.551815698736112e+00  3.410219192914782e+00  -1.673473671667728e-06  -2.647642809287385e-07  -1.436901333064605e-06
  2.100000000000001e-01  7.415311258281271e+00  -1.326098531665735e+01  4.350634387056582e+00  -2.054518553567203e+00  2.934735567676258e+00  -3.908040269355019e+00  -9.011829299235590e-07  -1.978602452782756e-07  1.023003447793492e-06
  2.150000000000001e-01  4.348035798979893e+01  1.769889170064502e+01  4.010241291994878e+01  1.384961183975034e+01  1.634188539741318e+01  -6.413576494143817e+00  3.456813553873026e-06  -1.723734394162361e-07  2.495076483562946e-06
  2.200000000000001e-01  -2.558236774753916e+01  1.852892238023345e+01  3.303492088566613e+00  1.925498538359610e+01  6.270428072131531e+00  1.656559859762254e+01  4.547606040763648e-06  -1.616513398089873e-06  4.210217083214255e-07
  2.250000000000001e-01  -1.628388737785546e+02  -6.385395394114083e-01  -9.077180735301820e+01  -1.689249974821520e+01  -2.460627807751788e+01  4.244677857850456e+01  -4.836491431745208e-06  -1.708617124704520e-06  -3.786990076641861e-06
  2.300000000000001e-01  -7.021010817361710e+01  4.352706818383350e+01  -1.043253486031206e+02  -5.820989998975197e+01  -5.187748024516155e+01  5.225706037481883e+00  -1.491718848444689e-05  3.950760632916250e-06  -7.428786625802002e-06
  2.350000000000001e-01  3.290184560531555e+02  1.766385737552780e+02  1.226185248677127e+02  -4.623898930858341e+01  1.999172292262259e+01  -1.183952239088619e+02  9.808875610826746e-08  1.257715865879527e-05  1.354876612177537e-06
  2.400000000000001e-01  6.040961934839391e+02  1.397805499219126e+02  3.119312898117803e+02  4.576012764945199e+01  9.111441012176317e+01  -1.671641161619190e+02  2.402149490147576e-05  1.283190056521552e-05  1.403785647876508e-05
  2.450000000000001e-01  9.105662205996526e+01  -2.506727930750424e+02  1.658587636068698e+02  1.203390804985224e+02  1.238968060421308e+02  2.247253783548327e+01  3.048768060443818e-05  -5.760715474823906e-06  1.998097141935554e-05
  2.500000000000001e-01  -1.036545591970805e+03  -8.622220279907328e+02  -3.546990234255479e+02  -5.769049874523614e+01  -1.048643334566125e+01  2.321975637598512e+02  -1.357693202147157e-05  -3.649572144501654e-05  4.127171521762975e-06
  2.550000000000001e-01  -1.361288360847540e+03  -7.016806876160575e+02  -5.838634014676210e+02  -4.650977965866832e+01  -2.156889700604714e+02  2.963392483755926e+02  -4.555431678759199e-05  -4.865250560509907e-05  -2.398441637131758e-05
  2.600000000000001e-01  -1.370463169099757e+02  3.928207989647949e+02  -7.082226712811813e+01  -1.143321098833821e+02  -2.056864023373342e+02  -8.009716180425887e+01  -3.082810456302536e-05  -1.062125791465224e-05  -3.818756505204487e-05
  2.650000000000001e-01  1.785097710605763e+03  1.821117051368908e+03  7.952071862146080e+02  1.759718281552151e+02  3.093271465502198e+01  -3.317492808229495e+02  4.386700042736738e-05  5.192596194109851e-05  -1.783833529384206e-05
  2.700000000000001e-01  2.049817356346989e+03  1.631528880073442e+03  7.403469077291120e+02  8.956284970644745e+01  2.761405179188118e+02  -2.796269506390752e+02  6.742524691535739e-05  8.839014653192952e-05  2.329525118500423e-05
  2.750000000000001e-01  3.806725468079790e+01  -1.772352990955218e+02  -3.185529561372485e+02  -1.419498206678343e+02  2.476623392289521e+02  9.582234756275783e+01  -8.260918778545041e-06  4.536997686810293e-05  4.910064818128654e-05
  2.800000000000001e-01  -2.512039059218559e+03  -1.969121248799754e+03  -1.320554695857992e+03  -1.726411916073277e+02  1.957389139324850e+01  5.825770235820135e+02  -1.026441247313094e-04  -4.494372697553831e-06  3.714020974998902e-05
  2.850000000000001e-01  -2.921861747362415e+03  -2.177484035304261e+03  -1.039188835824377e+03  -6.927354351675636e+01  -4.174431191585225e+02  3.485759959965945e+02  -1.307475271415298e-04  -6.607671724775070e-05  -3.001661546981594e-05
  2.900000000000001e-01  -4.860757047110781e+02  -1.116071814737654e+03  2.165862023786313e+02  -7.714805128288624e+00  -5.409359668848045e+02  -3.996393010220895e+02  -1.666001807204410e-05  -6.743210263530608e-05  -9.083187662620370e-05
  2.950000000000002e-01  3.112472402720785e+03  6.898027355621762e+02  1.531090536261630e+03  -1.984293994546293e+02  -2.960769992297716e+02  -1.308560481016397e+03  1.439171747969834e-04  -7.622948872406960e-05  -9.734856275959129e-05
  3.000000000000002e-01  5.134131217679584e+03  1.769450200078263e+03  1.816797297322449e+03  -3.105853422401559e+02  2.951285070046334e+02  -1.270401672048616e+03  2.433223492751675e-04  -7.156923294460849e-05  -5.018057417080608e-07
  3.050000000000002e-01  3.521028783788242e+03  1.728506583105288e+03  3.201168594593336e+02  -3.430832366535726e+02  1.351120463091977e+03  -1.632844534038133e+02  1.724428121841349e-04  8.104148520777295e-06  1.712947819195769e-04
  3.100000000000002e-01  -1.354578099406336e+03  1.356391275087687e+03  -1.251001732559250e+03  3.843714447517515e+02  1.562058223776733e+03  1.819879208761986e+03  -9.539874764583316e-06  1.235772524259533e-04  2.550076132982422e-04
  3.150000000000002e-01  -7.798565536792732e+03  5.077126879020908e+02  -2.594581392032384e+03  7.634364944208838e+02  3.263916038641142e+02  2.884652497990054e+03  -2.864938998888546e-04  1.428335079297482e-04  1.411123673938792e-04
  3.200000000000002e-01  -1.161697301442059e+04  -2.037801155882121e+03  -2.085094881505955e+03  1.642494623972271e+03  -2.190429815060280e+03  2.796430914976948e+03  -3.524931708017933e-04  1.863590818849785e-05  -1.239842928687019e-04
  3.250000000000002e-01  -1.121994762434390e+04  -5.923644369768274e+03  -9.135662503658145e+02  9.672666949712313e+02  -3.442021398629106e+03  1.096833789766798e+03  -1.949453252116980e-04  -2.136581615631464e-04  -3.478692132627439e-04
  3.300000000000002e-01  -2.635632844165439e+03  -4.691473560493370e+03  1.953308201230244e+03  1.498500101184157e+03  -3.292131433579067e+03  -1.913799921958665e+03  2.218280785244689e-04  -2.465233181470006e-04  -4.191199350633492e-04
  3.350000000000002e-01  7.585912532110829e+03  -1.351969557072245e+03  1.238147108642908e+03  2.271800599509360e+02  -2.999483655895853e+02  -5.250410614388356e+03  5.192355205283983e-04  -1.640162863795442e-04  -2.858066366569421e-04
  3.400000000000002e-01  1.497604751405743e+04  1.154975765260957e+03  -1.233093178374152e+03  -1.152379931619592e+03  3.294390728962518e+03  -6.284804411481900e+03  7.123574503080038e-04  -5.543190069532242e-05  -3.989193140313066e-05
  3.450000000000002e-01  1.532720974351029e+04  4.481021651128975e+03  -4.595751731020461e+03  -5.939696343129570e+03  5.524423181804501e+03  -5.586701580102266e+03  6.544382012142852e-05  1.905536034043704e-04  1.391046856261893e-04
  3.500000000000002e-01  9.517499731115486e+03  9.026730339153417e+03  -4.732596233269604e+03  -7.184925186914644e+03  4.462820206413730e+03  -2.074499442157812e+03  -9.230394120058714e-04  5.862703682267513e-04  2.872882849548168e-04
  3.550000000000002e-01  -1.204710321838536e+04  2.550792135376731e+03  -8.596609084550606e+03  -1.104534321562405e+04  1.676117266750900e+03  2.826009950245850e+03  -2.045394664782801e-03  3.427998222950097e-04  4.248226933521052e-04
  3.600000000000002e-01  -3.931933441718193e+04  -1.434344326585747e+04  -1.561006955468805e+04  -1.037025490326289e+04  -1.631743039610909e+03  6.979262475555181e+03  -2.590376034075465e-03  -7.004829219400718e-04  5.828214563615087e-04
  3.650000000000002e-01  -5.684142885439388e+04  -2.882396885237162e+04  -1.927728315970942e+04  -9.552124235958665e+03  -5.442036227210290e+03  7.082006480584263e+03  -3.020372572996554e-03  -1.718206518881558e-03  4.277734622837151e-04
  3.700000000000002e-01  -5.330325357504506e+04  -3.603212949895796e+04  -1.222161516890984e+04  -3.589756617717384e+03  -9.366322630464481e+03  6.255290424957671e+03  -2.124114723500063e-03  -2.396452611292254e-03  -1.227969038138405e-04
  3.750000000000002e-01  -2.780747426747189e+04  -2.519225165781174e+04  1.821489464177876e+03  6.272749654309647e+02  -1.110190221769843e+04  3.487841266171271e+03  -5.198133515686206e-04  -2.074363209628537e-03  -9.057531061241777e-04
  3.800000000000002e-01  1.801140740832121e+04  -2.310600365620061e+03  1.881451072491741e+04  7.883057853171619e+03  -9.516575029404559e+03  1.750144696608033e+03  1.537827001282790e-03  -7.660492151706566e-04  -1.533832619874831e-03
  3.850000000000002e-01  5.693103825813401e+04  2.240287363402189e+04  2.458017095245500e+04  1.059845778996816e+04  -3.309439117733341e+03  -1.328399642128201e+03  3.198632163666503e-03  7.846588805032895e-04  -1.533177041668576e-03
  3.900000000000002e-01  6.347919184316749e+04  2.084048029683304e+04  1.375382187886464e+04  5.658724211811827e+03  6.855252464899196e+03  -4.653769096175387e+03  3.752892685382322e-03  6.708039954254939e-04  -1.048046037142309e-03
  3.950000000000002e-01  2.318833622208735e+04  -5.790177901284647e+03  -1.414474642690736e+04  -1.917915006795389e+04  9.772478486279562e+03  -1.565014486728030e+04  6.918469020652499e-04  -9.689016029343663e-04  -6.546100865234853e-04
  4.000000000000002e-01  -7.432127905244070e+04  -8.445722805740785e+04  -5.871932038840063e+04  -6.485033152949165e+04  -9.179248397513811e+02  -3.091021471813430e+04  -5.991614455171703e-03  -5.648127880125480e-03  -1.372718351380356e-03
  4.050000000000002e-01  -2.275761890456474e+05  -1.991383204224417e+05  -1.188184852870360e+05  -1.360987346128804e+05  -2.240743138443705e+04  -5.110090301394381e+04  -1.664110098477032e-02  -1.323257305938194e-02  -3.042364489616799e-03
  4.100000000000003e-01  -4.260500081794547e+05  -3.598040943074811e+05  -1.929008939639330e+05  -2.251504084732722e+05  -5.171831868912254e+04  -7.066293372896565e+04  -2.967634086998348e-02  -2.400446423692719e-02  -5.788549830459201e-03
  4.150000000000003e-01  -6.486808595742139e+05  -5.493009466568474e+05  -2.807135176546219e+05  -3.262670514830897e+05  -8.745215879549048e+04  -9.232385488754547e+04  -4.442303209242193e-02  -3.636992299253594e-02  -9.108708989658385e-03
  4.200000000000003e-01  -8.856291523344599e+05  -7.705873289793566e+05  -3.801431222229964e+05  -4.312715776116524e+05  -1.205507761194215e+05  -1.098143551347113e+05  -5.861205864451022e-02  -5.147579010792908e-02  -1.333943363064567e-02
  4.250000000000003e-01  -1.112341219929035e+06  -9.931993126205486e+05  -4.864285666421991e+05  -5.450312801649839e+05  -1.530164812778643e+05  -1.320640461328148e+05  -7.289918455325950e-02  -6.702058540784596e-02  -1.782039574344868e-02
  4.300000000000003e-01  -1.317509992123773e+06  -1.224955277717584e+06  -5.913024744047892e+05  -6.563253775411833e+05  -1.925695368584268e+05  -1.586298761398941e+05  -8.541301959954493e-02  -8.319803780383180e-02  -2.298949648596164e-02
  4.350000000000003e-01  -1.485308835081959e+06  -1.451421260877907e+06  -6.844511267340975e+05  -7.756071990379816e+05  -2.392580360716999e+05  -1.946591994144734e+05  -9.687355139426372e-02  -9.887555318854918e-02  -2.795879991680484e-02
  4.400000000000003e-01  -1.612558841838281e+06  -1.646995742862681e+06  -7.508221272611382e+05  -9.084309912420583e+05  -2.866544893659363e+05  -2.318113973501855e+05  -1.065802848579844e-01  -1.143505459659120e-01  -3.294679236654927e-02
  4.450000000000003e-01  -1.688833032021142e+06  -1.860997848522006e+06  -7.943202662482150e+05  -1.044581001380694e+06  -3.444049305257487e+05  -2.758035923597019e+05  -1.142750047793118e-01  -1.293090616188111e-01  -3.711088657234041e-02
  4.500000000000003e-01  -1.729385789200764e+06  -2.060263661059891e+06  -8.113180247082474e+05  -1.180779181132074e+06  -4.057475050681075e+05  -3.170257870135395e+05  -1.186004054054517e-01  -1.452594227610988e-01  -4.153015957106942e-02
  4.550000000000003e-01  -1.716088348271926e+06  -2.282894856616529e+06  -8.064023344969088e+05  -1.309826588881620e+06  -4.625311872788440e+05  -3.568234003167615e+05  -1.213116782048806e-01  -1.604753235725164e-01  -4.511475017841078e-02
  4.600000000000003e-01  -1.669197107371563e+06  -2.490482799939952e+06  -7.826624409933154e+05  -1.426317977165072e+06  -5.135406898912166e+05  -3.912929518457564e+05  -1.222195064398310e-01  -1.749965768012310e-01  -4.880181265546187e-02
  4.650000000000003e-01  -1.615753609042535e+06  -2.706948613843791e+06  -7.603245421971794e+05  -1.517705490932039e+06  -5.701508745238737e+05  -4.288070758778093e+05  -1.211362709212699e-01  -1.895577638479481e-01  -5.277946897090751e-02
  4.700000000000003e-01  -1.557046870974982e+06  -2.872819664197602e+06  -7.355605436093877e+05  -1.602710176830315e+06  -6.122582921333432e+05  -4.597343303073560e+05  -1.214646019883307e-01  -2.004654070939463e-01  -5.624500562827684e-02
  4.750000000000003e-01  -1.510852482471066e+06  -3.046722240403513e+06  -7.222211410763859e+05  -1.660593055082388e+06  -6.554903573965529e+05  -4.883370736364344e+05  -1.226419140584493e-01  -2.089006890795207e-01  -5.881073952502070e-02
  4.800000000000003e-01  -1.514712842957436e+06  -3.132767956504681e+06  -7.168109764094207e+05  -1.729649523627117e+06  -6.895379222479030e+05  -5.088916143654537e+05  -1.259910003815156e-01  -2.135554351234165e-01  -6.043833482030810e-02
  4.850000000000003e-01  -1.568130606780617e+06  -3.188955012171546e+06  -7.216380212793590e+05  -1.796365359597717e+06  -7.227839651766849e+05  -5.204913854846417e+05  -1.308157378437881e-01  -2.162432063917294e-01  -6.085276584663312e-02
  4.900000000000003e-01  -1.621897838382629e+06  -3.276618480032395e+06  -7.269947077539869e+05  -1.853381467047039e+06  -7.503938902907325e+05  -5.164172057181970e+05  -1.379096245288282e-01  -2.163228420822716e-01  -5.910708270652585e-02
  4.950000000000003e-01  -1.730893082601599e+06  -3.341087468707682e+06  -7.405185635708733e+05  -1.920019918068507e+06  -7.845790075131278e+05  -5.070843074556153e+05  -1.436259177464964e-01  -2.196842881017919e-01  -5.762147152133509e-02
  5.000000000000003e-01  -1.812992793748266e+06  -3.452681207750409e+06  -7.443927127439850e+05  -1.994831269048912e+06  -8.225726297106247e+05  -4.929321970643189e+05  -1.498944433730710e-01  -2.229840996564228e-01  -5.570042791861189e-02
  5.050000000000003e-01  -1.877020371283044e+06  -3.607123544768163e+06  -7.396238123421542e+05  -2.055842759586041e+06  -8.799509898231142e+05  -4.808139089873293e+05  -1.516554066825764e-01  -2.334984029744508e-01  -5.627577200702053e-02
  5.100000000000003e-01  -1.868275218791822e+06  -3.834230999667610e+06  -7.161375983150762e+05  -2.108443222798348e+06  -9.562042070207088e+05  -4.758721854937031e+05  -1.500242630576938e-01  -2.480377662547019e-01  -5.919894652865436e-02
  5.150000000000003e-01  -1.813077911567888e+06  -4.064106650932921e+06  -6.735657714858279e+05  -2.188003656278567e+06  -1.051292894318298e+06  -4.879901826439149e+05  -1.455478624462560e-01  -2.653947551694588e-01  -6.490007535612639e-02
  5.200000000000004e-01  -1.653314288450103e+06  -4.382585994896764e+06  -6.096080564260014e+05  -2.237021906908270e+06  -1.166614723532395e+06  -5.079956418152644e+05  -1.363850514699855e-01  -2.863554253552322e-01  -7.345349559319608e-02
  5.250000000000004e-01  -1.465565531474232e+06  -4.669558308045211e+06  -5.309918309087523e+05  -2.306618776597943e+06  -1.291928372208439e+06  -5.407892226958037e+05  -1.236014974990067e-01  -3.102587079865416e-01  -8.418268939687197e-02
  5.300000000000004e-01  -1.201587018520198e+06  -5.017181227537850e+06  -4.392867368171904e+05  -2.361187091522544e+06  -1.421392995348740e+06  -5.747858793106466e+05  -1.099661672998831e-01  -3.313626820963242e-01  -9.496187707739887e-02
  5.350000000000004e-01  -9.356157746280060e+05  -5.339850843773310e+06  -3.432886204578831e+05  -2.428341233868544e+06  -1.541564943570819e+06  -6.073358394466841e+05  -9.675809074989551e-02  -3.498444434111475e-01  -1.042790607297950e-01
  5.400000000000004e-01  -7.102706780027612e+05  -5.612043944967886e+06  -2.481117437089255e+05  -2.493728016773782e+06  -1.636027100456746e+06  -6.262284086895144e+05  -8.370712231650608e-02  -3.684346318457958e-01  -1.112741778818403e-01
  5.450000000000004e-01  -5.288015944471792e+05  -5.856433463101815e+06  -1.569727410158188e+05  -2.575824491959877e+06  -1.705822587428950e+06  -6.359237415988480e+05  -7.665897785481444e-02  -3.786330573393142e-01  -1.133229863192955e-01
  5.500000000000004e-01  -4.228625967722945e+05  -6.047293242342240e+06  -6.783706565163606e+04  -2.645412967885884e+06  -1.736832902635985e+06  -6.226086748985432e+05  -7.347943477248045e-02  -3.861049131110005e-01  -1.113770145458361e-01
  5.550000000000004e-01  -4.126008668435802e+05  -6.165681583997698e+06  1.745101778567691e+04  -2.735766803040236e+06  -1.735708620988472e+06  -6.012853888607658e+05  -7.841239348859178e-02  -3.856697015808727e-01  -1.038197844998322e-01
  5.600000000000004e-01  -4.992622106619837e+05  -6.205738211520095e+06  1.043941801705540e+05  -2.825289582012447e+06  -1.698062057545312e+06  -5.659885679206488e+05  -9.006128820579969e-02  -3.804976703042703e-01  -9.220512135966304e-02
  5.650000000000004e-01  -6.588384089731979e+05  -6.200653370573179e+06  1.915282322681631e+05  -2.901553168085291e+06  -1.629169976589731e+06  -5.185181970530045e+05  -1.084760208864145e-01  -3.690363320359544e-01  -7.761459237441275e-02
  5.700000000000004e-01  -9.106854574036578e+05  -6.094799620622218e+06  2.824896127699560e+05  -2.987994618850203e+06  -1.530398674196956e+06  -4.685083658959788e+05  -1.331403795793783e-01  -3.542179639445510e-01  -6.045636154922435e-02
  5.750000000000004e-01  -1.210478097834366e+06  -5.950864984040890e+06  3.686087280706011e+05  -3.071134456481808e+06  -1.411689344468490e+06  -4.186022560576314e+05  -1.639770770033944e-01  -3.327972948404599e-01  -4.189242834261660e-02
  5.800000000000004e-01  -1.564473826875189e+06  -5.717457234266774e+06  4.561953772358946e+05  -3.159976938315678e+06  -1.269051164790504e+06  -3.685998259453823e+05  -1.976558445936088e-01  -3.113540537022607e-01  -2.338173358797362e-02
  5.850000000000004e-01  -1.939170261359255e+06  -5.440145080308490e+06  5.352001141409064e+05  -3.253685920239156e+06  -1.112572521313297e+06  -3.233448184938157e+05  -2.337007216413584e-01  -2.876536266358266e-01  -5.584064929617064e-03
  5.900000000000004e-01  -2.314319763317806e+06  -5.138875123768545e+06  5.996156050386619e+05  -3.357226734003517e+06  -9.541125632512062e+05  -2.929488132867044e+05  -2.716988187249141e-01  -2.606116814889631e-01  1.151771047204917e-02
  5.950000000000004e-01  -2.683232158908641e+06  -4.799634082061898e+06  6.531063842788534e+05  -3.468555262915175e+06  -7.883088752986653e+05  -2.683344708592859e+05  -3.078691493811866e-01  -2.353589224344566e-01  2.628666444208775e-02
  6.000000000000004e-01  -3.028762946603081e+06  -4.454425247366647e+06  6.897304038034157e+05  -3.590537591352610e+06  -6.311970246720016e+05  -2.619177290987063e+05  -3.428262226529987e-01  -2.100275819943275e-01  3.940856481582229e-02
  6.050000000000004e-01  -3.347275004558703e+06  -4.116024964901179e+06  7.081573229627036e+05  -3.719788612169668e+06  -4.808598760815823e+05  -2.649377259149874e+05  -3.742295435275905e-01  -1.864827102388468e-01  4.980422184008345e-02
  6.100000000000004e-01  -3.632539014242597e+06  -3.804562086252924e+06  7.065779178481618e+05  -3.854685350474206e+06  -3.476205538838765e+05  -2.821694869336038e+05  -4.023743377356681e-01  -1.644385512578990e-01  5.788275743441315e-02
  6.150000000000004e-01  -3.881666533666154e+06  -3.506874487452365e+06  6.907901439803671e+05  -3.996802843267146e+06  -2.314553239860290e+05  -3.095303706348179e+05  -4.270808742881624e-01  -1.460870310347253e-01  6.362848448610356e-02
  6.200000000000004e-01  -4.094291542251070e+06  -3.265834403537096e+06  6.531814637061153e+05  -4.138291104520575e+06  -1.362712362647794e+05  -3.452773813649404e+05  -4.486110866191299e-01  -1.284673125160332e-01  6.730579119707754e-02
  6.250000000000004e-01  -4.268325199917623e+06  -3.036056450900198e+06  6.082862967929356e+05  -4.285390225401058e+06  -5.603191712383128e+04  -3.826613399839883e+05  -4.672049623058409e-01  -1.147926326929835e-01  6.911937292391687e-02
  6.300000000000004e-01  -4.404495983542453e+06  -2.867245247425459e+06  5.465789553863554e+05  -4.427261968695307e+06  4.354228334815814e+03  -4.245607126429308e+05  -4.840417074533906e-01  -1.010293143553604e-01  6.980407356296356e-02
  6.350000000000005e-01  -4.503968241354317e+06  -2.725013132178429e+06  4.800891360989681e+05  -4.566166184638480e+06  5.121466118701408e+04  -4.659725950522666e+05  -4.991800564438832e-01  -8.923994851432523e-02  6.951168948222691e-02
  6.400000000000005e-01  -4.570560963820035e+06  -2.596954645544581e+06  4.159999416523402e+05  -4.703706331767318e+06  8.921949167527251e+04  -5.033682600547036e+05  -5.125526022173147e-01  -7.994017801055027e-02  6.835245373249270e-02
  6.450000000000005e-01  -4.606738373461646e+06  -2.505378783995861e+06  3.501815826269448e+05  -4.828215147886719e+06  1.161875739634325e+05  -5.413854499018674e+05  -5.249793802297237e-01  -7.125680483891278e-02  6.682254948928250e-02
  6.500000000000005e-01  -4.618881449627721e+06  -2.434233684081300e+06  2.886976661523455e+05  -4.943704162137226e+06  1.370352463972085e+05  -5.764760536766660e+05  -5.357860564079350e-01  -6.406989454600652e-02  6.481144995133185e-02
  6.550000000000005e-01  -4.609520356850517e+06  -2.381917785131543e+06  2.315045585292816e+05  -5.044040316292756e+06  1.538365185321234e+05  -6.102369773326789e+05  -5.455100609167493e-01  -5.834793769145998e-02  6.258061907726413e-02
  6.600000000000005e-01  -4.584550399145579e+06  -2.343613942558239e+06  1.790747747908700e+05  -5.131714884396835e+06  1.687403331391183e+05  -6.412582310191498e+05  -5.537320956486300e-01  -5.414770983159294e-02  6.006948212166772e-02
  6.650000000000005e-01  -4.552188420887463e+06  -2.330027055096405e+06  1.280608214762909e+05  -5.203557444348713e+06  1.798872916963400e+05  -6.716795017047995e+05  -5.600097301211725e-01  -5.002318408398325e-02  5.745739593792595e-02
  6.700000000000005e-01  -4.511428348373297e+06  -2.312858836844449e+06  8.477510340891240e+04  -5.264535371310178e+06  1.930489223418061e+05  -6.980353406310350e+05  -5.648791540140807e-01  -4.792088860445946e-02  5.467126763378476e-02
  6.750000000000005e-01  -4.473669342024441e+06  -2.315774356851069e+06  4.261017567290989e+04  -5.311095769411112e+06  2.047951933325126e+05  -7.242778136006009e+05  -5.677099967429167e-01  -4.518668374186915e-02  5.207705274469700e-02
  6.800000000000005e-01  -4.434327944833796e+06  -2.302355991396605e+06  1.037589206488283e+04  -5.350639960399077e+06  2.187448396638225e+05  -7.464084557378340e+05  -5.691375857934442e-01  -4.426126829188954e-02  4.952025317365431e-02
  6.850000000000005e-01  -4.401167782952130e+06  -2.287520792920127e+06  -1.798919450509044e+04  -5.382643372845555e+06  2.327516459735477e+05  -7.672621353579587e+05  -5.689964565850989e-01  -4.349287577976471e-02  4.737251576148083e-02
  6.900000000000005e-01  -4.381799544187662e+06  -2.283187768946270e+06  -5.007315505694017e+04  -5.406658098651791e+06  2.477932750235576e+05  -7.867404408799945e+05  -5.674854076565695e-01  -4.221220158247039e-02  4.571445699152150e-02
  6.950000000000005e-01  -4.366169965317692e+06  -2.259442050757809e+06  -7.664236140673445e+04  -5.429604357136933e+06  2.622678622496540e+05  -8.043449155546849e+05  -5.650581068597952e-01  -4.199602280541292e-02  4.467666454917762e-02
  7.000000000000005e-01  -4.362096083420601e+06  -2.242700543396240e+06  -1.080326611915837e+05  -5.449418702614060e+06  2.779461469764719e+05  -8.189066921636815e+05  -5.621592183388526e-01  -4.148526156610222e-02  4.404679106880677e-02
  7.050000000000005e-01  -4.358905581972446e+06  -2.207374799093725e+06  -1.338907461645787e+05  -5.470464515515111e+06  2.899347771539018e+05  -8.323021866211033e+05  -5.587795367594934e-01  -4.152313501312574e-02  4.390727112655449e-02
  7.100000000000005e-01  -4.359373577227707e+06  -2.167774488929251e+06  -1.591589206091996e+05  -5.491728717507886e+06  2.993560063638676e+05  -8.431695910184025e+05  -5.553472533085368e-01  -4.138661576400701e-02  4.389826809423664e-02
  7.150000000000005e-01  -4.359630388312573e+06  -2.124797622406076e+06  -1.855119445523823e+05  -5.515101585171482e+06  3.074669220561617e+05  -8.498156704353141e+05  -5.527315812496716e-01  -4.107833506060345e-02  4.387268173143410e-02
  7.200000000000005e-01  -4.358972422945971e+06  -2.073393138522578e+06  -2.095378837010037e+05  -5.540168342155608e+06  3.112560833973462e+05  -8.543254437571281e+05  -5.501310316305486e-01  -4.052344731331200e-02  4.378219899746522e-02
  7.250000000000005e-01  -4.351343076382937e+06  -2.013565179870964e+06  -2.332058225446720e+05  -5.568730041018814e+06  3.132411803361209e+05  -8.544087011245470e+05  -5.487366877305491e-01  -3.982456470847658e-02  4.366433455712538e-02
  7.300000000000005e-01  -4.343723265041043e+06  -1.956817520672244e+06  -2.598601457818105e+05  -5.599284928062110e+06  3.147456729907354e+05  -8.501914873168098e+05  -5.475894027109103e-01  -3.873863337714149e-02  4.351122916652589e-02
  7.350000000000005e-01  -4.331951773998608e+06  -1.902329215728495e+06  -2.896710708128743e+05  -5.632593752428132e+06  3.169900808566335e+05  -8.407672905986090e+05  -5.473420870478619e-01  -3.743466615664326e-02  4.342685833680130e-02
  7.400000000000005e-01  -4.310643617731971e+06  -1.840870266350543e+06  -3.170791909244785e+05  -5.668103935593585e+06  3.184337251665159e+05  -8.280909498101493e+05  -5.479039500926659e-01  -3.642933769515755e-02  4.338488706682167e-02
  7.450000000000006e-01  -4.291733764670148e+06  -1.795945132677537e+06  -3.513977472600080e+05  -5.705351823848920e+06  3.222019228569959e+05  -8.100033492225191e+05  -5.490256484565036e-01  -3.485207124776159e-02  4.324759800242588e-02
  7.500000000000006e-01  -4.266417406505639e+06  -1.746162536758297e+06  -3.804912613971930e+05  -5.741855826407604e+06  3.243357940146217e+05  -7.907208930623396e+05  -5.504153750610743e-01  -3.387974348445037e-02  4.288900592828560e-02
  7.550000000000006e-01  -4.245240184525235e+06  -1.714517500001230e+06  -4.145853887137256e+05  -5.779700465643758e+06  3.272906367792970e+05  -7.678985546452323e+05  -5.522953483793741e-01  -3.195670403784096e-02  4.215447901632449e-02
  7.600000000000006e-01  -4.224587050065595e+06  -1.687608063469715e+06  -4.456326735573799e+05  -5.816948944423315e+06  3.285584038325304e+05  -7.448824278458887e+05  -5.542536258779348e-01  -2.986380317869175e-02  4.097343545322098e-02
  7.650000000000006e-01  -4.203993600470777e+06  -1.659379838824122e+06  -4.682512638747717e+05  -5.852233176512044e+06  3.270148021436566e+05  -7.241170256409581e+05  -5.557020526713384e-01  -2.851569782558775e-02  3.921250680003911e-02
  7.700000000000006e-01  -4.188833492160914e+06  -1.645688023385367e+06  -4.921463495226027e+05  -5.888263859112193e+06  3.253048363381987e+05  -7.041610888283089e+05  -5.570529515440791e-01  -2.631150802683149e-02  3.711246138786111e-02
  7.750000000000006e-01  -4.175988992279875e+06  -1.631980791999110e+06  -5.088515467886330e+05  -5.923972081569183e+06  3.234353077067593e+05  -6.865855218845634e+05  -5.575940162509649e-01  -2.491141746515088e-02  3.466033595998375e-02
  7.800000000000006e-01  -4.167126171023901e+06  -1.630752244553539e+06  -5.255441895866864e+05  -5.959379974069909e+06  3.229662971014039e+05  -6.714201902500781e+05  -5.576089880447591e-01  -2.297230334908689e-02  3.219551471296826e-02
  7.850000000000006e-01  -4.159717906109147e+06  -1.631787497116595e+06  -5.367350626308629e+05  -5.993895084723048e+06  3.246345612054464e+05  -6.587335249234537e+05  -5.567996492270867e-01  -2.130557594385022e-02  2.978236122330196e-02
  7.900000000000006e-01  -4.155938583693356e+06  -1.633250310639132e+06  -5.444386326416049e+05  -6.029751305225144e+06  3.311959911164975e+05  -6.464282237632971e+05  -5.554104719152440e-01  -2.005301646507399e-02  2.770752344346019e-02
  7.950000000000006e-01  -4.150495305167230e+06  -1.635945538463807e+06  -5.459042393480900e+05  -6.061771435327590e+06  3.386484610269149e+05  -6.381544560968672e+05  -5.534684312891914e-01  -1.867571404618628e-02  2.582114796769653e-02
  8.000000000000006e-01  -4.148351477854100e+06  -1.638544098910122e+06  -5.464195850146717e+05  -6.094442272234214e+06  3.496779859366571e+05  -6.302716661751010e+05  -5.513604083215348e-01  -1.745656628732564e-02  2.437602742744937e-02
  8.050000000000006e-01  -4.140699017946479e+06  -1.636289561056820e+06  -5.382559322497239e+05  -6.121420521896683e+06  3.582317077201100e+05  -6.279911442004327e+05  -5.491142070367310e-01  -1.627446104478377e-02  2.300988515791321e-02
  8.100000000000006e-01  -4.131095422388313e+06  -1.630173180876725e+06  -5.263773268307002e+05  -6.146020005623431e+06  3.654128056654296e+05  -6.292137769659017e+05  -5.470085320153705e-01  -1.522052846885381e-02  2.187572617176029e-02
  8.150000000000006e-01  -4.122078722583161e+06  -1.622558241395584e+06  -5.167743715302961e+05  -6.170733792829957e+06  3.709101437037860e+05  -6.320410487687369e+05  -5.453035485491666e-01  -1.386428591096848e-02  2.106824299576826e-02
  8.200000000000006e-01  -4.108311590421317e+06  -1.608316762159009e+06  -5.024205239927582e+05  -6.192082247695836e+06  3.728182694304367e+05  -6.403120862314797e+05  -5.439072335037507e-01  -1.292441724205926e-02  2.042223937130218e-02
  8.250000000000006e-01  -4.094477936809462e+06  -1.593785004959468e+06  -4.927088813281528e+05  -6.214079127754380e+06  3.719447934390997e+05  -6.503477266703175e+05  -5.430532974352045e-01  -1.156217258532448e-02  2.010344228788564e-02
  8.300000000000006e-01  -4.079021663838088e+06  -1.573693364682945e+06  -4.835976191665917e+05  -6.235448149817014e+06  3.701987166139890e+05  -6.627198298395604e+05  -5.426538424504914e-01  -1.089399055359714e-02  2.012131148658045e-02
  8.350000000000006e-01  -4.063952102830663e+06  -1.551598430059616e+06  -4.798299095747542e+05  -6.258031853313159e+06  3.680891949837704e+05  -6.745968082883301e+05  -5.428368136925622e-01  -1.035108648738386e-02  2.053747821704628e-02
  8.400000000000006e-01  -4.048126225275085e+06  -1.530863720526718e+06  -4.811505864899310e+05  -6.280359929363934e+06  3.649160502722724e+05  -6.856302614048644e+05  -5.434975226129196e-01  -9.446999905391218e-03  2.131853686671315e-02
  8.450000000000006e-01  -4.033775286012452e+06  -1.504698550440528e+06  -4.877414550037179e+05  -6.304463153788535e+06  3.634083298666262e+05  -6.926830017545135e+05  -5.447733244956380e-01  -9.139122709042097e-03  2.244051178583862e-02
  8.500000000000006e-01  -4.018429906254994e+06  -1.479668413820821e+06  -4.977138547647488e+05  -6.327132520397534e+06  3.612342921440893e+05  -6.972849658196685e+05  -5.463530315637166e-01  -8.461034055007739e-03  2.371979842266398e-02
  8.550000000000006e-01  -4.004578498341280e+06  -1.447931031990449e+06  -5.123008185893133e+05  -6.351830310783097e+06  3.595733441847775e+05  -6.961668513749359e+05  -5.484498082109982e-01  -8.103649957357453e-03  2.508004142028838e-02
  8.600000000000007e-01  -3.989936306112522e+06  -1.413479492979877e+06  -5.287368714567517e+05  -6.376316534157864e+06  3.568229933955853e+05  -6.911613846417131e+05  -5.507177314245622e-01  -7.542471864590753e-03  2.629481734460981e-02
  8.650000000000007e-01  -3.973716063836747e+06  -1.377660519137222e+06  -5.439811693608552e+05  -6.398254749461411e+06  3.520355054144685e+05  -6.845569775465034e+05  -5.526944229247344e-01  -6.640992377987410e-03  2.696593789867982e-02
  8.700000000000007e-01  -3.956740422472550e+06  -1.338051966763638e+06  -5.600335374646802e+05  -6.421060090084232e+06  3.460232182381192e+05  -6.746793444229884e+05  -5.545257142970169e-01  -5.699252163078647e-03  2.725691485640937e-02
  8.750000000000007e-01  -3.938583869469111e+06  -1.298848533784057e+06  -5.747331262089118e+05  -6.441328722666889e+06  3.377572570798918e+05  -6.656738492036089e+05  -5.556788687239892e-01  -4.567830323609861e-03  2.671733633830789e-02
  8.800000000000007e-01  -3.919304459493429e+06  -1.259989915731510e+06  -5.898663930371628e+05  -6.461364625002233e+06  3.290448545471515e+05  -6.561495290033689e+05  -5.561583497244169e-01  -3.380859554572422e-03  2.573119062148825e-02
  8.850000000000007e-01  -3.899568380959394e+06  -1.224346764515033e+06  -6.054977478521394e+05  -6.479882633991175e+06  3.200713668142393e+05  -6.481356903537323e+05  -5.557327345027531e-01  -2.156455380467636e-03  2.419792575750073e-02
  8.900000000000007e-01  -3.880116661601760e+06  -1.192607339168585e+06  -6.209111887120677e+05  -6.496967397714739e+06  3.115735041375419e+05  -6.422201812373335e+05  -5.545000515247158e-01  -1.003936924996267e-03  2.222086617082969e-02
  8.950000000000007e-01  -3.861509657650844e+06  -1.166239028634836e+06  -6.376764575573547e+05  -6.513756677022640e+06  3.051289979586464e+05  -6.370696188262587e+05  -5.523783140944351e-01  1.390154666737820e-04  2.026926297971913e-02
  9.000000000000007e-01  -3.844494340701277e+06  -1.144799637597810e+06  -6.527548104882429e+05  -6.530373170069603e+06  3.017409095840416e+05  -6.329677056931005e+05  -5.497507315158627e-01  1.100297621493867e-03  1.841015001726732e-02
  9.050000000000007e-01  -3.829944085145934e+06  -1.129784684749139e+06  -6.671410275106227e+05  -6.547711978515722e+06  3.004703329837610e+05  -6.298145010757379e+05  -5.465244964592398e-01  2.083125583583568e-03  1.684468501344923e-02
  9.100000000000007e-01  -3.818184420654770e+06  -1.120036605032031e+06  -6.776134886032233e+05  -6.566172040497738e+06  3.013751682329525e+05  -6.276599279095500e+05  -5.430608702794949e-01  3.006559543310350e-03  1.551407685294314e-02
  9.150000000000007e-01  -3.810378270976651e+06  -1.114845175878294e+06  -6.838741579957091e+05  -6.586339591250747e+06  3.052431084041140e+05  -6.257705812327898e+05  -5.397269884664740e-01  3.640399339241064e-03  1.453792546363298e-02
  9.200000000000007e-01  -3.805050598819607e+06  -1.113757678296225e+06  -6.836670542441923e+05  -6.607865968818201e+06  3.079731711863616e+05  -6.259052760552710e+05  -5.363644795656602e-01  4.448014125480501e-03  1.351851442686425e-02
  9.250000000000007e-01  -3.804007232276428e+06  -1.115082938528890e+06  -6.799708893141933e+05  -6.631011372452331e+06  3.114393437355160e+05  -6.267172573184710e+05  -5.333549561351049e-01  4.976356102629839e-03  1.270688582522753e-02
  9.300000000000007e-01  -3.804712635558192e+06  -1.118059676860044e+06  -6.695751243339087e+05  -6.654295778434810e+06  3.117257469175938e+05  -6.302168680150623e+05  -5.305194903536186e-01  5.753963332530896e-03  1.160426645645896e-02
  9.350000000000007e-01  -3.808604686438069e+06  -1.121156017249655e+06  -6.566512604243478e+05  -6.677223235135693e+06  3.100845918878497e+05  -6.353824978871549e+05  -5.279799400448137e-01  6.509528428057387e-03  1.041842846268125e-02
  9.400000000000007e-01  -3.814799763047924e+06  -1.123726052030509e+06  -6.452958555793986e+05  -6.700096237604535e+06  3.066098593414837e+05  -6.413328284172764e+05  -5.257849733704166e-01  7.042360109370011e-03  9.279608708670230e-03
  9.450000000000007e-01  -3.823015788342729e+06  -1.124876460726576e+06  -6.334435006379362e+05  -6.720523919485647e+06  3.007911988705003e+05  -6.487841324773331e+05  -5.237982370850641e-01  7.722571390182985e-03  7.972600738181224e-03
  9.500000000000007e-01  -3.830608010131734e+06  -1.123580123251594e+06  -6.245282548641068e+05  -6.739794352050017e+06  2.926922151702680e+05  -6.561578524324049e+05  -5.220899429321337e-01  8.256748378832375e-03  6.754874017109233e-03
  9.550000000000007e-01  -3.838592629265245e+06  -1.120052060577538e+06  -6.177311416473291e+05  -6.756173719676513e+06  2.842773366222456e+05  -6.633817225337713e+05  -5.206301098884866e-01  8.808980721505433e-03  5.601809302601321e-03
  9.600000000000007e-01  -3.844366785714632e+06  -1.114005901646071e+06  -6.135681567206661e+05  -6.770679211105831e+06  2.753919088779406e+05  -6.695474500331646e+05  -5.194403386909692e-01  9.243405417060851e-03  4.647570901234780e-03
  9.650000000000007e-01  -3.845760263421601e+06  -1.104181104909543e+06  -6.104825065530654e+05  -6.783854504941106e+06  2.653477031509402e+05  -6.746015047868134e+05  -5.183828138056904e-01  9.686558077651557e-03  3.933840836439305e-03
  9.700000000000008e-01  -3.844735574750751e+06  -1.093533722528233e+06  -6.100831118222740e+05  -6.795453276197257e+06  2.569757250397423e+05  -6.779943380825274e+05  -5.175586133241676e-01  9.912214793749598e-03  3.486058620894792e-03
  9.750000000000008e-01  -3.839532674727854e+06  -1.080255991950433e+06  -6.102145854415064e+05  -6.806142609741882e+06  2.484396036433202e+05  -6.803728953439858e+05  -5.167126664835264e-01  1.016770667679334e-02  3.281366616572409e-03
  9.800000000000008e-01  -3.832074071604465e+06  -1.068676796472475e+06  -6.139232113025046e+05  -6.816526526234493e+06  2.419856875505060e+05  -6.810349719558288e+05  -5.159679486536897e-01  1.004394207215460e-02  3.323145599717396e-03
  9.850000000000008e-01  -3.822055546743053e+06  -1.058346850080136e+06  -6.201446066747252e+05  -6.826966094184117e+06  2.365015653936917e+05  -6.805353820269706e+05  -5.151632833025065e-01  9.692681366077037e-03  3.535091849755160e-03
  9.900000000000008e-01  -3.810067353047455e+06  -1.048470050020684e+06  -6.271655192076947e+05  -6.837298283990345e+06  2.313377867013729e+05  -6.790424148127332e+05  -5.141762636276130e-01  9.356569716522012e-03  3.737651405901641e-03
  9.950000000000008e-01  -3.796966301749635e+06  -1.041788795822291e+06  -6.382253411654666e+05  -6.848316775557403e+06  2.273179527160435e+05  -6.762534599189961e+05  -5.131549583046626e-01  8.653895687565165e-03  4.012879652990574e-03
