TITLE = "Temporal Signal for receiver number 00004"
VARIABLES = "Time","s_xx","s_yy","s_zz","s_xy","s_yz","s_xz","v1","v2","v3"
# x1       3.000000000000e+03
# x2       -1.000000000000e+03
# x3       -7.500000000000e+03
# cell-global-id 8700
  0.000000000000000e+00  0.000000000000000e+00  0.000000000000000e+00  0.000000000000000e+00  0.000000000000000e+00  0.000000000000000e+00  0.000000000000000e+00  0.000000000000000e+00  0.000000000000000e+00  0.000000000000000e+00
  5.000000000000000e-03  0.000000000000000e+00  0.000000000000000e+00  0.000000000000000e+00  0.000000000000000e+00  0.000000000000000e+00  0.000000000000000e+00  0.000000000000000e+00  0.000000000000000e+00  0.000000000000000e+00
  1.000000000000000e-02  -1.472332070091079e-07  -1.220956855661117e-07  -9.930069439053975e-08  6.910797349053291e-08  -3.500049048383519e-08  4.581740293925619e-08  1.727514317326503e-14  -8.164329715482968e-15  -2.833687957432950e-15
  1.500000000000000e-02  -3.616118006104776e-07  -3.067375087772594e-07  -2.201575045816063e-07  2.281775283295640e-07  -1.001117038608730e-07  1.872584503864345e-07  4.528890990274573e-14  -2.170182938599886e-14  -1.039517382873172e-14
  2.000000000000000e-02  -3.440046268701703e-07  -2.467366912012705e-07  -1.318731258380375e-07  2.625810687005789e-07  -1.138831660660194e-07  2.749888986017611e-07  4.061037539202367e-14  -1.715158049395049e-14  -1.071374462484289e-14
  2.500000000000000e-02  -2.692892954814415e-07  -1.066058683764880e-07  -2.008811134106595e-08  1.912915629893756e-07  -9.899400999265992e-08  3.041705850264634e-07  2.680129827028111e-14  -8.368017877199809e-15  -8.365244882207117e-15
  3.000000000000000e-02  6.695796692469489e-08  2.422626579367480e-07  2.503855784574867e-07  -8.290412738247144e-08  1.618938575242939e-09  1.081147052716583e-07  -2.853444742316772e-14  1.856626447198306e-14  6.857851886845928e-15
  3.500000000000000e-02  3.638103478770542e-07  4.937090977790030e-07  4.017304731603106e-07  -4.058155522989916e-07  1.080516966674378e-07  -1.773626259061779e-07  -8.155942724950128e-14  3.847065919856726e-14  2.037293740662707e-14
  4.000000000000000e-02  5.287017667698445e-07  5.517937434925524e-07  3.835237178038076e-07  -6.405181959157833e-07  1.748022524851549e-07  -4.227348367790962e-07  -1.094166721149389e-13  4.254342716819408e-14  2.551760220625765e-14
  4.500000000000000e-02  6.899954854157323e-07  5.463048695286814e-07  3.717294850877181e-07  -7.312761894026339e-07  2.232829038294926e-07  -6.219604879385417e-07  -1.235495988448837e-13  4.349933465486248e-14  3.112530833566925e-14
  5.000000000000000e-02  6.015819276069764e-07  3.200454634460749e-07  1.401659422282609e-07  -6.597710627347450e-07  1.941949317008855e-07  -6.566453458208482e-07  -9.878569714528027e-14  2.454965012867987e-14  2.058502041594967e-14
  5.499999999999999e-02  4.335713141396519e-07  5.582189233856274e-08  -9.508143610516856e-08  -4.102613790890243e-07  1.292143545505237e-07  -5.310163340238218e-07  -4.905560616494766e-14  1.483714798260641e-15  5.797291649009127e-15
  5.999999999999999e-02  2.460062744945147e-07  -1.751732001171590e-07  -2.723325536355614e-07  -5.304539854864080e-08  5.411110501316875e-08  -3.060512975580909e-07  1.018820847518528e-14  -1.828456740573355e-14  -7.964835570095099e-15
  6.499999999999999e-02  5.019455165709200e-08  -3.854486343458789e-07  -4.271878011046613e-07  2.318050623049841e-07  -1.663890879415116e-08  -1.571506818552674e-07  4.709990096406245e-14  -3.232794320358189e-14  -1.999835903859682e-14
  6.999999999999999e-02  -1.373350178446643e-07  -5.011670634747285e-07  -4.706951643657268e-07  6.013821919617835e-07  -8.149392600093143e-08  1.378593905788354e-07  1.004942810392477e-13  -4.113684251290584e-14  -2.838247323236558e-14
  7.500000000000000e-02  -2.698563513954073e-07  -5.318768701847141e-07  -4.252047027048018e-07  8.696754902766082e-07  -1.192600985632766e-07  3.664758444822937e-07  1.340306044145473e-13  -4.121720783823001e-14  -3.014600760117989e-14
  8.000000000000000e-02  -3.544302619337381e-07  -4.952724832545843e-07  -3.218191126299231e-07  1.001679757103709e-06  -1.325983847716843e-07  5.044510579081376e-07  1.454784463059777e-13  -3.498717662184983e-14  -2.689878553127728e-14
  8.500000000000001e-02  -4.680077288455028e-07  -4.459160493419323e-07  -2.556410838242511e-07  1.058134332901311e-06  -1.510881048024910e-07  6.592247049724564e-07  1.568931797385981e-13  -3.169282272416454e-14  -2.847905114237761e-14
  9.000000000000001e-02  -4.520663065372673e-07  -2.926811013724014e-07  -8.299913423098690e-08  9.412829109133362e-07  -1.235002610699869e-07  6.491024636057492e-07  1.351170354842220e-13  -1.824795136174596e-14  -1.844731211893633e-14
  9.500000000000001e-02  -4.099358857532869e-07  -1.231553792013477e-07  7.180983002123371e-08  7.147064696714029e-07  -8.885635851878441e-08  5.640508999901159e-07  9.922976868093365e-14  -5.197099531755533e-15  -8.204468500502696e-15
  1.000000000000000e-01  -3.529700404109243e-07  4.516501125971083e-08  1.949230223818539e-07  4.191804875833134e-07  -5.424871809740379e-08  4.335718880572212e-07  5.574246796728118e-14  5.749250448191948e-15  8.706782194735787e-16
  1.050000000000000e-01  -2.889296674992935e-07  1.968808934121415e-07  2.812589149018717e-07  9.610852862522252e-08  -2.444619563314257e-08  2.846574944019934e-07  1.052352588673101e-14  1.374062452284871e-14  8.058284648321833e-15
  1.100000000000000e-01  -1.885339999388276e-07  3.639162045737994e-07  3.836048157039687e-07  -1.743501271664787e-07  1.389386709835317e-08  1.979811487695414e-07  -2.216489007153986e-14  2.245096092236067e-14  1.719390016600025e-14
  1.150000000000000e-01  -1.212200950388427e-07  4.433886809201498e-07  3.968026601658614e-07  -4.783753663155503e-07  2.965824780851308e-08  3.226957188620363e-08  -6.471772975969272e-14  2.495298791435872e-14  2.117182422190357e-14
  1.200000000000000e-01  -6.663811939004881e-08  4.730856448269252e-07  3.732002123325762e-07  -7.221884244472313e-07  3.462875806436310e-08  -1.020089901093306e-07  -9.796921395927867e-14  2.449967240036338e-14  2.240571437875974e-14
  1.250000000000000e-01  -2.247094758367306e-08  4.558494850663163e-07  3.213568161825896e-07  -8.930804111106206e-07  3.158806945721537e-08  -1.987720029366915e-07  -1.205931636819488e-13  2.210467362657310e-14  2.137594876971880e-14
  1.300000000000000e-01  3.925090383177046e-08  4.254476437640194e-07  2.805774090926862e-07  -1.032315385086471e-06  3.670737233758699e-08  -3.133423511709119e-07  -1.415933221038974e-13  2.064707655712635e-14  2.356932081317813e-14
  1.350000000000000e-01  5.345529857664377e-08  3.198090519927910e-07  1.772337823386885e-07  -1.060152802272676e-06  2.042081260014197e-08  -3.532465765215126e-07  -1.451812307113931e-13  1.524805771784777e-14  1.838071348790347e-14
  1.400000000000000e-01  6.673973496337535e-08  1.975024362168628e-07  7.168446131236792e-08  -1.015172339703808e-06  5.989393283796854e-09  -3.572702257982905e-07  -1.384851970106741e-13  1.027212243583324e-14  1.248445482838908e-14
  1.450000000000000e-01  8.262869480111882e-08  7.129264246348992e-08  -2.801536698241366e-08  -9.095331405427201e-07  -3.768801146688401e-09  -3.351470345699185e-07  -1.234698463995933e-13  6.123809498973406e-15  6.602918130001329e-15
  1.500000000000000e-01  7.440984386272868e-08  -7.576735230655880e-08  -1.416794617647662e-07  -8.096739219442332e-07  -1.954048362686037e-08  -3.696086059645149e-07  -1.128702083437572e-13  -3.221813111627949e-16  7.602012679336653e-16
  1.550000000000001e-01  9.044622670707251e-08  -1.864256181224710e-07  -2.193359121396436e-07  -6.114598328419065e-07  -2.089569250719645e-08  -3.092640331060393e-07  -8.506277282020414e-14  -3.130205684147461e-15  -4.933293201893469e-15
  1.600000000000001e-01  1.139536024109867e-07  -2.702339591082849e-07  -2.713628188854546e-07  -3.913544248481513e-07  -1.461928347700820e-08  -2.448014032373090e-07  -5.457338262244473e-14  -4.857530626633025e-15  -9.018777629902965e-15
  1.650000000000001e-01  1.402458944268597e-07  -3.256695848397817e-07  -2.981670650387067e-07  -1.618499262509808e-07  -2.898966151102530e-09  -1.824936463217928e-07  -2.320521215500552e-14  -5.926892998139834e-15  -1.143437652381645e-14
  1.700000000000001e-01  1.311308345005243e-07  -3.946795132507058e-07  -3.416356434022788e-07  5.732379571434166e-08  -7.318397769916414e-09  -1.450842034881317e-07  4.494201636789953e-15  -9.019814323363335e-15  -1.631165927807880e-14
  1.750000000000001e-01  1.593999098130403e-07  -3.873982669107040e-07  -3.147695103866248e-07  2.866067754053980e-07  1.121551623266321e-08  -7.934615331877570e-08  3.540391566652123e-14  -8.581791692878551e-15  -1.576055100597871e-14
  1.800000000000001e-01  1.760103915696240e-07  -3.584596351693785e-07  -2.713021709782786e-07  4.957991968031690e-07  2.790232797390059e-08  -2.393014162158717e-08  6.312616575471716e-14  -8.321972124215641e-15  -1.398437245585354e-14
  1.850000000000001e-01  1.754550177119528e-07  -3.141590663495914e-07  -2.174408492148951e-07  6.786823988272419e-07  3.997319639266800e-08  2.152029047637876e-08  8.692162691170160e-14  -8.417111581771494e-15  -1.148497305092185e-14
  1.900000000000001e-01  1.546557369449085e-07  -2.602251072628896e-07  -1.583700563212993e-07  8.301823051223300e-07  4.562838884296229e-08  5.800137639802746e-08  1.062086599685055e-13  -8.872124358586896e-15  -8.730861291844047e-15
  1.950000000000001e-01  1.428467070801269e-07  -1.929965626568852e-07  -8.721363415322212e-08  9.742136014188019e-07  5.084572313662712e-08  1.230975035246526e-07  1.238713603064028e-13  -6.973643826155902e-15  -7.241998490387204e-15
  2.000000000000001e-01  8.991575305223419e-08  -1.257898209219103e-07  -2.155281898827538e-08  1.052565816301483e-06  4.739659939904355e-08  1.491255969712871e-07  1.335195086030012e-13  -7.389688746501006e-15  -4.084178695343270e-15
  2.050000000000001e-01  1.637921071458119e-08  -6.483852222998799e-08  3.613031615155432e-08  1.088357484158025e-06  3.658370509241541e-08  1.668291518092249e-07  1.376055212956434e-13  -7.985511364911970e-15  -1.646395729876503e-15
  2.100000000000001e-01  -7.289383544535534e-08  -1.215550578111859e-08  8.526190089865255e-08  1.080541626331579e-06  2.014883638062983e-08  1.774482437023315e-07  1.361443290436781e-13  -8.480294904076276e-15  -3.747155341676756e-17
  2.150000000000001e-01  -1.289860342143480e-07  5.928816671138686e-08  1.496740107400377e-07  1.059494097748041e-06  1.866042567015347e-08  2.262171728617694e-07  1.347348943794262e-13  -6.146768206196654e-15  2.584590189660010e-15
  2.200000000000001e-01  -2.406307151085773e-07  8.879886805971554e-08  1.753522563701668e-07  9.614340036880216e-07  -3.535519998072333e-09  2.218843902321524e-07  1.229073112011674e-13  -6.552449398495751e-15  3.008333532663907e-15
  2.250000000000001e-01  -3.552090093782846e-07  1.057554952203725e-07  1.914757451204521e-07  8.216865977841528e-07  -2.571370633661785e-08  2.123259456586472e-07  1.063480471299824e-13  -6.435727070881811e-15  2.656803102092781e-15
  2.300000000000001e-01  -4.690822471597929e-07  1.106567399364419e-07  1.997336530560964e-07  6.432092486260720e-07  -4.540076893760812e-08  1.991906658849947e-07  8.567536223612461e-14  -5.709525115772933e-15  1.735688046328980e-15
  2.350000000000001e-01  -5.630396623087980e-07  1.216466944126185e-07  2.018029712297321e-07  4.460221181887233e-07  -5.172600331386754e-08  2.113536952846102e-07  6.639955968882618e-14  -4.686964414629894e-15  2.859669048352723e-15
  2.400000000000001e-01  -6.809108649965921e-07  9.723228520009152e-08  1.881713261930552e-07  1.954220937944491e-07  -6.641413071394568e-08  1.876465573893216e-07  3.894169330319147e-14  -3.642222518474258e-15  1.188576874312363e-15
  2.450000000000001e-01  -7.978749582669110e-07  6.213567486606610e-08  1.716946243191192e-07  -8.094085684706198e-08  -7.472717343054111e-08  1.654909843255084e-07  9.606086571154298e-15  -2.108758249206233e-15  -5.521459815812249e-16
  2.500000000000001e-01  -9.185758164720313e-07  1.609260951732821e-08  1.536611233710398e-07  -3.776251825746838e-07  -7.660355467190105e-08  1.468685060077419e-07  -2.068145538780882e-14  -2.989639402019987e-16  -2.228760348527948e-15
  2.550000000000001e-01  -1.047430412791280e-06  -3.546788584457394e-08  1.080003104013835e-07  -6.972159587819154e-07  -7.950424419329303e-08  1.334782160093811e-07  -5.017923298167506e-14  -5.090855556713617e-16  -2.430336624013914e-15
  2.600000000000001e-01  -1.193464341519887e-06  -1.051524463766482e-07  8.525120268361694e-08  -1.024780620382824e-06  -7.393094260875915e-08  1.208122482743991e-07  -8.105088787886117e-14  1.197454091538577e-15  -4.089631728663657e-15
  2.650000000000001e-01  -1.363587344804000e-06  -1.858265831332447e-07  6.645397995347846e-08  -1.355881488355890e-06  -6.449783422181914e-08  1.180581662460036e-07  -1.102658440663045e-13  2.727467078767173e-15  -5.599408233963675e-15
  2.700000000000001e-01  -1.567966076051595e-06  -2.783288882138442e-07  5.310892279933766e-08  -1.685960309321875e-06  -5.327583111668709e-08  1.260428024435325e-07  -1.370712672930595e-13  3.916242607363581e-15  -7.058960657650532e-15
  2.750000000000001e-01  -1.791243081572569e-06  -3.725035528669285e-07  1.452727956795430e-09  -2.039691651903771e-06  -5.391592077156888e-08  1.307719170626700e-07  -1.642365071274526e-13  3.221182587562261e-15  -7.933100226706120e-15
  2.800000000000001e-01  -2.083249828842075e-06  -4.863701854561441e-07  3.782477133400526e-10  -2.358926624873338e-06  -4.404997985591158e-08  1.642917200660478e-07  -1.848968348289979e-13  4.071129545716954e-15  -9.630729745120031e-15
  2.850000000000001e-01  -2.441231185490592e-06  -6.132383578726134e-07  1.064134001649549e-08  -2.667262238659951e-06  -3.776366428789592e-08  2.115605544443691e-07  -2.011048827783474e-13  4.631412870910592e-15  -1.163462675812601e-14
  2.900000000000001e-01  -2.877748797616011e-06  -7.536988929372942e-07  3.489498138299556e-08  -2.964810418678676e-06  -3.691102296247228e-08  2.715691627112749e-07  -2.124682564860993e-13  5.082427625047961e-15  -1.410215799614280e-14
  2.950000000000002e-01  -3.405979382933080e-06  -9.083969475500564e-07  7.625442255564772e-08  -3.253451668926493e-06  -4.307494360347968e-08  3.431085817962771e-07  -2.186829856522250e-13  5.706704898248688e-15  -1.717901527963636e-14
  3.000000000000002e-01  -3.931995450863431e-06  -1.048129886456773e-06  5.476258336376121e-08  -3.552661774253847e-06  -5.594125140403859e-08  4.461223501990536e-07  -2.222516454519632e-13  6.771475009736922e-15  -1.958282199605857e-14
  3.050000000000002e-01  -4.663306320978365e-06  -1.230293595852743e-06  1.259289987653498e-07  -3.825617739369218e-06  -7.494689515691957e-08  5.552662715779430e-07  -2.160426786683860e-13  8.923442028888700e-15  -2.372478188775545e-14
  3.100000000000002e-01  -5.528949630057477e-06  -1.430659944207635e-06  2.223421912394640e-07  -4.105254360169621e-06  -1.039603473483539e-07  6.749585481555611e-07  -2.037833442778917e-13  1.240537533858232e-14  -2.868971114428400e-14
  3.150000000000002e-01  -6.545278225187492e-06  -1.651086006257327e-06  3.486925915270899e-07  -4.403005213734104e-06  -1.442612560739308e-07  8.043283155994467e-07  -1.854556029292430e-13  1.779319964543043e-14  -3.458177863436698e-14
  3.200000000000002e-01  -7.532877695395873e-06  -1.846496482416191e-06  3.582985987428730e-07  -4.689506365431658e-06  -1.715583873377233e-07  1.030518391861117e-06  -1.567166015621133e-13  2.481898647107048e-14  -3.819674349689947e-14
  3.250000000000002e-01  -8.875827287196654e-06  -2.110165195189403e-06  5.317138985393878e-07  -5.044825880962834e-06  -2.287256072751691e-07  1.202315454773623e-06  -1.234474916219511e-13  3.551059780550640e-14  -4.503085504511920e-14
  3.300000000000002e-01  -1.042087500421791e-05  -2.400613442444070e-06  7.490983320087047e-07  -5.469371630708950e-06  -3.008511938618662e-07  1.384263944728084e-06  -8.411233727622345e-14  5.018969737897667e-14  -5.286023861763429e-14
  3.350000000000002e-01  -1.218509955720352e-05  -2.718921540068348e-06  1.019319338700447e-06  -5.990337445731516e-06  -3.909489570588953e-07  1.577068464548088e-06  -3.900319329129927e-14  6.981363467698561e-14  -6.184158355242282e-14
  3.400000000000002e-01  -1.389872021829386e-05  -3.006385810785169e-06  1.075647907936630e-06  -6.463515536042543e-06  -4.233237914500708e-07  1.952361735259938e-06  2.899513192859730e-14  9.211888637382940e-14  -6.440999588609560e-14
  3.450000000000002e-01  -1.612599717047264e-05  -3.382446478205249e-06  1.432257074994734e-06  -7.229701141256899e-06  -5.370250023904361e-07  2.192057069910433e-06  8.873105364824797e-14  1.243457741844954e-13  -7.369418220100223e-14
  3.500000000000002e-01  -1.861616891988682e-05  -3.784074051767042e-06  1.871527916204818e-06  -8.203151324522736e-06  -6.782004420334318e-07  2.444071503680927e-06  1.528132423991849e-13  1.654221955210431e-13  -8.424099743975193e-14
  3.550000000000002e-01  -2.137668783476881e-05  -4.204084780717918e-06  2.410854779598500e-06  -9.440069345720905e-06  -8.541391185303096e-07  2.709193868011330e-06  2.201637387405650e-13  2.171616044660139e-13  -9.627567803022048e-14
  3.600000000000002e-01  -2.407679466728143e-05  -4.597323765313694e-06  2.583053694018750e-06  -1.055140388720239e-05  -8.698297246985157e-07  3.229703309360262e-06  3.273924239320652e-13  2.747427535956922e-13  -9.368027078055852e-14
  3.650000000000002e-01  -2.737677315104751e-05  -5.044020453452947e-06  3.299588343918354e-06  -1.241791770152208e-05  -1.087459854197473e-06  3.530897946109924e-06  4.031855316306390e-13  3.538225781328716e-13  -1.050164025806307e-13
  3.700000000000002e-01  -3.093631003539589e-05  -5.468952499252846e-06  4.175885886040672e-06  -1.476981432785191e-05  -1.361727946323635e-06  3.837994889218553e-06  4.770417406027393e-13  4.513205665472468e-13  -1.178718218085492e-13
  3.750000000000002e-01  -3.472834385579264e-05  -5.841153924170357e-06  5.243885989279736e-06  -1.771873298233843e-05  -1.708429654393507e-06  4.147838831918588e-06  5.458289466131882e-13  5.707952657456118e-13  -1.324451187793330e-13
  3.800000000000002e-01  -3.870945719362954e-05  -6.118336805216175e-06  6.541002081503622e-06  -2.139797801098812e-05  -2.147534409923937e-06  4.456147901251296e-06  6.055763014209893e-13  7.164369674422712e-13  -1.489291484376999e-13
  3.850000000000002e-01  -4.264900477466854e-05  -6.468029257486748e-06  7.155685966992543e-06  -2.468726112287156e-05  -2.090397007798435e-06  4.992205286118791e-06  7.318944510901823e-13  8.819431679011171e-13  -1.292043639982479e-13
  3.900000000000002e-01  -4.688590294105464e-05  -6.503799823447897e-06  8.894513729875382e-06  -3.004081821202277e-05  -2.637111387131052e-06  5.234326006259251e-06  7.688568346633259e-13  1.095134881085948e-12  -1.418190567527194e-13
  3.950000000000002e-01  -5.107330396025279e-05  -6.260980548367966e-06  1.099575181236592e-05  -3.663207535993624e-05  -3.334657253050187e-06  5.429415967828126e-06  7.793545169119845e-13  1.352082196974390e-12  -1.556076378766193e-13
  4.000000000000002e-01  -5.506142489865372e-05  -5.626704745838799e-06  1.352643574691647e-05  -4.471070911809097e-05  -4.223461677490563e-06  5.560942556192985e-06  7.544704094900977e-13  1.660655266716281e-12  -1.705708085567047e-13
  4.050000000000002e-01  -5.910495358822965e-05  -5.324632848269809e-06  1.505571463680272e-05  -5.185928606514287e-05  -3.994572412512406e-06  5.624167619654595e-06  8.166691878496194e-13  2.014817819768921e-12  -1.179900759876764e-13
  4.100000000000003e-01  -6.234471506670668e-05  -3.776545418402808e-06  1.846821072686852e-05  -6.326486933950712e-05  -5.098536030881693e-06  5.410029510830487e-06  7.027041669466106e-13  2.455319973655365e-12  -1.215618676020755e-13
  4.150000000000003e-01  -6.471699155368933e-05  -1.376079140316158e-06  2.255642472575426e-05  -7.708038642487426e-05  -6.509483899057379e-06  5.007458435476202e-06  5.161228271536581e-13  2.979471086958702e-12  -1.241053344451760e-13
  4.200000000000003e-01  -6.586063193452132e-05  2.140125372132223e-06  2.743979489500910e-05  -9.374858011262109e-05  -8.305987824475858e-06  4.371842122217537e-06  2.394783738087305e-13  3.601358984893323e-12  -1.253444691203469e-13
  4.250000000000003e-01  -6.734258903982044e-05  4.598853963649900e-06  3.097387127380992e-05  -1.083600959843100e-04  -7.698676553512572e-06  2.793972648726902e-06  5.591690686552615e-14  4.319716598998337e-12  -9.090402220566204e-16
  4.300000000000003e-01  -6.526124362212539e-05  1.062517877943423e-05  3.757242270560230e-05  -1.312818172245057e-04  -9.920207404641682e-06  1.140005165670987e-06  -4.466651597678427e-13  5.187644709693479e-12  2.510991595920274e-14
  4.350000000000003e-01  -6.048380193619986e-05  1.880055517329304e-05  4.541456669729071e-05  -1.586473515671962e-04  -1.274874336680440e-05  -1.039393469154854e-06  -1.109658920975671e-12  6.208942391878808e-12  5.682222662552398e-14
  4.400000000000003e-01  -5.228284492884089e-05  2.968821478458099e-05  5.471260898478708e-05  -1.911994429775367e-04  -1.633135749431107e-05  -3.850244665858530e-06  -1.963673424842005e-12  7.407841508245543e-12  9.470213658803148e-14
  4.450000000000003e-01  -4.504119700735617e-05  3.783631184526894e-05  6.238973503489442e-05  -2.194643034109354e-04  -1.498384097589110e-05  -9.702939954375908e-06  -2.774548996556743e-12  8.786637762959782e-12  3.702826189855404e-13
  4.500000000000003e-01  -2.854427708522148e-05  5.469228767370930e-05  7.494229966364110e-05  -2.631842589574302e-04  -1.939483002824808e-05  -1.498642557009219e-05  -4.107800349342926e-12  1.042379719805963e-11  4.650403664387772e-13
  4.550000000000003e-01  -5.845715982554979e-06  7.640432858808524e-05  8.975949857993583e-05  -3.146901044864125e-04  -2.496914290490333e-05  -2.152600662449898e-05  -5.752069618821276e-12  1.233152479960956e-11  5.732626968326270e-13
  4.600000000000003e-01  2.434303230077946e-05  1.040993776312870e-04  1.072189747336665e-04  -3.751602382774905e-04  -3.197136885332898e-05  -2.955441591164759e-05  -7.756044088118087e-12  1.455028629920449e-11  6.952344099118470e-13
  4.650000000000003e-01  6.348859291161717e-05  1.391247593746649e-04  1.277591944009337e-04  -4.459133084365350e-04  -4.071679981830173e-05  -3.934602474098566e-05  -1.017335034022254e-11  1.712632716824396e-11  8.306811706795110e-13
  4.700000000000003e-01  9.995432039071011e-05  1.658147409578410e-04  1.465187016098252e-04  -5.068252693519398e-04  -3.783123958930314e-05  -5.830085269297257e-05  -1.279757645597234e-11  2.005558918329854e-11  1.503741130198469e-12
  4.750000000000003e-01  1.597390961861849e-04  2.165912927501659e-04  1.741069436161124e-04  -5.992844733649643e-04  -4.856107255987580e-05  -7.441945553313231e-05  -1.624928261368496e-11  2.348708680240077e-11  1.760295683310623e-12
  4.800000000000003e-01  2.337409147659724e-04  2.796579821009071e-04  2.064492204429470e-04  -7.064918807311246e-04  -6.189925018046783e-05  -9.375225635572589e-05  -2.031693426002330e-11  2.744611927930949e-11  2.040845121735215e-12
  4.850000000000003e-01  3.242176625623306e-04  3.575238249591728e-04  2.443191396551195e-04  -8.303889366174016e-04  -7.838002634652955e-05  -1.168645393286042e-04  -2.507625508489305e-11  3.200784649014100e-11  2.342942813551208e-12
  4.900000000000003e-01  4.098467860201663e-04  4.174671028076729e-04  2.809236587058301e-04  -9.365527042599585e-04  -7.310832102153981e-05  -1.585910254901205e-04  -3.058930394391078e-11  3.709617870377850e-11  3.687958168556138e-12
  4.950000000000003e-01  5.373252780052351e-04  5.266618953841008e-04  3.315308310521327e-04  -1.095202091089532e-03  -9.317327317558974e-05  -1.942319859932751e-04  -3.708369355079954e-11  4.306045701743696e-11  4.210781999837169e-12
  5.000000000000003e-01  6.890071162879848e-04  6.596715616825080e-04  3.905837114647148e-04  -1.276948855848733e-03  -1.178126451123506e-04  -2.363757623355888e-04  -4.454781677159625e-11  4.989436237221249e-11  4.768870679116495e-12
  5.050000000000003e-01  8.679871904958028e-04  8.209364664805550e-04  4.594216371918401e-04  -1.484470550434085e-03  -1.478844386663445e-04  -2.861230038654364e-04  -5.307823719479032e-11  5.771725275427247e-11  5.354029843885139e-12
  5.100000000000003e-01  1.039351465158171e-03  9.451725672263559e-04  5.280781921254598e-04  -1.662153110089052e-03  -1.387087340916036e-04  -3.700726517484252e-04  -6.344338181295679e-11  6.625402942392753e-11  7.968597813428882e-12
  5.150000000000003e-01  1.278412484124983e-03  1.165392322256320e-03  6.193758299283908e-04  -1.922722752940739e-03  -1.749438679120535e-04  -4.431998215503217e-04  -7.465441677352535e-11  7.630626534163095e-11  8.946824269699495e-12
  5.200000000000004e-01  1.554836470056856e-03  1.429465167190256e-03  7.254098182271590e-04  -2.217667314985458e-03  -2.188356798751908e-04  -5.287980882832875e-04  -8.727411240900560e-11  8.775470820275520e-11  9.967786542472108e-12
  5.250000000000004e-01  1.872288540890902e-03  1.744883815653287e-03  8.484366960236435e-04  -2.550397361186627e-03  -2.716772452097976e-04  -6.289004713164630e-04  -1.014116595168729e-10  1.007842321748604e-10  1.101055857602606e-11
  5.300000000000004e-01  2.180842924361484e-03  1.988278639974491e-03  9.730533952535059e-04  -2.835522961646415e-03  -2.564157351203145e-04  -7.872497029055863e-04  -1.194173122637449e-10  1.145598267295690e-10  1.598632222342669e-11
  5.350000000000004e-01  2.587136551222455e-03  2.409419555008210e-03  1.134625646770831e-03  -3.245240359869236e-03  -3.192449234417750e-04  -9.288678147007085e-04  -1.373911747401212e-10  1.310266592292927e-10  1.771393258456793e-11
  5.400000000000004e-01  3.045594182498560e-03  2.907664080897778e-03  1.321314748430330e-03  -3.703361142852875e-03  -3.942193532518155e-04  -1.093293605245019e-03  -1.572520740765038e-10  1.496790309467162e-10  1.947663654671523e-11
  5.450000000000004e-01  3.559630406682721e-03  3.495097780443958e-03  1.536795614792798e-03  -4.213776999754695e-03  -4.831431607120475e-04  -1.284093756391515e-03  -1.791055999392903e-10  1.707956539013722e-10  2.122824223540007e-11
  5.500000000000004e-01  4.068470055385209e-03  3.947460914954670e-03  1.755208797913725e-03  -4.653704621778353e-03  -4.580276290973220e-04  -1.566413198811017e-03  -2.081622511314006e-10  1.923630232367073e-10  3.048035721646902e-11
  5.550000000000004e-01  4.701416675893331e-03  4.716273020385573e-03  2.034855912826877e-03  -5.269828842612764e-03  -5.619706539961758e-04  -1.827624344785562e-03  -2.350851372043804e-10  2.186293628234860e-10  3.340118031092880e-11
  5.600000000000004e-01  5.399099189952659e-03  5.615010268994198e-03  2.356125218300393e-03  -5.949856960478690e-03  -6.840148177840943e-04  -2.128729974533810e-03  -2.643311032806079e-10  2.482304849523171e-10  3.631226853729663e-11
  5.650000000000004e-01  6.163069007446111e-03  6.662363065414260e-03  2.724774243928831e-03  -6.697464165437390e-03  -8.264429482158397e-04  -2.475672593524641e-03  -2.959821651710411e-10  2.815746893284457e-10  3.912104831462949e-11
  5.700000000000004e-01  6.993911768527376e-03  7.879206369457697e-03  3.147282210869321e-03  -7.515989503661277e-03  -9.916825717237868e-04  -2.875270785986291e-03  -3.301169170503913e-10  3.191195488405973e-10  4.170624131081664e-11
  5.750000000000004e-01  7.846928055565035e-03  8.814973550726439e-03  3.568565644024111e-03  -8.231421404903445e-03  -9.481704690980748e-04  -3.416891741596642e-03  -3.780172875348808e-10  3.550494141902192e-10  6.065544746661233e-11
  5.800000000000004e-01  8.820311250665003e-03  1.037172105879619e-02  4.107460163357213e-03  -9.192618979125072e-03  -1.136202868817058e-03  -3.944930718190401e-03  -4.184843784848811e-10  4.008530201682085e-10  6.526851704657929e-11
  5.850000000000004e-01  9.859013373810510e-03  1.216680622747160e-02  4.721821486426751e-03  -1.023359576652865e-02  -1.351817669361903e-03  -4.549155311778526e-03  -4.616269418554009e-10  4.521996763400036e-10  6.957452509334696e-11
  5.900000000000004e-01  1.095841737738988e-02  1.423100795151329e-02  5.421299163484600e-03  -1.135550553610462e-02  -1.597582423664730e-03  -5.240215159281752e-03  -5.075000661547794e-10  5.097389514260021e-10  7.335358678906860e-11
  5.950000000000004e-01  1.214517281618570e-02  1.581740004588649e-02  6.109304546741529e-03  -1.235594715524802e-02  -1.522796820595520e-03  -6.110911689009542e-03  -5.750493830916966e-10  5.621497885619625e-10  1.066074201130307e-10
  6.000000000000004e-01  1.337828288480864e-02  1.841654205348726e-02  6.988325693234249e-03  -1.364090441430550e-02  -1.794771837578518e-03  -6.999803499281330e-03  -6.279673045182910e-10  6.313123942990825e-10  1.136071665697750e-10
  6.050000000000004e-01  1.465369672089965e-02  2.138501215027890e-02  7.983458994822945e-03  -1.500776603629592e-02  -2.100698591270634e-03  -8.009750421097226e-03  -6.837224142298224e-10  7.084925853099965e-10  1.198871790542206e-10
  6.100000000000004e-01  1.595850883418122e-02  2.476686778310343e-02  9.108497346348669e-03  -1.645283211164231e-02  -2.442700804778276e-03  -9.156451730824905e-03  -7.424132201183236e-10  7.945986960172620e-10  1.250682674225530e-10
  6.150000000000004e-01  1.749800644462360e-02  2.737001964032256e-02  1.020084827806310e-02  -1.778148708592881e-02  -2.311988043119709e-03  -1.049738788772548e-02  -8.335681291597839e-10  8.687419366732791e-10  1.815527428866727e-10
  6.200000000000004e-01  1.888564613790519e-02  3.156829415245255e-02  1.159328698645425e-02  -1.938643768548809e-02  -2.677588451743063e-03  -1.193492268373332e-02  -8.999506847431068e-10  9.708315834160329e-10  1.916092748121911e-10
  6.250000000000004e-01  2.026092258616186e-02  3.632241257667483e-02  1.315827966754493e-02  -2.105445447150076e-02  -3.080221685547833e-03  -1.355599085920621e-02  -9.696064603282663e-10  1.084318725989718e-09  2.001642734037187e-10
  6.300000000000004e-01  2.160078196244065e-02  4.169431421402784e-02  1.491487325375902e-02  -2.277320465880539e-02  -3.520882870295351e-03  -1.538227792754257e-02  -1.042900981472949e-09  1.210484534355935e-09  2.065876908323991e-10
  6.350000000000005e-01  2.346195151392502e-02  4.584142720353193e-02  1.659610625795616e-02  -2.443488036684383e-02  -3.292077831445547e-03  -1.735971952278906e-02  -1.161663603470844e-09  1.312566486161327e-09  2.992839184916578e-10
  6.400000000000005e-01  2.478717807177921e-02  5.242962372266369e-02  1.873750126453850e-02  -2.626538670075633e-02  -3.743571754239980e-03  -1.959235850625237e-02  -1.244518022892570e-09  1.460425421551032e-09  3.126718092007982e-10
  6.450000000000005e-01  2.601374147292825e-02  5.983617498350386e-02  2.112737686677945e-02  -2.810456487652143e-02  -4.229849701388093e-03  -2.208929337384256e-02  -1.332553707911519e-09  1.624438559812400e-09  3.231266442149036e-10
  6.500000000000005e-01  2.711168486295211e-02  6.814814124701096e-02  2.379166050115778e-02  -2.992693970262003e-02  -4.750773111025796e-03  -2.487799888418011e-02  -1.426962064065196e-09  1.806507692371316e-09  3.296202834476170e-10
  6.550000000000005e-01  2.805068311592901e-02  7.746117034988916e-02  2.675913141629547e-02  -3.170240356127702e-02  -5.306290182971054e-03  -2.798769246271102e-02  -1.529338503061126e-09  2.008822910590662e-09  3.309206502501006e-10
  6.600000000000005e-01  3.023877977153842e-02  8.469943217898276e-02  2.951649226254667e-02  -3.366437313342071e-02  -4.870888932948641e-03  -3.098403490138706e-02  -1.693312954619986e-09  2.155517535141868e-09  4.916288191761510e-10
  6.650000000000005e-01  3.102910883580225e-02  9.598761333747212e-02  3.306968237322444e-02  -3.538214428483768e-02  -5.410141057787075e-03  -3.466319089729485e-02  -1.815830010102916e-09  2.390795401131985e-09  5.016993293258687e-10
  6.700000000000005e-01  3.161688074549367e-02  1.085929138971645e-01  3.700981334184208e-02  -3.696000375217341e-02  -5.981175006176636e-03  -3.872884982767071e-02  -1.953325142506364e-09  2.652630312048101e-09  5.045055595984656e-10
  6.750000000000005e-01  3.199548563500385e-02  1.226556963686142e-01  4.137885645963440e-02  -3.834993084091762e-02  -6.587878582468566e-03  -4.320975892838444e-02  -2.110232095756512e-09  2.944739043570711e-09  4.979861655220287e-10
  6.800000000000005e-01  3.466946037698437e-02  1.336738036654771e-01  4.537930898797399e-02  -4.031841494308846e-02  -5.907412261969817e-03  -4.714657128366262e-02  -2.344008550089822e-09  3.140114882878414e-09  7.396628126061305e-10
  6.850000000000005e-01  3.503783762226698e-02  1.506348401586746e-01  5.056119740300656e-02  -4.141197134141833e-02  -6.497396845272656e-03  -5.228077889309781e-02  -2.550665745792016e-09  3.481555006003206e-09  7.421205305320891e-10
  6.900000000000005e-01  3.535072401969606e-02  1.695354564907758e-01  5.630092492782299e-02  -4.218064874038862e-02  -7.147296841021230e-03  -5.786152794486468e-02  -2.797946313734383e-09  3.865192419026688e-09  7.308837370494795e-10
  6.950000000000005e-01  3.575659393870485e-02  1.906033538333155e-01  6.267410065745625e-02  -4.256149528557485e-02  -7.882966068651097e-03  -6.388917454703417e-02  -3.099734420154944e-09  4.298363301954106e-09  7.021358912677606e-10
  7.000000000000005e-01  4.023050671414762e-02  2.072977754832482e-01  6.841537330616042e-02  -4.416940555173077e-02  -6.991777098333768e-03  -6.865218214360556e-02  -3.501901652884396e-09  4.564558035101983e-09  1.047973967674980e-09
  7.050000000000005e-01  4.202828846583924e-02  2.327693179493537e-01  7.600189318103501e-02  -4.393933875693406e-02  -7.851324710738532e-03  -7.519317781217374e-02  -3.956917304408740e-09  5.082160873332283e-09  1.021882560892017e-09
  7.100000000000005e-01  4.528497754777275e-02  2.612827824507274e-01  8.452069891033641e-02  -4.317963565576338e-02  -8.938421170219091e-03  -8.200340496646148e-02  -4.553866079387500e-09  5.676299908680270e-09  9.674406491903299e-10
  7.150000000000005e-01  5.136164502659610e-02  2.933414058141491e-01  9.421359112163837e-02  -4.185140755275251e-02  -1.035446811273573e-02  -8.887887508195641e-02  -5.371814720573704e-09  6.364436078209208e-09  8.755824825572256e-10
  7.200000000000005e-01  6.496422477098163e-02  3.190880524871866e-01  1.027798427349819e-01  -4.274266981963866e-02  -9.729068873202190e-03  -9.361066927661779e-02  -6.369630542939464e-09  6.772027908147969e-09  1.335625875286194e-09
  7.250000000000005e-01  8.448646860530802e-02  3.590343562741263e-01  1.153577985343273e-01  -4.053606665665347e-02  -1.186541936691874e-02  -9.957985930055811e-02  -8.043280988484794e-09  7.645740033444799e-09  1.205027960926664e-09
  7.300000000000005e-01  1.259454639201769e-01  4.053530677287852e-01  1.317065722465487e-01  -3.671230025232026e-02  -1.434494227448210e-02  -1.037106223507878e-01  -1.114218229824747e-08  8.719763676788274e-09  9.429852024265337e-10
  7.350000000000005e-01  2.305718858394108e-01  4.608774221701259e-01  1.573618386123478e-01  -2.680956119902508e-02  -1.541550505034447e-02  -1.014347959747308e-01  -1.842311508508782e-08  1.010199097898660e-08  2.292379213174338e-10
  7.400000000000005e-01  5.293466284369817e-01  5.438329407889632e-01  2.093718568919354e-01  -5.889896683929841e-03  -1.060096854288445e-02  -6.443536307606355e-02  -3.702373542141612e-08  1.097538161925074e-08  -2.140574720467431e-09
  7.450000000000006e-01  1.011964966810045e+00  6.634941516822882e-01  2.883290788156725e-01  1.279407009207575e-02  -7.614434743348689e-03  -9.738981117836240e-03  -6.457005906166447e-08  9.418650241553508e-09  -4.808382191388727e-09
  7.500000000000006e-01  2.845674342096819e+00  1.093910581179335e+00  5.343268222761266e-01  4.357609278037086e-02  1.009025588869132e-02  2.701224640420361e-01  -1.654883013635186e-07  -4.269308557372272e-09  -1.170542113434535e-08
  7.550000000000006e-01  7.136709949872910e+00  2.042008358828488e+00  8.427149077441433e-01  7.476567572793708e-02  8.065578636662156e-02  6.888141401200368e-01  -4.004295354556704e-07  -4.949833923196226e-08  9.807537063681696e-09
  7.600000000000006e-01  1.549257690864661e+01  3.537529632685124e+00  1.085863173187466e+00  -1.309709081598051e-01  3.160200779212723e-01  1.030752080661617e+00  -8.704223276792620e-07  -1.163881416676853e-07  1.032220399711755e-07
  7.650000000000006e-01  2.671045486533582e+01  5.547885817237995e+00  2.661563450433864e+00  -9.039985442191645e-01  3.288103332011311e-01  7.221988244479529e-01  -1.529967001326848e-06  -8.189268779291178e-08  1.648763326634483e-07
  7.700000000000006e-01  6.942518998168029e+01  1.317396301577783e+01  9.243792711510620e+00  -7.641036232980278e+00  6.309183172466433e-01  3.958427915600082e+00  -4.050671115049785e-06  3.987210542391436e-07  2.114624765768004e-07
  7.750000000000006e-01  1.659044342514038e+02  3.075715132133254e+01  2.535110091360838e+01  -3.019309750332294e+01  -6.814512104589626e-01  1.352756793173227e+01  -9.529169728850134e-06  2.091571588977880e-06  2.629657319413888e-07
  7.800000000000006e-01  3.165188518687935e+02  5.649002562448563e+01  4.973583290551325e+01  -7.599920999567487e+01  -6.229291958871741e+00  2.528974041570876e+01  -1.771996242742703e-05  5.330850886944812e-06  7.972638428726363e-07
  7.850000000000006e-01  4.455405405766385e+02  7.337335192065294e+01  6.969550366359013e+01  -1.133333869225075e+02  -8.769173787504329e+00  1.438787414262733e+01  -2.492742047359135e-05  8.361346772047846e-06  1.771171060977023e-06
  7.900000000000006e-01  5.306075214522109e+02  4.855827895529565e+01  6.301741458444623e+01  -1.429125814710700e+02  -1.770081191827042e+01  -1.107901003805717e+01  -2.877793332042396e-05  1.002986049170045e-05  3.584120831401965e-06
  7.950000000000006e-01  2.211443676597842e+02  -1.273729818228452e+02  -4.326326895235511e+01  -4.161487164567646e+01  -2.918212434792198e+01  -7.532058830602838e+01  -7.988164341864353e-06  2.925998886966636e-06  2.039801963153055e-06
  8.000000000000006e-01  -1.000476482383779e+03  -5.629056609582996e+02  -3.079336057052332e+02  2.866223694071225e+02  -6.464714616305685e+01  -1.546093375121834e+02  7.302922864179225e-05  -1.681039187767603e-05  -9.763155221256524e-06
  8.050000000000006e-01  -2.714722968602390e+03  -1.066976560125019e+03  -6.752535713400406e+02  6.167052447345760e+02  -1.407480661901534e+02  -6.975996192027857e+01  1.829430103487692e-04  -4.034709645696034e-05  -2.573034508282649e-05
  8.100000000000006e-01  -7.496124190468980e+03  -1.922344358623260e+03  -1.130132684283309e+03  1.344316979443596e+03  -3.558370306231325e+02  1.730104726343019e+02  4.884298891329027e-04  -8.406095628229233e-05  -7.758138994021639e-05
  8.150000000000006e-01  -1.096654880533421e+04  -1.480613767165828e+03  -6.213061857136487e+02  1.865216734529605e+03  -5.811082827929089e+02  1.036741634576379e+03  6.811899520880578e-04  -9.452508017239350e-05  -1.466238032778911e-04
  8.200000000000006e-01  -5.212393589242327e+03  1.853182189334033e+03  1.359320313238118e+03  1.385309359892419e+03  -3.440994710934164e+02  2.530276113370024e+03  2.396321540990600e-04  3.253039364019366e-06  -1.257734186511540e-04
  8.250000000000006e-01  4.132014483725101e+03  5.308767561422386e+03  3.260885951642766e+03  4.985450453256040e+02  2.171246378443191e+02  2.969208172970087e+03  -3.726247818287404e-04  1.124370432306113e-04  -2.600081072605710e-05
  8.300000000000006e-01  2.978700339078991e+04  1.094243244348608e+04  5.885712273904681e+03  -2.490441696669966e+03  1.631605232499877e+03  1.793449653168430e+03  -2.020760491036770e-03  3.744821371236137e-04  3.317411895232783e-04
  8.350000000000006e-01  4.831444384666916e+04  1.055880956470295e+04  4.521377365037698e+03  -5.522900815419212e+03  2.560633240780742e+03  -2.151142444836278e+03  -3.067783609403546e-03  4.677986143616170e-04  6.870206869389564e-04
  8.400000000000006e-01  4.033117647251827e+04  1.364912355625859e+03  -1.100001109645479e+03  -6.387475484076400e+03  1.740731110465271e+03  -7.560281790918234e+03  -2.266914547871640e-03  1.934627773433664e-04  6.589457158578660e-04
  8.450000000000006e-01  2.218770437074717e+03  -1.244500223793369e+04  -7.419463902341414e+03  -3.762466341205514e+03  -9.277500713474675e+02  -1.119623776847366e+04  4.671997641534437e-04  -3.849821556486745e-04  6.412745627717096e-05
  8.500000000000006e-01  -3.201660163303430e+04  -2.304647195379638e+04  -1.407647181414067e+04  -7.256009053935252e+02  -3.362838968324107e+03  -9.112774619244379e+03  2.601061921176988e-03  -7.720737558950437e-04  -4.609457228293886e-04
  8.550000000000006e-01  -8.460574832782010e+04  -2.898058900588334e+04  -1.620364425566953e+04  5.688988735200888e+03  -5.904984106745811e+03  -2.062688217551249e+03  5.836037837361242e-03  -1.197898850471304e-03  -1.314099304123772e-03
  8.600000000000007e-01  -1.015040031829020e+05  -1.927491160916463e+04  -9.597984911107515e+03  9.782481423340450e+03  -5.559659808489359e+03  8.308961389001490e+03  6.434385521116001e-03  -9.704817515334287e-04  -1.522150131500581e-03
  8.650000000000007e-01  -6.931794096554800e+04  1.972174662014972e+03  1.991970555958565e+03  8.676621173848551e+03  -2.225229485688698e+03  1.745256214884615e+04  3.675573080063726e-03  -9.730607250374780e-05  -8.316810768566321e-04
  8.700000000000007e-01  -3.603796267463094e+04  1.779277264468136e+04  1.109120256846955e+04  5.799394248499393e+03  1.473650476939177e+03  1.980821723763585e+04  1.422850319260951e-03  5.215887292677444e-04  -1.456626840447409e-04
  8.750000000000007e-01  5.514650583295039e+04  4.072644746351049e+04  2.473998563274148e+04  -4.014865853908776e+03  6.492446119689459e+03  1.382533627902864e+04  -4.734953097444548e-03  1.681161356017511e-03  1.264098185140045e-03
  8.800000000000007e-01  1.280290128842676e+05  4.556847107091034e+04  2.661054796176449e+04  -1.362866573620094e+04  8.683295512565755e+03  6.054426702003857e+02  -9.173457161281035e-03  2.175541446021975e-03  2.107909648682886e-03
  8.850000000000007e-01  1.471437960071455e+05  2.986918173086720e+04  1.703000733476096e+04  -1.754456415133304e+04  7.163970249381002e+03  -1.556202923656230e+04  -9.537304433771389e-03  1.691510645847502e-03  1.895351136870692e-03
  8.900000000000007e-01  1.494489941331152e+05  1.991644937806620e+04  1.517564399234566e+04  -1.766536398380610e+04  4.439615157636448e+03  -2.842472275154933e+04  -9.289951764429498e-03  1.183526706169545e-03  1.432897626146969e-03
  8.950000000000007e-01  5.013673266816325e+04  -1.992281039566917e+04  -9.996733943431302e+03  -5.519676180480913e+03  -2.395232763347036e+03  -3.124589915355135e+04  -1.869299153727828e-03  -6.430019794820856e-04  -2.705696410208808e-04
  9.000000000000007e-01  -9.633665101098466e+04  -5.182422337000508e+04  -2.817637597979502e+04  1.346643050979962e+04  -8.592954309693803e+03  -2.290620611394473e+04  8.160433659499491e-03  -2.521097785420386e-03  -1.963586703487478e-03
  9.050000000000007e-01  -2.485570512351155e+05  -6.195013754149202e+04  -3.165476499849611e+04  3.175057420617382e+04  -1.226721266867772e+04  -5.418524527105003e+03  1.748842142679443e-02  -3.784627717611928e-03  -2.936352320468933e-03
  9.100000000000007e-01  -3.699043969537505e+05  -7.586824092925392e+04  -5.020244230335691e+04  4.400614842042362e+04  -1.475165416214565e+04  2.285598822800751e+04  2.439758139673717e-02  -4.538115254002341e-03  -3.296931004301033e-03
  9.150000000000007e-01  -4.593855554956840e+05  -4.483163227048765e+04  -2.538141368804031e+04  4.823678102980206e+04  -1.151463202667916e+04  4.465735443086879e+04  2.755076956347401e-02  -4.171801254017231e-03  -2.914431912097772e-03
  9.200000000000007e-01  -4.388744493563097e+05  5.846813730476645e+03  1.300654931092492e+04  3.789219228287796e+04  -6.823350876550227e+03  6.218572346786293e+04  2.253140795299460e-02  -2.619716712255970e-03  -2.248053809530319e-03
  9.250000000000007e-01  -2.872989231313948e+05  6.283957968926928e+04  5.422708829368832e+04  1.212743344818821e+04  -1.687119997457569e+03  7.170849723944468e+04  9.257116451427063e-03  2.734037873230496e-04  -1.000666917459277e-03
  9.300000000000007e-01  -2.701984568843551e+04  1.104914847654581e+05  8.857852886905914e+04  -2.822953239508522e+04  3.969553212496723e+03  6.565454090548062e+04  -9.519415733466482e-03  4.420216461179032e-03  1.242641430108403e-03
  9.350000000000007e-01  2.013998287702913e+05  1.630205621616787e+05  1.445862143066913e+05  -6.431852319791455e+04  1.344293958030001e+04  2.903284498160388e+04  -2.376371132071147e-02  7.711322373543399e-03  3.295354931404997e-03
  9.400000000000007e-01  5.539816892476412e+05  1.777316995104218e+05  1.641361324240208e+05  -1.233775054074314e+05  1.679808631632400e+04  -1.846779170532797e+04  -4.488871289005252e-02  1.262507871665020e-02  5.976990723614808e-03
  9.450000000000007e-01  8.242317757894438e+05  1.482360361263432e+05  1.464080545080270e+05  -1.781097760620837e+05  1.682056948963283e+04  -7.599561102293017e+04  -5.800159822517716e-02  1.627175130770998e-02  7.690515311912822e-03
  9.500000000000007e-01  9.486896930130968e+05  7.992924909157115e+04  9.185608274637727e+04  -2.146664233276699e+05  1.410120594579820e+04  -1.309168708882302e+05  -5.929678571681107e-02  1.755896721158999e-02  7.724144789486525e-03
  9.550000000000007e-01  1.061740803366032e+06  4.464878110579849e+04  7.061270552862893e+04  -2.400403415805555e+05  1.023510942335324e+04  -1.755460090360853e+05  -6.370478539691128e-02  1.847341109848667e-02  7.104824844986830e-03
  9.600000000000007e-01  8.789874557652661e+05  -7.438784816813428e+04  -4.659706640378541e+04  -2.230841176454523e+05  6.850504536634672e+03  -1.798550418247199e+05  -4.402150611000553e-02  1.512115758665002e-02  4.489693854225884e-03
  9.650000000000007e-01  5.485768251332806e+05  -1.808978304822678e+05  -1.568230863256034e+05  -1.684922985400282e+05  1.068255452614449e+04  -1.527512594704720e+05  -1.590301245676402e-02  9.019640201848117e-03  1.503207342660765e-03
  9.700000000000008e-01  1.305827323691208e+05  -2.646359301746953e+05  -2.479121771180488e+05  -8.071177981140286e+04  1.899007485980474e+04  -9.647185828667482e+04  1.500127473154498e-02  2.575149874843360e-04  -1.610319736395490e-03
  9.750000000000008e-01  -2.459411301652750e+05  -3.827779197099819e+05  -3.926302796337313e+05  -9.401969535711964e+03  1.283031951319995e+04  -7.597532617585520e+03  3.952010845791303e-02  -6.488862234331829e-03  -5.410987136334426e-03
  9.800000000000008e-01  -7.187796804722935e+05  -4.275693610850365e+05  -4.480846208459527e+05  1.182368671270970e+05  1.724806836336349e+04  8.522298797864169e+04  6.863503003703765e-02  -1.848587105170766e-02  -8.219368883484570e-03
  9.850000000000008e-01  -1.080209029154378e+06  -4.240522090413855e+05  -4.465089461713524e+05  2.406693108738860e+05  1.883037806738013e+04  1.670432367621965e+05  8.626475236756731e-02  -2.958329317407824e-02  -9.604511059521368e-03
  9.900000000000008e-01  -1.276179112348694e+06  -3.705407939309215e+05  -3.843770486356906e+05  3.364251748248341e+05  1.709219475011626e+04  2.233350993008877e+05  8.921563976199189e-02  -3.782878375111935e-02  -9.706987077969218e-03
  9.950000000000008e-01  -1.505424929421531e+06  -3.574653701369229e+05  -3.660639715916328e+05  4.113999199487379e+05  3.728077603887804e+03  2.629592312269630e+05  1.001250076229922e-01  -4.395341202742196e-02  -1.071635572838750e-02
  1.000000000000001e+00  -1.164532376316523e+06  -1.723651125114497e+05  -1.582469635815755e+05  4.027365082918021e+05  -1.015585834858573e+04  2.320785300007660e+05  6.101455150491814e-02  -4.280348959597847e-02  -8.998768713430390e-03
  1.005000000000001e+00  -1.065251124481725e+06  -5.759188715975702e+04  -1.213989399715383e+04  4.229691238557374e+05  -2.502078469894658e+04  1.819967702018422e+05  5.136749668357656e-02  -4.394534843918213e-02  -7.637806795919036e-03
  1.010000000000000e+00  -6.417269803623881e+05  9.403128570422799e+04  1.691026895950630e+05  3.708652976097891e+05  -4.515290562209530e+04  9.973027276248342e+04  1.688273146826706e-02  -3.770110735535132e-02  -5.853878447636555e-03
  1.015000000000000e+00  -1.937481608006270e+05  2.214621946666749e+05  3.306699067338687e+05  3.040416672926472e+05  -6.124215448703658e+04  9.165809219715109e+03  -1.440852185627444e-02  -2.831289110658579e-02  -3.153398754002117e-03
  1.020000000000000e+00  2.530539364542051e+05  3.299145912600529e+05  4.712992016552778e+05  2.291987005720455e+05  -7.048135176208905e+04  -7.294633271742235e+04  -4.058202776211402e-02  -1.624747045170630e-02  4.929672690268187e-04
  1.025000000000000e+00  7.588947579767577e+05  5.089914543381712e+05  6.927947851889264e+05  1.801879256217319e+05  -5.823744348831152e+04  -1.571398657233170e+05  -7.159374855838242e-02  -8.531128863441900e-03  7.556501422215777e-03
  1.030000000000000e+00  1.159681743169823e+06  5.710438642360136e+05  7.559851135579856e+05  9.011210386513999e+04  -5.174807094632152e+04  -1.950412608375136e+05  -8.948255893230164e-02  6.180218992734550e-03  1.175519683616679e-02
  1.035000000000000e+00  1.430487216774665e+06  5.895338817076100e+05  7.515252848538902e+05  7.332098064713721e+03  -4.006736198242625e+04  -2.094043316117053e+05  -9.705074633522839e-02  1.955008741481079e-02  1.509163711555222e-02
  1.040000000000000e+00  1.542442692076472e+06  5.590206198243506e+05  6.782330586190578e+05  -5.714725345601558e+04  -2.499891961681753e+04  -2.023451365435820e+05  -9.397521952718256e-02  2.970953497992760e-02  1.669056235740009e-02
  1.045000000000000e+00  1.766644448675102e+06  5.532615372984675e+05  6.372986190154280e+05  -1.212920970146143e+05  -1.225916569756308e+03  -1.638305490196755e+05  -1.050066872138727e-01  3.678807652753286e-02  1.682199566076544e-02
  1.050000000000000e+00  1.520679162898015e+06  4.015270615985008e+05  4.201227454065984e+05  -1.390769278275172e+05  9.004485262610910e+03  -1.024145810402787e+05  -8.061904994210610e-02  4.015973488492981e-02  1.258451973063133e-02
  1.054999999999999e+00  1.215618203847359e+06  2.643479770936320e+05  2.049279901408461e+05  -1.504534638773680e+05  7.287615897898600e+03  -1.923439884889284e+04  -5.459244741877393e-02  4.220873373366704e-02  6.818340009028202e-03
  1.059999999999999e+00  8.849339212679710e+05  1.708417236245330e+05  1.233277342105270e+04  -1.811859790839815e+05  3.593034417140828e+02  5.646945115682371e+04  -3.002023348507343e-02  4.555606809542589e-02  2.447475548937925e-03
  1.064999999999999e+00  4.882953189359795e+05  2.401968481213718e+03  -2.478626370574736e+05  -2.290579887321439e+05  9.010538199911331e+03  1.355620122002467e+05  -3.330127134667588e-03  4.916467619180757e-02  -5.551410208043696e-03
  1.069999999999999e+00  -1.487207869325354e+05  -1.058656515205130e+05  -4.435990703081519e+05  -2.379792366287257e+05  2.554658095722260e+04  1.372183799565980e+05  3.347439521173246e-02  4.793193781071768e-02  -7.867278298741349e-03
  1.074999999999999e+00  -7.428199208406194e+05  -1.885709594735426e+05  -5.964605924298655e+05  -2.354375177392152e+05  3.856138338238361e+04  1.380073380812464e+05  6.354099544895365e-02  4.373695566658413e-02  -1.103628843472625e-02
  1.079999999999999e+00  -1.199179558058211e+06  -2.335073976562767e+05  -7.065404898223199e+05  -2.483470865992359e+05  3.408182078253802e+04  1.481789730824102e+05  8.428721314446715e-02  3.989625709161882e-02  -1.319130856048504e-02
  1.084999999999999e+00  -1.846069840877321e+06  -3.649983940564303e+05  -9.119730133382690e+05  -2.603715399844056e+05  3.203728906761700e+04  1.487492708730638e+05  1.236871697097119e-01  3.977973395896459e-02  -1.633563323477484e-02
  1.089999999999999e+00  -2.232785949454496e+06  -3.849258725548585e+05  -9.455132526717494e+05  -2.571775502015669e+05  2.299834218848053e+04  1.158913616212356e+05  1.405341032619701e-01  3.378215952680336e-02  -1.404159724703614e-02
  1.094999999999999e+00  -2.532375265577306e+06  -3.847782225418670e+05  -9.175315607359991e+05  -2.370744239664392e+05  3.411058976998048e+04  7.676347817289449e+04  1.511285949502103e-01  2.703022930252170e-02  -1.064759923529912e-02
  1.099999999999999e+00  -2.623849446348337e+06  -3.240768225273952e+05  -8.200414609962425e+05  -2.275071616369251e+05  6.192058702329190e+04  4.065586176176937e+04  1.476920365793007e-01  2.195567007135369e-02  -7.125861982265559e-03
  1.104999999999998e+00  -2.480602923202824e+06  -2.256489212090293e+05  -6.951742983700559e+05  -2.408198582250046e+05  9.153551811299131e+04  5.383334723277795e+03  1.302251355369355e-01  1.735431737631684e-02  -3.963790152839366e-03
  1.109999999999998e+00  -2.470665849709781e+06  -1.351496358940976e+05  -5.878672567519039e+05  -2.328275251060274e+05  9.073474154133034e+04  -1.021663010332722e+05  1.255615272221558e-01  1.482931502993212e-02  4.307319382707911e-03
  1.114999999999998e+00  -1.968828191673749e+06  -1.026015880433339e+05  -4.697723443500202e+05  -2.374784552345720e+05  6.116271421984679e+04  -1.020266447724285e+05  9.172199055730086e-02  1.463183717028030e-03  1.810362642262964e-03
  1.119999999999998e+00  -1.396445159908843e+06  -1.439279730041262e+05  -3.536453996761785e+05  -2.060762740912573e+05  1.015658816612577e+04  -6.627933522423366e+04  5.971956865408670e-02  -1.645600367815297e-02  -1.284060921915489e-03
  1.124999999999998e+00  -7.341911301213028e+05  -1.491717861442163e+05  -1.480899091025385e+05  -1.639264840559633e+05  -6.739023638911860e+03  -4.004263419194121e+04  2.339785818595780e-02  -3.027390936677724e-02  1.159523788244680e-03
  1.129999999999998e+00  2.169771533874249e+04  -2.822229466562125e+04  1.510396837095819e+05  -1.573008157930426e+05  -4.316160281970577e+04  -8.280860281863021e+04  -2.572728316157133e-02  -3.667563689497354e-02  7.170785146977655e-03
  1.134999999999998e+00  1.003687348544840e+06  1.263143623791966e+05  4.617126918902081e+05  -2.050180563931567e+05  -1.486688195439420e+04  -8.517733428216077e+04  -8.507059268180205e-02  -3.609367206864964e-02  1.122378926152949e-02
  1.139999999999998e+00  1.983171200645626e+06  3.203222875457988e+05  7.256759109712059e+05  -2.885997144611032e+05  2.274377115593809e+04  -1.224751841279276e+05  -1.436957250344671e-01  -3.015974975470431e-02  1.530886499393743e-02
  1.144999999999998e+00  2.875486627596349e+06  5.146485786489504e+05  9.550306606955075e+05  -3.813206394682812e+05  5.996444283858659e+04  -1.806880989080707e+05  -1.957882692217820e-01  -2.239221630698108e-02  1.884120973303767e-02
  1.149999999999997e+00  4.077755522240898e+06  7.961028319549429e+05  1.289587305460934e+06  -5.313419250110337e+05  5.514347772617756e+04  -1.657000559688350e+05  -2.715150692426810e-01  -1.571363165440632e-02  1.579914847661024e-02
  1.154999999999997e+00  4.795530264474173e+06  9.389087782003150e+05  1.486430358605990e+06  -6.132701564322661e+05  5.762675408906754e+04  -1.673330525958161e+05  -3.123625691365959e-01  -8.730098085342537e-03  1.057780821537594e-02
  1.159999999999997e+00  5.571938302325999e+06  1.154686670782519e+06  1.754489579034180e+06  -7.320884431307511e+05  1.910160392593383e+04  -1.138565226759672e+05  -3.566709075370041e-01  6.258721498858662e-03  1.038477787762709e-03
  1.164999999999997e+00  6.492090124009706e+06  1.540286430410824e+06  2.097865666410543e+06  -9.556706286634273e+05  -4.070762460891990e+04  -4.285977514925209e+04  -4.099361674125125e-01  3.851826998066745e-02  -6.154453202806484e-03
  1.169999999999997e+00  7.804732387997915e+06  2.036147163019930e+06  2.481153088684404e+06  -1.273036567707494e+06  -6.943227499548618e+04  8.019731621453956e+04  -4.916099471291331e-01  7.100789464536172e-02  -1.589329103568632e-02
  1.174999999999997e+00  8.691182787777711e+06  2.658975400829786e+06  2.805769944385886e+06  -1.667218536437385e+06  -1.014786629859323e+05  8.246526582665724e+04  -5.438558625387507e-01  1.272610991653869e-01  -1.400399629823153e-02
  1.179999999999997e+00  9.328541148471817e+06  3.258489125660695e+06  3.000354262725858e+06  -2.076613558836474e+06  -1.307055584520693e+05  4.411513339113589e+04  -5.811135629494629e-01  1.829124012033991e-01  -1.070333131090407e-02
  1.184999999999997e+00  9.654254063568136e+06  3.764553998162481e+06  3.117519395491181e+06  -2.427525487346458e+06  -1.531211903142583e+05  1.100970831085181e+04  -5.995751283733411e-01  2.296206655243706e-01  -9.369295488937866e-03
  1.189999999999997e+00  1.000744058723356e+07  4.335298764381285e+06  3.336927196676462e+06  -2.779666950961680e+06  -1.671783862016230e+05  4.695080343210493e+04  -6.226811303344949e-01  2.776909640401949e-01  -1.059304756558920e-02
  1.194999999999997e+00  1.057608124129670e+07  4.967505008420167e+06  3.598928387573541e+06  -3.174755428762134e+06  -1.355594749437886e+05  1.544585590805179e+05  -6.575820447418428e-01  3.272340541543384e-01  -1.003002314767534e-02
  1.199999999999996e+00  1.104102370682165e+07  5.709588238020680e+06  3.871933098148286e+06  -3.664305174458658e+06  -1.374004995817561e+05  1.837289013582346e+05  -6.904996608310426e-01  3.928896819295904e-01  -4.770929384542869e-03
  1.204999999999996e+00  1.137011811058377e+07  6.390237433536608e+06  3.990249778957759e+06  -4.192508747198530e+06  -1.414461919466445e+05  1.594333159262172e+05  -7.162368203759962e-01  4.570992233223891e-01  1.042443277959022e-03
  1.209999999999996e+00  1.149798151157466e+07  6.950713749849870e+06  3.983885694871064e+06  -4.692851742961051e+06  -1.418565043566056e+05  1.120342942291958e+05  -7.299594483578891e-01  5.116322701652380e-01  3.947673797831035e-03
  1.214999999999996e+00  1.135283911441187e+07  7.402749754125374e+06  3.958247992738743e+06  -5.101210890429320e+06  -7.800979988968221e+04  7.463970106762336e+04  -7.194160597125631e-01  5.593440051672925e-01  9.710496211878859e-03
  1.219999999999996e+00  1.131989525073477e+07  7.856371844045052e+06  3.887210354861076e+06  -5.531541020018945e+06  -4.009724936231789e+04  4.892927713040534e+04  -7.225473691502208e-01  6.028678763266322e-01  9.649710745796562e-03
  1.224999999999996e+00  1.139343204179167e+07  8.325644030404588e+06  3.830454868869514e+06  -5.959096619038297e+06  3.005662503757379e+04  5.072117655957902e+04  -7.327482889843395e-01  6.449001912331548e-01  9.225814540298491e-03
  1.229999999999996e+00  1.151795186657203e+07  8.729836099363560e+06  3.713263163068507e+06  -6.393776926783468e+06  8.503282470473094e+04  7.172811960966569e+04  -7.463705704679320e-01  6.810132663368822e-01  6.130038775750512e-03
  1.234999999999996e+00  1.112120270706116e+07  8.954243414453005e+06  3.433896333530762e+06  -6.756373862870223e+06  1.371423003349352e+05  1.337738112670892e+03  -7.224095899989934e-01  7.151218630786763e-01  8.337382911611527e-03
  1.239999999999996e+00  1.127059684268966e+07  9.210053165084260e+06  3.178239511386608e+06  -7.178533377792146e+06  1.384328609607586e+05  4.352457145729419e+04  -7.350364936250489e-01  7.401910472362763e-01  2.789900649464875e-03
  1.244999999999995e+00  1.144965157998264e+07  9.431420345891548e+06  2.932784719684907e+06  -7.572529908032346e+06  1.396507377621790e+05  1.009068926491836e+05  -7.479565393648526e-01  7.602778775813901e-01  -2.327897671145259e-03
  1.249999999999995e+00  1.165145079376905e+07  9.637606493808353e+06  2.752958954191505e+06  -7.958503658347888e+06  1.512805308313559e+05  1.439378558982638e+05  -7.658343637142682e-01  7.766454397354973e-01  -6.788966952284546e-03
  1.254999999999995e+00  1.143584995028396e+07  9.796243197701242e+06  2.454374165127418e+06  -8.345467812475211e+06  1.279879857850584e+05  7.253552775169963e+04  -7.586665159510521e-01  8.006510129350149e-01  -7.686807679874325e-03
  1.259999999999995e+00  1.173572717386874e+07  9.908520635423705e+06  2.351970017979918e+06  -8.769418796557805e+06  9.733357641989712e+04  9.416425115664949e+04  -7.916965725698277e-01  8.080043221606806e-01  -1.467072364484276e-02
  1.264999999999995e+00  1.197965731854537e+07  9.892803901244715e+06  2.213395338469136e+06  -9.161469276363090e+06  3.786023781900256e+04  1.276190983794233e+05  -8.186764461034456e-01  8.074665824684701e-01  -2.193014442094542e-02
  1.269999999999995e+00  1.217555099807483e+07  9.820794489329094e+06  2.062406013464968e+06  -9.513546944128664e+06  -2.119195483303874e+04  1.653030043803123e+05  -8.397909742028494e-01  8.043435133228166e-01  -2.603921875094575e-02
  1.274999999999995e+00  1.226343507208352e+07  9.837790693192167e+06  1.837699218485245e+06  -9.926929602254814e+06  -1.432341078565465e+05  1.291989281884693e+05  -8.591487307452296e-01  8.162048079562039e-01  -2.883823392668294e-02
  1.279999999999995e+00  1.244736340441678e+07  9.719193603500592e+06  1.696418613883772e+06  -1.024107794972018e+07  -2.048893128312469e+05  1.403780209909882e+05  -8.833876933842150e-01  8.094389035207020e-01  -3.031369779992460e-02
  1.284999999999995e+00  1.261004422327375e+07  9.627732132640427e+06  1.603628064144524e+06  -1.054170854906273e+07  -2.434087137756539e+05  1.200952729489909e+05  -9.069762331284398e-01  8.046743821448965e-01  -2.796334273937570e-02
  1.289999999999994e+00  1.276578595768173e+07  9.588918441282663e+06  1.567367908638399e+06  -1.083845747738011e+07  -2.317170723238704e+05  4.860821617092044e+04  -9.310852204436746e-01  8.037033325470575e-01  -1.976690608331880e-02
  1.294999999999994e+00  1.288953482777786e+07  9.523576179315148e+06  1.505131332995661e+06  -1.110670684446617e+07  -2.002790341018908e+05  -4.793814437396920e+04  -9.506000855215111e-01  8.007450587358663e-01  -1.148333615343872e-02
  1.299999999999994e+00  1.327115713248089e+07  9.457563304198707e+06  1.472438388577853e+06  -1.142410061098638e+07  -2.766147941956228e+05  -8.623166266472859e+04  -9.850711021045379e-01  8.000493140357936e-01  -1.138398813386787e-02
  1.304999999999994e+00  1.340185260230512e+07  9.256978506430073e+06  1.333635797503168e+06  -1.154414296488556e+07  -2.789339060899803e+05  -7.022748013817526e+04  -9.840737004588705e-01  7.873768461723792e-01  -8.260345330868649e-03
  1.309999999999994e+00  1.356869153842453e+07  9.134107853814198e+06  1.220508148932209e+06  -1.164875231385059e+07  -2.575246266310361e+05  -4.682492709861627e+04  -9.815029298327296e-01  7.830389084344594e-01  -3.028288148397003e-04
  1.314999999999994e+00  1.370889353172024e+07  9.087884330668101e+06  1.120057947668122e+06  -1.178663232763546e+07  -1.825847323465476e+05  -1.021289585339046e+05  -9.866663001976946e-01  7.862578911487105e-01  1.190340602760600e-02
  1.319999999999994e+00  1.413141339502162e+07  8.983993749984004e+06  1.083246050864371e+06  -1.196214887779773e+07  -1.426566554120474e+05  -9.023521266453719e+04  -1.018122505662938e+00  7.760741484761332e-01  1.329867726541996e-02
  1.324999999999994e+00  1.412821621546146e+07  8.824525581353422e+06  8.680142919491014e+05  -1.207174519406138e+07  -4.579847012049433e+04  -1.945042154949509e+05  -1.023089003450438e+00  7.694318792775326e-01  1.793176826992540e-02
  1.329999999999994e+00  1.411093588636119e+07  8.580263054043081e+06  6.122068030730821e+05  -1.212379169013483e+07  5.124597840442642e-01  -2.232122465708534e+05  -1.019314538283796e+00  7.563056914459662e-01  1.630328057054175e-02
  1.334999999999994e+00  1.416082567727055e+07  8.292336443718859e+06  3.741190049507289e+05  -1.212437903196059e+07  -9.051287081094999e+03  -1.557054226535473e+05  -1.009797070857370e+00  7.393554744726952e-01  1.281681247229215e-02
  1.339999999999993e+00  1.446116013038477e+07  7.967156777596765e+06  2.347780266974323e+05  -1.211379077652798e+07  2.694464258925548e+04  -5.738506359224368e+04  -1.024375227866586e+00  7.065670619022256e-01  7.159667623317177e-03
  1.344999999999993e+00  1.462464436567712e+07  7.745173876466352e+06  1.122704954424377e+05  -1.216174102900477e+07  4.407791459461631e+04  -6.421737191261342e+04  -1.035096109976122e+00  6.933650791396577e-01  9.922302390214497e-03
  1.349999999999993e+00  1.485082755094642e+07  7.549535691431723e+06  2.045633844277254e+04  -1.225185833296861e+07  6.853434697884361e+04  -1.229529439435602e+05  -1.057727492997968e+00  6.821325963845524e-01  1.110078534228093e-02
  1.354999999999993e+00  1.511814141364388e+07  7.341352414312808e+06  -5.552220959309414e+04  -1.232529664481638e+07  7.044806909266612e+04  -1.429833032652015e+05  -1.077049291645058e+00  6.694113722993422e-01  8.427552760714215e-03
  1.359999999999993e+00  1.545392554854239e+07  7.034070512737922e+06  -7.506297924651421e+04  -1.227490782915351e+07  1.451896344802692e+05  -1.078278919539079e+05  -1.094539001629562e+00  6.372441485204127e-01  6.235253672655094e-03
  1.364999999999993e+00  1.581341813041718e+07  6.810843398530589e+06  -4.628524350608644e+04  -1.233242507166382e+07  9.316727435264505e+04  -3.957276362790435e+04  -1.103784087989388e+00  6.226761626882265e-01  7.129495338133379e-03
  1.369999999999993e+00  1.624778318370993e+07  6.617233638825015e+06  6.546315456704544e+04  -1.243849086958140e+07  4.634830310640702e+04  1.784798200592046e+04  -1.117391543345410e+00  6.104310860368642e-01  1.197487698655030e-02
  1.374999999999993e+00  1.670658093799652e+07  6.441389770393235e+06  1.702076151356556e+05  -1.258360064839657e+07  1.304625325118029e+04  5.814967307110746e+04  -1.133913947960511e+00  6.000257973603224e-01  1.536788342663923e-02
  1.379999999999993e+00  1.714412798063108e+07  6.275317829794616e+06  2.084291351111671e+05  -1.275375307518601e+07  -4.196990019693405e+03  8.589840335072068e+04  -1.152125676295036e+00  5.902903013598283e-01  1.489219480540986e-02
  1.384999999999992e+00  1.758260300863852e+07  6.107001115344056e+06  2.636869983690192e+05  -1.283160426850201e+07  8.056458363396219e+04  1.421136391627406e+05  -1.164068062699992e+00  5.746776049535056e-01  2.218390600805817e-02
  1.389999999999992e+00  1.789310154913896e+07  5.944512435237177e+06  1.998551180154236e+05  -1.307644456592746e+07  6.478933620446339e+04  1.237942720889047e+05  -1.187368889157970e+00  5.644226694583566e-01  1.760289160549099e-02
  1.394999999999992e+00  1.814883899960236e+07  5.800605018563361e+06  1.840981386321457e+05  -1.331839281437663e+07  6.628756877980330e+04  1.178518595630090e+05  -1.208667141251881e+00  5.521226039064661e-01  1.540627015340163e-02
  1.399999999999992e+00  1.835033513534725e+07  5.665298295261236e+06  1.880208775426372e+05  -1.353848974472179e+07  7.150796235208011e+04  1.340525519881930e+05  -1.226418530351173e+00  5.377319643858994e-01  1.285395548457292e-02
  1.404999999999992e+00  1.846783641034450e+07  5.547142929800634e+06  1.522475093888154e+05  -1.373522037275970e+07  1.038247495374145e+05  1.426966860427178e+05  -1.238945523239007e+00  5.272769651442464e-01  1.478494013023585e-02
  1.409999999999992e+00  1.848439989821772e+07  5.388009449720673e+06  9.466156575851196e+04  -1.395234587696604e+07  6.104224307731175e+04  1.255812799461744e+05  -1.256676247680863e+00  5.096099781181694e-01  6.427600081007958e-03
  1.414999999999992e+00  1.845029260881004e+07  5.239593459563967e+06  4.904530765143153e+04  -1.413733463809716e+07  1.389680362994200e+04  9.224778594829638e+04  -1.273645178139864e+00  4.914487000183863e-01  -1.446350600469043e-03
  1.419999999999992e+00  1.840861328252466e+07  5.141169994765371e+06  5.263203395212600e+04  -1.426450815514880e+07  -1.936767866715741e+04  7.504008023748617e+04  -1.285461010061823e+00  4.758611015284098e-01  -5.730468123664868e-03
  1.424999999999992e+00  1.823290984282283e+07  5.133991639628134e+06  4.265543206944988e+04  -1.439852204536176e+07  -4.989536901043600e+04  1.433433667001480e+04  -1.286980641800570e+00  4.714969697948280e-01  -3.141965355076743e-03
  1.429999999999992e+00  1.817883420386457e+07  5.124222085287955e+06  1.530672176394938e+05  -1.442265333365504e+07  -6.381763405556391e+04  2.855659429619506e+04  -1.289058162924405e+00  4.604435502467220e-01  -7.368502329105531e-05
  1.434999999999991e+00  1.812489913351922e+07  5.128283287249988e+06  2.962100734314637e+05  -1.441805633917530e+07  -6.059071168968053e+04  4.733920457508860e+04  -1.289823496179408e+00  4.503397594231913e-01  4.837256634021167e-03
  1.439999999999991e+00  1.805592641091096e+07  5.139296061844938e+06  4.349668823792701e+05  -1.439974387846223e+07  -4.246084605745539e+04  5.535063704362946e+04  -1.290393633050342e+00  4.413758241275411e-01  8.834882074727834e-03
  1.444999999999991e+00  1.777524653130065e+07  5.183401705795816e+06  5.158264111848582e+05  -1.442129148969201e+07  -5.962392880732494e+04  -2.159472598508179e+04  -1.280875748666933e+00  4.417186438289283e-01  1.337469154791411e-02
  1.449999999999991e+00  1.770865918431865e+07  5.213818089551664e+06  6.200520308891105e+05  -1.435134716944796e+07  -1.588860967868141e+04  1.074516716614756e+04  -1.275008822702107e+00  4.366240250001073e-01  1.324524198480063e-02
  1.454999999999991e+00  1.764758907488385e+07  5.256464917915625e+06  6.789458960992785e+05  -1.425215695499067e+07  3.712524447733547e+04  6.921443244365515e+04  -1.263744670831924e+00  4.328876677205767e-01  1.096533572349957e-02
  1.459999999999991e+00  1.757039959899250e+07  5.281865450703241e+06  6.650311832538053e+05  -1.414070842745854e+07  8.044983377798830e+04  1.276116658638643e+05  -1.250502173853398e+00  4.279590284941273e-01  5.619279439726252e-03
  1.464999999999991e+00  1.746582646649678e+07  5.272248477421639e+06  5.936762555200815e+05  -1.403828505690551e+07  1.010362516901329e+05  1.532321447520311e+05  -1.238920934023661e+00  4.202367789159860e-01  -1.302835448135366e-03
  1.469999999999991e+00  1.724068558827288e+07  5.237970785552402e+06  5.111281883209300e+05  -1.396924241873072e+07  5.304634950595768e+04  1.428394900209628e+05  -1.218749172966928e+00  4.195084122542007e-01  -1.022449637265121e-02
  1.474999999999991e+00  1.717497339246256e+07  5.205996669063076e+06  4.727133843557680e+05  -1.386095615908272e+07  4.953492799344542e+04  1.425946537175090e+05  -1.207102248236964e+00  4.088978901013129e-01  -1.303853621688240e-02
  1.479999999999990e+00  1.714471386677392e+07  5.176229036590260e+06  5.020986191924091e+05  -1.373352348366830e+07  4.463527785290921e+04  1.458909865641620e+05  -1.191583412885100e+00  3.980635771171857e-01  -1.000344317630261e-02
  1.484999999999990e+00  1.714144196826401e+07  5.134703141532921e+06  5.527319759579661e+05  -1.358381982173128e+07  3.424558101696973e+04  1.545848460166630e+05  -1.172487005511069e+00  3.871965532304293e-01  -4.715513642481749e-03
  1.489999999999990e+00  1.711347455586088e+07  5.111575301368430e+06  5.654458296968795e+05  -1.344498392205842e+07  -1.958876940611479e+04  1.784983707278872e+05  -1.148145220976598e+00  3.840405208475345e-01  -7.311643400982105e-03
  1.494999999999990e+00  1.715867741018575e+07  5.038421208822576e+06  6.019622846439765e+05  -1.327440895801102e+07  -2.956221806946954e+04  1.724594358110556e+05  -1.130240144108408e+00  3.724527933205504e-01  -1.976961154773550e-03
  1.499999999999990e+00  1.719250238123862e+07  4.947528792053624e+06  6.153304292986167e+05  -1.311581549310620e+07  -3.545528293398392e+04  1.422094883771902e+05  -1.115183388288107e+00  3.613073718206565e-01  1.772580190824926e-03
  1.504999999999990e+00  1.721558258706917e+07  4.851030131839017e+06  6.136520320393490e+05  -1.297132007102631e+07  -3.416263584846397e+04  9.610232114052089e+04  -1.102533506254973e+00  3.509783078949422e-01  4.021995539585773e-03
  1.509999999999990e+00  1.729778718871729e+07  4.776733108584631e+06  6.165200568915140e+05  -1.283045241093343e+07  -5.502011829114574e+04  1.027088930128774e+05  -1.089572031576985e+00  3.424758658882462e-01  2.046323392107620e-03
  1.514999999999990e+00  1.733660856150875e+07  4.686671941538977e+06  6.288559940472691e+05  -1.270070407519503e+07  -3.053523920765396e+04  6.612201939787864e+04  -1.080250622674876e+00  3.321775346726659e-01  4.364285674599018e-03
  1.519999999999990e+00  1.738022062625540e+07  4.612923896371000e+06  6.562035978193063e+05  -1.257768220605664e+07  -4.337616798929781e+03  4.970824393732208e+04  -1.070203255213553e+00  3.228300635720963e-01  6.389725691034714e-03
  1.524999999999989e+00  1.742475126310875e+07  4.549048294461831e+06  6.850900122204716e+05  -1.246526711593310e+07  1.486712890475853e+04  4.776666689097560e+04  -1.060037593417864e+00  3.140362185761810e-01  7.250746788923963e-03
  1.529999999999989e+00  1.755688850355372e+07  4.467098038285872e+06  7.069410348871407e+05  -1.235967746663798e+07  2.458408027073634e+04  8.094489174761044e+04  -1.056422357803379e+00  3.007670156082607e-01  5.434478416965200e-03
  1.534999999999989e+00  1.758602712591717e+07  4.410651675912438e+06  7.292631235799600e+05  -1.228605291438598e+07  3.163120629940120e+04  7.278967516580422e+04  -1.050463971513320e+00  2.913678371468034e-01  5.000368790796419e-03
  1.539999999999989e+00  1.760469911379820e+07  4.361692254701877e+06  7.647180195692066e+05  -1.224223280619621e+07  3.112766893297518e+04  4.964794337132983e+04  -1.047240185271909e+00  2.823448908029349e-01  5.393720527555630e-03
  1.544999999999989e+00  1.761914929884513e+07  4.321144529028809e+06  8.186700500490530e+05  -1.222619348162687e+07  2.865201675575864e+04  1.380815622733541e+04  -1.046384568618680e+00  2.739230274585036e-01  7.303226400927895e-03
  1.549999999999989e+00  1.773531282670655e+07  4.261746871850541e+06  8.717354459435337e+05  -1.220420851987833e+07  4.395116633725858e+04  7.387979743572376e+02  -1.053830837072796e+00  2.592584385019276e-01  9.337122330435375e-03
  1.554999999999989e+00  1.774735406467210e+07  4.249201527124209e+06  9.408256224582748e+05  -1.222320689515939e+07  4.929370359833924e+04  -4.494155185556909e+04  -1.055253486083100e+00  2.529617536006005e-01  1.378445626235241e-02
  1.559999999999989e+00  1.776540358035183e+07  4.251994379834968e+06  9.995337651616599e+05  -1.224858231713714e+07  5.883190413326560e+04  -7.801764833058773e+04  -1.056339775564609e+00  2.482647745851232e-01  1.792380442763542e-02
  1.564999999999989e+00  1.779094485722445e+07  4.269730169936074e+06  1.044440383083924e+06  -1.227427723537025e+07  7.167893847194345e+04  -9.382823067004357e+04  -1.056818281624589e+00  2.448708687886949e-01  2.124182522566640e-02
  1.569999999999989e+00  1.782033769678539e+07  4.296341380265471e+06  1.072492862155948e+06  -1.229676759786759e+07  8.482084628375489e+04  -9.223924896878522e+04  -1.056766050277119e+00  2.420821132999710e-01  2.349021668250244e-02
  1.574999999999988e+00  1.789681994041680e+07  4.305809524574918e+06  1.100075106754402e+06  -1.231836043663701e+07  1.149083302515697e+05  -1.049773893950305e+05  -1.065256904664874e+00  2.331115005555731e-01  2.773756159801578e-02
  1.579999999999988e+00  1.790195754358473e+07  4.335441639856979e+06  1.090160219465760e+06  -1.233954347202789e+07  1.176793377787293e+05  -8.842660802388772e+04  -1.063918702261108e+00  2.306111697753548e-01  2.707592486753382e-02
  1.584999999999988e+00  1.789517865648573e+07  4.355642209196607e+06  1.060846493404791e+06  -1.235760657320834e+07  1.129431826801126e+05  -7.106756051737828e+04  -1.062298186430539e+00  2.272656324095604e-01  2.456035256098986e-02
  1.589999999999988e+00  1.787566666298838e+07  4.369604212816046e+06  1.021206051489954e+06  -1.237125366407069e+07  1.033995436377196e+05  -5.674502163537710e+04  -1.060030476187317e+00  2.233046415805228e-01  2.065558991849716e-02
  1.594999999999988e+00  1.787237656474022e+07  4.383105038014367e+06  1.008846217813944e+06  -1.239161830271549e+07  1.099698919376555e+05  -6.663476158437834e+04  -1.063190414198871e+00  2.164816516102559e-01  1.794396291548636e-02
  1.599999999999988e+00  1.782185713018376e+07  4.396391871169049e+06  9.774268438302524e+05  -1.239084872542985e+07  9.603017463976971e+04  -5.076167170758171e+04  -1.057382628444567e+00  2.127686894000899e-01  1.227416169439349e-02
  1.604999999999988e+00  1.776510432730705e+07  4.407435411073731e+06  9.648871809681314e+05  -1.238332917704870e+07  8.339758407387011e+04  -3.701674690916186e+04  -1.050664831076635e+00  2.086799552272673e-01  6.899451540132064e-03
  1.609999999999988e+00  1.770361697609893e+07  4.416290760031390e+06  9.740613134432575e+05  -1.237349690427815e+07  7.319385439266649e+04  -2.902939493738648e+04  -1.043618217671213e+00  2.043292744922781e-01  1.998219329287629e-03
  1.614999999999988e+00  1.764549554489237e+07  4.434147857331739e+06  1.013151357996884e+06  -1.236774212379206e+07  7.378419124033023e+04  -2.823281750963399e+04  -1.038354509642707e+00  2.004121910244993e-01  -3.223338975580874e-03
  1.619999999999987e+00  1.758100142050962e+07  4.448317694767082e+06  1.060582455493623e+06  -1.235268895812038e+07  6.879817729420739e+04  -2.812423757563335e+04  -1.029492738930347e+00  1.971682948856022e-01  -7.552562976033886e-03
  1.624999999999987e+00  1.752045564225464e+07  4.467563592136887e+06  1.117469087608567e+06  -1.233423680339340e+07  6.982469792654336e+04  -2.991227693684795e+04  -1.020091000083296e+00  1.942867858835789e-01  -1.172816330451035e-02
  1.629999999999987e+00  1.746315086054134e+07  4.488361642916954e+06  1.173080079610068e+06  -1.230714899883102e+07  7.384198368023148e+04  -2.526746185242010e+04  -1.009686454626359e+00  1.913825550009029e-01  -1.610964337083090e-02
  1.634999999999987e+00  1.738649402901603e+07  4.509143103968046e+06  1.231194302936500e+06  -1.227278324079622e+07  7.204326366325580e+04  -1.389983868871255e+04  -9.985408380807574e-01  1.906902596309439e-01  -2.219916019302804e-02
  1.639999999999987e+00  1.731049337802783e+07  4.502339801632472e+06  1.262452473756399e+06  -1.223194776537464e+07  6.635509698615244e+04  3.384479596818043e+03  -9.877864293098362e-01  1.861073556951708e-01  -2.703439521667320e-02
  1.644999999999987e+00  1.722080257826287e+07  4.466252241747577e+06  1.285519386471784e+06  -1.219373068291093e+07  5.210298648658546e+04  1.959430923043205e+04  -9.793716631892064e-01  1.792629572928427e-01  -3.115408368339109e-02
  1.649999999999987e+00  1.711645913222624e+07  4.400648854816995e+06  1.312655460799338e+06  -1.216599930951400e+07  3.163856600730204e+04  2.449244015378089e+04  -9.744424288066404e-01  1.705015240230887e-01  -3.391750788820065e-02
  1.654999999999987e+00  1.700346736204177e+07  4.315778596664975e+06  1.355807761639360e+06  -1.215002755160307e+07  1.033523808752930e+04  1.366726387960442e+04  -9.726570751891807e-01  1.609857229705760e-01  -3.518812800856670e-02
  1.659999999999987e+00  1.687529391214316e+07  4.249227368044627e+06  1.413491012019175e+06  -1.212996796855447e+07  -1.091658282402675e+04  7.851066415916956e+03  -9.662918986310226e-01  1.562100000142266e-01  -3.667083806485005e-02
  1.664999999999986e+00  1.677776201160793e+07  4.163890397319752e+06  1.498678377856388e+06  -1.211689513362163e+07  -2.285262440315058e+04  -2.092802553380777e+04  -9.660746247756554e-01  1.483429671227615e-01  -3.492217958595870e-02
  1.669999999999986e+00  1.669664853787373e+07  4.095583893203547e+06  1.597579661174699e+06  -1.209165727634667e+07  -2.851928409662903e+04  -4.946264977339787e+04  -9.644088023131105e-01  1.428383444595036e-01  -3.322595415152237e-02
  1.674999999999986e+00  1.663386139403862e+07  4.045693892606613e+06  1.699530930529712e+06  -1.204985128665704e+07  -3.180443714602206e+04  -7.354462335802766e+04  -9.605368511246630e-01  1.396280441125122e-01  -3.232149488325913e-02
  1.679999999999986e+00  1.656230132741026e+07  4.014486546435505e+06  1.805246072768501e+06  -1.199519505593637e+07  -3.740679553995407e+04  -9.313821576907777e+04  -9.503189595401619e-01  1.396469690962995e-01  -2.896874427147094e-02
  1.684999999999986e+00  1.652174974625694e+07  3.980943100728174e+06  1.890777087917408e+06  -1.193021527835923e+07  -4.535921942896318e+04  -1.129290712273226e+05  -9.436771910136824e-01  1.385061950185042e-01  -2.922850471809370e-02
  1.689999999999986e+00  1.648456216694143e+07  3.948668421395480e+06  1.960485222329636e+06  -1.186196524664425e+07  -5.939415051769742e+04  -1.294121549316317e+05  -9.366843825299100e-01  1.376587913045264e-01  -3.013792725689139e-02
  1.694999999999986e+00  1.644541751800074e+07  3.913149612087319e+06  2.015989291381378e+06  -1.179820078894744e+07  -7.744152651947405e+04  -1.449275290939126e+05  -9.300228306658218e-01  1.365574079661666e-01  -3.102775696970952e-02
  1.699999999999986e+00  1.638130718632753e+07  3.868999041930555e+06  2.061674219235650e+06  -1.174271795135260e+07  -9.253428688938916e+04  -1.643162386586305e+05  -9.183085548014784e-01  1.346102096769912e-01  -2.839117121664921e-02
  1.704999999999986e+00  1.634048717420465e+07  3.822290602766071e+06  2.090196600008842e+06  -1.169924010649289e+07  -1.110010662359662e+05  -1.822488765979609e+05  -9.122383064440684e-01  1.321057427935637e-01  -2.906293057215783e-02
  1.709999999999986e+00  1.630023379681799e+07  3.775340353199581e+06  2.113032625207672e+06  -1.166693775205411e+07  -1.255207779363478e+05  -2.034362299567991e+05  -9.057748996461485e-01  1.295175556359783e-01  -2.900011770763006e-02
  1.714999999999985e+00  1.626429061954022e+07  3.730585866655535e+06  2.129323846433079e+06  -1.164270180773978e+07  -1.356727528460921e+05  -2.270645510243253e+05  -8.984039429680459e-01  1.270593951763387e-01  -2.825521772482743e-02
  1.719999999999985e+00  1.620831986237461e+07  3.666655250961227e+06  2.116077437208245e+06  -1.162032046136717e+07  -1.473127998936092e+05  -2.502304036384303e+05  -8.873836588696090e-01  1.226434130862382e-01  -2.639981938601972e-02
  1.724999999999985e+00  1.618722407587968e+07  3.629132489719562e+06  2.116879915492650e+06  -1.160390178867341e+07  -1.517505150830172e+05  -2.743850598622716e+05  -8.792475644807785e-01  1.204654179576329e-01  -2.507804859439001e-02
  1.729999999999985e+00  1.617598702723903e+07  3.598027915849610e+06  2.113249856320782e+06  -1.158741360761460e+07  -1.528275219866818e+05  -2.959702612695383e+05  -8.703108005622530e-01  1.185414384465029e-01  -2.312380060295778e-02
  1.734999999999985e+00  1.617530003295694e+07  3.572524162087881e+06  2.107178001291284e+06  -1.156968439288147e+07  -1.509113629935609e+05  -3.132411809794165e+05  -8.608215466105303e-01  1.167306810799196e-01  -2.069099308634627e-02
  1.739999999999985e+00  1.618366339309506e+07  3.550941700619724e+06  2.099633269441932e+06  -1.155034224234648e+07  -1.466902642674342e+05  -3.248427802115861e+05  -8.511389469183968e-01  1.148567368934822e-01  -1.804135577637815e-02
  1.744999999999985e+00  1.616981425172579e+07  3.519606588483535e+06  2.083293582913610e+06  -1.153193487777672e+07  -1.471383850902284e+05  -3.373959109984473e+05  -8.432938588650657e-01  1.110223271090140e-01  -1.539746530107700e-02
  1.749999999999985e+00  1.619252732799733e+07  3.507774112938775e+06  2.081493841386152e+06  -1.151191439994833e+07  -1.388698420634760e+05  -3.361645310451989e+05  -8.347931116541690e-01  1.090580439797717e-01  -1.247139031736354e-02
  1.754999999999985e+00  1.621419819394178e+07  3.494653797139795e+06  2.079061807550725e+06  -1.149499867768183e+07  -1.303224738593080e+05  -3.287141730314692e+05  -8.269195327054186e-01  1.065541192643099e-01  -9.655455397746818e-03
  1.759999999999984e+00  1.623240147050220e+07  3.479856634905764e+06  2.077593619934621e+06  -1.148415213880027e+07  -1.219049634907410e+05  -3.170885204958431e+05  -8.198135366418330e-01  1.034895971025086e-01  -6.863193715004994e-03
  1.764999999999984e+00  1.625605832422261e+07  3.473685952534832e+06  2.099686483788952e+06  -1.147611796866714e+07  -1.119198541627305e+05  -3.055768327670625e+05  -8.152010555084296e-01  1.004018195323285e-01  -2.942463807981095e-03
  1.769999999999984e+00  1.627153327370255e+07  3.456837605767127e+06  2.103879315027510e+06  -1.147788672953517e+07  -1.019098998050295e+05  -2.864076190592179e+05  -8.093831359603104e-01  9.720821803219953e-02  -6.857204213521472e-07
  1.774999999999984e+00  1.627574086309923e+07  3.435324484488072e+06  2.103468733080366e+06  -1.148664349752867e+07  -9.303440172477342e+04  -2.664894696551059e+05  -8.041982871527155e-01  9.383863600785594e-02  2.741989742020966e-03
  1.779999999999984e+00  1.626768158708777e+07  3.410414562084387e+06  2.097788126038112e+06  -1.150008416895698e+07  -8.567116626568754e+04  -2.454547912245396e+05  -7.995058048144729e-01  9.054012159677263e-02  5.187810213454516e-03
  1.784999999999984e+00  1.627816850867217e+07  3.389912964543858e+06  2.101989011254880e+06  -1.150586296820912e+07  -6.895542124294509e+04  -2.208079079081281e+05  -7.966035774258754e-01  8.937677832175506e-02  7.791312194196027e-03
  1.789999999999984e+00  1.624328469447595e+07  3.355863248252935e+06  2.075308525213813e+06  -1.152197585621802e+07  -6.450210542059154e+04  -1.974269788574734e+05  -7.922857477764848e-01  8.682438998170855e-02  8.851594697857464e-03
  1.794999999999984e+00  1.619824103832948e+07  3.325072745784617e+06  2.050222355469038e+06  -1.153668234551917e+07  -6.315039119442476e+04  -1.727834134655007e+05  -7.879290193508508e-01  8.482635670548090e-02  9.464517410560236e-03
  1.799999999999984e+00  1.614754513257679e+07  3.300708125507866e+06  2.033821801544233e+06  -1.154901483667948e+07  -6.434935497744099e+04  -1.478797954657102e+05  -7.833575890678571e-01  8.352676296441726e-02  9.707799872897776e-03
  1.804999999999984e+00  1.611419843543880e+07  3.271315117371112e+06  2.002289898499719e+06  -1.155628192094597e+07  -5.742449607575251e+04  -1.256971455006876e+05  -7.798365210525552e-01  8.411822303850275e-02  7.202913389219264e-03
  1.809999999999983e+00  1.606048018975939e+07  3.263223866779386e+06  2.014674332791867e+06  -1.156653962631755e+07  -6.520151979563419e+04  -1.067548099216056e+05  -7.743714957706950e-01  8.382581358015187e-02  6.217555459864029e-03
  1.814999999999983e+00  1.601254651272319e+07  3.265137998024157e+06  2.052445357398332e+06  -1.157514721133160e+07  -7.435142841424682e+04  -9.478285666705608e+04  -7.685309245609544e-01  8.421666287840686e-02  5.269635553173592e-03
  1.819999999999983e+00  1.596950967808432e+07  3.272915072370326e+06  2.110832325496446e+06  -1.158299291213413e+07  -8.397303208813003e+04  -9.214260477101766e+04  -7.625139039356534e-01  8.517333616867286e-02  4.422438082444947e-03
  1.824999999999983e+00  1.593746548594337e+07  3.281031515872877e+06  2.160321032433981e+06  -1.159403749894342e+07  -9.766862678222648e+04  -9.083013139916005e+04  -7.576717933341982e-01  8.637880784537194e-02  3.678507942739463e-04
  1.829999999999983e+00  1.589843780575797e+07  3.298793428954411e+06  2.255100695180521e+06  -1.160307745474070e+07  -1.100643564022290e+05  -1.044593741225785e+05  -7.519465156394749e-01  8.780487135260261e-02  5.409774862220907e-04
  1.834999999999983e+00  1.585846570356585e+07  3.312727701763910e+06  2.346745408551871e+06  -1.161227121476763e+07  -1.198038315820356e+05  -1.237970016837679e+05  -7.469348177654376e-01  8.959219333747387e-02  1.186522862910784e-03
  1.839999999999983e+00  1.581683694202415e+07  3.322270228738973e+06  2.427114598242297e+06  -1.162139540867678e+07  -1.261871328378758e+05  -1.435910132581339e+05  -7.428779147024944e-01  9.163764634588836e-02  2.268646962425693e-03
  1.844999999999983e+00  1.577431384035367e+07  3.328673619929840e+06  2.492700471183137e+06  -1.163016534208875e+07  -1.288005836764906e+05  -1.581373618094103e+05  -7.398714497016583e-01  9.379275654023736e-02  3.765775963693335e-03
  1.849999999999983e+00  1.573542478154928e+07  3.354895650363694e+06  2.581873433022507e+06  -1.164778856815837e+07  -1.395271375041427e+05  -1.614557993627016e+05  -7.380120311371675e-01  9.480293980805200e-02  5.295436487339132e-03
  1.854999999999982e+00  1.569168434123887e+07  3.357746900101364e+06  2.617852336053679e+06  -1.165762520650865e+07  -1.327229247416529e+05  -1.592599125743593e+05  -7.366678033809018e-01  9.672224259704514e-02  7.650673659386108e-03
  1.859999999999982e+00  1.565064537923445e+07  3.358720503704702e+06  2.637301712820960e+06  -1.166772696739946e+07  -1.224663494249848e+05  -1.454238427079679e+05  -7.358914595074860e-01  9.816378117159601e-02  9.750778048653959e-03
  1.864999999999982e+00  1.561282440493129e+07  3.357705441711155e+06  2.643305564416486e+06  -1.167906149322108e+07  -1.102817481827475e+05  -1.230938631006861e+05  -7.354190226667809e-01  9.891870508646811e-02  1.131972821697922e-02
  1.869999999999982e+00  1.556370554626997e+07  3.363853344321358e+06  2.652880998106904e+06  -1.170388519530729e+07  -1.018647706546891e+05  -1.077697595721140e+05  -7.353866164461138e-01  9.841755979956869e-02  1.222080512218966e-02
  1.874999999999982e+00  1.552315793352038e+07  3.350044043659764e+06  2.620865171176527e+06  -1.171983124379307e+07  -8.804968633706310e+04  -8.550301220126553e+04  -7.352822751792818e-01  9.779447542121286e-02  1.170275961914320e-02
  1.879999999999982e+00  1.548252834950786e+07  3.332672836194000e+06  2.581076382285330e+06  -1.173994986762863e+07  -7.574529125916660e+04  -7.045063446138415e+04  -7.354241130083761e-01  9.647960620955141e-02  1.013250345513769e-02
  1.884999999999982e+00  1.544030902079303e+07  3.312862694184836e+06  2.536802875342659e+06  -1.176516949141940e+07  -6.441933183774599e+04  -6.666561784752599e+04  -7.359524865382402e-01  9.472838059816333e-02  7.664533070079777e-03
  1.889999999999982e+00  1.537377545745525e+07  3.283762115364563e+06  2.461127281854423e+06  -1.179707458291356e+07  -5.755656937037027e+04  -7.950230986002191e+04  -7.368174138248248e-01  9.229696576646451e-02  4.088760980445479e-03
  1.894999999999982e+00  1.533031515052764e+07  3.262447422889693e+06  2.414711176217924e+06  -1.182824947564555e+07  -4.621014638182257e+04  -9.793574668416164e+04  -7.381103040742402e-01  9.049119392417998e-02  9.578627749515971e-04
  1.899999999999981e+00  1.528822653354569e+07  3.245961670616827e+06  2.380361315822768e+06  -1.186244676712538e+07  -3.353244209357658e+04  -1.244552702018981e+05  -7.396619548226099e-01  8.901913120184378e-02  -1.772907216600226e-03
  1.904999999999981e+00  1.524818800085293e+07  3.233747374295930e+06  2.359018971030969e+06  -1.189795455002676e+07  -2.011350371115005e+04  -1.539953204514522e+05  -7.411863505554201e-01  8.789294263512071e-02  -3.808412927915790e-03
  1.909999999999981e+00  1.520735179660883e+07  3.221771827985416e+06  2.317057105949386e+06  -1.192741498110633e+07  -7.125559447080665e+03  -1.878480799366089e+05  -7.424725042637816e-01  8.663343224246421e-02  -4.427706975185432e-03
  1.914999999999981e+00  1.518153409339488e+07  3.219825808204570e+06  2.327620692494636e+06  -1.195989844464103e+07  7.659230375331837e+03  -2.122748004387801e+05  -7.433200535994128e-01  8.617740220791797e-02  -4.151606943631520e-03
  1.919999999999981e+00  1.515685165152470e+07  3.213787393768702e+06  2.341004938915681e+06  -1.199096920485563e+07  1.809560193535094e+04  -2.285000067036451e+05  -7.435511798255824e-01  8.553910949887218e-02  -3.471452218243659e-03
  1.924999999999981e+00  1.513192410120499e+07  3.200452039093970e+06  2.350266379407459e+06  -1.202068694381693e+07  2.213000303284623e+04  -2.362974040803844e+05  -7.432070751073839e-01  8.454575509422818e-02  -2.779226871777136e-03
  1.929999999999981e+00  1.510644013105881e+07  3.179371475139170e+06  2.351531754240177e+06  -1.204939375885559e+07  1.906470169159444e+04  -2.375475281913341e+05  -7.423836194098683e-01  8.318746908808471e-02  -2.357506730263482e-03
  1.934999999999981e+00  1.510029561850780e+07  3.178215849349046e+06  2.361238628951414e+06  -1.206683659098058e+07  2.837493877457139e+04  -2.471942383541210e+05  -7.414347903040757e-01  8.290889658082010e-02  7.407275376733834e-04
  1.939999999999981e+00  1.507279993603379e+07  3.143661373105999e+06  2.348032796952192e+06  -1.209362316078034e+07  1.360200720820728e+04  -2.400561250989870e+05  -7.397884142575573e-01  8.119010820538676e-02  6.453065716784786e-05
  1.944999999999981e+00  1.504546939374916e+07  3.107789048001485e+06  2.330103856912429e+06  -1.211903550620380e+07  -5.307631545124877e+03  -2.335358861642554e+05  -7.378327612127460e-01  7.958662727923366e-02  -1.043197680251302e-03
  1.949999999999980e+00  1.501963679975722e+07  3.075915264174908e+06  2.314469427720980e+06  -1.214168064600988e+07  -2.513338859479614e+04  -2.289955122249015e+05  -7.355048817792645e-01  7.838776164060796e-02  -2.179464199279945e-03
  1.954999999999980e+00  1.499845775391452e+07  3.047091655178995e+06  2.309578626751324e+06  -1.215168993641188e+07  -3.360780862627517e+04  -2.252989150566896e+05  -7.327898814872731e-01  7.824013013668001e-02  -2.054335864098540e-03
  1.959999999999980e+00  1.497048697304119e+07  3.019798705685712e+06  2.306339250852920e+06  -1.216728956997980e+07  -5.284182831364182e+04  -2.199878588446445e+05  -7.294233964084943e-01  7.768800293345418e-02  -3.194626148393004e-03
  1.964999999999980e+00  1.494261558928921e+07  3.002552796296937e+06  2.317339072754282e+06  -1.217655038947449e+07  -6.685512257913579e+04  -2.152426744810915e+05  -7.253733936800720e-01  7.765915004046131e-02  -3.536873770536533e-03
  1.969999999999980e+00  1.491175272649840e+07  2.992947185989216e+06  2.339639122586571e+06  -1.217870807590157e+07  -7.558523472110039e+04  -2.099402606914167e+05  -7.206155103867492e-01  7.796088020108755e-02  -3.235029409460874e-03
  1.974999999999980e+00  1.486523162397463e+07  2.950505393675466e+06  2.356902808620240e+06  -1.217601079517193e+07  -8.651557406890317e+04  -1.984011825944243e+05  -7.154066488313405e-01  7.788668955900006e-02  -3.720051830121078e-03
  1.979999999999980e+00  1.481985898737059e+07  2.942556262289841e+06  2.388267723957777e+06  -1.216779296987883e+07  -9.043796620880987e+04  -1.915344594459457e+05  -7.094354899127777e-01  7.803747615900479e-02  -3.131859333628870e-03
  1.984999999999980e+00  1.476633155174640e+07  2.935843272351561e+06  2.414397311165127e+06  -1.215297271438963e+07  -9.188076147071083e+04  -1.864085584602371e+05  -7.029948527690415e-01  7.813056737770700e-02  -2.796837834297454e-03
  1.989999999999980e+00  1.470628239016577e+07  2.929772763626050e+06  2.430378472663744e+06  -1.213227555824923e+07  -9.197831517498875e+04  -1.846310859912883e+05  -6.961861075804380e-01  7.820643581493018e-02  -2.949263655230028e-03
  1.994999999999979e+00  1.462972987307718e+07  2.878821726020670e+06  2.441750945762086e+06  -1.211667970286507e+07  -1.065656490269411e+05  -1.764954552551789e+05  -6.884374818662874e-01  7.741777367452674e-02  -4.287516921188100e-03
  1.999999999999979e+00  1.456747492227534e+07  2.878564288655436e+06  2.437670604239591e+06  -1.208630382712828e+07  -1.062446436798484e+05  -1.815208481873229e+05  -6.806825844876719e-01  7.782952230249937e-02  -5.242231121221728e-03
