TITLE = "Temporal Signal for receiver number 00001"
VARIABLES = "Time","s_xx","s_yy","s_zz","s_xy","s_yz","s_xz","v1","v2","v3"
# x1       0.000000000000e+00
# x2       2.000000000000e+03
# x3       -7.500000000000e+03
# cell-global-id 9467
  0.000000000000000e+00  0.000000000000000e+00  0.000000000000000e+00  0.000000000000000e+00  0.000000000000000e+00  0.000000000000000e+00  0.000000000000000e+00  0.000000000000000e+00  0.000000000000000e+00  0.000000000000000e+00
  5.000000000000000e-03  0.000000000000000e+00  0.000000000000000e+00  0.000000000000000e+00  0.000000000000000e+00  0.000000000000000e+00  0.000000000000000e+00  0.000000000000000e+00  0.000000000000000e+00  0.000000000000000e+00
  1.000000000000000e-02  0.000000000000000e+00  0.000000000000000e+00  0.000000000000000e+00  0.000000000000000e+00  0.000000000000000e+00  0.000000000000000e+00  0.000000000000000e+00  0.000000000000000e+00  0.000000000000000e+00
  1.500000000000000e-02  -2.279198146335959e-12  -3.145931465758743e-11  -2.581220444042558e-11  1.151313930681424e-12  2.049920555515657e-11  1.042142477034452e-11  -9.046957034178171e-18  2.996423137751940e-18  -8.504778658892788e-19
  2.000000000000000e-02  -2.081700219356449e-10  -4.428510206044320e-10  -2.820441749645772e-10  -6.711607249855355e-11  2.177913618290489e-10  1.381403406526963e-10  -7.882880231554736e-17  3.816676180682207e-17  -4.796799943484283e-18
  2.500000000000000e-02  -7.182477059034596e-10  -9.467466099434898e-10  -5.856838441003447e-10  -6.518028795461951e-11  4.165917517333072e-10  2.035189623119851e-10  -1.549623399427937e-16  7.351129207492585e-17  -7.482736033443051e-18
  3.000000000000000e-02  -8.048359871955725e-10  -1.364727032192090e-09  -7.318526466181258e-10  1.483738582839495e-10  8.015795823596076e-10  3.670671312287448e-10  -3.689693381507589e-16  9.479318782760834e-17  -1.161439863821763e-17
  3.500000000000000e-02  3.608705358208223e-10  -5.747171308857329e-10  -8.847195424541730e-12  7.264403617213292e-10  8.958029427347908e-10  2.474801669635749e-10  -5.525324160912634e-16  1.187771002426971e-17  -1.446422798308072e-17
  4.000000000000000e-02  2.367602654407304e-09  1.426981271820968e-09  1.397277465615854e-09  1.453894632258519e-09  4.329934922002671e-10  -1.711623457730845e-10  -5.563692013425558e-16  -1.695690671914124e-16  -1.121763268519082e-17
  4.500000000000000e-02  3.229779259881585e-09  2.998987373689342e-09  2.294036569095419e-09  1.634935813961468e-09  -1.267420308713986e-10  -3.066239666736062e-10  -4.409684943630671e-16  -2.985501799187311e-16  -1.202373065494664e-17
  5.000000000000000e-02  4.046544139327047e-09  4.878518726297493e-09  3.004974103227032e-09  1.342610030141528e-09  -1.305210143589436e-09  -4.393362050264012e-10  6.408926928221110e-18  -4.617607904877142e-16  -8.194857098718040e-19
  5.499999999999999e-02  2.977440654172626e-09  5.316508216802727e-09  2.440656674579231e-09  -2.344012531769680e-13  -2.518895547728268e-09  -2.616059239896179e-10  6.742712595687830e-16  -4.927110250745442e-16  2.469524555850786e-17
  5.999999999999999e-02  4.098461682382072e-10  4.059990540263198e-09  7.478104173355136e-10  -2.299113934651490e-09  -3.401827305562853e-09  1.547262045731434e-10  1.400482483573132e-15  -3.559585409774153e-16  6.322501501290105e-17
  6.499999999999999e-02  7.297599866860252e-11  2.789612961959251e-09  -4.066317153596576e-10  -3.951369243605194e-09  -3.670584832934197e-09  6.032760706802012e-10  1.749942425566043e-15  -2.170831686375476e-16  7.923768697970121e-17
  6.999999999999999e-02  -2.394390540147081e-09  -4.736313839550690e-10  -2.651675984581622e-09  -6.365469122727524e-09  -3.459841473746648e-09  7.907913867462641e-10  2.158296807016656e-15  1.384712385635768e-16  1.233262603358320e-16
  7.500000000000000e-02  -4.036838721163821e-09  -4.104063660798505e-09  -4.436565981934172e-09  -7.950627731824063e-09  -2.458601499178952e-09  7.079779425017325e-10  2.191849356145427e-15  5.474200841530946e-16  1.404444858652311e-16
  8.000000000000000e-02  -4.438100723566678e-09  -7.470261090912467e-09  -5.420428739453416e-09  -8.067439366638447e-09  -7.625042498163015e-10  3.424930098463610e-10  1.802227116258980e-15  9.286933309539258e-16  1.114572297197789e-16
  8.500000000000001e-02  -3.775573446159319e-09  -1.001104270259348e-08  -6.159804837125551e-09  -6.963322874367956e-09  9.475270228177288e-10  -2.428555598127435e-10  1.363733392093510e-15  1.162300332938644e-15  7.325251563583323e-17
  9.000000000000001e-02  -3.453087792948427e-09  -1.226315346131959e-08  -6.042795639839413e-09  -4.317153109230119e-09  3.388251411052864e-09  -9.161583748413413e-10  4.320790469300202e-16  1.367065831302332e-15  -3.927767812816333e-17
  9.500000000000001e-02  -2.461048982245268e-09  -1.302049962148073e-08  -5.125674909896661e-09  -1.436023988250162e-10  5.731815871007827e-09  -1.592701521257404e-09  -7.078601444649407e-16  1.364966627723077e-15  -1.821746543008706e-16
  1.000000000000000e-01  -1.057280210287224e-09  -1.202876964206185e-08  -3.523898381868540e-09  5.047418715069063e-09  7.620930800823546e-09  -2.188782026309957e-09  -1.914872405602002e-15  1.128814919426963e-15  -3.231005826809626e-16
  1.050000000000000e-01  5.018901402137638e-10  -9.212702413867343e-09  -1.347700845488404e-09  1.055128096190163e-08  8.742195545557211e-09  -2.640458948669368e-09  -3.046108775147718e-15  6.675711680665239e-16  -4.261245289422768e-16
  1.100000000000000e-01  -1.392159813351470e-09  -6.651113671695112e-09  2.619906507889925e-10  1.342072482760754e-08  8.793938271132157e-09  -3.100511114069100e-09  -3.531109165853717e-15  3.013735479737887e-16  -4.198185564603467e-16
  1.150000000000000e-01  3.154299027734097e-10  -5.021223483059330e-10  3.697654800818771e-09  1.788179493773786e-08  7.874754135430110e-09  -3.176384812514937e-09  -4.298442369258216e-15  -4.642172886025643e-16  -3.922584208715977e-16
  1.200000000000000e-01  2.013940539547967e-09  6.597164584255064e-09  7.295156886445056e-09  2.081027669596423e-08  5.891859676995799e-09  -2.947281021394228e-09  -4.717135152531695e-15  -1.272685508407669e-15  -2.854884907437866e-16
  1.250000000000000e-01  3.417775212988164e-09  1.380592643234423e-08  1.068338334246129e-08  2.166685619325104e-08  3.034981591938793e-09  -2.371981851457277e-09  -4.720821466936981e-15  -2.009848175614887e-15  -1.145668427162243e-16
  1.300000000000000e-01  3.668092538381924e-09  2.020635300342955e-08  1.410301607666461e-08  2.108606474433832e-08  -2.115261554258382e-10  -1.705748266082749e-09  -4.506257790157180e-15  -2.527376297081182e-15  5.966095749023203e-17
  1.350000000000000e-01  4.969671295168497e-09  2.579053447308819e-08  1.623580514099024e-08  1.811332756777458e-08  -3.790381388182705e-09  -3.353294776193455e-10  -3.820328723558436e-15  -2.936306156135774e-15  2.534876218868314e-16
  1.400000000000000e-01  5.187310824874582e-09  2.888869496947887e-08  1.678348162124530e-08  1.268606251909700e-08  -7.137763396132035e-09  1.365546501672957e-09  -2.694345904948588e-15  -3.017089455185829e-15  4.226578951302165e-16
  1.450000000000000e-01  4.144575876991580e-09  2.900145074085998e-08  1.547538585539320e-08  5.151901441002628e-09  -9.890042342774874e-09  3.285129258677463e-09  -1.188910729862465e-15  -2.744466518901202e-15  5.442020705037244e-16
  1.500000000000000e-01  5.140204569393185e-09  2.851310693390651e-08  1.408067956117554e-08  -1.261670712554113e-10  -1.173333250801850e-08  5.295767278454256e-09  -2.003679210767266e-16  -2.459735604964647e-15  5.448072360396372e-16
  1.550000000000001e-01  2.489723003557084e-09  2.266682865156089e-08  8.988444234098698e-09  -9.834893014791866e-09  -1.254892981825228e-08  7.280817863768718e-09  1.701317162818523e-15  -1.607924003667526e-15  5.358651640403045e-16
  1.600000000000001e-01  -1.018112842060911e-09  1.417958095344806e-08  2.367023021363323e-09  -1.974396101642379e-08  -1.227638993415120e-08  8.933987845536885e-09  3.663209404606498e-15  -5.335954255957270e-16  4.767390505274706e-16
  1.650000000000001e-01  -4.675015561181811e-09  3.924983085586936e-09  -5.155298026752500e-09  -2.891969724305046e-08  -1.099522516961238e-08  1.007439068387713e-08  5.515994641114187e-15  6.490753650932349e-16  3.814853823978150e-16
  1.700000000000001e-01  -4.526252522184055e-09  -5.109126544026179e-09  -1.170446710918357e-08  -3.392399791690357e-08  -8.848699355249592e-09  1.080362402289451e-08  6.510444728849503e-15  1.547341944710027e-15  1.904445611497610e-16
  1.750000000000001e-01  -6.874723570404963e-09  -1.639013273474366e-08  -1.911893742811183e-08  -4.008713512624199e-08  -6.064077703528545e-09  1.047782939407155e-08  7.845903141811072e-15  2.670341958008335e-15  7.730807762208254e-17
  1.800000000000001e-01  -7.146208081984858e-09  -2.623179344402775e-08  -2.503049830957436e-08  -4.345581454527890e-08  -2.947132626134349e-09  9.348025939812107e-09  8.646522404324226e-15  3.567629243890865e-15  -2.202605453185820e-17
  1.850000000000001e-01  -4.605529302402420e-09  -3.366141738858937e-08  -2.874481112580604e-08  -4.363339070849070e-08  2.532155510095303e-10  7.494299093364223e-09  8.791447545793028e-15  4.150978970065104e-15  -1.015557598500670e-16
  1.900000000000001e-01  1.198600445664499e-09  -3.798310405138599e-08  -2.981025348219323e-08  -4.048572174404719e-08  3.326647040618040e-09  5.085129184696824e-09  8.195304095435508e-15  4.364825548535069e-15  -1.596353194066594e-16
  1.950000000000001e-01  5.942087550290542e-09  -4.076580834053501e-08  -2.961465850297068e-08  -3.678578003827850e-08  6.220413014117093e-09  2.063409490468243e-09  7.474031992093252e-15  4.403622699946900e-15  -2.085414668603181e-16
  2.000000000000001e-01  1.587147591416702e-08  -3.877692239064275e-08  -2.569369475516637e-08  -2.860383640753554e-08  8.492690160792383e-09  -8.959227838815959e-10  5.620575354944953e-15  3.937120382121938e-15  -2.036974192975415e-16
  2.050000000000001e-01  2.841684148812812e-08  -3.340575679253717e-08  -1.951677249116959e-08  -1.795021283719937e-08  1.030101520455211e-08  -3.496205497020026e-09  2.988946059293081e-15  3.117281569039448e-15  -1.878851685823710e-16
  2.100000000000001e-01  4.309711050339510e-08  -2.514746372722682e-08  -1.178468688044118e-08  -5.469189130211360e-09  1.169644484697633e-08  -5.313874593440266e-09  -3.865178886989999e-16  2.007232882740775e-15  -1.634561013465748e-16
  2.150000000000001e-01  4.711934395910025e-08  -1.823609171445865e-08  -5.532223049561017e-09  2.906940970529465e-09  1.205115560151481e-08  -7.789773733812764e-09  -2.645612461032837e-15  1.103131738306543e-15  -7.007534044234723e-17
  2.200000000000001e-01  6.211806187947503e-08  -6.172858658169374e-09  2.906306881046085e-09  1.666773110039599e-08  1.246196705108607e-08  -7.445610223390525e-09  -7.016493381924239e-15  -3.446456761385650e-16  -1.828984832112705e-17
  2.250000000000001e-01  7.879671063408296e-08  7.088992244225701e-09  1.048157067208764e-08  3.032113518763594e-08  1.283382266904884e-08  -5.134518999384525e-09  -1.199989239361380e-14  -1.864693573766349e-15  5.042403838977867e-17
  2.300000000000001e-01  9.826315977146046e-08  2.118408496118903e-08  1.648431529902780e-08  4.321896353153055e-08  1.344283312429269e-08  -3.724973995697767e-10  -1.760906975522374e-14  -3.391817915821597e-15  1.531932078159513e-16
  2.350000000000001e-01  9.615652209697067e-08  3.207337141505991e-08  1.971220940860722e-08  5.018011702264764e-08  1.103680917121299e-08  1.423045700751449e-09  -2.060159237111907e-14  -4.479550609833743e-15  3.178230870141382e-16
  2.400000000000001e-01  1.211769818573447e-07  4.787734663982601e-08  2.202317515489069e-08  6.079621521563575e-08  1.169685731425904e-08  1.070375023161117e-08  -2.711020944896872e-14  -5.928252583878026e-15  5.113802764476822e-16
  2.450000000000001e-01  1.567982095614349e-07  6.526839557311123e-08  2.204229619411159e-08  6.967053223738172e-08  1.338857748780141e-08  2.381079823037908e-08  -3.460085846612602e-14  -7.329642390123010e-15  8.061793911261273e-16
  2.500000000000001e-01  2.089849732189056e-07  8.528073732929715e-08  1.983324446973476e-08  7.669589885454171e-08  1.658334221705278e-08  4.169937630874235e-08  -4.347930725971760e-14  -8.729910348539539e-15  1.239235339990088e-15
  2.550000000000001e-01  2.176140668139352e-07  1.030223130961571e-07  1.803389702142046e-08  7.992085675562053e-08  1.114874190345621e-08  4.886302854353840e-08  -4.737124609021471e-14  -9.712524172291832e-15  1.625763364529451e-15
  2.600000000000001e-01  3.056586085049908e-07  1.318330825379637e-07  1.329710243863296e-08  8.454229933115851e-08  1.559503637907013e-08  7.493200063870943e-08  -5.907118317448526e-14  -1.130197899233727e-14  2.365303163143809e-15
  2.650000000000001e-01  4.342364444578151e-07  1.686350748454139e-07  6.919114273740736e-09  8.796493233002483e-08  2.265064142025796e-08  1.096294080059344e-07  -7.408505233806571e-14  -1.322165132436810e-14  3.381606071276502e-15
  2.700000000000001e-01  6.189993076567163e-07  2.164468868042210e-07  -1.346350935752589e-09  9.070720340308988e-08  3.311804757812634e-08  1.559710379755388e-07  -9.376687627128542e-14  -1.569027156419152e-14  4.758601104141682e-15
  2.750000000000001e-01  6.863247305622924e-07  2.621652880034111e-07  -2.339471549870411e-09  9.306380042915412e-08  2.017113753965386e-08  1.708816097777303e-07  -1.021868735684482e-13  -1.769477249985250e-14  5.846206533132175e-15
  2.800000000000001e-01  9.807896085630795e-07  3.393087396659021e-07  -1.276695719349671e-08  9.668637397926196e-08  3.205216401635314e-08  2.382113623573391e-07  -1.312648611853939e-13  -2.172076284438896e-14  8.028440569091499e-15
  2.850000000000001e-01  1.390200280005918e-06  4.405660433524201e-07  -2.746893061441890e-08  1.017483161978051e-07  4.868022554074051e-08  3.294895485738171e-07  -1.701773825065510e-13  -2.722027661853046e-14  1.094144202422925e-14
  2.900000000000001e-01  1.954155292918321e-06  5.732849606022916e-07  -4.892126039228878e-08  1.093056395952455e-07  7.135941944802195e-08  4.535123032898090e-07  -2.221660169135404e-13  -3.471402931407934e-14  1.483408104903396e-14
  2.950000000000002e-01  2.725100409467909e-06  7.467922902548028e-07  -8.078657007043096e-08  1.205111894141256e-07  1.017050554383364e-07  6.220731309481239e-07  -2.913238135376604e-13  -4.485170619902042e-14  2.004370014371087e-14
  3.000000000000002e-01  3.031253032664358e-06  9.105585864160942e-07  -8.323073306894761e-08  1.305414698433636e-07  5.191668459058237e-08  6.749476043266546e-07  -3.212771436052450e-13  -5.332406798453202e-14  2.394709953100283e-14
  3.050000000000002e-01  4.190012236168152e-06  1.187362434222046e-06  -1.348255598951470e-07  1.502604689760406e-07  7.713749413390297e-08  9.261035424545415e-07  -4.222898455239432e-13  -6.975680147590180e-14  3.212615390280710e-14
  3.100000000000002e-01  5.753652787048155e-06  1.546711820695980e-06  -2.118631610860890e-07  1.765245286686409e-07  1.096332048745282e-07  1.267001827032520e-06  -5.545250219722461e-13  -9.144882737426326e-14  4.305576515752551e-14
  3.150000000000002e-01  7.853546539908646e-06  2.011183613651274e-06  -3.255573961805032e-07  2.100107489001907e-07  1.506298947216664e-07  1.727680202405270e-06  -7.263886365155016e-13  -1.198263472462762e-13  5.764446910056416e-14
  3.200000000000002e-01  8.687889578173767e-06  2.445741276720540e-06  -3.501633608421257e-07  2.314620130936282e-07  -8.481023860040613e-09  1.878030468419604e-06  -7.972432099290694e-13  -1.432539895386142e-13  6.837337621623858e-14
  3.250000000000002e-01  1.178278526956924e-05  3.172481663050114e-06  -5.319266691602192e-07  2.762329109765044e-07  -5.682862097617928e-09  2.558692934808714e-06  -1.038573393232582e-12  -1.869590290318821e-13  9.100380673518170e-14
  3.300000000000002e-01  1.589786396184634e-05  4.101107660133880e-06  -7.944429307044042e-07  3.260618991388035e-07  -6.799575148936894e-09  3.470591275275144e-06  -1.346580516883643e-12  -2.429370685524009e-13  1.209107627185441e-13
  3.350000000000002e-01  2.134232722740379e-05  5.280321054971451e-06  -1.170222650795075e-06  3.770527349288253e-07  -1.598214647583987e-08  4.685472246899763e-06  -1.736816282267807e-12  -3.141077028189128e-13  1.602952019534041e-13
  3.400000000000002e-01  2.352657705248885e-05  6.381495823208367e-06  -1.277188987610461e-06  3.948463933514124e-07  -4.969939727677527e-07  5.096365564546293e-06  -1.885399788868113e-12  -3.721865106485344e-13  1.882546335250815e-13
  3.450000000000002e-01  3.140531068518550e-05  8.171109493025725e-06  -1.863587831790528e-06  4.318142139105931e-07  -6.594676356934095e-07  6.860681796119428e-06  -2.411250142730833e-12  -4.771750536370315e-13  2.475252118572957e-13
  3.500000000000002e-01  4.171330143274272e-05  1.040835438929748e-05  -2.690223188878281e-06  4.432839021897449e-07  -8.850955150750714e-07  9.187265506489748e-06  -3.065035935491251e-12  -6.082057572613834e-13  3.244901888120087e-13
  3.550000000000002e-01  5.512727595340493e-05  1.318507168816513e-05  -3.846853220036046e-06  4.086196822982099e-07  -1.199208377813455e-06  1.223797197718242e-05  -3.871538237753293e-12  -7.706134919014992e-13  4.240597058381604e-13
  3.600000000000002e-01  6.056563407164165e-05  1.577342895325713e-05  -4.236449172623686e-06  3.254820205959884e-07  -2.546919952199328e-06  1.329469729152938e-05  -4.145577909006032e-12  -9.014451759653426e-13  4.907582940125054e-13
  3.650000000000002e-01  7.956624885773495e-05  1.982876977312045e-05  -6.012561374801647e-06  1.511057443274173e-07  -3.350719598140835e-06  1.764098002851627e-05  -5.184606101699836e-12  -1.131279083247359e-12  6.351267720746629e-13
  3.700000000000002e-01  1.039938654250752e-04  2.477362535359985e-05  -8.460849054788599e-06  -1.701474812699254e-07  -4.419837792941433e-06  2.328032254313376e-05  -6.439405856600556e-12  -1.410826229698766e-12  8.193083655034567e-13
  3.750000000000002e-01  1.352267265487637e-04  3.075627884870425e-05  -1.181046075318622e-05  -7.032328481342552e-07  -5.841845880779253e-06  3.055654798999383e-05  -7.941095711219298e-12  -1.748355255321735e-12  1.053527159584870e-12
  3.800000000000002e-01  1.749428445263176e-04  3.793679928189994e-05  -1.635958606418564e-05  -1.532981623196781e-06  -7.731789678928343e-06  3.989301036145175e-05  -9.721109323208092e-12  -2.152845732478700e-12  1.350447035185053e-12
  3.850000000000002e-01  1.911648132213488e-04  4.469564339831755e-05  -1.814843178584590e-05  -2.279892992095833e-06  -1.212879574463629e-05  4.327592262784762e-05  -1.020420757124468e-11  -2.471630732747061e-12  1.524228786713412e-12
  3.900000000000002e-01  2.457413720094696e-04  5.462787603831574e-05  -2.494465590054764e-05  -3.823002191480393e-06  -1.574245963735865e-05  5.624831462639427e-05  -1.234337226349481e-11  -3.010851442693883e-12  1.934666800935558e-12
  3.950000000000002e-01  3.142814770736554e-04  6.630728902931264e-05  -3.403038350433040e-05  -6.008464256194992e-06  -2.042942039126406e-05  7.271772865828379e-05  -1.480861073033059e-11  -3.642516162628280e-12  2.448483134678958e-12
  4.000000000000002e-01  3.998895722151371e-04  7.991424273071242e-05  -4.609212632905179e-05  -9.030060767553748e-06  -2.649792475909705e-05  9.351348639699852e-05  -1.761334543306163e-11  -4.375695311224167e-12  3.089934022424983e-12
  4.050000000000002e-01  4.346634940367199e-04  9.273485124416679e-05  -5.130224242869456e-05  -1.144195234028988e-05  -3.700359868290664e-05  1.010866413494702e-04  -1.812961815795841e-11  -4.936214151104886e-12  3.418621460608569e-12
  4.100000000000003e-01  5.494578947424371e-04  1.106120035795340e-04  -6.891964661231620e-05  -1.629863892433645e-05  -4.730739694151140e-05  1.293936874728220e-04  -2.125129047354881e-11  -5.856065253665834e-12  4.272948415814481e-12
  4.150000000000003e-01  6.910440751476706e-04  1.309163756250192e-04  -9.194839550919822e-05  -2.269360470795995e-05  -6.040915786795558e-05  1.647591207054551e-04  -2.465633578657563e-11  -6.891563757251118e-12  5.326965368941940e-12
  4.200000000000003e-01  8.647286150077088e-04  1.536976414184338e-04  -1.218568428947942e-04  -3.098081880190602e-05  -7.702979050549304e-05  2.087087059294850e-04  -2.829050480791221e-11  -8.041761911646496e-12  6.624049186880497e-12
  4.250000000000003e-01  9.343240850278167e-04  1.752915250504244e-04  -1.357098350607708e-04  -3.713200476056289e-05  -1.005124770553103e-04  2.247131976453728e-04  -2.840141862127083e-11  -8.876376619269082e-12  7.172967200091481e-12
  4.300000000000003e-01  1.161418401410553e-03  2.032509707775023e-04  -1.783720481566799e-04  -4.925715471555560e-05  -1.266596908096845e-04  2.833168673527697e-04  -3.194255346543710e-11  -1.019303419137766e-11  8.836909571363792e-12
  4.350000000000003e-01  1.436476961145677e-03  2.334688248404265e-04  -2.329657957348033e-04  -6.438709743523754e-05  -1.593296114086227e-04  3.553853339698162e-04  -3.539619790492305e-11  -1.158144535157553e-11  1.086211043432274e-11
  4.400000000000003e-01  1.767825951408684e-03  2.654793438446932e-04  -3.024157098267156e-04  -8.299781545032416e-05  -2.000388438064174e-04  4.435555905369541e-04  -3.855642750372807e-11  -1.300623500290795e-11  1.332130740253361e-11
  4.450000000000003e-01  1.897619736543830e-03  2.964328992650541e-04  -3.362790656373484e-04  -9.604593400189875e-05  -2.493031966437078e-04  4.755426657502741e-04  -3.731174760510478e-11  -1.392542950074531e-11  1.410103378783210e-11
  4.500000000000003e-01  2.319741076403297e-03  3.315018082934100e-04  -4.329935698535726e-04  -1.211211159170655e-04  -3.098353413040982e-04  5.907432236508724e-04  -3.926911045629099e-11  -1.526168691220460e-11  1.714065080825915e-11
  4.550000000000003e-01  2.821745648326939e-03  3.659160049819780e-04  -5.543126745994209e-04  -1.508064602235671e-04  -3.842555213168296e-04  7.302474301812579e-04  -4.014462161857620e-11  -1.643719417739930e-11  2.079530126356746e-11
  4.600000000000003e-01  3.415500622491295e-03  3.979274484868357e-04  -7.056743742441308e-04  -1.853680533089757e-04  -4.754792829411961e-04  8.983437741880299e-04  -3.947681461249126e-11  -1.733459655953595e-11  2.518036771195071e-11
  4.650000000000003e-01  4.113941785876663e-03  4.252428990644600e-04  -8.935305845425808e-04  -2.248725470998408e-04  -5.869505289473173e-04  1.099903856955476e-03  -3.670523439168955e-11  -1.780374758355096e-11  3.043030379726750e-11
  4.700000000000003e-01  4.376442248300180e-03  4.562937143821180e-04  -9.880394371223954e-04  -2.508747117068226e-04  -7.024983958115131e-04  1.174386379068736e-03  -3.144996566227093e-11  -1.759160066950263e-11  3.124630109815092e-11
  4.750000000000003e-01  5.235932682983209e-03  4.714497233652076e-04  -1.241434606811243e-03  -2.977923226771610e-04  -8.595041492539811e-04  1.431365576146608e-03  -2.452074616641062e-11  -1.680118755018016e-11  3.746896130715708e-11
  4.800000000000003e-01  6.233724291102936e-03  4.724514040168673e-04  -1.551905775716656e-03  -3.482811832550698e-04  -1.049013644648103e-03  1.736550603091143e-03  -1.383533750447817e-11  -1.493082739702500e-11  4.486036406592104e-11
  4.850000000000003e-01  7.385648663417404e-03  4.540088194710102e-04  -1.930510259508440e-03  -4.007638825076043e-04  -1.277000308154813e-03  2.097315072007868e-03  1.500006546288546e-12  -1.164174774030115e-11  5.362233537745147e-11
  4.900000000000003e-01  7.795470411559950e-03  4.517741283481709e-04  -2.125144727352059e-03  -4.342255622062626e-04  -1.490210196453674e-03  2.230303970868906e-03  1.125736476604587e-11  -8.017005887663542e-12  5.374118032817571e-11
  4.950000000000003e-01  9.173213516384922e-03  3.887720713429742e-04  -2.624153429611782e-03  -4.856650912050503e-04  -1.799726767581244e-03  2.682160204440731e-03  3.385569503482817e-11  -1.234593783932193e-12  6.381921427496152e-11
  5.000000000000003e-01  1.074236515298829e-02  2.862849044899783e-04  -3.225473827554242e-03  -5.309781154996027e-04  -2.167842349494947e-03  3.211620849510447e-03  6.320429452890919e-11  8.295923040146882e-12  7.569876903105961e-11
  5.050000000000003e-01  1.251941710489135e-02  1.341009675114410e-04  -3.947062451313876e-03  -5.645089877254669e-04  -2.604133627860456e-03  3.829415977159689e-03  1.003844901389996e-10  2.123023217324860e-11  8.967511674302806e-11
  5.100000000000003e-01  1.310138655013541e-02  3.077427587498247e-05  -4.322006363898304e-03  -5.878505704995592e-04  -2.977483702794698e-03  4.058634262713795e-03  1.127424709188595e-10  3.275832242495063e-11  8.776511054325718e-11
  5.150000000000003e-01  1.516372810361107e-02  -2.291106813578853e-04  -5.252281535787670e-03  -5.912298145663916e-04  -3.551148273764161e-03  4.820893150835022e-03  1.592934708170540e-10  5.333867496714994e-11  1.034840257794789e-10
  5.200000000000004e-01  1.746704246789883e-02  -5.748200182806427e-04  -6.356777137704515e-03  -5.604029799813963e-04  -4.223710555367220e-03  5.703721710279710e-03  2.152576962015516e-10  7.970324827723012e-11  1.219259700567902e-10
  5.250000000000004e-01  2.002491983489735e-02  -1.023613690902918e-03  -7.663562598307859e-03  -4.818609207416527e-04  -5.009363729020447e-03  6.722599808147114e-03  2.813944917524880e-10  1.129926118041520e-10  1.435213908310789e-10
  5.300000000000004e-01  2.076060619541918e-02  -1.347143356456672e-03  -8.342175864853038e-03  -4.515738693502585e-04  -5.632199200507486e-03  7.109199321206994e-03  2.864568085396208e-10  1.397048860578858e-10  1.376037669525488e-10
  5.350000000000004e-01  2.363687517039831e-02  -2.008772161319721e-03  -9.992925528071229e-03  -2.764841900967516e-04  -6.636476195271544e-03  8.353059017197115e-03  3.593404876706570e-10  1.874599359654334e-10  1.616574246513279e-10
  5.400000000000004e-01  2.678748725084074e-02  -2.830484339746782e-03  -1.192858375541959e-02  -7.076390384679514e-06  -7.797541054926142e-03  9.781148178274688e-03  4.413613411695136e-10  2.459955966803613e-10  1.898405265162192e-10
  5.450000000000004e-01  3.022073742774160e-02  -3.838302493439380e-03  -1.419256012797387e-02  3.824649636564266e-04  -9.134850635544201e-03  1.141681527036968e-02  5.319227983750730e-10  3.171483389155241e-10  2.227968677746354e-10
  5.500000000000004e-01  3.101066042141108e-02  -4.556677350866184e-03  -1.535340424714537e-02  5.417352186659995e-04  -1.012955081743744e-02  1.206741241649033e-02  5.047335194033413e-10  3.689860290292803e-10  2.107475048514818e-10
  5.550000000000004e-01  3.475264264718415e-02  -5.928951090995968e-03  -1.816444135493771e-02  1.147015166419980e-03  -1.179717659684295e-02  1.405672289212083e-02  5.885857398383263e-10  4.646425098169252e-10  2.477383617668621e-10
  5.600000000000004e-01  3.878449272090190e-02  -7.566704115315392e-03  -2.143111399954507e-02  1.951653075895995e-03  -1.369940367247221e-02  1.633138936785476e-02  6.739316011374376e-10  5.786917069860400e-10  2.911676476341995e-10
  5.650000000000004e-01  4.311561341665804e-02  -9.505317279165724e-03  -2.522267950168801e-02  2.996819034144596e-03  -1.586112050343350e-02  1.893060301933657e-02  7.571971404205844e-10  7.139500832545498e-10  3.420558571293124e-10
  5.700000000000004e-01  4.776038659766598e-02  -1.178322718882696e-02  -2.962023860192131e-02  4.328359332468310e-03  -1.830845170566822e-02  2.190062354849514e-02  8.336199055578147e-10  8.736252624474927e-10  4.015713858852522e-10
  5.750000000000004e-01  4.837020277640663e-02  -1.331134230169028e-02  -3.176830511315339e-02  4.805986388611996e-03  -2.003510778574606e-02  2.322445112749526e-02  6.944034777991733e-10  9.747940417118384e-10  3.820443422851933e-10
  5.800000000000004e-01  5.331697663796617e-02  -1.619875163581881e-02  -3.715254360607548e-02  6.590686686336856e-03  -2.301079189781211e-02  2.686952711299129e-02  7.191862870944467e-10  1.177379744835601e-09  4.512769514367865e-10
  5.850000000000004e-01  5.864187784665212e-02  -1.952830617621767e-02  -4.338885672665461e-02  8.781489824487907e-03  -2.635196866794925e-02  3.105578705444548e-02  7.155674692708232e-10  1.413662128029618e-09  5.328143561944039e-10
  5.900000000000004e-01  6.441536290188403e-02  -2.334742681440547e-02  -5.062117753769282e-02  1.143571959494910e-02  -3.009055660738155e-02  3.587577184598081e-02  6.726698883771305e-10  1.688543374890429e-09  6.287285902786776e-10
  5.950000000000004e-01  6.458360288334453e-02  -2.565909003035725e-02  -5.400525148837860e-02  1.216950024092832e-02  -3.268875909974418e-02  3.824329915313258e-02  3.528959372508190e-10  1.834656957230806e-09  6.101286689814105e-10
  6.000000000000004e-01  7.088884348484759e-02  -3.026966783805504e-02  -6.285670865394676e-02  1.546591389674533e-02  -3.717896658565251e-02  4.428064065591700e-02  1.890025748186815e-10  2.170610177039699e-09  7.265012285233827e-10
  6.050000000000004e-01  7.796990450520722e-02  -3.547698983732284e-02  -7.316514460941993e-02  1.934823906538457e-02  -4.217418020946125e-02  5.130935644501527e-02  -5.507925547459296e-11  2.558427211524635e-09  8.645920178328883e-10
  6.100000000000004e-01  8.610350622069776e-02  -4.133544491880143e-02  -8.521456714637397e-02  2.387164375898045e-02  -4.771521791650879e-02  5.953490675730683e-02  -4.015943320080942e-10  3.005750830152725e-09  1.028476864335625e-09
  6.150000000000004e-01  8.587660001989669e-02  -4.428622144291099e-02  -9.057821085545922e-02  2.459963138607158e-02  -5.166376247309289e-02  6.396262840086873e-02  -1.007246349639731e-09  3.187021041781942e-09  1.032408972003437e-09
  6.200000000000004e-01  9.570217317232314e-02  -5.102609524757749e-02  -1.055064758637113e-01  2.985438174914700e-02  -5.831036536933171e-02  7.457847243414763e-02  -1.593333247568807e-09  3.717048003246422e-09  1.240466940416134e-09
  6.250000000000004e-01  1.077887266335557e-01  -5.849767094023101e-02  -1.231436370575232e-01  3.583023017034162e-02  -6.566439202528020e-02  8.720449551400832e-02  -2.365033053143549e-09  4.325709771329383e-09  1.489896750654129e-09
  6.300000000000004e-01  1.230784800918071e-01  -6.674461885164568e-02  -1.441092667156471e-01  4.256285876220791e-02  -7.377747688861327e-02  1.023347305130004e-01  -3.377148418083521e-09  5.024617193542103e-09  1.789585405657353e-09
  6.350000000000005e-01  1.237228423555821e-01  -6.958824161599357e-02  -1.530526054938747e-01  4.255296889185151e-02  -8.007128056496551e-02  1.109871854129917e-01  -4.412124885727698e-09  5.199525189298723e-09  1.869041583590817e-09
  6.400000000000005e-01  1.449190674273991e-01  -7.850195738077793e-02  -1.797296973273725e-01  4.992476686730703e-02  -8.992127631871061e-02  1.312189252697135e-01  -5.931599606588260e-09  6.002876825155998e-09  2.266773454603964e-09
  6.450000000000005e-01  1.734266969081614e-01  -8.808067330281405e-02  -2.119911675493428e-01  5.808206238025255e-02  -1.007563234767585e-01  1.559623597205711e-01  -7.935040621383801e-09  6.919671651832607e-09  2.751042881943246e-09
  6.500000000000005e-01  2.124986068521377e-01  -9.821038501304866e-02  -2.513382085747936e-01  6.704796589592267e-02  -1.125702353165926e-01  1.865310424433798e-01  -1.062083773333366e-08  7.962719651553682e-09  3.343590248722399e-09
  6.550000000000005e-01  2.669804348732095e-01  -1.086390879705287e-01  -2.997704100146663e-01  7.683515342199952e-02  -1.252468634233769e-01  2.247272983795874e-01  -1.429921452743641e-08  9.143076584351879e-09  4.072759317696003e-09
  6.600000000000005e-01  2.795373505526910e-01  -1.079864704035337e-01  -3.201050085298471e-01  7.480120411740518e-02  -1.379743727434194e-01  2.468050365654781e-01  -1.669224332475916e-08  9.140642448876707e-09  4.459903293657302e-09
  6.650000000000005e-01  3.653955077940435e-01  -1.163996258151478e-01  -3.853847389707596e-01  8.533026890657494e-02  -1.532341741761597e-01  3.008787868695158e-01  -2.265541497797871e-08  1.039100028424745e-08  5.494636304850361e-09
  6.700000000000005e-01  4.904708093788000e-01  -1.227277768553800e-01  -4.680137960433375e-01  9.678194187421686e-02  -1.683373599661117e-01  3.706117183826127e-01  -3.139456777533191e-08  1.174884905711087e-08  6.795271931533208e-09
  6.750000000000005e-01  6.765396972756069e-01  -1.247323124016855e-01  -5.741164816531942e-01  1.088477477695642e-01  -1.811877322083646e-01  4.622233928012683e-01  -4.464635968071111e-08  1.318930588759871e-08  8.439097251085507e-09
  6.800000000000005e-01  7.378257370102689e-01  -1.096346444533210e-01  -6.209411718527752e-01  1.066045922952364e-01  -2.041187075655849e-01  5.122441790106383e-01  -5.219139549867672e-08  1.241871800831829e-08  9.662272451767717e-09
  6.850000000000005e-01  1.064219685467687e+00  -9.426651749926727e-02  -7.756533910711647e-01  1.196151125425294e-01  -2.111683365132662e-01  6.513322637720209e-01  -7.758748594899888e-08  1.354590340687752e-08  1.218206744526901e-08
  6.900000000000005e-01  1.589726965002088e+00  -5.874412059219576e-02  -9.853906921422710e-01  1.280295209792344e-01  -1.958458205312349e-01  8.450960901924741e-01  -1.202207242852837e-07  1.471736339877869e-08  1.537552047895460e-08
  6.950000000000005e-01  2.483821755645168e+00  1.062036936351950e-02  -1.280056376109667e+00  1.162858275257092e-01  -1.236749569736128e-01  1.126346513798103e+00  -1.959139839296798e-07  1.669535471299552e-08  1.920709744140117e-08
  7.000000000000005e-01  2.886895068568085e+00  9.122210197626973e-02  -1.431091684034087e+00  1.159374085720613e-01  -1.173712030819743e-01  1.261011069453471e+00  -2.451042177452572e-07  1.414666074753079e-08  2.321603263426645e-08
  7.050000000000005e-01  5.028905770175609e+00  2.318121596395510e-01  -1.969078412247538e+00  -1.527951260144148e-02  2.248881844095447e-01  1.757519752089889e+00  -4.459125449491514e-07  2.587231115555034e-08  2.678414619135763e-08
  7.100000000000005e-01  1.018585205369678e+01  2.561884179580050e-01  -2.936939065487361e+00  -6.992012467555658e-01  1.424877602178987e+00  2.601872808946132e+00  -9.292103684280859e-07  9.650621857032809e-08  1.612456652395276e-08
  7.150000000000005e-01  2.762533469186862e+01  -1.230970311128796e+00  -5.250893516705994e+00  -4.523390026983414e+00  6.643810380257049e+00  4.306596278696103e+00  -2.494054511790719e-06  5.425905246104401e-07  -9.451699682723236e-08
  7.200000000000005e-01  4.678393868472124e+01  -4.876278376439339e+00  -8.155728594227840e+00  -8.758669495306810e+00  1.370284544851781e+01  4.580621164009264e+00  -4.370122821427646e-06  1.189052407338800e-06  -2.749526560915713e-07
  7.250000000000005e-01  1.619720494040864e+02  -1.716422032058814e+01  -2.270762978459299e+01  -3.541260030051656e+01  5.360829929420119e+01  1.233825963643394e+01  -1.530680707599382e-05  4.239143903473660e-06  -1.202831642657386e-06
  7.300000000000005e-01  4.310255007599667e+02  -1.143624178291335e+01  -6.088979364975417e+01  -8.666641688423668e+01  1.442746196759735e+02  4.715399362499937e+01  -4.444983496893053e-05  7.326097282031882e-06  -2.149715310455928e-06
  7.350000000000005e-01  8.511757764277528e+02  7.838087560745376e+01  -1.320916813098609e+02  -1.370096906027028e+02  2.801351090178584e+02  1.368932195708458e+02  -1.002968806865935e-04  2.818063331503926e-06  -3.751476732831212e-09
  7.400000000000005e-01  1.414672556873969e+03  3.258780672221507e+02  -2.189422543386515e+02  -1.361961055089807e+02  4.301079617909364e+02  2.748865238773948e+02  -1.876806318077394e-04  -1.572135697945792e-05  7.576433498895098e-06
  7.450000000000006e-01  1.451215600415731e+03  5.895875292704013e+02  -2.276889308023182e+02  -5.920109289733396e+01  4.123996942382959e+02  2.863948427098732e+02  -2.311004049712590e-04  -3.668838496570070e-05  1.753981396406044e-05
  7.500000000000006e-01  2.349216773810336e+03  1.290514993544654e+03  -2.674129579469878e+02  1.951689206175323e+02  3.708653855406247e+02  4.644831531731166e+02  -3.540062589563016e-04  -9.139618363801130e-05  3.126442367670027e-05
  7.550000000000006e-01  3.684386108536384e+03  2.419052373839546e+03  -3.026699038346707e+02  9.021396169908917e+02  -3.769416153362359e+01  7.647196532734995e+02  -4.636624034977370e-04  -1.883125883479052e-04  4.347159277731719e-05
  7.600000000000006e-01  4.941376072301874e+03  3.598302017612003e+03  -4.841101497559560e+02  2.129213790552705e+03  -1.009379127135053e+03  1.261684090738617e+03  -4.726701885852476e-04  -3.060723035692164e-04  5.507286969579138e-05
  7.650000000000006e-01  5.548242191226897e+03  3.793466291087435e+03  -6.464644342149837e+02  2.726460466938885e+03  -1.763293052427021e+03  1.698215968903233e+03  -3.977590881287253e-04  -3.316827384710513e-04  6.116351998504612e-05
  7.700000000000006e-01  5.364543774500026e+03  3.053923065711999e+03  -1.395884918448403e+03  3.776882972794723e+03  -3.219369007721691e+03  2.440607684125332e+03  -7.476356225519331e-05  -2.940124945363671e-04  6.610789753566746e-05
  7.750000000000006e-01  2.835934853052779e+03  -3.957355493011131e+02  -2.656471722693563e+03  3.397563015076453e+03  -4.356559057238474e+03  2.936728856732678e+03  5.560042966361961e-04  -4.414141695413297e-06  6.242604484123035e-05
  7.800000000000006e-01  -1.905386797445581e+03  -6.474597104675596e+03  -4.155154682787906e+03  6.433176927282611e+02  -4.490874694973913e+03  2.897597324915329e+03  1.438014729362939e-03  5.491064019207424e-04  3.747477979430943e-05
  7.850000000000006e-01  -3.168603698828287e+03  -9.514903756439442e+03  -4.704937298733932e+03  -1.775991720305583e+03  -3.695903922307051e+03  2.906963293275045e+03  1.854066579037048e-03  8.661443646028263e-04  -1.342654710136397e-05
  7.900000000000006e-01  -9.285103207300701e+03  -1.601815407108381e+04  -5.472456619142597e+03  -8.023645732180957e+03  -1.580302918588840e+03  1.776168906873270e+03  2.724360611979967e-03  1.472790026027006e-03  -8.740541761315098e-05
  7.950000000000006e-01  -1.401909930540505e+04  -1.928383911785906e+04  -4.858958562917100e+03  -1.469552206912213e+04  1.557106151990797e+03  7.838232703467057e+01  3.241535195890660e-03  1.763224388586199e-03  -1.647643602843821e-04
  8.000000000000006e-01  -1.611562424543692e+04  -1.737822565490153e+04  -2.712183832507814e+03  -1.959292128766750e+04  4.915599234006704e+03  -1.833038726781950e+03  3.178029807395872e-03  1.536189230690124e-03  -2.167363139621690e-04
  8.050000000000006e-01  -1.770301939244300e+04  -1.533103370713890e+04  -1.772351554257728e+03  -2.079117001940864e+04  6.705390088885717e+03  -3.201155366234332e+03  2.828590427750781e-03  1.211285251672411e-03  -2.624031600563178e-04
  8.100000000000006e-01  -1.668246046919382e+04  -6.382687611701997e+03  1.797464633899844e+03  -1.929655313093829e+04  8.681129971424361e+03  -5.102753594040697e+03  1.724996426313375e-03  2.456311356014427e-04  -2.388189981623609e-04
  8.150000000000006e-01  -1.296496549106900e+04  5.623369056791912e+03  5.829439168222615e+03  -1.225608163436821e+04  8.978582578494761e+03  -6.646361288350264e+03  -3.423144949152701e-05  -9.791203053043890e-04  -1.746082224102321e-04
  8.200000000000006e-01  -7.104772954162357e+03  1.771916572541483e+04  9.564628287746322e+03  -1.468221467300071e+02  7.439905285012855e+03  -7.796264781273370e+03  -2.247881461698177e-03  -2.133334411266380e-03  -9.657085369081260e-05
  8.250000000000006e-01  -6.951987174957052e+03  2.148513528989993e+04  1.062864557648577e+04  7.906146099847039e+03  5.915772526415742e+03  -9.006302129055935e+03  -3.443481675568305e-03  -2.500565599979751e-03  -2.551569767489907e-05
  8.300000000000006e-01  3.802064470684309e+02  2.879768499989493e+04  1.269318065883796e+04  2.374855765280844e+04  2.166139136931463e+03  -9.254945132420709e+03  -5.689828068142194e-03  -2.983306221999937e-03  6.637039421585064e-05
  8.350000000000006e-01  7.253254418196053e+03  3.069917670395527e+04  1.298712550348515e+04  3.828694317661570e+04  -2.049480946722526e+03  -8.795294898917980e+03  -7.515626461326831e-03  -2.863305130820084e-03  1.373748815133634e-04
  8.400000000000006e-01  1.325455038757319e+04  2.765030738450339e+04  1.171018084132151e+04  4.888344093611385e+04  -5.947082143647036e+03  -7.560015358101278e+03  -8.650882966217341e-03  -2.231504844615758e-03  1.985751354409148e-04
  8.450000000000006e-01  1.799933463198384e+04  2.101377310702696e+04  9.232158013220660e+03  5.362124790665929e+04  -8.862687580891718e+03  -5.519591440378572e+03  -8.917887639861356e-03  -1.274979802560031e-03  2.630257224205699e-04
  8.500000000000006e-01  2.219264919085564e+04  1.967635531533620e+04  8.992313506208870e+03  5.295902697553803e+04  -1.076403519622385e+04  -3.335126198418269e+03  -8.464756989587067e-03  -8.195944191220301e-04  4.317878883446568e-04
  8.550000000000006e-01  2.470053807048911e+04  1.022851746713390e+04  5.184627357285434e+03  4.649339019507453e+04  -1.147937945554326e+04  7.505409147907748e+01  -7.163523445839010e-03  2.557162155362492e-04  4.876014910624846e-04
  8.600000000000007e-01  2.359620525836201e+04  -4.555861166911253e+02  2.908743704459616e+02  3.291376776530217e+04  -1.058058921335836e+04  3.903773066840575e+03  -4.826529643880192e-03  1.278181864371142e-03  5.307491242888910e-04
  8.650000000000007e-01  1.957974968279135e+04  -1.043735415274212e+04  -5.003470571598205e+03  1.350459623702196e+04  -8.292214153307026e+03  7.852291237514799e+03  -1.593847196880944e-03  2.070802366571553e-03  5.439276743853406e-04
  8.700000000000007e-01  2.167817098930968e+04  -1.219387536487103e+04  -6.626088155459828e+03  3.914603395147898e+02  -7.141526382688285e+03  1.111866679420009e+04  5.968559318935873e-04  2.115671352913809e-03  5.294776691246189e-04
  8.750000000000007e-01  1.511923688288237e+04  -1.855126775453900e+04  -1.117011522087826e+04  -2.361795056944688e+04  -2.935657714517605e+03  1.432463201264594e+04  4.536796000824472e-03  2.315671137587812e-03  3.856747185050801e-04
  8.800000000000007e-01  7.977667941489357e+03  -2.085063973377570e+04  -1.412317872385053e+04  -4.727855751447675e+04  1.873025751357056e+03  1.652390637378257e+04  8.432237713393555e-03  2.085211307597377e-03  1.659827010898680e-04
  8.850000000000007e-01  4.752134539048325e+02  -1.957349361914393e+04  -1.553899919067011e+04  -6.827343363722191e+04  6.866418055507307e+03  1.763567906189913e+04  1.189370936298284e-02  1.531673310458848e-03  -9.909529791030615e-05
  8.900000000000007e-01  -2.259202600483339e+03  -1.924415593961195e+04  -1.667060922073116e+04  -7.710887445241668e+04  1.051661460463057e+04  1.837710636094508e+04  1.331819348945241e-02  1.187515218973269e-03  -4.038006251126912e-04
  8.950000000000007e-01  -1.257659659927110e+04  -1.719445771600094e+04  -1.767551854237777e+04  -9.007657284214818e+04  1.532560583230449e+04  1.795085636202514e+04  1.549899859337209e-02  6.881900508163196e-04  -6.811403025287170e-04
  9.000000000000007e-01  -2.405414403670874e+04  -1.648506877002097e+04  -1.903475081621139e+04  -9.691083153503531e+04  1.918115043855134e+04  1.694952347841511e+04  1.670444318471642e-02  4.531142995668320e-04  -9.111752545224355e-04
  9.050000000000007e-01  -3.508209922935966e+04  -1.798115480471493e+04  -2.067982907620900e+04  -9.680017622995825e+04  2.155650979656393e+04  1.535576714652590e+04  1.680819185586097e-02  5.754766212936029e-04  -1.070749095830118e-03
  9.100000000000007e-01  -4.183504013616016e+04  -2.371635546427302e+04  -2.297050834271850e+04  -9.174530778002205e+04  2.368446413878144e+04  1.367315278286790e+04  1.611454467590496e-02  1.156546690435211e-03  -1.296579991631873e-03
  9.150000000000007e-01  -4.772050225865321e+04  -2.740448722431062e+04  -2.341161817334371e+04  -7.962792533098000e+04  2.236211931569611e+04  1.068554250796048e+04  1.430632533344542e-02  1.724676329377212e-03  -1.244957799153142e-03
  9.200000000000007e-01  -4.753733219424009e+04  -3.075128192630523e+04  -2.214243992948022e+04  -5.969232843640255e+04  1.830659646180860e+04  6.973830987672427e+03  1.121231267210903e-02  2.345976663139397e-03  -1.053568594272488e-03
  9.250000000000007e-01  -4.065258999653086e+04  -3.244061122048121e+04  -1.857806753887206e+04  -3.315492869304566e+04  1.199464614872236e+04  2.523625573714600e+03  6.979069692018234e-03  2.851156435573112e-03  -7.730485264526576e-04
  9.300000000000007e-01  -2.747616233167990e+04  -3.141969499113659e+04  -1.247460265313077e+04  -2.189143881492798e+03  4.257723854672538e+03  -2.696828602738848e+03  1.893697230371090e-03  3.091988524868154e-03  -4.655259710208658e-04
  9.350000000000007e-01  -2.143664670309339e+04  -2.973057187260908e+04  -6.959311799981564e+03  1.603032510075624e+04  -1.541335357084060e+02  -7.617559140910985e+03  -1.412912707329604e-03  3.139126992992450e-03  -3.241308713679719e-04
  9.400000000000007e-01  -1.055629161715439e+03  -2.209398541090158e+04  3.184941475834084e+03  4.841013398834891e+04  -9.128267947890823e+03  -1.419028810470586e+04  -7.082366433113720e-03  2.634824075781870e-03  7.210079173902172e-06
  9.450000000000007e-01  2.209927973965955e+04  -1.065262557286707e+04  1.496234114280508e+04  7.927503256753733e+04  -1.788241849101882e+04  -2.136433036089162e+04  -1.265357581376138e-02  1.665799849845700e-03  3.189941441459606e-04
  9.500000000000007e-01  4.651526629183047e+04  4.943234007415199e+03  2.813611199489924e+04  1.070408092256765e+05  -2.593753244501933e+04  -2.888436275558802e+04  -1.780083327818933e-02  2.270425307033522e-04  6.075537252547714e-04
  9.550000000000007e-01  5.776571874148258e+04  1.953518020075702e+04  3.750935519925175e+04  1.182626751510978e+05  -3.211211519116069e+04  -3.501671110446875e+04  -2.042121667852488e-02  -1.275727367329337e-03  9.328672627511109e-04
  9.600000000000007e-01  7.967579420665525e+04  4.108080605046640e+04  5.083633637447769e+04  1.379169051316349e+05  -3.868066269074686e+04  -4.170416223017732e+04  -2.424684908752683e-02  -3.356499482115772e-03  1.214963984405555e-03
  9.650000000000007e-01  9.582127926712163e+04  6.300024052848374e+04  6.246073556767754e+04  1.514575839729403e+05  -4.338394160413078e+04  -4.662990267106733e+04  -2.695315719508258e-02  -5.447583372761636e-03  1.454663913667769e-03
  9.700000000000008e-01  1.034933312797500e+05  8.230910037073315e+04  7.044690605018403e+04  1.577142921376716e+05  -4.604431627181176e+04  -4.890520521594139e+04  -2.830139100884501e-02  -7.249282460986924e-03  1.649152573396898e-03
  9.750000000000008e-01  9.799271820031271e+04  9.487764298763094e+04  7.056179380682563e+04  1.531416745288661e+05  -4.914388169675064e+04  -4.877635936243496e+04  -2.802816047251129e-02  -8.591816596735281e-03  2.009471450946664e-03
  9.800000000000008e-01  8.901934645553974e+04  1.046488825841262e+05  6.921273177950438e+04  1.455611635188932e+05  -4.782658247486954e+04  -4.516723811592504e+04  -2.687388554022805e-02  -9.370768832589006e-03  2.103120894931030e-03
  9.850000000000008e-01  7.048988375095044e+04  1.073111638721673e+05  6.227959374033782e+04  1.286475355568554e+05  -4.387733433666272e+04  -3.829396415940111e+04  -2.419717131738794e-02  -9.404344677966128e-03  2.134261372173223e-03
  9.900000000000008e-01  4.410019689938394e+04  1.031688285801099e+05  5.036273949412184e+04  1.025444153168117e+05  -3.722894116143923e+04  -2.854810690180334e+04  -2.013206519476130e-02  -8.729793005646184e-03  2.115023098262248e-03
  9.950000000000008e-01  2.067082361393265e+04  9.862462496823155e+04  3.773059403013603e+04  8.110828558616724e+04  -3.266578613968457e+04  -1.919122480759561e+04  -1.688869987668853e-02  -7.985119487583679e-03  2.306689681456691e-03
  1.000000000000001e+00  -1.997773205363326e+04  8.018429871072261e+04  1.719705836911295e+04  3.191746352177218e+04  -1.739158455564106e+04  -3.656477880953267e+03  -9.311235303981581e-03  -5.836694019549864e-03  1.968382343354055e-03
  1.005000000000001e+00  -4.284836603558414e+04  6.940189886740163e+04  3.149435230215839e+03  7.679139950870690e+03  -8.903360263565679e+03  7.829392541940922e+03  -5.396572270883295e-03  -4.221754829163111e-03  2.011132031692272e-03
  1.010000000000000e+00  -7.496536071423949e+04  4.978427189696914e+04  -1.557789233628293e+04  -3.592708007369035e+04  6.770310864505923e+03  2.242996438062412e+04  1.634562367724843e-03  -1.820217687654538e-03  1.639185144262024e-03
  1.015000000000000e+00  -1.048203955738814e+05  2.832922235864619e+04  -3.399094823171363e+04  -7.978789945591846e+04  2.376216544620014e+04  3.654153964793614e+04  9.104004624791644e-03  7.147283334656297e-04  1.098234746988446e-03
  1.020000000000000e+00  -1.312258105377766e+05  5.654583808181251e+03  -5.152210705967953e+04  -1.206729279810240e+05  4.113771776387731e+04  4.952607075974420e+04  1.665817700052145e-02  3.262197748039862e-03  4.019748887612638e-04
  1.025000000000000e+00  -1.372405093207769e+05  -1.040039547854875e+04  -5.956045702330021e+04  -1.296222280983779e+05  5.279805272142223e+04  5.870856444661369e+04  2.027837546463026e-02  5.513361967186501e-03  -1.949565542034542e-04
  1.030000000000000e+00  -1.533427072878475e+05  -3.397012098093866e+04  -7.337759217361661e+04  -1.554764837774332e+05  6.883138602027460e+04  6.832748850600037e+04  2.689759105008009e-02  7.820693536620469e-03  -1.193780520142279e-03
  1.035000000000000e+00  -1.642708019467896e+05  -5.730999124081268e+04  -8.516145887285478e+04  -1.698376756965001e+05  8.260926558766264e+04  7.544321804116697e+04  3.243371771716364e-02  9.819479918882858e-03  -2.255400088338987e-03
  1.040000000000000e+00  -1.697996471969025e+05  -7.992452665201756e+04  -9.449289194213817e+04  -1.698195276531439e+05  9.326447237550189e+04  7.978063105790183e+04  3.640353181297033e-02  1.143091306237758e-02  -3.316474843542165e-03
  1.045000000000000e+00  -1.533895176143310e+05  -9.539418058510481e+04  -9.341212688523969e+04  -1.347919443841387e+05  9.911817480673471e+04  8.109218036670527e+04  3.597127086024078e-02  1.264801463904271e-02  -4.459998132725898e-03
  1.050000000000000e+00  -1.477042299768770e+05  -1.152380460567638e+05  -9.709766500288932e+04  -1.034313109521856e+05  1.033878146755341e+05  7.976981597201269e+04  3.625838925779716e-02  1.332498515246443e-02  -5.504281019293537e-03
  1.054999999999999e+00  -1.355390353337250e+05  -1.317384499916071e+05  -9.669519335803911e+04  -5.356124154787232e+04  1.034642744398275e+05  7.489288467454909e+04  3.410280293436350e-02  1.338390161364621e-02  -6.421640169266414e-03
  1.059999999999999e+00  -1.168458063028994e+05  -1.440513851918113e+05  -9.184018320074838e+04  1.515727284526927e+04  9.946740856586114e+04  6.648400658272501e+04  2.935828311769169e-02  1.277707670636745e-02  -7.181736201479575e-03
  1.064999999999999e+00  -8.476937102309566e+04  -1.537438610512291e+05  -8.219534493595702e+04  1.068583128019661e+05  9.522303934970497e+04  5.768941769020354e+04  2.167325770648920e-02  1.196800015472716e-02  -8.181218361564763e-03
  1.069999999999999e+00  -5.971001415305383e+04  -1.605987111683374e+05  -7.220475922886202e+04  2.085478652806778e+05  8.494056540090767e+04  4.424556503408174e+04  1.227688569346114e-02  1.025511522114441e-02  -8.542414541383563e-03
  1.074999999999999e+00  -3.288756161665311e+04  -1.647445453448589e+05  -6.019745642635585e+04  3.280442424935223e+05  7.143699335313983e+04  2.917001029699408e+04  2.892524168030905e-04  8.075782452555741e-03  -8.586045491916787e-03
  1.079999999999999e+00  -6.040645251813361e+03  -1.671430024659000e+05  -4.729551711085936e+04  4.645427029872766e+05  5.520653100399872e+04  1.341436519961656e+04  -1.415719854082344e-02  5.567155673609714e-03  -8.282493624592692e-03
  1.084999999999999e+00  1.911899264645065e+04  -1.753985916563235e+05  -3.875760607979504e+04  6.044164129144087e+05  4.375131502238649e+04  5.636257237622223e+02  -2.879970536254405e-02  3.416770460610928e-03  -8.243586024484316e-03
  1.089999999999999e+00  4.092444703286875e+04  -1.764066669939768e+05  -2.709292713019135e+04  7.662928740042871e+05  2.463352861232235e+04  -1.461023910379397e+04  -4.683002846134069e-02  6.202363092751981e-04  -7.275167292726884e-03
  1.094999999999999e+00  6.166039309062591e+04  -1.754470276440996e+05  -1.561912931495902e+04  9.407087126992724e+05  4.635154155283695e+03  -2.864281681151192e+04  -6.655671324043411e-02  -2.197780465228219e-03  -5.998509334602755e-03
  1.099999999999999e+00  8.201258199001011e+04  -1.717258629579086e+05  -4.314619346350308e+03  1.125569658360232e+06  -1.553278689727078e+04  -4.118813645758356e+04  -8.761315462814255e-02  -4.962853496630865e-03  -4.469115508756090e-03
  1.104999999999998e+00  1.024650622258310e+05  -1.645059460311664e+05  6.736695738133536e+03  1.318551604963561e+06  -3.519157308024231e+04  -5.197417314584145e+04  -1.095961796489515e-01  -7.605621892062050e-03  -2.754488092780778e-03
  1.109999999999998e+00  1.084746207023334e+05  -1.648339195726209e+05  8.777254097504452e+03  1.489513980366823e+06  -4.562013594803406e+04  -5.923075926033447e+04  -1.281318099249765e-01  -9.572760839004402e-03  -1.355583818143113e-03
  1.114999999999998e+00  1.257214071805855e+05  -1.497038426757134e+05  1.836335502580352e+04  1.689906321092816e+06  -6.292926718885390e+04  -6.633666693361796e+04  -1.506152734773610e-01  -1.180858251145696e-02  6.432730596863578e-04
  1.119999999999998e+00  1.417270554864992e+05  -1.303033166026044e+05  2.688580871643273e+04  1.892035983667532e+06  -7.848623372699335e+04  -7.117497254572858e+04  -1.729755631761100e-01  -1.373051716462943e-02  2.654690963017907e-03
  1.124999999999998e+00  1.553791928840805e+05  -1.069145028736341e+05  3.406240926241536e+04  2.093695023216390e+06  -9.200001534934698e+04  -7.366652864060721e+04  -1.948848657771302e-01  -1.528068853507837e-02  4.627733716594588e-03
  1.129999999999998e+00  1.465093673467828e+05  -8.962291710346530e+04  3.343541252124675e+04  2.262955794112824e+06  -9.720628497903298e+04  -7.436333568286225e+04  -2.119308653414331e-01  -1.614809458985680e-02  6.463401609968607e-03
  1.134999999999998e+00  1.548915098568722e+05  -5.640740670628550e+04  4.018214610785276e+04  2.457416190004340e+06  -1.070257769895836e+05  -7.343751364509604e+04  -2.320848114225712e-01  -1.700625637567759e-02  8.333498297701861e-03
  1.139999999999998e+00  1.622238939779777e+05  -1.820758733353833e+04  4.747451881242276e+04  2.644729791289656e+06  -1.143802790151757e+05  -7.106229607280265e+04  -2.508469429595819e-01  -1.751169429073037e-02  9.999541964863769e-03
  1.144999999999998e+00  1.694124039450892e+05  2.511748891367290e+04  5.602095966879021e+04  2.822217127121525e+06  -1.191910596747172e+05  -6.771771736600416e+04  -2.678693517055452e-01  -1.769030992904072e-02  1.141252871343046e-02
  1.149999999999997e+00  1.572471551227859e+05  6.665914562809558e+04  6.189360093603699e+04  2.963658356213173e+06  -1.196508509055308e+05  -6.487083725760254e+04  -2.795645616824684e-01  -1.745735858732758e-02  1.293352577013499e-02
  1.154999999999997e+00  1.655287212261667e+05  1.195543362288433e+05  7.386882166760323e+04  3.116566682263609e+06  -1.209880549046943e+05  -6.034844120897737e+04  -2.925772486816359e-01  -1.706220533502197e-02  1.386547391822284e-02
  1.159999999999997e+00  1.729038530634145e+05  1.738767311218762e+05  8.611037450414222e+04  3.252769849576934e+06  -1.201029127372185e+05  -5.511725390345106e+04  -3.030443400946293e-01  -1.627392225528267e-02  1.444743812309833e-02
  1.164999999999997e+00  1.778538427831146e+05  2.272354823748598e+05  9.759405057408873e+04  3.370081498682011e+06  -1.171260793666380e+05  -4.903698691751507e+04  -3.107148273060450e-01  -1.504548913419489e-02  1.465480650171573e-02
  1.169999999999997e+00  1.666995518205628e+05  2.787977619633958e+05  1.078623040824295e+05  3.453597010457953e+06  -1.146375800505534e+05  -4.380960656326347e+04  -3.135187472019487e-01  -1.376476082393433e-02  1.518650049527578e-02
  1.174999999999997e+00  1.655247103132319e+05  3.262905050339395e+05  1.165361616325587e+05  3.530079642067057e+06  -1.089123569828929e+05  -3.608832028596759e+04  -3.153757483761722e-01  -1.183606427676087e-02  1.464439823535965e-02
  1.179999999999997e+00  1.584589328705127e+05  3.668661153577094e+05  1.222396335336743e+05  3.581671687153702e+06  -1.012084626477401e+05  -2.761736490269278e+04  -3.137934252617962e-01  -9.541954812001353e-03  1.368035623847405e-02
  1.184999999999997e+00  1.451628003340819e+05  3.995720512413001e+05  1.248345156072291e+05  3.606580529192603e+06  -9.155919612454431e+04  -1.870832639293695e+04  -3.086117821763353e-01  -6.985078478031344e-03  1.232985300238731e-02
  1.189999999999997e+00  1.259370381114204e+05  4.240312587152159e+05  1.244400790216913e+05  3.603261683495072e+06  -8.003736870205500e+04  -9.747724775406317e+03  -2.997167133802012e-01  -4.285011580588602e-03  1.065469858511298e-02
  1.194999999999997e+00  1.015129146517225e+05  4.505264872406707e+05  1.252585315977017e+05  3.574053817851691e+06  -7.405374178384725e+04  -2.983074996160423e+03  -2.874992121469753e-01  -2.342191713793369e-03  9.551168902203177e-03
  1.199999999999996e+00  7.446958757742257e+04  4.587866177175177e+05  1.192535140353054e+05  3.514548110079523e+06  -6.011263789134130e+04  5.366298020375280e+03  -2.715406158435505e-01  3.360569835139959e-04  7.401862262428203e-03
  1.204999999999996e+00  4.405139003698010e+04  4.584509266619649e+05  1.105630703911813e+05  3.424248711503273e+06  -4.480722979717834e+04  1.305668173376908e+04  -2.517972939811410e-01  2.914032837458275e-03  5.149967113664960e-03
  1.209999999999996e+00  1.120557929136170e+04  4.495611653640395e+05  9.914337648387684e+04  3.303183513508822e+06  -2.856314591097770e+04  2.010961006728990e+04  -2.283579832538449e-01  5.355474381634389e-03  2.885219305122054e-03
  1.214999999999996e+00  -1.857253837228274e+04  4.428113979465533e+05  8.842426087390140e+04  3.167132496026957e+06  -2.070179566908175e+04  2.575122198195934e+04  -2.034563032446612e-01  6.966210511613160e-03  1.201189146058471e-03
  1.219999999999996e+00  -5.317195885711191e+04  4.163114003426880e+05  7.108970647987105e+04  2.989089684264267e+06  -4.001716732584078e+03  3.231887724582340e+04  -1.735251728563057e-01  9.148765827138654e-03  -9.857633992398740e-04
  1.224999999999996e+00  -8.812052243625584e+04  3.815098208526596e+05  5.126160405943820e+04  2.782834422389184e+06  1.231431773955146e+04  3.881123901845844e+04  -1.404629785105641e-01  1.117771949938954e-02  -2.980291753860183e-03
  1.229999999999996e+00  -1.225440163623578e+05  3.391076725510315e+05  2.954024044422623e+04  2.550049746216236e+06  2.778513706163791e+04  4.536838818164732e+04  -1.045484418811210e-01  1.302446203706891e-02  -4.747507732363866e-03
  1.234999999999996e+00  -1.455190108998174e+05  3.008804181210674e+05  1.053462351144002e+04  2.313524779488530e+06  3.506956378035676e+04  5.143956489458883e+04  -6.911352961054261e-02  1.403582235328094e-02  -6.237120626571674e-03
  1.239999999999996e+00  -1.743715730906783e+05  2.466723302299290e+05  -1.239735792730336e+04  2.033748199341681e+06  4.891905471634168e+04  5.821513295141655e+04  -2.852819995533702e-02  1.540483371019757e-02  -7.643454947593682e-03
  1.244999999999995e+00  -1.994491469292626e+05  1.893480017224682e+05  -3.433049467121947e+04  1.732625918882723e+06  6.140522810859592e+04  6.472728734678822e+04  1.408555392367692e-02  1.640921600674554e-02  -8.808738952490257e-03
  1.249999999999995e+00  -2.200807647826679e+05  1.308110962559698e+05  -5.447426630324974e+04  1.412077126409532e+06  7.247538822598432e+04  7.063778211902382e+04  5.842718732930603e-02  1.698258968111891e-02  -9.747171264487396e-03
  1.254999999999995e+00  -2.236615571575872e+05  8.031858955924973e+04  -6.988515082688836e+04  1.095287321562289e+06  7.822751308284792e+04  7.595051798428124e+04  1.008962329368814e-01  1.680471644992938e-02  -1.074468368237504e-02
  1.259999999999995e+00  -2.345332151292428e+05  2.271825138972707e+04  -8.573318683691410e+04  7.413117198031821e+05  8.736337263149062e+04  7.989310324148614e+04  1.478177671017201e-01  1.657609606815039e-02  -1.130500415372287e-02
  1.264999999999995e+00  -2.411517372178707e+05  -3.188451870955779e+04  -9.920443215003458e+04  3.734975370604673e+05  9.495274831926235e+04  8.207639782190145e+04  1.956205446632214e-01  1.592232113217901e-02  -1.162465508048300e-02
  1.269999999999995e+00  -2.437493956408008e+05  -8.260964381773709e+04  -1.104523817163049e+05  -6.265078157139660e+03  1.009312600897479e+05  8.218068155663660e+04  2.440160095676235e-01  1.490194029172095e-02  -1.169890400867860e-02
  1.274999999999995e+00  -2.297635349776019e+05  -1.264207771760517e+05  -1.177655706051034e+05  -3.772222185468007e+05  1.044040374043579e+05  8.140829015748695e+04  2.897240667592111e-01  1.359583250482217e-02  -1.201132025583557e-02
  1.279999999999995e+00  -2.248900840063509e+05  -1.691309393716570e+05  -1.248414993933068e+05  -7.760902711608604e+05  1.080178410323737e+05  7.696305728993713e+04  3.386065287900193e-01  1.210739330456687e-02  -1.166652928004936e-02
  1.284999999999995e+00  -2.161067967752212e+05  -2.063198648338775e+05  -1.295799744503168e+05  -1.181525870954131e+06  1.100440178661712e+05  7.007315317710294e+04  3.872741620415213e-01  1.041773840327926e-02  -1.113046746495406e-02
  1.289999999999994e+00  -2.030457783346396e+05  -2.376044868891785e+05  -1.316771815033960e+05  -1.591710383870557e+06  1.105823017110255e+05  6.089626237061369e+04  4.354471276621601e-01  8.562987528581815e-03  -1.044815172823056e-02
  1.294999999999994e+00  -1.854543098535519e+05  -2.627061741926242e+05  -1.308718188923075e+05  -2.004813201337008e+06  1.097527951691824e+05  4.971955883427989e+04  4.828488672318865e-01  6.575916760562113e-03  -9.666344482495721e-03
  1.299999999999994e+00  -1.578608834654338e+05  -2.856551134627993e+05  -1.279469984634514e+05  -2.405471928359422e+06  1.102125463247246e+05  3.948253823943471e+04  5.271165402525174e-01  4.858619227318015e-03  -9.352896784378948e-03
  1.304999999999994e+00  -1.339507723497614e+05  -2.994240730048188e+05  -1.218796172735153e+05  -2.820487024647444e+06  1.076828915863960e+05  2.586507351118058e+04  5.724847151195964e-01  2.821386774115290e-03  -8.481987505318055e-03
  1.309999999999994e+00  -1.066687935056818e+05  -3.069993684085893e+05  -1.130623698491844e+05  -3.233116123806231e+06  1.039991965011794e+05  1.166658194497013e+04  6.163903630196430e-01  7.805433166693566e-04  -7.602771026702411e-03
  1.314999999999994e+00  -7.704990556873623e+04  -3.088872485217512e+05  -1.019630420501127e+05  -3.641563679289988e+06  9.919955345322541e+04  -2.577659528622036e+03  6.586600393640113e-01  -1.204997264127470e-03  -6.725404611655005e-03
  1.319999999999994e+00  -4.658256585075199e+04  -3.125583668605227e+05  -9.123577047557723e+04  -4.037193940480454e+06  9.765645098227660e+04  -1.367538242023056e+04  6.980579636796699e-01  -2.580098825038621e-03  -6.341938842613352e-03
  1.324999999999994e+00  -1.690361590404913e+04  -3.052462513354470e+05  -7.715123752187438e+04  -4.434276928684425e+06  9.104232735213083e+04  -2.678234214792826e+04  7.370098991232475e-01  -4.289850802590462e-03  -5.453619076826104e-03
  1.329999999999994e+00  1.171977340955772e+04  -2.942354347769595e+05  -6.250716643256927e+04  -4.822465383522175e+06  8.331296414358138e+04  -3.881300607811387e+04  7.740350418391615e-01  -5.825320399924487e-03  -4.568304709553751e-03
  1.334999999999994e+00  3.822381511633961e+04  -2.803368608445903e+05  -4.796993488739745e+04  -5.200457271998935e+06  7.461279459218662e+04  -4.950936002834240e+04  8.090838639234187e-01  -7.162094811824240e-03  -3.699469376622903e-03
  1.339999999999993e+00  5.926720903905828e+04  -2.706011682650265e+05  -3.547582235218596e+04  -5.567330175372948e+06  7.020169361620313e+04  -5.688558799706587e+04  8.419962088272993e-01  -7.843288475164939e-03  -3.264178865127305e-03
  1.344999999999993e+00  7.901419683984263e+04  -2.523466237160104e+05  -2.247932137462824e+04  -5.923296956864627e+06  6.018558074489507e+04  -6.472088352420048e+04  8.732715402959518e-01  -8.782648043336378e-03  -2.439455096183320e-03
  1.349999999999993e+00  9.502213237645445e+04  -2.328906668564860e+05  -1.115132582984670e+04  -6.265866156248243e+06  4.990661049686536e+04  -7.069599242001449e+04  9.024775578808477e-01  -9.514213649190556e-03  -1.696315424330193e-03
  1.354999999999993e+00  1.071814353804758e+05  -2.126439048659118e+05  -1.772977656455391e+03  -6.594213745335232e+06  3.968349574041736e+04  -7.463655451709569e+04  9.296132940358535e-01  -1.003988088127160e-02  -1.054505553858413e-03
  1.359999999999993e+00  1.121712520749555e+05  -1.968817990675101e+05  5.106819923157326e+03  -6.913244662420938e+06  3.425095223706138e+04  -7.622971270793730e+04  9.554507645853899e-01  -1.001335282975799e-02  -7.246248086842274e-04
  1.364999999999993e+00  1.169585459803436e+05  -1.754404248634941e+05  1.062693778205818e+04  -7.212183311268874e+06  2.455114661540011e+04  -7.630718470135098e+04  9.787830209134504e-01  -1.016984911849402e-02  -2.410571523675577e-04
  1.369999999999993e+00  1.185709426710313e+05  -1.541431506903813e+05  1.426791818131858e+04  -7.494930984610406e+06  1.544805598642432e+04  -7.423831506401444e+04  1.000182800572018e+00  -1.013751347830145e-02  1.517444175506379e-04
  1.374999999999993e+00  1.174241755844678e+05  -1.332148629025856e+05  1.635848161664486e+04  -7.761197249007789e+06  6.977035608309231e+03  -7.022950412826284e+04  1.019755302552920e+00  -9.928660793507448e-03  4.833912452856760e-04
  1.379999999999993e+00  1.140290031408917e+05  -1.128003213561374e+05  1.729467433747616e+04  -8.010914186606936e+06  -8.858923643071784e+02  -6.459717576700101e+04  1.037621003935758e+00  -9.561102778108435e-03  7.889889361886644e-04
  1.384999999999992e+00  1.060258636946897e+05  -9.524013691016744e+04  1.741281178116503e+04  -8.254467365070401e+06  -5.325960416905470e+03  -5.906692359181439e+04  1.055402170028059e+00  -8.870488771805636e-03  1.073957284914412e-03
  1.389999999999992e+00  9.994918770588348e+04  -7.544818728858723e+04  1.718882194848872e+04  -8.472232178553883e+06  -1.266078975982887e+04  -5.138409011974041e+04  1.070309265435021e+00  -8.290291165876955e-03  1.460977440731395e-03
  1.394999999999992e+00  9.311945402648546e+04  -5.650923363606689e+04  1.672910787221119e+04  -8.674141315106183e+06  -1.966807391629252e+04  -4.304811483429583e+04  1.083807051626372e+00  -7.608820581245215e-03  1.913277418201089e-03
  1.399999999999992e+00  8.591420424460471e+04  -3.858230320797479e+04  1.615379877182214e+04  -8.860650719585119e+06  -2.642121615809950e+04  -3.431758998088506e+04  1.095970927824147e+00  -6.835843975992041e-03  2.445209943443444e-03
  1.404999999999992e+00  7.631457864566974e+04  -2.223304122654379e+04  1.558634254130146e+04  -9.043736870282328e+06  -3.151896522985457e+04  -2.713988799163737e+04  1.108607484999905e+00  -5.938315528436299e-03  3.097855103937021e-03
  1.409999999999992e+00  6.996394993246491e+04  -6.128104143902532e+03  1.524002089444488e+04  -9.200982879681416e+06  -3.824322019017045e+04  -1.840676411312713e+04  1.118338274082424e+00  -5.062021872453797e-03  3.785758776048996e-03
  1.414999999999992e+00  6.467604655137806e+04  8.678533486225631e+03  1.512779238631613e+04  -9.344299697576487e+06  -4.459229558651782e+04  -9.962839517045431e+03  1.126912970168924e+00  -4.126211364334746e-03  4.487693570574922e-03
  1.419999999999992e+00  6.113129391028699e+04  2.238500688494282e+04  1.554104382903359e+04  -9.474364036341881e+06  -5.037585820065443e+04  -2.096040379475255e+03  1.134422497457405e+00  -3.156289816021605e-03  5.143171527289556e-03
  1.424999999999992e+00  5.804390801358045e+04  3.626310865357674e+04  1.680710769452623e+04  -9.602503015663922e+06  -5.530448883724218e+04  3.277408568319663e+03  1.142703835028254e+00  -2.285540657202346e-03  5.900870529493758e-03
  1.429999999999992e+00  5.977974433058866e+04  4.888823757203347e+04  1.899454449688602e+04  -9.707766480985487e+06  -5.967389609469933e+04  9.306429290323178e+03  1.148339552239320e+00  -1.380981826447074e-03  6.344976297814816e-03
  1.434999999999991e+00  6.453171273434604e+04  6.132314152067882e+04  2.249630687776901e+04  -9.802011041796785e+06  -6.275272771573452e+04  1.402492985245550e+04  1.153227206757475e+00  -5.473898460317362e-04  6.572244179934627e-03
  1.439999999999991e+00  7.206211807688113e+04  7.377736576828375e+04  2.735033633199133e+04  -9.886040293768471e+06  -6.440883043296084e+04  1.729556609560186e+04  1.157481888612673e+00  1.836833333190872e-04  6.560248126982200e-03
  1.444999999999991e+00  7.871033681853182e+04  8.625858103042442e+04  3.154742332575710e+04  -9.968074723709511e+06  -6.629346282022721e+04  1.861209951743019e+04  1.162458736413081e+00  7.484224049481326e-04  6.822076205469581e-03
  1.449999999999991e+00  8.904664200407421e+04  9.788639375561435e+04  3.754366933973168e+04  -1.003263455436413e+07  -6.569140588722946e+04  1.939966466417959e+04  1.165495115946887e+00  1.275631288609358e-03  6.441908406232341e-03
  1.454999999999991e+00  9.884369411541261e+04  1.085157781376550e+05  4.347034976317238e+04  -1.008862361297991e+07  -6.405313711407287e+04  1.904854409420623e+04  1.168048790279778e+00  1.722028266383278e-03  5.914817271327330e-03
  1.459999999999991e+00  1.064613467809137e+05  1.173460734596237e+05  4.849840386746120e+04  -1.013628745293403e+07  -6.175269380520776e+04  1.785967457743012e+04  1.170108805645257e+00  2.128524504667616e-03  5.317131545786845e-03
  1.464999999999991e+00  1.104101877412061e+05  1.235374621319577e+05  5.184501185778677e+04  -1.017575424753259e+07  -5.916982358662407e+04  1.614615017356782e+04  1.171645416424784e+00  2.541504296699306e-03  4.722167639254555e-03
  1.469999999999991e+00  1.102384963487380e+05  1.269240186270587e+05  5.190523033683984e+04  -1.021145094269326e+07  -5.856377257466052e+04  1.380383076569294e+04  1.173353615243201e+00  2.945949557084382e-03  4.600048038835051e-03
  1.474999999999991e+00  1.057790780150982e+05  1.268192384253095e+05  5.125327602368697e+04  -1.023463714237393e+07  -5.592846930208152e+04  1.153091816132457e+04  1.173684987858800e+00  3.432843210263728e-03  4.069539007500802e-03
  1.479999999999990e+00  9.622662499656950e+04  1.231309247566959e+05  4.824341086741639e+04  -1.025022491779117e+07  -5.340778991804282e+04  9.222791415064674e+03  1.173457394621384e+00  3.990898431400940e-03  3.629974803422597e-03
  1.484999999999990e+00  8.220894101530580e+04  1.162366483018880e+05  4.319168375515558e+04  -1.025856578085293e+07  -5.086147371589308e+04  6.884881482607680e+03  1.172694363047989e+00  4.606783835600864e-03  3.268135872473157e-03
  1.489999999999990e+00  6.940788943843865e+04  1.094174431706025e+05  3.786531900898519e+04  -1.026331331887470e+07  -4.928143517548637e+04  3.649707779186226e+03  1.171864534891158e+00  5.090721558296376e-03  3.144525300032347e-03
  1.494999999999990e+00  5.024272198728381e+04  9.871366196617404e+04  3.079356711638467e+04  -1.025832642455873e+07  -4.578623466730000e+04  1.056435157893819e+03  1.170046533079451e+00  5.696591467771104e-03  2.804765142543503e-03
  1.499999999999990e+00  2.990659426470915e+04  8.727897981817872e+04  2.339853003234630e+04  -1.024763857490920e+07  -4.144373087258246e+04  -1.695451057410142e+03  1.167832148502585e+00  6.247765702598088e-03  2.454393312472011e-03
  1.504999999999990e+00  9.690873474924700e+03  7.612303560005076e+04  1.632466123127686e+04  -1.023182673045276e+07  -3.600226726524012e+04  -4.608247111257616e+03  1.165269147880736e+00  6.694425386455837e-03  2.064152023664234e-03
  1.509999999999990e+00  -5.881668699893151e+03  6.790356440773887e+04  1.110230448293497e+04  -1.021231259331055e+07  -3.084240136140660e+04  -8.148074533732693e+03  1.162314946075084e+00  6.887151714142239e-03  1.750888502145663e-03
  1.514999999999990e+00  -2.415384854137223e+04  5.888237874136941e+04  5.587394257972961e+03  -1.018690876510605e+07  -2.308316996192360e+04  -1.101649446587118e+04  1.158972159493890e+00  7.048360388209200e-03  1.234665586203309e-03
  1.519999999999990e+00  -4.012828486583001e+04  5.189093423696504e+04  1.429731402368950e+03  -1.015756141078894e+07  -1.420930911126384e+04  -1.363348747155183e+04  1.155321137196352e+00  7.017538422681322e-03  6.598149388967299e-04
  1.524999999999989e+00  -5.346261716747761e+04  4.712213310306674e+04  -1.225474821212826e+03  -1.012451940335126e+07  -4.459786110939032e+03  -1.576801862552654e+04  1.151339430523842e+00  6.782712477448976e-03  3.619037732968145e-05
  1.529999999999989e+00  -6.385673322664448e+04  4.430258328724931e+04  -2.592596396067982e+03  -1.008629395312609e+07  4.021345374824699e+03  -1.761592090699492e+04  1.146544307124169e+00  6.386681464634454e-03  -5.399687496364788e-04
  1.534999999999989e+00  -7.242192060973692e+04  4.328185014711717e+04  -2.510997085349665e+03  -1.004593311500018e+07  1.455651357679163e+04  -1.814762122253229e+04  1.141754402812194e+00  5.793533194552648e-03  -1.240511571137161e-03
  1.539999999999989e+00  -7.811180558810927e+04  4.407004221302902e+04  -1.008793414982520e+03  -1.000260283681150e+07  2.492762219603271e+04  -1.763757145880726e+04  1.136568637752620e+00  5.025514721307512e-03  -1.939319828797180e-03
  1.544999999999989e+00  -8.112722737108343e+04  4.619889046854019e+04  1.649212646332458e+03  -9.956599619498683e+06  3.474093311453966e+04  -1.601839206330251e+04  1.130964641063395e+00  4.117446749745518e-03  -2.611402516900032e-03
  1.549999999999989e+00  -8.258056818672676e+04  4.875172619607191e+04  4.971386745326010e+03  -9.905359584381979e+06  4.243783234624511e+04  -1.368463442789894e+04  1.124451624592620e+00  3.205430118562622e-03  -3.270727766240592e-03
  1.554999999999989e+00  -8.095143126931360e+04  5.218947617652795e+04  9.161280935605409e+03  -9.855133204726668e+06  5.045448160782646e+04  -9.852560466899100e+03  1.118036383087990e+00  2.142017912109058e-03  -3.853244713113416e-03
  1.559999999999989e+00  -7.733390522283652e+04  5.539160563522518e+04  1.345450769007662e+04  -9.803682465072893e+06  5.708986077026272e+04  -5.080980063996872e+03  1.111227071526946e+00  1.078551801225448e-03  -4.335743032837660e-03
  1.564999999999989e+00  -7.207316454887272e+04  5.779326086382836e+04  1.742984778727053e+04  -9.751570636199364e+06  6.220398719956621e+04  4.685791889930740e+02  1.104048551528466e+00  7.054497023743606e-05  -4.700191081733535e-03
  1.569999999999989e+00  -6.549323923837132e+04  5.893518288460387e+04  2.074431917578224e+04  -9.699375341544779e+06  6.573996347387937e+04  6.599371123605342e+03  1.096535764274172e+00  -8.342605315147228e-04  -4.936178137948656e-03
  1.574999999999988e+00  -5.925340554381994e+04  5.957692641573683e+04  2.415504402802281e+04  -9.644388428108452e+06  6.790390976598367e+04  1.299871156503074e+04  1.088418773147659e+00  -1.667879026026579e-03  -5.258019988357264e-03
  1.579999999999988e+00  -5.126990371390527e+04  5.753650317841742e+04  2.567031854085911e+04  -9.593594443074215e+06  6.865304739070719e+04  1.967728357665257e+04  1.080390492899822e+00  -2.306900680007558e-03  -5.264618813664544e-03
  1.584999999999988e+00  -4.287613257358313e+04  5.365405681072219e+04  2.608902385808138e+04  -9.544185206748299e+06  6.799420050009718e+04  2.619437866158938e+04  1.072155272184045e+00  -2.773408684118827e-03  -5.150145839882467e-03
  1.589999999999988e+00  -3.418569693183089e+04  4.813357289581005e+04  2.556804667157481e+04  -9.496503260790959e+06  6.607705034458062e+04  3.227076988566729e+04  1.063763016277147e+00  -3.077244518963680e-03  -4.931916764467120e-03
  1.594999999999988e+00  -2.862621544091764e+04  4.224583408479831e+04  2.503066359577598e+04  -9.447500645270679e+06  6.394971034139415e+04  3.812550954571027e+04  1.055065270571122e+00  -3.393720171948496e-03  -4.907012032381675e-03
  1.599999999999988e+00  -1.988027864330161e+04  3.432833797666821e+04  2.318576848282438e+04  -9.403908246772451e+06  6.013580342224849e+04  4.278435378697787e+04  1.046530128874005e+00  -3.444145827341330e-03  -4.537789418523171e-03
  1.604999999999988e+00  -1.067260137689805e+04  2.610543997627005e+04  2.129798379370679e+04  -9.362514736404927e+06  5.557347932334389e+04  4.632912863918231e+04  1.037984871761635e+00  -3.419284779480443e-03  -4.122914285938408e-03
  1.609999999999988e+00  -8.950780688099801e+02  1.815022023753852e+04  1.974722630890121e+04  -9.323272656078611e+06  5.046811101547861e+04  4.861392303322071e+04  1.029471090820839e+00  -3.361179436221752e-03  -3.685759074884996e-03
  1.614999999999988e+00  4.650478105442903e+03  1.032937925045522e+04  1.828037784972084e+04  -9.282855774042459e+06  4.571691176486633e+04  5.085564605847370e+04  1.020929115710427e+00  -3.397297681249478e-03  -3.448259939866195e-03
  1.619999999999987e+00  1.562544692615109e+04  3.840117165629420e+03  1.797700373506501e+04  -9.247350811247826e+06  3.986684732333352e+04  5.063761811172285e+04  1.012581891837031e+00  -3.344064916469212e-03  -2.974320666493335e-03
  1.624999999999987e+00  2.709333686634627e+04  -1.266967501734028e+03  1.880304951353870e+04  -9.213196041484265e+06  3.388731015063261e+04  4.905710597858372e+04  1.004322872033784e+00  -3.344546450363466e-03  -2.513225469338405e-03
  1.629999999999987e+00  3.863903966213675e+04  -4.986003926719299e+03  2.081087197468168e+04  -9.179906705432445e+06  2.785053753300762e+04  4.619962959917463e+04  9.961395585558391e-01  -3.407042485787907e-03  -2.065697658415178e-03
  1.634999999999987e+00  4.605775189961761e+04  -9.079491664946121e+03  2.245931596015507e+04  -9.144405690793604e+06  2.186144060504880e+04  4.386415138072988e+04  9.880023111357362e-01  -3.526314589144235e-03  -1.678464604104251e-03
  1.639999999999987e+00  5.663389836638601e+04  -1.066953415210124e+04  2.636092061059573e+04  -9.111514387197852e+06  1.564204465118294e+04  3.892638456746568e+04  9.799049998249320e-01  -3.673664025460433e-03  -1.197615661755505e-03
  1.644999999999987e+00  6.518461545617665e+04  -1.178151027082298e+04  3.078969917989918e+04  -9.077930329133343e+06  9.396895062997521e+03  3.323818941615459e+04  9.717753417730329e-01  -3.845024019813105e-03  -7.046307967360678e-04
  1.649999999999987e+00  7.079749619085366e+04  -1.299276569913577e+04  3.518992739429242e+04  -9.043178626238139e+06  3.079802245964355e+03  2.711228426642570e+04  9.635657104451334e-01  -4.007969790400289e-03  -1.822130906970116e-04
  1.654999999999987e+00  7.269480869903701e+04  -1.484770393487101e+04  3.893524204482086e+04  -9.006894836635537e+06  -3.344694526876857e+03  2.090234326191751e+04  9.552373699029273e-01  -4.128281758930904e-03  3.861808993290649e-04
  1.659999999999987e+00  7.308315955203997e+04  -1.717818158081570e+04  4.166299622579485e+04  -8.968318608468737e+06  -9.746591447902296e+03  1.574661214768692e+04  9.469403828183030e-01  -4.201654108927122e-03  1.016307795862275e-03
  1.664999999999986e+00  6.805920104775004e+04  -2.061199241827340e+04  4.318692714134285e+04  -8.928991089723496e+06  -1.617582410807560e+04  1.002054048908638e+04  9.383830304097595e-01  -4.180921239365574e-03  1.684763763531927e-03
  1.669999999999986e+00  5.916592606110142e+04  -2.519788260330590e+04  4.284451431259931e+04  -8.887907368096240e+06  -2.258108533746563e+04  5.138622466110746e+03  9.297125006198289e-01  -4.064022605307619e-03  2.406964647961821e-03
  1.674999999999986e+00  4.732239070176816e+04  -3.054292106606538e+04  4.069384609735915e+04  -8.845275575458977e+06  -2.883855349476427e+04  1.303350242477288e+03  9.209855547950745e-01  -3.861108371486231e-03  3.171332482767051e-03
  1.679999999999986e+00  4.096605918645939e+04  -3.359948269644907e+04  3.944672826446878e+04  -8.802269605877936e+06  -3.432186260223683e+04  -1.896126437375567e+03  9.124682818035852e-01  -3.694566385298070e-03  3.915104289239415e-03
  1.684999999999986e+00  2.790386312453496e+04  -3.816998887204630e+04  3.534800517713634e+04  -8.757869542586613e+06  -3.976093390098035e+04  -3.712332637131116e+03  9.038518870340616e-01  -3.413884591166113e-03  4.686294668731428e-03
  1.689999999999986e+00  1.629816108952966e+04  -4.109435197971704e+04  3.120364623374481e+04  -8.713003036847576e+06  -4.459544928805859e+04  -4.426834749755579e+03  8.954390302854790e-01  -3.157557663697093e-03  5.424621295294488e-03
  1.694999999999986e+00  7.835557587888443e+03  -4.134614052869167e+04  2.801127605813558e+04  -8.668113569275087e+06  -4.866826839098111e+04  -4.216477618884532e+03  8.873344682059821e-01  -2.979738478494533e-03  6.094539829523343e-03
  1.699999999999986e+00  9.242867045752366e+03  -3.709305080508687e+04  2.813157985877316e+04  -8.624634514372148e+06  -5.166172313154214e+04  -3.900195142505681e+03  8.794904179494357e-01  -2.944883913715530e-03  6.686688338699157e-03
  1.704999999999986e+00  9.262838090366635e+03  -3.049207112861895e+04  2.870480378985838e+04  -8.580705110127632e+06  -5.411956104159819e+04  -2.250700502326509e+03  8.721158131380061e-01  -3.014153205869547e-03  7.185474283033272e-03
  1.709999999999986e+00  1.467021113733812e+04  -1.966728500847311e+04  3.214696088525960e+04  -8.537609980496753e+06  -5.571977845486049e+04  -1.637263235953210e+02  8.652204387804596e-01  -3.262743993545935e-03  7.568138032956669e-03
  1.714999999999985e+00  2.513966523331939e+04  -4.832050254646321e+03  3.845654526924644e+04  -8.495471503435772e+06  -5.655965570942168e+04  2.249740984682611e+03  8.588033134859417e-01  -3.690534783386600e-03  7.843514036931617e-03
  1.719999999999985e+00  4.019281411607470e+04  1.192506732393831e+04  4.631996565527697e+04  -8.454708924087103e+06  -5.691833277559953e+04  4.899537071134848e+03  8.523026301288692e-01  -4.149143873727610e-03  8.169255139909940e-03
  1.724999999999985e+00  5.641227397590593e+04  3.221441007086149e+04  5.640484469812280e+04  -8.414254361841543e+06  -5.678936929490830e+04  7.943460196410955e+03  8.466471566403245e-01  -4.834916027949001e-03  8.326819822635396e-03
  1.729999999999985e+00  7.391000986091825e+04  5.385787196410428e+04  6.728116317534813e+04  -8.374580827777040e+06  -5.641620843653633e+04  1.126390428643078e+04  8.413272906957465e-01  -5.598553366281617e-03  8.460391357544917e-03
  1.734999999999985e+00  9.091943977903442e+04  7.552434742987868e+04  7.780215782848548e+04  -8.335543312192951e+06  -5.598626661126931e+04  1.494014863102888e+04  8.362648776179594e-01  -6.380533940209041e-03  8.608357396956591e-03
  1.739999999999985e+00  1.057695698279817e+05  9.591915935209920e+04  8.686835344194091e+04  -8.297002782969695e+06  -5.563990915758172e+04  1.904443398781895e+04  8.313877109266953e-01  -7.121163546905571e-03  8.801122391030095e-03
  1.744999999999985e+00  1.153562123626588e+05  1.126968759816129e+05  9.291412655229018e+04  -8.258845005863845e+06  -5.538320885061278e+04  2.286248051552647e+04  8.260889849206431e-01  -7.655918802761656e-03  9.100345492920693e-03
  1.749999999999985e+00  1.221695281813416e+05  1.276969929540764e+05  9.681514992801791e+04  -8.221050507489691e+06  -5.530396408608873e+04  2.762855377036516e+04  8.214911185387320e-01  -8.188299349539995e-03  9.369445221970391e-03
  1.754999999999985e+00  1.239567544572941e+05  1.387772084134640e+05  9.727587562853793e+04  -8.183660424135617e+06  -5.533822976487804e+04  3.282828452110924e+04  8.169767353648296e-01  -8.550567734389157e-03  9.684571709337213e-03
  1.759999999999984e+00  1.205375923045053e+05  1.455918855079029e+05  9.419454132255577e+04  -8.146760265295031e+06  -5.537811491380836e+04  3.836991226889966e+04  8.125358062368117e-01  -8.721059841720134e-03  1.001988441324505e-02
  1.764999999999984e+00  1.107035173593097e+05  1.478877556561688e+05  8.775071028769168e+04  -8.110515419216840e+06  -5.515257052099353e+04  4.286801937970757e+04  8.078512966550757e-01  -8.654618954871863e-03  1.025859339016670e-02
  1.769999999999984e+00  9.778039939180852e+04  1.462386880311287e+05  7.812615223953439e+04  -8.074910347119150e+06  -5.485559913915911e+04  4.876482136329947e+04  8.036184899503053e-01  -8.432216057368519e-03  1.050222237346840e-02
  1.774999999999984e+00  8.098716204650975e+04  1.405958807567849e+05  6.579522016532432e+04  -8.040142947736932e+06  -5.420497029276751e+04  5.463134591158029e+04  7.994363607323517e-01  -8.003248017197201e-03  1.065687811515205e-02
  1.779999999999984e+00  6.107376886904407e+04  1.313251681865240e+05  5.123703120534538e+04  -8.006275103028786e+06  -5.313109000433600e+04  6.029233797049195e+04  7.952751864001626e-01  -7.372067893867683e-03  1.068296907508423e-02
  1.784999999999984e+00  3.691518577615741e+04  1.187045961935230e+05  3.442931771263474e+04  -7.972958439030583e+06  -5.176947003579792e+04  6.515571522160606e+04  7.910061886220798e-01  -6.550674436017602e-03  1.047547037753565e-02
  1.789999999999984e+00  1.309228872484116e+04  1.034096105180343e+05  1.668241037105714e+04  -7.940458980898870e+06  -5.001885302177398e+04  7.034911157665559e+04  7.867829642391648e-01  -5.547835452241847e-03  1.018364956462117e-02
  1.794999999999984e+00  -1.158885103607228e+04  8.572726153141999e+04  -1.920841526887231e+03  -7.908411343440513e+06  -4.802541922424468e+04  7.501812932568532e+04  7.823830437135485e-01  -4.363915596973653e-03  9.707022431418032e-03
  1.799999999999984e+00  -3.647957787615457e+04  6.606857241808149e+04  -2.098802459192973e+04  -7.876446226647274e+06  -4.596673414341037e+04  7.913405116637377e+04  7.777183099244298e-01  -3.010848795895412e-03  9.046233723351910e-03
  1.804999999999984e+00  -6.287527041046031e+04  4.480546758635584e+04  -4.091946235013182e+04  -7.843503561914735e+06  -4.436055733931956e+04  8.320645072416552e+04  7.728635268128002e-01  -1.583621450935052e-03  8.207728029613278e-03
  1.809999999999983e+00  -8.601908609417855e+04  2.270903770007273e+04  -5.958071483505573e+04  -7.810239332686521e+06  -4.282019022645219e+04  8.630220343914918e+04  7.674734776144017e-01  1.119508022647076e-05  7.247105223552652e-03
  1.814999999999983e+00  -1.074942286272408e+05  1.292468643366524e+02  -7.736332096626882e+04  -7.775638931733095e+06  -4.183491066238525e+04  8.878924705740278e+04  7.615867255959207e-01  1.686175181953201e-03  6.163941651461359e-03
  1.819999999999983e+00  -1.266857238902467e+05  -2.230376887453795e+04  -9.374791724820164e+04  -7.739219680825748e+06  -4.159713100263679e+04  9.065835208958537e+04  7.551635239695885e-01  3.388128801268975e-03  4.995054235925731e-03
  1.824999999999983e+00  -1.440488104097332e+05  -4.343321443416704e+04  -1.085286781148280e+05  -7.700566679506475e+06  -4.219126961070599e+04  9.248862943770934e+04  7.485899871179628e-01  4.916585208495789e-03  3.805322446175765e-03
  1.829999999999983e+00  -1.565521786441717e+05  -6.323654922769140e+04  -1.201680291350705e+05  -7.659721741501354e+06  -4.365987479594957e+04  9.286442725061066e+04  7.411327548573632e-01  6.480448949408475e-03  2.595295766842599e-03
  1.834999999999983e+00  -1.650975337086233e+05  -8.067214763459725e+04  -1.286720710419482e+05  -7.616362829751455e+06  -4.609196942506156e+04  9.238522346583320e+04  7.331920819356065e-01  7.879330843473812e-03  1.425436595412641e-03
  1.839999999999983e+00  -1.692299648755225e+05  -9.498157254321790e+04  -1.335098849296773e+05  -7.570557831582287e+06  -4.944265922646542e+04  9.092206726893703e+04  7.248474387523326e-01  9.046123853399582e-03  3.386548226081154e-04
  1.844999999999983e+00  -1.686130571980370e+05  -1.054943606327898e+05  -1.342525155063169e+05  -7.522553733929084e+06  -5.360061817108710e+04  8.834580374279534e+04  7.162015975856483e-01  9.924670044190507e-03  -6.271409456168247e-04
  1.849999999999983e+00  -1.634380956487998e+05  -1.113316475130988e+05  -1.306895919464282e+05  -7.473729651657851e+06  -5.780606858560573e+04  8.530884555653598e+04  7.078257639654840e-01  1.045018256139384e-02  -1.405051366618655e-03
  1.854999999999982e+00  -1.531773046102332e+05  -1.132341517150931e+05  -1.227982117918785e+05  -7.422736491209580e+06  -6.301062865897625e+04  8.043395728389382e+04  6.989027642054164e-01  1.070413684323523e-02  -2.039665972453526e-03
  1.859999999999982e+00  -1.383743341775669e+05  -1.105971550915163e+05  -1.107959143302138e+05  -7.370968721531816e+06  -6.849668128046773e+04  7.438831455023297e+04  6.900163155261408e-01  1.061380789702418e-02  -2.485822145490983e-03
  1.864999999999982e+00  -1.194926951500610e+05  -1.036655962344511e+05  -9.515752161655341e+04  -7.319005189228141e+06  -7.405651579234618e+04  6.729804712422773e+04  6.812612020243410e-01  1.019948056298286e-02  -2.739265930206819e-03
  1.869999999999982e+00  -9.752676914859742e+04  -9.350082604439132e+04  -7.700704817746501e+04  -7.268054201994081e+06  -7.918353632167348e+04  6.041936782465469e+04  6.729609437202290e-01  9.608071691520418e-03  -2.718075816835515e-03
  1.874999999999982e+00  -7.288082344215336e+04  -8.010034102432041e+04  -5.661225640352763e+04  -7.217107976170141e+06  -8.445795776945037e+04  5.205634120631053e+04  6.645832703948312e-01  8.704625040879281e-03  -2.595536536280676e-03
  1.879999999999982e+00  -4.664778579819819e+04  -6.457571412278659e+04  -3.528313515677698e+04  -7.167282137900083e+06  -8.935062824901572e+04  4.351787363667738e+04  6.564426986275150e-01  7.618077016174448e-03  -2.308058325950277e-03
  1.884999999999982e+00  -1.986441809695016e+04  -4.794703664130437e+04  -1.412918938167785e+04  -7.118813024344604e+06  -9.376414469299008e+04  3.523543322458579e+04  6.485152083345145e-01  6.411658259710754e-03  -1.869757749189552e-03
  1.889999999999982e+00  7.017152133433618e+03  -3.185228934902313e+04  5.930685422960338e+03  -7.071880629150087e+06  -9.773452125155242e+04  2.818316925019993e+04  6.408308812818043e-01  5.272625702525185e-03  -1.200004634570439e-03
  1.894999999999982e+00  3.219586811570588e+04  -1.585247889709855e+04  2.397384486762682e+04  -7.026445982250382e+06  -1.010417024475736e+05  2.139628108279323e+04  6.331705118807458e-01  3.987797678101757e-03  -5.257621630349975e-04
  1.899999999999981e+00  5.534934653115492e+04  -1.368746315838077e+03  3.926248425971267e+04  -6.982598833620968e+06  -1.036984801115632e+05  1.595735040107904e+04  6.255847740205573e-01  2.732191377623918e-03  2.498512970407048e-04
  1.904999999999981e+00  7.590010874989268e+04  1.100506286493824e+04  5.133258867285206e+04  -6.940340127785792e+06  -1.056694040622959e+05  1.211049423959632e+04  6.180368444123892e-01  1.540782497859793e-03  1.112511345137128e-03
  1.909999999999981e+00  9.549702555099792e+04  2.137126883309792e+04  6.143256677480829e+04  -6.899820722431282e+06  -1.070356226128109e+05  9.404337996769664e+03  6.105393311098869e-01  4.807820607929187e-04  2.040867415593616e-03
  1.914999999999981e+00  1.103782926258840e+05  2.903800044933510e+04  6.703484119073329e+04  -6.860987621453160e+06  -1.074648229132424e+05  8.659859361319603e+03  6.030278209275244e-01  -5.593914262534719e-04  2.989424853229085e-03
  1.919999999999981e+00  1.222735225890129e+05  3.420388619934679e+04  6.948134245738423e+04  -6.823963721321398e+06  -1.070546061175806e+05  9.551480020762841e+03  5.955628807385214e-01  -1.504303289018079e-03  3.968734765862543e-03
  1.924999999999981e+00  1.314204020017035e+05  3.711659895790837e+04  6.915296298362329e+04  -6.788935449523123e+06  -1.057305001504356e+05  1.188513462967595e+04  5.881864199921385e-01  -2.362839280216065e-03  4.951744026819561e-03
  1.929999999999981e+00  1.382138770695008e+05  3.817404554180484e+04  6.654264537419064e+04  -6.756131361769996e+06  -1.034131143680330e+05  1.538972665713102e+04  5.809489708866734e-01  -3.152673892700358e-03  5.907274881227650e-03
  1.934999999999981e+00  1.454149033672019e+05  3.891847568312274e+04  6.406127867319581e+04  -6.726014190217885e+06  -1.002198723834143e+05  1.852495522248834e+04  5.738367824853003e-01  -3.934390717864227e-03  6.707193429296329e-03
  1.939999999999981e+00  1.489239899380895e+05  3.768266684199508e+04  5.834965543506196e+04  -6.698191985823497e+06  -9.585534250079359e+04  2.350195196827035e+04  5.669771649490619e-01  -4.660713413063458e-03  7.517762675707420e-03
  1.944999999999981e+00  1.516242507746379e+05  3.603345817893721e+04  5.185857917343681e+04  -6.673150048943944e+06  -9.039306985467316e+04  2.879534756247550e+04  5.603799048075598e-01  -5.382219835313290e-03  8.211965913199969e-03
  1.949999999999980e+00  1.541071838075139e+05  3.446562648863838e+04  4.507483647387796e+04  -6.650981192186773e+06  -8.385920707106231e+04  3.411377082556263e+04  5.540629731680320e-01  -6.119067119079676e-03  8.762041021118437e-03
  1.954999999999980e+00  1.574307912251137e+05  3.327647814378476e+04  3.890233902030387e+04  -6.631321711810329e+06  -7.697908902883828e+04  3.864086389671911e+04  5.478472230194963e-01  -6.862652425956013e-03  9.099093344634109e-03
  1.959999999999980e+00  1.605968300978538e+05  3.265398886664500e+04  3.217240992228180e+04  -6.614555706519284e+06  -6.875649522311115e+04  4.360376872733616e+04  5.420578711829223e-01  -7.636785263445202e-03  9.331989836388055e-03
  1.964999999999980e+00  1.648594184454943e+05  3.298558321981718e+04  2.606199771643999e+04  -6.600389556272436e+06  -5.985554639477613e+04  4.803434588184389e+04  5.365333405581525e-01  -8.429937859644888e-03  9.384797380929110e-03
  1.969999999999980e+00  1.704226569424702e+05  3.431601902111069e+04  2.069573576702667e+04  -6.588578530991151e+06  -5.051586918993270e+04  5.183580761575261e+04  5.312533742087656e-01  -9.222486275057439e-03  9.265146992859999e-03
  1.974999999999980e+00  1.761364427896379e+05  3.528543339700078e+04  1.494990425338275e+04  -6.578136941275714e+06  -4.188478633016911e+04  5.513639863434282e+04  5.259764527828513e-01  -9.899301201903717e-03  8.992024820187381e-03
  1.979999999999980e+00  1.840166635278733e+05  3.811462266587136e+04  1.069242401355457e+04  -6.570198529629907e+06  -3.248035573069788e+04  5.774263256292745e+04  5.211356180480405e-01  -1.059456893775386e-02  8.590603702606834e-03
  1.984999999999980e+00  1.927926245139226e+05  4.137524529819817e+04  7.003954636914986e+03  -6.563887475380450e+06  -2.344926837598065e+04  5.967442555315726e+04  5.165114502110574e-01  -1.118617201918529e-02  8.085233136788003e-03
  1.989999999999980e+00  2.019594528177366e+05  4.467213307959328e+04  3.651751790104126e+03  -6.559023354036106e+06  -1.507668940679505e+04  6.101188547646458e+04  5.121089287512972e-01  -1.163090918016512e-02  7.511616000209477e-03
  1.994999999999979e+00  2.096171503192582e+05  4.656383980648301e+04  -1.190820956922094e+03  -6.555201372675898e+06  -8.026510398737918e+03  6.209531343960788e+04  5.077235082938462e-01  -1.185604938948098e-02  6.885163334077514e-03
  1.999999999999979e+00  2.178979720714773e+05  4.899629851222486e+04  -4.487444764452807e+03  -6.553166063539418e+06  -1.473477172175734e+03  6.250145973841394e+04  5.038170911506151e-01  -1.193007286005587e-02  6.264187235729131e-03
