TITLE = "Temporal Signal for receiver number 00005"
VARIABLES = "Time","s_xx","s_yy","s_zz","s_xy","s_yz","s_xz","v1","v2","v3"
# x1       -3.000000000000e+03
# x2       1.000000000000e+03
# x3       -7.500000000000e+03
# cell-global-id 14166
  0.000000000000000e+00  0.000000000000000e+00  0.000000000000000e+00  0.000000000000000e+00  0.000000000000000e+00  0.000000000000000e+00  0.000000000000000e+00  0.000000000000000e+00  0.000000000000000e+00  0.000000000000000e+00
  5.000000000000000e-03  0.000000000000000e+00  0.000000000000000e+00  0.000000000000000e+00  0.000000000000000e+00  0.000000000000000e+00  0.000000000000000e+00  0.000000000000000e+00  0.000000000000000e+00  0.000000000000000e+00
  1.000000000000000e-02  6.607766583609073e-09  4.125485958837857e-09  2.186550110964757e-09  2.952603956106140e-09  -9.679509555042972e-10  6.970874876658304e-10  -4.240654349077100e-16  -2.889667540874301e-16  7.613409669124142e-17
  1.500000000000000e-02  2.346145070408163e-08  1.444743056291642e-08  5.391838688365208e-09  1.232291370966195e-08  -3.593079137153056e-09  3.857491922812050e-09  -1.476830850347598e-15  -1.029276572578988e-15  2.516791161805401e-16
  2.000000000000000e-02  1.501402822761294e-08  1.296892975330637e-08  -1.867865266571986e-09  1.728362386616540e-08  -4.884072877667026e-09  6.608500451958905e-09  -1.492989906736830e-15  -9.961782935301262e-16  1.902623136526033e-16
  2.500000000000000e-02  -7.034279681385874e-10  1.205228452934423e-08  -7.433929313382272e-09  2.489376596826654e-08  -5.216829219062964e-09  7.594251411380820e-09  -1.102422429407987e-15  -9.394229783589696e-16  5.745257603224158e-17
  3.000000000000000e-02  -2.866428322407330e-08  7.787873884992070e-09  -1.613670898755947e-08  2.961599295937717e-08  -4.000995420680751e-09  8.290872310456443e-09  -8.208570855669301e-16  -3.195461008023619e-16  -2.308677473950984e-16
  3.500000000000000e-02  -4.398693450651416e-08  1.262954685057961e-08  -1.309961662570776e-08  3.704107455455492e-08  -2.197742203453827e-09  7.216261235236022e-09  -1.398891582370497e-15  -1.064714983485259e-17  -3.200941910769303e-16
  4.000000000000000e-02  -4.221622784815287e-08  2.548609581669801e-08  1.334296608409386e-09  4.726322979978358e-08  -2.869148530178955e-10  4.070755195097874e-09  -2.866275499401208e-15  -2.583731454097389e-16  -1.085366491029775e-16
  4.500000000000000e-02  -3.234131380436023e-08  3.547223255742752e-08  1.276296011896174e-08  6.146436509116372e-08  1.092459521229204e-09  -3.739006874697775e-10  -4.311065616107726e-15  -6.861126287140998e-16  1.846790965771695e-16
  5.000000000000000e-02  -2.154766943209906e-08  4.218724067696722e-08  2.626771850504004e-08  6.805291354672963e-08  4.136038266540946e-09  -6.135850571582772e-09  -6.019776054741163e-15  -1.192978913433647e-15  6.196047803315073e-16
  5.499999999999999e-02  -1.359695504126266e-08  3.871872064397766e-08  3.068258696055206e-08  7.012065125413209e-08  7.790033572935851e-09  -1.235442267351284e-08  -7.167839516280669e-15  -1.533722957250016e-15  8.624203352586413e-16
  5.999999999999999e-02  -7.999914906312855e-09  2.429047816138682e-08  2.461582449624666e-08  6.668524238759452e-08  1.165973934523050e-08  -1.857071384619646e-08  -7.462443423228635e-15  -1.457764082808573e-15  7.456292069162958e-16
  6.499999999999999e-02  -1.355747672046360e-09  4.535195055394239e-09  1.343885461725139e-08  5.497491357553916e-08  1.458240143562587e-08  -2.335650887041231e-08  -6.931238158492546e-15  -5.816145737106242e-16  4.234423255884336e-16
  6.999999999999999e-02  1.112084920668953e-08  -2.121983413226617e-08  -1.712039139357617e-09  3.696586451590647e-08  1.714474790712956e-08  -2.775648232970108e-08  -5.512101459942887e-15  3.763275946488610e-16  -2.921457082074154e-16
  7.500000000000000e-02  3.182993646449333e-08  -4.680664360614897e-08  -1.545023783631990e-08  1.287477084032273e-08  1.792939677964812e-08  -3.042734311650440e-08  -3.261751684999734e-15  1.617342247067395e-15  -1.093190883617794e-15
  8.000000000000000e-02  5.929844091377439e-08  -6.874115776910635e-08  -2.420019110955322e-08  -1.734130585127302e-08  1.656273655405164e-08  -3.069936331597586e-08  -2.471459247462793e-16  2.944702298416987e-15  -1.751235979006733e-15
  8.500000000000001e-02  8.096352066011505e-08  -8.395653340344186e-08  -2.672521190218660e-08  -6.022391000790086e-08  1.490652943068426e-08  -2.658203574374135e-08  2.789058561125024e-15  4.276212843898857e-15  -2.157259755964587e-15
  9.000000000000001e-02  1.056634353274902e-07  -9.471548284825076e-08  -2.490689140126583e-08  -1.019458360630557e-07  9.956508725902888e-09  -2.056508167985261e-08  7.029015180959562e-15  5.183227611635874e-15  -2.196276380072652e-15
  9.500000000000001e-02  1.200127141591417e-07  -9.958842022516410e-08  -1.972072141487312e-08  -1.466857641486428e-07  3.474024326525972e-09  -1.147040392887259e-08  1.182314763696760e-14  5.740374353873562e-15  -1.824620585720512e-15
  1.000000000000000e-01  1.191777620938072e-07  -9.932694808499558e-08  -1.379132790523843e-08  -1.921814239500478e-07  -3.873502970389925e-09  2.418476276384426e-10  1.696006075988923e-14  5.919575867017176e-15  -1.122784528512836e-15
  1.050000000000000e-01  1.013733562765380e-07  -9.450410646936093e-08  -9.228775853455590e-09  -2.354053081842966e-07  -1.133803645818126e-08  1.368889407199272e-08  2.209090730408557e-14  5.731915567866450e-15  -2.302408929487003e-16
  1.100000000000000e-01  6.944609005464906e-08  -8.621666544635484e-08  -6.752259275481916e-09  -2.774177663573379e-07  -1.676336210294623e-08  2.799446136511699e-08  2.570576838110337e-14  5.048941368223885e-15  4.648127966727306e-16
  1.150000000000000e-01  2.600070254112950e-08  -7.367623337898283e-08  -6.474527864776166e-09  -3.039387927400676e-07  -2.322468456494449e-08  4.059089434845107e-08  2.953620373048842e-14  4.188678462010653e-15  1.353036395109653e-15
  1.200000000000000e-01  -2.354957278107257e-08  -5.656129729749204e-08  -7.474362839474934e-09  -3.169022129843611e-07  -2.817153240434950e-08  5.090248613997878e-08  3.188798219667438e-14  3.066536606254527e-15  2.046793162768687e-15
  1.250000000000000e-01  -7.271762212884011e-08  -3.453151367840548e-08  -8.223088366103906e-09  -3.132624913705309e-07  -3.127801776719609e-08  5.780819641954115e-08  3.227369004027925e-14  1.699463790489741e-15  2.472359250093325e-15
  1.300000000000000e-01  -1.144339651610275e-07  -1.393230928977526e-08  -7.845773995376122e-09  -2.929971387164447e-07  -3.358612221827011e-08  6.007128447641661e-08  3.039227073887410e-14  -5.024939362720827e-17  2.734397919549411e-15
  1.350000000000000e-01  -1.468372042840040e-07  1.617365341264928e-08  -4.625360901824859e-09  -2.493767980879100e-07  -3.326498278745782e-08  5.823962839335596e-08  2.635049294880271e-14  -1.827812511632952e-15  2.676796473307554e-15
  1.400000000000000e-01  -1.656212813583278e-07  4.950515345975376e-08  1.492248619885393e-09  -1.865422186855898e-07  -3.089025926633587e-08  5.234737010138726e-08  1.991034395660877e-14  -3.742066778019853e-15  2.356534401387460e-15
  1.450000000000000e-01  -1.701776404468599e-07  8.395465513904660e-08  9.962286960711362e-09  -1.065738665100943e-07  -2.666421819649874e-08  4.305984896275458e-08  1.136120849628794e-14  -5.706333540403909e-15  1.831860584018668e-15
  1.500000000000000e-01  -1.615554715521345e-07  1.109351654198407e-07  1.843007177067329e-08  -1.050411618716774e-08  -2.289101677656304e-08  3.006318559738375e-08  2.131780877794206e-15  -7.737638615799806e-15  1.436033536421147e-15
  1.550000000000001e-01  -1.417629761880286e-07  1.414263209927316e-07  2.827397992284799e-08  9.477628668960166e-08  -1.565278408738917e-08  1.677838692950090e-08  -9.057126978101240e-15  -9.458695727514293e-15  6.714733428137529e-16
  1.600000000000001e-01  -1.147395554865737e-07  1.654877915560684e-07  3.657728858529450e-08  2.041410021287147e-07  -7.453733890712867e-09  3.249284671359784e-09  -2.070931622485250e-14  -1.084060382904046e-14  -1.014324743188030e-16
  1.650000000000001e-01  -8.400305213223664e-08  1.808895049571582e-07  4.217558444283162e-08  3.121365388413750e-07  1.219325911281098e-09  -9.562135986086693e-09  -3.217395835517974e-14  -1.175424937859008e-14  -8.045181467183535e-16
  1.700000000000001e-01  -4.932902806386694e-08  1.873966415571025e-07  4.470703531234563e-08  4.215011217017622e-07  8.852150188856526e-09  -2.294620629966695e-08  -4.184425894029560e-14  -1.224474639511372e-14  -1.334172974081597e-15
  1.750000000000001e-01  -1.916264398962178e-08  1.839556648032238e-07  4.355722083884984e-08  5.124954201754091e-07  1.734800123737797e-08  -3.247524659341288e-08  -5.130563758211700e-14  -1.193939824483672e-14  -1.784107485538907e-15
  1.800000000000001e-01  7.339471440863229e-09  1.698540486953908e-07  3.889400293445199e-08  5.871971209271154e-07  2.481317306935917e-08  -3.973609724703304e-08  -5.907270357588052e-14  -1.097473607570603e-14  -2.009032454818640e-15
  1.850000000000001e-01  2.942955646218225e-08  1.461676707898854e-07  3.125768194966853e-08  6.422457156793995e-07  3.085205850444351e-08  -4.468157220046370e-08  -6.483176122539357e-14  -9.390628717471984e-15  -2.007219191768515e-15
  1.900000000000001e-01  4.700053198203815e-08  1.146237611475207e-07  2.137226300137368e-08  6.751488157734618e-07  3.519309569966604e-08  -4.744061570937997e-08  -6.835462884478810e-14  -7.274385553493350e-15  -1.803980413771813e-15
  1.950000000000001e-01  6.483341295023867e-08  8.499160811700421e-08  1.202083094313454e-08  6.936575276182519e-07  3.822902162339310e-08  -5.019293560339264e-08  -6.871086405901357e-14  -4.737966623296746e-15  -1.601306780978680e-15
  2.000000000000001e-01  7.433193779992614e-08  4.480686821673625e-08  2.951354126936560e-10  6.769123529634511e-07  3.906227232992040e-08  -4.912195468103813e-08  -6.741195674315394e-14  -1.899689076915824e-15  -1.137303589827732e-15
  2.050000000000001e-01  8.065054836025760e-08  3.414900515032800e-09  -1.145097010456322e-08  6.347753284042743e-07  3.812077011368533e-08  -4.663039834019740e-08  -6.355999703622133e-14  1.020784733740806e-15  -6.323478469375886e-16
  2.100000000000001e-01  8.428085532135607e-08  -3.684388159675280e-08  -2.264331212516542e-08  5.676105338876735e-07  3.561570843529969e-08  -4.302308551167419e-08  -5.713091886812511e-14  3.848430028951771e-15  -1.459159910898811e-16
  2.150000000000001e-01  8.937258157032231e-08  -6.665656226170139e-08  -2.987208243095599e-08  4.815307639162996e-07  3.250265967130543e-08  -3.929505965921719e-08  -4.771627380443612e-14  6.681526460510179e-15  1.888551975208734e-16
  2.200000000000001e-01  8.837741841905318e-08  -9.926256023579621e-08  -3.845636763604184e-08  3.652059469226444e-07  2.755268305500857e-08  -3.378953163947382e-08  -3.631851741821000e-14  8.925634974320588e-15  5.400779977840190e-16
  2.250000000000001e-01  8.544579290843383e-08  -1.254913766257734e-07  -4.530208619747514e-08  2.272109734301098e-07  2.179144206237809e-08  -2.779414574858022e-08  -2.247985063240931e-14  1.064789578899905e-14  7.879640742522988e-16
  2.300000000000001e-01  8.073929536108523e-08  -1.441763920016057e-07  -5.008487043491334e-08  6.928314769437229e-08  1.545774904807230e-08  -2.142752792587303e-08  -6.313807429050441e-15  1.176469752921308e-14  9.418637179393790e-16
  2.350000000000001e-01  7.718257280300356e-08  -1.510440806235456e-07  -5.006630013739701e-08  -1.070597091200177e-07  9.043487856443214e-09  -1.422745369117840e-08  1.196603978422866e-14  1.271292230970398e-14  9.640745896428579e-16
  2.400000000000001e-01  6.897768446742902e-08  -1.538485685019863e-07  -5.031329992873005e-08  -3.009691657931060e-07  2.049192048570518e-09  -7.033368143616712e-09  3.220943555086251e-14  1.255217668146724e-14  9.852191459487835e-16
  2.450000000000001e-01  5.956441466091973e-08  -1.480559726733650e-07  -4.803304272887623e-08  -5.088241840290433e-07  -4.948809484105590e-09  3.687347932353967e-10  5.425481776265206e-14  1.173750558374385e-14  9.884736353743388e-16
  2.500000000000001e-01  4.922155379374949e-08  -1.341230091264906e-07  -4.327662411608798e-08  -7.285799616620748e-07  -1.180469520400368e-08  7.988355264352960e-09  7.786717316499062e-14  1.032490243580535e-14  1.006758936272122e-15
  2.550000000000001e-01  3.882654065292836e-08  -1.130207789465802e-07  -3.492302945061723e-08  -9.632002636930681e-07  -1.830753534236110e-08  1.674301409898719e-08  1.023204066835360e-13  8.908103762495464e-15  9.076318579175859e-16
  2.600000000000001e-01  2.679717538242986e-08  -8.616700294141318e-08  -2.604383614609546e-08  -1.201848892087415e-06  -2.443925090291462e-08  2.472912793596770e-08  1.282352276697253e-13  6.541908474846717e-15  9.981283778819357e-16
  2.650000000000001e-01  1.475296226670950e-08  -5.438445741249151e-08  -1.554000219797749e-08  -1.446159138329982e-06  -3.003294264388815e-08  3.280357355341039e-08  1.549296722458755e-13  3.867030304659679e-15  1.181307946145525e-15
  2.700000000000001e-01  3.040517700353134e-09  -1.923668898099833e-08  -3.925625043043132e-09  -1.694186763765171e-06  -3.503743633942530e-08  4.087964154995650e-08  1.821237984692488e-13  1.009057491564028e-15  1.480298099962507e-15
  2.750000000000001e-01  -1.042706105379230e-08  1.668779564321554e-08  9.443151654692657e-09  -1.951550959457046e-06  -3.885235239960714e-08  4.895138614572428e-08  2.088205229245543e-13  -1.602533902714383e-15  1.524678152172079e-15
  2.800000000000001e-01  -2.083925450309577e-08  5.435256793228879e-08  2.204215604117045e-08  -2.201864620964000e-06  -4.238254563871384e-08  5.628585028335080e-08  2.361969837231052e-13  -4.536193282269189e-15  2.039419470041017e-15
  2.850000000000001e-01  -2.934540609991021e-08  9.120851684883052e-08  3.431646447142135e-08  -2.450096813086525e-06  -4.544056431963628e-08  6.309197808123313e-08  2.633070896673901e-13  -7.321292962760540e-15  2.724741321093984e-15
  2.900000000000001e-01  -3.526388338252767e-08  1.261389501138187e-07  4.582704685003886e-08  -2.694451167446804e-06  -4.826896613703829e-08  6.918388443219230e-08  2.899310945860552e-13  -9.880273386802148e-15  3.601236542361432e-15
  2.950000000000002e-01  -3.785543082112825e-08  1.583066029681838e-07  5.622140169628838e-08  -2.933183390553736e-06  -5.121934600106651e-08  7.440736611070742e-08  3.158777931243296e-13  -1.216273189077786e-14  4.690695188381885e-15
  3.000000000000002e-01  -4.399937596858141e-08  1.901940173140064e-07  6.863601583715761e-08  -3.175656684555327e-06  -5.124022995244424e-08  7.720526224767106e-08  3.401140304889679e-13  -1.425716952174223e-14  5.105800149987625e-15
  3.050000000000002e-01  -3.831278591739827e-08  2.180253141497661e-07  7.735944910002841e-08  -3.399793759650687e-06  -5.466812682702722e-08  8.037095767091227e-08  3.642756008622428e-13  -1.601802303202084e-14  6.553906362173435e-15
  3.100000000000002e-01  -2.698000856127544e-08  2.431606063833636e-07  8.486915702347543e-08  -3.614166418210862e-06  -5.963584465803854e-08  8.282651486610053e-08  3.873903478998215e-13  -1.750940206230288e-14  8.286175388116622e-15
  3.150000000000002e-01  -9.473443489158988e-09  2.659340617709116e-07  9.133491220138636e-08  -3.817639804394736e-06  -6.691735050998399e-08  8.485763332250184e-08  4.094023469326277e-13  -1.878355448474878e-14  1.034302218930266e-14
  3.200000000000002e-01  9.986440942392066e-11  2.980700856533474e-07  1.033935969661649e-07  -4.028780998167759e-06  -6.811339345037785e-08  8.430326382083111e-08  4.290949373131388e-13  -2.053196566362829e-14  1.111326498053500e-14
  3.250000000000002e-01  3.040893053474592e-08  3.232672148933670e-07  1.108387547364690e-07  -4.212130410246770e-06  -8.003139534608555e-08  8.694906734381730e-08  4.488534359129065e-13  -2.169294659714786e-14  1.372798761530241e-14
  3.300000000000002e-01  6.789941452124116e-08  3.491282971440022e-07  1.190817135046264e-07  -4.383391343069884e-06  -9.670111986228989e-08  9.092230316007745e-08  4.675652668833594e-13  -2.285367704825552e-14  1.681816298236478e-14
  3.350000000000002e-01  1.124263218983721e-07  3.760002157263579e-07  1.289092821670978e-07  -4.542258977824450e-06  -1.193784331293965e-07  9.697139708651489e-08  4.853154766027645e-13  -2.407887271133180e-14  2.046331716831399e-14
  3.400000000000002e-01  1.397963185199958e-07  4.347506731769960e-07  1.515669821218299e-07  -4.729437151912398e-06  -1.279021487875807e-07  1.026593457485866e-07  5.003347560093989e-13  -2.714286115916436e-14  2.177189458047966e-14
  3.450000000000002e-01  1.979451450707629e-07  4.763235673240197e-07  1.704010362449540e-07  -4.872992149513808e-06  -1.613007414701230e-07  1.158633033907759e-07  5.165210712342335e-13  -2.890280975735715e-14  2.638591499579257e-14
  3.500000000000002e-01  2.628622135778990e-07  5.208890987226316e-07  1.943258057151476e-07  -5.005786771540515e-06  -2.045199122051624e-07  1.339766575478706e-07  5.322405264019648e-13  -3.081487217200309e-14  3.181625530999656e-14
  3.550000000000002e-01  3.338293045688486e-07  5.668720896722223e-07  2.243303260145574e-07  -5.127816085905928e-06  -2.597063931736662e-07  1.579884443327260e-07  5.477007737095605e-13  -3.283701056901164e-14  3.818000127454301e-14
  3.600000000000002e-01  3.760055620302852e-07  6.889200424577657e-07  2.776930792826054e-07  -5.325030299469349e-06  -2.824652615059475e-07  1.859602854066540e-07  5.602144650146816e-13  -3.915577084495770e-14  4.042893827014179e-14
  3.650000000000002e-01  4.608591964250123e-07  7.586889106515932e-07  3.280605344219348e-07  -5.444734114030653e-06  -3.578775036578518e-07  2.263009571986127e-07  5.760062902897210e-13  -4.180650179642419e-14  4.839688775344958e-14
  3.700000000000002e-01  5.512453942088173e-07  8.267082383675615e-07  3.884086592488698e-07  -5.556076107001457e-06  -4.519568558207266e-07  2.763671833206666e-07  5.924460719745235e-13  -4.427701074367669e-14  5.765019759799049e-14
  3.750000000000002e-01  6.456939666198421e-07  8.875490763327345e-07  4.594941363093233e-07  -5.658408346238028e-06  -5.686012230735251e-07  3.375767781579103e-07  6.098384806226471e-13  -4.638126218572412e-14  6.832611975886012e-14
  3.800000000000002e-01  7.421021050062887e-07  9.338337133328644e-07  5.419105283740290e-07  -5.750688151956297e-06  -7.124363249491219e-07  4.115199335411586e-07  6.284925617915958e-13  -4.790774931383018e-14  8.055744635368325e-14
  3.850000000000002e-01  8.207130142977214e-07  1.204829662605852e-06  6.755479583288631e-07  -6.039233831890613e-06  -7.686294747149291e-07  5.022571855651600e-07  6.455657201308008e-13  -5.950982169620922e-14  8.513039843521324e-14
  3.900000000000002e-01  9.383697788039362e-07  1.275633311834146e-06  7.969485609965497e-07  -6.148296112695129e-06  -9.567021732644429e-07  6.108629526546701e-07  6.688992972574783e-13  -6.055695474374127e-14  9.996643928614519e-14
  3.950000000000002e-01  1.057617136371046e-06  1.317762130843789e-06  9.350269764712259e-07  -6.248027384484026e-06  -1.185962845114786e-06  7.392094056682262e-07  6.950348776268288e-13  -6.031979502623540e-14  1.166837901031307e-13
  4.000000000000002e-01  1.174811191055396e-06  1.316698945606515e-06  1.090552833987875e-06  -6.336415172955805e-06  -1.464158205596179e-06  8.901052553737499e-07  7.244273695505391e-13  -5.852156748635345e-14  1.353412850137390e-13
  4.050000000000002e-01  1.331476805175951e-06  1.806756726479208e-06  1.343398477421319e-06  -6.792737279303741e-06  -1.565936528298127e-06  1.079684137621015e-06  7.559525705585749e-13  -7.651708563408125e-14  1.421015326906059e-13
  4.100000000000003e-01  1.493577590496355e-06  1.836468139280123e-06  1.567209693199127e-06  -6.920065211168669e-06  -1.921272146759890e-06  1.292905783915218e-06  7.964796588529696e-13  -7.307328854796610e-14  1.637612142573087e-13
  4.150000000000003e-01  1.656341280349596e-06  1.798754165066303e-06  1.818183155503256e-06  -7.038375699510698e-06  -2.347876714569874e-06  1.541228516997300e-06  8.430163106388590e-13  -6.725863139988030e-14  1.873023371577511e-13
  4.200000000000003e-01  1.814465031914878e-06  1.667270377193944e-06  2.096958039687221e-06  -7.146510446697729e-06  -2.857570709240322e-06  1.829697380544244e-06  8.964132901849780e-13  -5.883398787190867e-14  2.125115989342524e-13
  4.250000000000003e-01  2.189477615407227e-06  2.589877699388647e-06  2.577696067594950e-06  -7.903416212806276e-06  -3.030841397583345e-06  2.202472810320335e-06  9.626530499359562e-13  -8.697772118646410e-14  2.208364391531264e-13
  4.300000000000003e-01  2.455560997453614e-06  2.517890952331170e-06  2.979325328197774e-06  -8.096891667491438e-06  -3.667066902928147e-06  2.602798731529648e-06  1.039910505659718e-12  -7.608207786107119e-14  2.479678935182737e-13
  4.350000000000003e-01  2.730450832577651e-06  2.313067944734894e-06  3.422989978726711e-06  -8.295147553790144e-06  -4.418729397196168e-06  3.064883277930383e-06  1.129604531383088e-12  -6.197729798730060e-14  2.755892479464884e-13
  4.400000000000003e-01  3.009282952704365e-06  1.929160720325436e-06  3.906875986880522e-06  -8.503368065990638e-06  -5.302068838379846e-06  3.596998928947715e-06  1.233582458399362e-12  -4.467264948061690e-14  3.028285990577519e-13
  4.450000000000003e-01  3.931320102533703e-06  3.738203668688526e-06  4.824119179222364e-06  -9.806904552598667e-06  -5.579568803706555e-06  4.302784537414539e-06  1.376145717147084e-12  -9.066038798276390e-14  3.092022297142727e-13
  4.500000000000003e-01  4.472045738775086e-06  3.493529219916192e-06  5.519835375713739e-06  -1.022009490077224e-05  -6.655749361436692e-06  5.028680276884116e-06  1.530025165697431e-12  -7.156121270803246e-14  3.335524882053334e-13
  4.550000000000003e-01  5.062434656623561e-06  3.009926661147391e-06  6.271310006560680e-06  -1.069762498180013e-05  -7.904918928281541e-06  5.857444886394815e-06  1.709769144167244e-12  -4.968428747692990e-14  3.537933792488841e-13
  4.600000000000003e-01  5.706167785061448e-06  2.210175945774074e-06  7.069698888629977e-06  -1.126338131223382e-05  -9.346102550017587e-06  6.800383979380387e-06  1.919417783245762e-12  -2.579885568057965e-14  3.676726296990970e-13
  4.650000000000003e-01  6.409104039381103e-06  1.000003881001051e-06  7.901311938811813e-06  -1.194819092407930e-05  -1.099815948637510e-05  7.869252271518424e-06  2.163616558678267e-12  -1.075335453456859e-15  3.723919997161175e-13
  4.700000000000003e-01  9.146099738244809e-06  5.331380290306285e-06  9.936790368781818e-06  -1.469133214912100e-05  -1.146757321151194e-05  9.335524036595877e-06  2.532764827117226e-12  -8.473479604788177e-14  3.600707017356584e-13
  4.750000000000003e-01  1.058756288051125e-05  4.460516332949882e-06  1.113850787719564e-05  -1.600090199754833e-05  -1.340987785941893e-05  1.074462774147193e-05  2.897554844292551e-12  -6.563328478168560e-14  3.429039058625962e-13
  4.800000000000003e-01  1.224157799911982e-05  3.070998941140698e-06  1.237426750275483e-05  -1.761606729433336e-05  -1.560186114543585e-05  1.231920326134565e-05  3.324137843310477e-12  -5.050180783616844e-14  3.055739240589909e-13
  4.850000000000003e-01  1.414994580100269e-05  1.019105429750248e-06  1.361238951098031e-05  -1.961878417894700e-05  -1.805574312301734e-05  1.406878834577759e-05  3.822365584683370e-12  -4.274712444334288e-14  2.422089143687835e-13
  4.900000000000003e-01  2.016793865030521e-05  9.484738210961790e-06  1.730506435350146e-05  -2.491516096013351e-05  -1.867051524791506e-05  1.653836500565840e-05  4.570626428909045e-12  -2.004378519741019e-13  1.820106733400865e-13
  4.950000000000003e-01  2.372826659098692e-05  8.220083933206218e-06  1.911065620372971e-05  -2.839556862635591e-05  -2.145142802701040e-05  1.875612628108415e-05  5.306122632225021e-12  -2.196587386432414e-13  6.147412113076595e-14
  5.000000000000003e-01  2.791051771180993e-05  6.173432325228295e-06  2.089777534015703e-05  -3.269256970008763e-05  -2.449941834842623e-05  2.116967391673075e-05  6.166388933121986e-12  -2.596154296346458e-13  -1.073404427512365e-13
  5.050000000000003e-01  3.284351896070584e-05  3.145443862713360e-06  2.260638318847833e-05  -3.798976326358965e-05  -2.780194998070406e-05  2.377279530957726e-05  7.171602883957366e-12  -3.282283793771808e-13  -3.356427537685571e-13
  5.100000000000003e-01  4.546739864722174e-05  1.928538634867120e-05  2.912836170241136e-05  -4.853257997432052e-05  -2.846525470086592e-05  2.763016987891829e-05  8.633765500662640e-12  -6.397280284088033e-13  -5.057183125685103e-13
  5.150000000000003e-01  5.390887391581797e-05  1.797672680606856e-05  3.169288892511406e-05  -5.711951779293388e-05  -3.201042932953703e-05  3.074716063676165e-05  1.009227660064077e-11  -7.874652940392639e-13  -8.598380505913523e-13
  5.200000000000004e-01  6.390440465051458e-05  1.561926366936138e-05  3.413150374065719e-05  -6.760378011427881e-05  -3.572185871014279e-05  3.399749794374254e-05  1.179682541343788e-11  -9.946904416964140e-13  -1.314818183815929e-12
  5.250000000000004e-01  7.577151863499610e-05  1.197499843514269e-05  3.635087666771807e-05  -8.035579208757997e-05  -3.952775448226882e-05  3.732859529873981e-05  1.378757621969978e-11  -1.277843388944507e-12  -1.890609848251249e-12
  5.300000000000004e-01  1.011747141887915e-04  4.183633656811857e-05  4.760215512280261e-05  -1.015431993086239e-04  -3.993431548514729e-05  4.278042295043980e-05  1.654852270004215e-11  -1.911942772655899e-12  -2.286885892738353e-12
  5.350000000000004e-01  1.201771651567274e-04  4.175685287674869e-05  5.114870830591803e-05  -1.212086398308642e-04  -4.361666366234019e-05  4.638472086836741e-05  1.938424166877408e-11  -2.389665551898823e-12  -3.112666847155404e-12
  5.400000000000004e-01  1.427099246118565e-04  4.053939029793891e-05  5.443457727116606e-05  -1.448907079457237e-04  -4.710315742280893e-05  4.981356178076419e-05  2.269498378090878e-11  -3.008041603167253e-12  -4.131444792663671e-12
  5.450000000000004e-01  1.694782562476433e-04  3.798189185126360e-05  5.735343320622850e-05  -1.732840520542550e-04  -5.020329227252647e-05  5.290699746488896e-05  2.655887771196750e-11  -3.799023633987909e-12  -5.376768689337594e-12
  5.500000000000004e-01  2.189801746023943e-04  9.162137617639950e-05  7.648169425824485e-05  -2.154983827025936e-04  -4.963850447209281e-05  5.950918772231818e-05  3.162950052564800e-11  -5.100930152597107e-12  -6.203589347094809e-12
  5.550000000000004e-01  2.598343664035297e-04  9.617729635486012e-05  8.165271944204768e-05  -2.576811878571705e-04  -5.168957995849475e-05  6.193508918084051e-05  3.704142634181861e-11  -6.325756232832572e-12  -7.910775985312546e-12
  5.600000000000004e-01  3.082486837666979e-04  1.001338700103381e-04  8.656860447761009e-05  -3.078039328774706e-04  -5.268121384193467e-05  6.333618596066445e-05  4.335550115803025e-11  -7.851659939865589e-12  -9.963909015734856e-12
  5.650000000000004e-01  3.657085555924592e-04  1.035251709295726e-04  9.120053800258974e-05  -3.671020686151703e-04  -5.220937864723682e-05  6.333480269420565e-05  5.072140539664632e-11  -9.738510009289490e-12  -1.241667228316295e-11
  5.700000000000004e-01  4.340116429937673e-04  1.065119059811984e-04  9.557421753699081e-05  -4.369473699804455e-04  -4.978233294571949e-05  6.146992959259500e-05  5.931446723826963e-11  -1.205545110280728e-11  -1.532883804770755e-11
  5.750000000000004e-01  5.448445707374771e-04  2.143555453930161e-04  1.325730184518049e-04  -5.352174576528671e-04  -4.574825728945268e-05  6.601013340743701e-05  7.002192170726742e-11  -1.520679803151121e-11  -1.727144294830792e-11
  5.800000000000004e-01  6.452959788103949e-04  2.331028102031085e-04  1.419479060469423e-04  -6.357111604270462e-04  -3.948862791507967e-05  6.002143619719898e-05  8.189246424018346e-11  -1.861399671251580e-11  -2.111738066769069e-11
  5.850000000000004e-01  7.644309996141415e-04  2.541349508607320e-04  1.520307305087914e-04  -7.532215364057927e-04  -2.966813354664766e-05  5.032568155540656e-05  9.574284737943030e-11  -2.274005461912819e-11  -2.563328779638147e-11
  5.900000000000004e-01  9.059234551907014e-04  2.785204816801990e-04  1.632989979542788e-04  -8.900856096558644e-04  -1.538882824358061e-05  3.599737115314840e-05  1.119068646120386e-10  -2.771208666161006e-11  -3.090941357564817e-11
  5.950000000000004e-01  1.114402172284239e-03  4.613008221534124e-04  2.270020810939571e-04  -1.076294490211080e-03  -5.018838779155134e-06  3.210769352707748e-05  1.309515011988573e-10  -3.411290506937269e-11  -3.438618653718604e-11
  6.000000000000004e-01  1.318246392702196e-03  5.160555259045982e-04  2.493764459284274e-04  -1.268955747622965e-03  1.740663224834662e-05  7.541670616863092e-06  1.530697291058347e-10  -4.126907587511584e-11  -4.119237162868735e-11
  6.050000000000004e-01  1.560026630011303e-03  5.805651994130343e-04  2.759727779089302e-04  -1.492050501176405e-03  4.712611555443396e-05  -2.519813873599645e-05  1.788988258059469e-10  -4.981733394765944e-11  -4.907257092825510e-11
  6.100000000000004e-01  1.847169282709628e-03  6.579500783809032e-04  3.084405650816807e-04  -1.749504689733281e-03  8.566096852722102e-05  -6.781138231871574e-05  2.090721823214261e-10  -5.999224322687649e-11  -5.815722124719404e-11
  6.150000000000004e-01  2.240129823297647e-03  9.627594251604811e-04  4.212789598271154e-04  -2.093268314643271e-03  1.081732803886682e-04  -9.336424874379788e-05  2.430061729237330e-10  -7.280050497508138e-11  -6.407365280330635e-11
  6.200000000000004e-01  2.648887861406875e-03  1.097996641565069e-03  4.790674452142835e-04  -2.449504721977394e-03  1.622558779311148e-04  -1.575977752153011e-04  2.840723456256446e-10  -8.725556188329001e-11  -7.555864197116641e-11
  6.250000000000004e-01  3.134079765881713e-03  1.260031215859407e-03  5.505588501662840e-04  -2.858839585813962e-03  2.298534249539400e-04  -2.379758719800512e-04  3.320939147260344e-10  -1.043677042226895e-10  -8.869575085653931e-11
  6.300000000000004e-01  3.710626135054037e-03  1.456212330630263e-03  6.400353897919649e-04  -3.327883568968175e-03  3.133973043518918e-04  -3.373967818610909e-04  3.882713179905242e-10  -1.245737412984554e-10  -1.036651954000330e-10
  6.350000000000005e-01  4.458673259554432e-03  1.961365957505531e-03  8.472655325827385e-04  -3.947081172557812e-03  3.578158594100192e-04  -4.089387753265151e-04  4.494081801548437e-10  -1.497707818193548e-10  -1.132807013549398e-10
  6.400000000000005e-01  5.274400756243502e-03  2.267175918109989e-03  9.936902852059112e-04  -4.587501561371421e-03  4.689499742584864e-04  -5.495927931068841e-04  5.257252616257886e-10  -1.782348219171554e-10  -1.318634310748736e-10
  6.450000000000005e-01  6.243553738722247e-03  2.635725375060116e-03  1.176116393431564e-03  -5.319293482903703e-03  6.034377571567270e-04  -7.196473192321483e-04  6.151075212859760e-10  -2.117360685401516e-10  -1.528885534035391e-10
  6.500000000000005e-01  7.395935019973847e-03  3.082579017769363e-03  1.404238307722369e-03  -6.153768054328261e-03  7.649867022224293e-04  -9.237193072421803e-04  7.198278801379144e-10  -2.510946368904731e-10  -1.765928074451552e-10
  6.550000000000005e-01  8.767143020670149e-03  3.626940751810844e-03  1.690039860900733e-03  -7.103566393886823e-03  9.577359077722447e-04  -1.166962380898265e-03  8.425585427749756e-10  -2.972592866002538e-10  -2.032242876162833e-10
  6.600000000000005e-01  1.046246425473616e-02  4.574782214636879e-03  2.149135505565618e-03  -8.374964348351494e-03  1.055242232408651e-03  -1.359254415811844e-03  9.740192213174652e-10  -3.551433758463424e-10  -2.204606552434914e-10
  6.650000000000005e-01  1.239488406911801e-02  5.363168065658935e-03  2.585249627498845e-03  -9.659948213796612e-03  1.301499857344681e-03  -1.686133907648527e-03  1.140953519266529e-09  -4.197889379171265e-10  -2.528472705376929e-10
  6.700000000000005e-01  1.469335303053768e-02  6.317085466534622e-03  3.125520741125319e-03  -1.112144871807530e-02  1.591519472320750e-03  -2.069897278057264e-03  1.336787559313883e-09  -4.954993935558882e-10  -2.889898761848637e-10
  6.750000000000005e-01  1.742841492744438e-02  7.473988765011877e-03  3.794317746940085e-03  -1.278194006174586e-02  1.931360258081075e-03  -2.518033989721759e-03  1.566578730308032e-09  -5.840694635749384e-10  -3.291825733467952e-10
  6.800000000000005e-01  2.073532181291281e-02  9.067578600743731e-03  4.687226279082237e-03  -1.498311806390391e-02  2.101927520023405e-03  -2.884952378209283e-03  1.811459743413264e-09  -6.947937207761558e-10  -3.545472765246883e-10
  6.850000000000005e-01  2.458326973052703e-02  1.068360235305878e-02  5.668463731130267e-03  -1.721650984243406e-02  2.527433675509554e-03  -3.468890296439592e-03  2.124513629098504e-09  -8.183004706476963e-10  -4.025600987526803e-10
  6.900000000000005e-01  2.916087107754013e-02  1.263156984672653e-02  6.869988116890039e-03  -1.975594859413909e-02  3.021479259009350e-03  -4.141988914365689e-03  2.492185877788642e-09  -9.626901396228593e-10  -4.555437460681361e-10
  6.950000000000005e-01  3.461060630457571e-02  1.498216789936704e-02  8.338576790247305e-03  -2.264279243140487e-02  3.593125097009962e-03  -4.913929003721780e-03  2.924226678132999e-09  -1.131388110119084e-09  -5.137400187358034e-10
  7.000000000000005e-01  4.110000286545439e-02  1.770862597208530e-02  1.008503201107406e-02  -2.641989761669707e-02  3.882625812371790e-03  -5.560814370523114e-03  3.386090545607190e-09  -1.341039704793147e-09  -5.491572661178984e-10
  7.050000000000005e-01  4.877865521592677e-02  2.091986979879524e-02  1.217867276274308e-02  -3.029086051500830e-02  4.589987842708367e-03  -6.537637178982651e-03  3.977006485674672e-09  -1.575412138613640e-09  -6.168916971341694e-10
  7.100000000000005e-01  5.797553692783464e-02  2.478320386535120e-02  1.471445224392770e-02  -3.469757455772013e-02  5.404492417227467e-03  -7.639824373678735e-03  4.675103139793659e-09  -1.848895545123010e-09  -6.897692402348028e-10
  7.150000000000005e-01  6.914262402745190e-02  2.946233374143940e-02  1.778872621405144e-02  -3.969911188542555e-02  6.336485003637852e-03  -8.867101034558525e-03  5.508419394387589e-09  -2.165744337672640e-09  -7.659571521581117e-10
  7.200000000000005e-01  8.228692763834870e-02  3.425015397832126e-02  2.120362962877353e-02  -4.603249775063955e-02  6.806169343480990e-03  -9.898285930726483e-03  6.406211157932859e-09  -2.550656129810401e-09  -8.075227997793689e-10
  7.250000000000005e-01  1.005638679260141e-01  4.100914906815798e-02  2.573810722251509e-02  -5.186647018601741e-02  7.789587510583946e-03  -1.119871781565105e-02  7.688726864412352e-09  -2.914181561001951e-09  -8.654326001172682e-10
  7.300000000000005e-01  1.425320916815682e-01  5.370768310559499e-02  3.365453583316500e-02  -5.511213380555780e-02  8.335529725187540e-03  -1.198737906152282e-02  1.037050869537833e-08  -3.016794257368105e-09  -7.448767541625949e-10
  7.350000000000005e-01  2.563146756353099e-01  7.972099886596880e-02  4.396175576438574e-02  -6.010554468274092e-02  1.066807518505003e-02  -7.373304731448530e-03  1.722956789950386e-08  -3.196899090840499e-09  4.398235712695788e-10
  7.400000000000005e-01  1.498623208849420e-01  3.126712321319349e-02  -7.261367891729232e-03  -1.009347249294875e-01  1.641012193155477e-02  1.802772818594202e-02  1.078687988008588e-08  -6.166402717485411e-09  1.607130663548315e-09
  7.450000000000006e-01  -1.348774830216604e-01  -3.841676652174272e-02  -4.859537002192189e-02  -1.842018737397943e-01  8.726239932448372e-03  1.013315867727876e-02  -5.611973071585428e-09  -1.132427542965922e-08  -2.410949819362802e-09
  7.500000000000006e-01  -6.015867694678657e-01  -3.914394380343346e-02  8.982297389987601e-02  -2.525007319183666e-01  -3.733414153092060e-03  -1.388878031958588e-01  -2.842575961954547e-08  -1.675779929283612e-08  -2.516113829534986e-08
  7.550000000000006e-01  2.330322037349572e+00  9.150516834095713e-01  9.139960454962938e-01  -2.034311039513814e-01  1.385506305013637e-01  -4.842946857023671e-01  1.504116801768868e-07  -2.873820303583170e-08  -3.279367975973692e-08
  7.600000000000006e-01  9.655879119848853e+00  2.369197422931138e+00  1.128368085164399e+00  -4.158878887880708e-01  6.987165372532670e-01  -8.296816238905691e-02  5.588968412413711e-07  -8.428993445566251e-08  9.789487984662709e-08
  7.650000000000006e-01  1.030188251120112e+01  1.509574442629906e+00  -2.916763264645461e-01  -4.850601898350990e-01  1.113116826963668e+00  7.540507557697521e-01  5.537197809745459e-07  -1.191032332714839e-07  2.154859830490361e-07
  7.700000000000006e-01  -3.703772751140269e+00  -4.124284580238167e+00  -5.971427668450519e+00  -1.432974226275308e+00  9.651629919590000e-01  3.205708406205678e+00  -3.799474347565382e-07  -1.507623005595983e-07  3.637604150260192e-07
  7.750000000000006e-01  -3.517537110377225e+01  -1.143475484500507e+01  -8.754372838774717e+00  -3.899630846119062e-01  -1.395869551934020e+00  2.616631138690192e+00  -2.239192161757371e-06  1.024596629677905e-07  -3.409378007108221e-08
  7.800000000000006e-01  -4.425275885535293e+01  -7.406918857846163e+00  2.667227876520362e+00  3.168718022520600e+00  -4.449820116162636e+00  -4.947786228658059e+00  -2.505568360945927e-06  5.267142942611675e-07  -9.807288663451919e-07
  7.850000000000006e-01  -2.323253369572151e+01  3.306347117351072e+00  1.376360774035679e+01  3.702523583470710e+00  -4.804059486934412e+00  -9.308150456164990e+00  -1.028900927630553e-06  6.023571883299727e-07  -1.251202272103710e-06
  7.900000000000006e-01  4.367279961605957e+01  2.574755955872670e+01  3.192255477455890e+01  2.402387503194293e+00  -9.615436921534696e-01  -1.486937182375988e+01  3.233641692165456e-06  1.325055388647669e-07  -1.053401409805821e-06
  7.950000000000006e-01  8.255721740625043e+01  3.124620831853255e+01  2.325173436410110e+01  -3.131848886090463e+00  4.787643611426296e+00  -7.098147614071466e+00  5.352698125764327e-06  -6.409518006784740e-07  4.011920042893620e-07
  8.000000000000006e-01  1.354805805646769e+02  3.202095166913331e+01  -9.910263607104167e+00  7.696249460146239e-01  8.473059267750822e+00  1.579842473773740e+01  8.395522021606294e-06  -1.236431507981312e-07  3.368968808702138e-06
  8.050000000000006e-01  1.818580343462070e+02  3.185173822512767e+01  -3.368444280287751e+01  1.320883788703532e+01  9.057546659158364e+00  3.313665813928695e+01  1.136737684452194e-05  8.347716031948969e-07  5.260629483022698e-06
  8.100000000000006e-01  8.886311887168247e+01  -3.586643010743256e+01  -1.224834342433180e+02  9.539254087618680e+00  6.703504960830585e+00  8.810057320729989e+01  5.766136077136209e-06  1.776909183017131e-06  6.824217064694524e-06
  8.150000000000006e-01  -5.484364572591944e+02  -2.306400142949948e+02  -1.968338038809301e+02  -2.709485832120599e+01  -1.693585470833378e+01  8.386365837670553e+01  -3.343163909803508e-05  -1.588102505112827e-07  -4.481094621632630e-06
  8.200000000000006e-01  -1.030177102865569e+03  -2.845684278777682e+02  -1.884300651126020e+01  -6.983367811684255e+01  -3.771016024598480e+01  -6.798645815295828e+01  -6.355838703620120e-05  -6.714069442511961e-06  -2.375673841589108e-05
  8.250000000000006e-01  -8.163739467969582e+02  -1.470292438388765e+02  1.776656094082025e+02  -1.031562832394062e+02  -1.949799433210626e+01  -1.635498630852393e+02  -5.220799594665953e-05  -1.006950554078260e-05  -2.710869570676965e-05
  8.300000000000006e-01  5.287184303315828e+02  3.638151333203932e+02  5.852097371222906e+02  -4.461475600618002e+01  5.565951906916478e+01  -3.269289418397672e+02  2.668548141903450e-05  -1.043193891692705e-05  -1.252285252048424e-05
  8.350000000000006e-01  2.114233171683876e+03  8.155585758104805e+02  5.885963504476817e+02  9.385804622184142e+01  1.281461851528787e+02  -2.199936428618330e+02  1.223745520514626e-04  4.217534334988855e-06  2.741852396803087e-05
  8.400000000000006e-01  1.948569810885102e+03  5.897656207322275e+02  -1.246578968160716e+02  3.037357785014289e+02  8.672449584114318e+01  1.532368946862949e+02  1.186726424210373e-04  3.619624969350247e-05  5.764089895958515e-05
  8.450000000000006e-01  -5.418103062747313e+02  -3.998407696253636e+02  -1.172407760840057e+03  5.083864042644225e+02  -9.097771984670922e+01  4.926590750647457e+02  -1.875628825211568e-05  6.628552876041325e-05  4.315377446798400e-05
  8.500000000000006e-01  -1.840953110714042e+03  -8.313358983250700e+02  -1.339909424660720e+03  3.905225258994869e+02  -2.793521886817714e+02  5.861239971547656e+02  -8.583145539392039e-05  5.235058769777070e-05  1.650232558051666e-05
  8.550000000000006e-01  -3.878542503665479e+03  -1.479140301795312e+03  -1.154920869470214e+03  6.708753594020455e+01  -4.170125513432874e+02  4.708909533185021e+02  -2.062736198360099e-04  9.478924279486980e-06  -4.532675299269439e-05
  8.600000000000007e-01  -3.161063734824431e+03  -1.122958046781449e+03  1.634225386095894e+02  -5.922383074745362e+02  -3.001880593165185e+02  -4.679599372370469e+01  -1.828795389012220e-04  -8.072487134887041e-05  -9.111683251868322e-05
  8.650000000000007e-01  8.362614097398758e+02  3.739450369865600e+02  2.090803653633783e+03  -1.379969785078116e+03  6.297399763162149e+01  -6.339555697067093e+02  2.266197523577935e-05  -1.780644583208951e-04  -8.209464187129946e-05
  8.700000000000007e-01  3.191179147385611e+03  1.131617043071090e+03  2.662482138457101e+03  -1.451653599923932e+03  4.565781021867946e+02  -8.113694531683069e+02  1.365536472729861e-04  -1.816386028549757e-04  -4.622670854649443e-05
  8.750000000000007e-01  6.951588161226819e+03  2.336506219600168e+03  2.853127854307937e+03  -1.281819811187597e+03  9.047943510015878e+02  -9.814506256757903e+02  3.426833839999499e-04  -1.491453164358498e-04  3.997095398611769e-05
  8.800000000000007e-01  7.204462498964635e+03  2.308186177720098e+03  1.172617426039933e+03  -2.715389718997442e+02  9.791736018907684e+02  -4.673932849241814e+02  3.776120408198931e-04  -4.660441668411543e-06  1.309257882107515e-04
  8.850000000000007e-01  2.705116428830448e+03  5.906810752231114e+02  -2.119071670935835e+03  1.512110180123899e+03  6.001332652181231e+02  5.070944939092059e+02  1.646957338397783e-04  2.217490145775513e-04  1.745769664983043e-04
  8.900000000000007e-01  -1.736497687283100e+03  -1.044552707774171e+03  -4.226202684013350e+03  2.598671886752022e+03  1.518621104537421e+02  6.903711650578746e+02  -5.868056131538394e-05  3.317915880417342e-04  1.437304628339367e-04
  8.950000000000007e-01  -8.677882095108816e+03  -3.409582429461141e+03  -6.774276918571122e+03  3.694472386104682e+03  -7.802709475382464e+02  1.862587305760608e+03  -4.048676223111966e-04  4.541290416450462e-04  8.435172101364213e-05
  9.000000000000007e-01  -1.185810670325474e+04  -4.660097562746540e+03  -7.130560748072582e+03  3.441683960528101e+03  -1.309249484543161e+03  2.362406623810218e+03  -5.677113689560031e-04  3.862276108141934e-04  -7.545830418369544e-06
  9.050000000000007e-01  -8.045166812955656e+03  -3.918252822395683e+03  -4.968455377390522e+03  9.109894195186095e+02  -8.901816257838476e+02  1.985399023533033e+03  -3.922206829310946e-04  3.676692771880693e-05  -7.195608647869012e-05
  9.100000000000007e-01  -4.532614942997842e+03  -2.218934838855133e+03  -2.341762478512227e+03  -1.876890448590176e+03  -7.386141075812203e+02  2.255961413722133e+03  -2.417294197115607e-04  -2.739744471808809e-04  -6.670540187667136e-05
  9.150000000000007e-01  -5.953725124016159e+03  -1.205315008409276e+03  1.450486036480786e+03  -4.476330347188696e+03  -5.470382850972529e+02  9.451925203916065e+02  -5.554726764944479e-04  -5.713486986944920e-04  -1.915892601756934e-04
  9.200000000000007e-01  -1.804647198879681e+03  4.211965248886451e+03  1.021869333869878e+04  -3.596160233191360e+03  -2.192387660698670e+03  -1.539531780489667e+03  -5.128124563331100e-04  -4.850624181345245e-04  -3.293976408424299e-04
  9.250000000000007e-01  2.179514920911663e+04  1.536022749780080e+04  2.378208079353549e+04  7.005816123652577e-01  -4.485808692948758e+03  -4.505726397010323e+03  8.603919145830945e-04  -1.313869081803648e-04  -2.234285536829922e-04
  9.300000000000007e-01  5.718539519346809e+04  2.546672364173729e+04  3.396081880701765e+04  2.425925160507456e+03  -5.045000328974666e+03  -5.855192457031456e+03  3.159059248592929e-03  1.833257048037675e-04  2.342280050997060e-04
  9.350000000000007e-01  6.346870628012848e+04  2.188396484471542e+04  2.945546161519280e+04  3.951916882933173e+03  -3.450020253618921e+03  -7.213597519931244e+03  3.662879273751334e-03  4.159210201782230e-04  4.425170303776001e-04
  9.400000000000007e-01  5.758321845596510e+04  9.237613317945748e+03  1.315045461422939e+04  2.327772257393102e+03  3.106612802206478e+02  -5.348300268353065e+03  3.678026181295487e-03  4.897475751010872e-04  9.486714499530114e-04
  9.450000000000007e-01  5.729348469919769e+03  -1.837400558411123e+04  -1.896189078517457e+04  -1.238428068347765e+03  5.466884874139745e+03  -9.634081932512819e+02  8.606817346609758e-04  5.064192140323628e-04  1.007603320445602e-03
  9.500000000000007e-01  -7.511797560445553e+04  -5.000794519448388e+04  -5.417690000066873e+04  -3.302522041903909e+03  1.015399314665797e+04  2.620300090170491e+03  -3.933993518593739e-03  5.605440449064157e-04  3.773056459173246e-04
  9.550000000000007e-01  -1.171596437687637e+05  -5.881077418512911e+04  -6.620646197955041e+04  -4.843435675567503e+02  1.129476553026897e+04  2.235911030102660e+03  -6.468629138662104e-03  6.483273207952292e-04  -2.574283287819177e-04
  9.600000000000007e-01  -1.606606592028485e+05  -5.999275191914759e+04  -6.960389004820617e+04  1.470972482322412e+02  1.131100861594390e+04  5.278392362820968e+03  -9.360778726208776e-03  3.447843741358928e-04  -1.259676431498153e-03
  9.650000000000007e-01  -1.526178091422567e+05  -3.621103549136386e+04  -4.764243935276550e+04  3.603333951637678e+03  7.018597356427334e+03  6.398808525194582e+03  -9.221061937471402e-03  -3.015328079100842e-04  -2.036382976125575e-03
  9.700000000000008e-01  -8.501010988147939e+04  1.023220115729776e+04  -4.988498090751073e+03  7.500642680886591e+03  -4.606314545180895e+02  5.639524304164192e+03  -5.378205747565616e-03  -1.285799799182679e-03  -2.311061496695455e-03
  9.750000000000008e-01  -7.257435314575858e+02  5.690363716177415e+04  3.578724790516761e+04  -1.435158228930883e+03  -6.074943078302184e+03  1.115752688232674e+04  -2.998170752245758e-04  -2.496428803121427e-03  -1.751031418767174e-03
  9.800000000000008e-01  1.150969797063248e+05  1.042981949769033e+05  8.100520545717431e+04  -2.625176845380902e+03  -1.313936091737414e+04  5.320604769986950e+03  6.744133217091555e-03  -3.402661172674689e-03  -1.139922028267674e-03
  9.850000000000008e-01  2.183384854018596e+05  1.324639655111750e+05  1.112550618733562e+05  -7.408886333295162e+03  -1.673604197177881e+04  -1.555227409367030e+03  1.334276000704391e-02  -3.594646552328191e-03  2.399875822172432e-05
  9.900000000000008e-01  2.749213766340052e+05  1.298448566818561e+05  1.171245264085980e+05  -1.492019313129771e+04  -1.610706066118958e+04  -6.414602712037302e+03  1.735474545943472e-02  -2.796673434103320e-03  1.563223958458227e-03
  9.950000000000008e-01  2.409168403194456e+05  7.567890435226574e+04  8.656675707929210e+04  -1.642870916427011e+04  -1.450038174254114e+04  -1.154882931492530e+04  1.544260064025302e-02  -1.519817083905786e-03  2.389875388906096e-03
  1.000000000000001e+00  1.730858823950717e+05  1.774149475220274e+04  4.357706720496208e+04  -2.309076106914193e+04  -7.085146777409439e+03  -7.517137775990313e+03  1.220920624810555e-02  1.360623094124099e-03  3.738269805426105e-03
  1.005000000000001e+00  5.143967563820544e+04  -7.486134433775133e+04  -1.886962492750524e+04  -1.304317744330324e+04  -2.700085150629617e+03  -1.112583709081010e+04  4.757106404644912e-03  3.838342723289969e-03  3.524106096199232e-03
  1.010000000000000e+00  -1.046220814252709e+05  -1.562305639865519e+05  -8.479433358456707e+04  -3.858958206593146e+03  3.934071962843463e+03  -4.657074219443436e+03  -4.918563407982856e-03  6.556078803756091e-03  3.059916483500762e-03
  1.015000000000000e+00  -2.660128427124257e+05  -2.246182678005646e+05  -1.433124749841820e+05  9.674856168912844e+03  9.960921726183698e+03  2.643761088007369e+03  -1.559968284384301e-02  8.258998203103923e-03  2.029232608172326e-03
  1.020000000000000e+00  -4.012748093390822e+05  -2.669385386325459e+05  -1.827090460241738e+05  2.398945406283638e+04  1.441611920361964e+04  9.564160418884863e+03  -2.510748595732593e-02  8.359827164493105e-03  7.105213615895599e-04
  1.025000000000000e+00  -4.244175237762760e+05  -2.399302459392099e+05  -1.755769704499443e+05  3.708761714721144e+04  1.777420922873654e+04  1.402715037762144e+04  -2.703883833349131e-02  7.532908792921643e-03  -4.601489025622274e-04
  1.030000000000000e+00  -4.343664540787375e+05  -1.929043436094381e+05  -1.551690285612425e+05  4.495322194405672e+04  1.723991241384344e+04  2.275818595778255e+04  -2.879547267370432e-02  4.329085477948961e-03  -1.508543112833612e-03
  1.035000000000000e+00  -3.662726030450638e+05  -1.082444004835593e+05  -1.078578162528396e+05  4.711635266476328e+04  1.197644036625901e+04  2.950222348497094e+04  -2.559216361557152e-02  -1.764704640871074e-04  -2.304291360549257e-03
  1.040000000000000e+00  -2.226057954062199e+05  5.777793381620479e+03  -4.026659697369057e+04  4.350593304613978e+04  2.866123868779734e+03  3.320883538906850e+04  -1.763470178575270e-02  -5.121011306670772e-03  -2.652407894179578e-03
  1.045000000000000e+00  -1.746414410845222e+04  1.700255442568342e+05  5.174377277737649e+04  3.975782605724322e+04  -5.356987923263224e+02  3.640652573862446e+04  -5.348650332982468e-03  -9.196357889353137e-03  -2.037747474515732e-03
  1.050000000000000e+00  2.152402668318801e+05  2.877440176238206e+05  1.288027111109430e+05  2.889841705343357e+04  -8.329024444897190e+03  2.710633460096487e+04  7.310842906746293e-03  -1.267209511395168e-02  -1.879690931293464e-03
  1.054999999999999e+00  4.767015274641515e+05  3.895205216011475e+05  2.053327797065038e+05  1.223039832759726e+04  -1.082637047565098e+04  8.755115816193882e+03  2.079430261856174e-02  -1.492933108682187e-02  -1.759249410623821e-03
  1.059999999999999e+00  7.276182530414913e+05  4.700390349098576e+05  2.707848244924061e+05  -1.000028986957968e+04  -1.080277950907296e+04  -1.521093429326243e+04  3.347467135752506e-02  -1.680623424921983e-02  -1.379134203437624e-03
  1.064999999999999e+00  8.372581323630912e+05  5.125051101022261e+05  2.965437394114829e+05  -2.069606200340287e+04  -1.687859717046743e+04  -3.262698865050909e+04  3.970222015023912e-02  -1.742462762717296e-02  -9.804178607815848e-04
  1.069999999999999e+00  9.161071212365226e+05  5.047028120083967e+05  2.960036217430389e+05  -5.188758877374621e+04  -1.517033496464143e+04  -4.892878244260020e+04  4.590861922311840e-02  -1.716669585262757e-02  -4.175528047144317e-04
  1.074999999999999e+00  8.713337163000726e+05  4.519909449062055e+05  2.625233270942150e+05  -7.973675361704441e+04  -9.849624390754279e+03  -5.486767329107038e+04  4.717416412309280e-02  -1.559298806526111e-02  3.147636957633633e-04
  1.079999999999999e+00  7.024835801776930e+05  3.606364014433463e+05  2.006036601440804e+05  -9.503094448098306e+04  -2.872670921360811e+03  -5.178543603654609e+04  4.250871415340152e-02  -1.287127416103849e-02  7.981613304852294e-04
  1.084999999999999e+00  4.199839594069379e+05  2.141543475547294e+05  9.040235171925180e+04  -8.822279631357496e+04  -3.103004721940786e+03  -5.188729049268467e+04  2.867905536021411e-02  -6.984369454328358e-03  -3.540061295658623e-04
  1.089999999999999e+00  7.804048231242152e+04  6.648112170493809e+04  -2.155610833134575e+04  -6.400312247526433e+04  5.234190746279258e+03  -3.981696979264561e+04  1.229587825615273e-02  -2.592319745750359e-03  -9.993514328022837e-04
  1.094999999999999e+00  -3.157828151604210e+05  -1.007986672210897e+05  -1.482661707607177e+05  -1.647781781734370e+04  1.162002654206462e+04  -2.567582098124701e+04  -8.860057198993389e-03  2.876194564173112e-03  -1.910468292045063e-03
  1.099999999999999e+00  -7.302021722433382e+05  -2.898368143660806e+05  -2.838053704286050e+05  4.376969708632505e+04  1.353724992792632e+04  -1.064840357710511e+04  -3.191320099311615e-02  1.009869663479192e-02  -2.565388641279882e-03
  1.104999999999998e+00  -1.124632240322284e+06  -4.921488130922021e+05  -4.153741839918111e+05  1.067835116263845e+05  1.153940652363323e+04  1.782052706627033e+03  -5.423015663138320e-02  1.921861235367335e-02  -2.549347770598953e-03
  1.109999999999998e+00  -1.418124123680019e+06  -7.102312914588792e+05  -5.186503416355472e+05  1.368038450522703e+05  1.127008008556665e+04  1.460216800920642e+04  -7.069712191629118e-02  2.850981701625840e-02  -2.312745423986814e-03
  1.114999999999998e+00  -1.660305109091300e+06  -8.694180715892892e+05  -5.884225325539340e+05  1.744852870872570e+05  8.033428597621645e+03  2.644774248787409e+04  -8.254116754920093e-02  3.706320649692715e-02  -1.190009551736944e-03
  1.119999999999998e+00  -1.773359665625786e+06  -9.546782951799131e+05  -6.061544026519909e+05  1.949909827154158e+05  4.001445422000200e+03  3.524749723212631e+04  -8.610669422172505e-02  4.295186193049236e-02  7.064348335413425e-05
  1.124999999999998e+00  -1.705636973064695e+06  -9.337790551847960e+05  -5.553787059061299e+05  2.006488242953200e+05  -2.499551088597089e+03  3.477201392947766e+04  -8.178316297389246e-02  4.424357738666298e-02  1.642739019260081e-03
  1.129999999999998e+00  -1.418828943282946e+06  -8.349189181407403e+05  -4.243146185802916e+05  1.550511336721887e+05  -3.283511899380601e+03  3.949747681887412e+04  -6.842778238975487e-02  3.695460712529655e-02  4.106619678109161e-03
  1.134999999999998e+00  -9.415017285116015e+05  -6.176282499602035e+05  -2.365067982482595e+05  1.130824456945829e+05  -1.144289965279726e+04  3.058689004384395e+04  -4.778390026962747e-02  2.881727616938080e-02  5.608693909330637e-03
  1.139999999999998e+00  -2.751493053723676e+05  -3.436804832997244e+05  1.822498395078017e+03  2.213756047261748e+04  -1.691085144235021e+04  2.835774352328969e+04  -1.654200045975430e-02  1.793559728737942e-02  6.113789033625169e-03
  1.144999999999998e+00  5.476844277040471e+05  -1.960582117340851e+04  2.796688513940351e+05  -1.298386550804781e+05  -1.870895027752413e+04  3.265318412268850e+04  2.687535053243684e-02  3.598474189048984e-03  5.715105575551402e-03
  1.149999999999997e+00  1.454760189020181e+06  3.461186181425785e+05  5.850613347157204e+05  -3.629727312647710e+05  -1.753468551329205e+04  4.352503735439038e+04  8.146616799533937e-02  -1.915039650364203e-02  5.967806035979841e-03
  1.154999999999997e+00  2.471879010980299e+06  7.929444323838074e+05  9.188449130482207e+05  -6.491644684004664e+05  -1.719966648955003e+04  4.748085052355119e+04  1.487852458875784e-01  -4.256455618107111e-02  4.965876242964648e-03
  1.159999999999997e+00  3.543622671789789e+06  1.334322022829210e+06  1.291778109719802e+06  -9.953893280896159e+05  -1.489400577955763e+04  4.964140578183561e+04  2.257280176410527e-01  -7.359951078654113e-02  3.764681257772671e-03
  1.164999999999997e+00  4.683023204201263e+06  1.997370540738153e+06  1.713523289317875e+06  -1.370902902106612e+06  -1.267744399097007e+04  4.700488268094395e+04  3.059830256640642e-01  -1.142995544040929e-01  2.070662550918653e-03
  1.169999999999997e+00  5.858807949691407e+06  2.736775548741664e+06  2.143951548720361e+06  -1.746767520746436e+06  -9.228692595883891e+03  3.857595935352568e+04  3.813309748138349e-01  -1.622098733027560e-01  9.034295131199713e-04
  1.174999999999997e+00  7.073772829511600e+06  3.524013274062720e+06  2.584206960980732e+06  -2.132452987998426e+06  -5.683002565048001e+03  2.138887096966209e+04  4.555406776624465e-01  -2.139433549874415e-01  -2.193899964231989e-03
  1.179999999999997e+00  8.260032551724263e+06  4.264315471422368e+06  2.973154175152381e+06  -2.525886280171429e+06  1.766516542653246e+02  -1.239258709455224e+03  5.235494883740832e-01  -2.646555477424913e-01  -5.719437597821335e-03
  1.184999999999997e+00  9.327103989827475e+06  4.880775749697979e+06  3.274657359584117e+06  -2.949751412216766e+06  1.140978651330315e+04  -2.133729377785427e+04  5.884554580946041e-01  -3.088453774642846e-01  -8.720583980112866e-03
  1.189999999999997e+00  1.022413425814717e+07  5.363285977205700e+06  3.493392223837283e+06  -3.410283589611391e+06  2.740229628039121e+04  -3.298518536807399e+04  6.513099723444339e-01  -3.457017368927333e-01  -1.029357215152866e-02
  1.194999999999997e+00  1.099228939594893e+07  5.821186717735675e+06  3.667911522947136e+06  -3.840514428546930e+06  4.552260975258070e+04  -4.881442909287917e+04  7.081749505591485e-01  -3.798902398191991e-01  -1.080186884870959e-02
  1.199999999999996e+00  1.165100639984093e+07  6.261876490360504e+06  3.828647420731699e+06  -4.279347596330542e+06  4.896836379506155e+04  -5.555527827670489e+04  7.557899245543793e-01  -4.165093972813771e-01  -8.742562247199563e-03
  1.204999999999996e+00  1.224626982012932e+07  6.763567606912278e+06  3.987821083426117e+06  -4.662308406077984e+06  4.158757431410106e+04  -6.686307715349944e+04  7.899854386859990e-01  -4.585620702042487e-01  -5.359776217050432e-03
  1.209999999999996e+00  1.275925110669508e+07  7.278963730499356e+06  4.115934111781095e+06  -4.998115370400903e+06  2.957143802483257e+04  -8.168610581738522e+04  8.119428967090112e-01  -5.023127782826589e-01  -1.931923120822572e-03
  1.214999999999996e+00  1.314467855750835e+07  7.750705460930868e+06  4.180532038697749e+06  -5.300708057670418e+06  2.121523070513265e+04  -9.900804974424183e+04  8.300052930110113e-01  -5.398647626574393e-01  -2.983724491383524e-04
  1.219999999999996e+00  1.337005206690941e+07  8.078476615867931e+06  4.161309010149777e+06  -5.625878033145974e+06  1.590507605506131e+04  -1.046485312774368e+05  8.389006656826006e-01  -5.720964222348662e-01  1.213426067407110e-03
  1.224999999999996e+00  1.345089331603669e+07  8.283067141457175e+06  4.067296858417387e+06  -5.956314044281504e+06  1.417587320210355e+04  -1.075273546894030e+05  8.434069550332867e-01  -5.965376804281318e-01  2.121435355840334e-03
  1.229999999999996e+00  1.340950556263276e+07  8.396651672046637e+06  3.914460669575983e+06  -6.285693420860078e+06  1.226768115447482e+04  -1.046556029512851e+05  8.444574266384606e-01  -6.156520844976955e-01  2.836268519418388e-03
  1.234999999999996e+00  1.331030483989630e+07  8.499996848702926e+06  3.742031447796829e+06  -6.597000532594515e+06  3.373102354995544e+03  -9.641091900639576e+04  8.454957848608640e-01  -6.313375189815822e-01  3.150419318618293e-03
  1.239999999999996e+00  1.311875461508867e+07  8.546345820715474e+06  3.538429296423553e+06  -6.908700614607377e+06  -6.637447119415967e+03  -7.401170696936916e+04  8.411158297734398e-01  -6.472910341022110e-01  4.485354598701667e-03
  1.244999999999995e+00  1.291184817669751e+07  8.613612495524397e+06  3.338520290416151e+06  -7.198569998968624e+06  -1.814846248674078e+04  -4.302043069784148e+04  8.341579087411005e-01  -6.648905635748357e-01  5.708577354562813e-03
  1.249999999999995e+00  1.272238225865626e+07  8.709039032666234e+06  3.146042394870696e+06  -7.468760730500686e+06  -2.841952951727633e+04  -8.728994718617112e+03  8.252946212034328e-01  -6.840709077759207e-01  6.345699368577935e-03
  1.254999999999995e+00  1.257225551074092e+07  8.814720906459209e+06  2.956290910936344e+06  -7.745812067999297e+06  -4.442980612951618e+04  1.660504946311309e+04  8.186440234619008e-01  -7.003512620149444e-01  6.144419558120634e-03
  1.259999999999995e+00  1.243106713512852e+07  8.904615532182930e+06  2.753029000252087e+06  -8.020948426693152e+06  -4.594232400527078e+04  4.531566201673755e+04  8.121341166934520e-01  -7.180571439935779e-01  4.860914829880444e-03
  1.264999999999995e+00  1.230421047334058e+07  8.955058472502887e+06  2.532580820649235e+06  -8.322226046692417e+06  -4.005385349330698e+04  6.841678520826506e+04  8.109064443092935e-01  -7.321098629973617e-01  2.646259705495677e-03
  1.269999999999995e+00  1.219401726090313e+07  8.964011224657990e+06  2.302967521821052e+06  -8.655098802250767e+06  -2.794482392469630e+04  8.707841348890909e+04  8.158675153528046e-01  -7.422351642934575e-01  2.349476769142098e-04
  1.274999999999995e+00  1.212610649644575e+07  8.960713446738178e+06  2.087853441914780e+06  -9.013268578307828e+06  -2.336047212736469e+04  1.026562481157686e+05  8.245732866389556e-01  -7.494342942457631e-01  -1.549927162734112e-03
  1.279999999999995e+00  1.209196161589236e+07  8.946737003105447e+06  1.889189171598228e+06  -9.381144514441881e+06  -1.043670851083177e+04  1.141110751113426e+05  8.384570041129296e-01  -7.562082843123042e-01  -2.005175408005077e-03
  1.284999999999995e+00  1.211845860294002e+07  8.958148918738700e+06  1.720742928847301e+06  -9.744066141198983e+06  -4.772323641437454e+03  1.184946512987127e+05  8.544502382886828e-01  -7.637619316645201e-01  -7.224929821669106e-04
  1.289999999999994e+00  1.220073108225608e+07  9.000449032291489e+06  1.577165831672860e+06  -1.009240704425507e+07  -6.392526575676343e+03  1.156217701753276e+05  8.716732946726566e-01  -7.726273722648735e-01  1.702571393501423e-03
  1.294999999999994e+00  1.233112025686134e+07  9.071090858089646e+06  1.455218831381181e+06  -1.042017925498784e+07  -1.194553713393192e+04  1.063908235351591e+05  8.894493264825152e-01  -7.826901055726558e-01  4.273799474327463e-03
  1.299999999999994e+00  1.249755981496824e+07  9.148298426747542e+06  1.359133598092848e+06  -1.072868364038964e+07  -1.752794474617698e+04  1.003635059011159e+05  9.053998478772864e-01  -7.931241696942238e-01  5.496707055724855e-03
  1.304999999999994e+00  1.270438858813182e+07  9.241569198579138e+06  1.276069558461278e+06  -1.100857365902871e+07  -1.954745356309953e+04  8.384254731279213e+04  9.229404308494699e-01  -8.033904909189611e-01  6.341196542600251e-03
  1.309999999999994e+00  1.294336969536803e+07  9.325537153449392e+06  1.209245240520890e+06  -1.126451392417259e+07  -1.640636554127477e+04  6.695108263509347e+04  9.398730303344797e-01  -8.119292281268105e-01  5.593677168610757e-03
  1.314999999999994e+00  1.319984160812754e+07  9.375333421721017e+06  1.147120820072689e+06  -1.150242913124886e+07  -7.799401545555065e+03  5.061692982042995e+04  9.566618085908608e-01  -8.170606580590775e-01  3.282931433329329e-03
  1.319999999999994e+00  1.344259373483047e+07  9.347792830758246e+06  1.068013517605398e+06  -1.173458766304099e+07  5.003443851875299e+03  3.766822325186427e+04  9.728006864973340e-01  -8.180818586236942e-01  3.176993393809734e-04
  1.324999999999994e+00  1.371182916272716e+07  9.280888206648419e+06  9.783223479101658e+05  -1.194400340710663e+07  1.954902788770547e+04  1.953018715180317e+04  9.890584733658720e-01  -8.139410175545844e-01  -3.656865199853082e-03
  1.329999999999994e+00  1.397324943348168e+07  9.139446053761808e+06  8.578026019455700e+05  -1.214367998158275e+07  3.296839928903209e+04  8.324332773535430e+02  1.005016202299181e+00  -8.042492737225720e-01  -7.571993728203936e-03
  1.334999999999994e+00  1.422072721324691e+07  8.924306878755618e+06  7.063355509695311e+05  -1.233489792288089e+07  4.411077203198751e+04  -1.664144856034406e+04  1.020486288131177e+00  -7.893036339355833e-01  -1.081012760878335e-02
  1.339999999999993e+00  1.444641648111276e+07  8.641412402509511e+06  5.391595009002999e+05  -1.251956436531387e+07  5.432820544320741e+04  -2.990590792452582e+04  1.033977320441415e+00  -7.720460987649180e-01  -1.238859869646427e-02
  1.344999999999993e+00  1.467955840631754e+07  8.330492630276071e+06  3.650459351285512e+05  -1.268581677759291e+07  5.707955968009087e+04  -4.299308941787848e+04  1.046875471987233e+00  -7.505100105400093e-01  -1.299031933109318e-02
  1.349999999999993e+00  1.491847652244719e+07  8.009106444363052e+06  2.067140592975674e+05  -1.283424039110493e+07  5.493505466799145e+04  -5.199414093897695e+04  1.057955517423726e+00  -7.282295359792503e-01  -1.216837446911776e-02
  1.354999999999993e+00  1.516554483244713e+07  7.697087024446297e+06  7.746646521689251e+04  -1.296532173693730e+07  4.833220225114549e+04  -5.575602434053243e+04  1.067790972835380e+00  -7.065703336626752e-01  -1.026918851561571e-02
  1.359999999999993e+00  1.541035053422246e+07  7.391565445042251e+06  -2.622577254342659e+04  -1.308902034545901e+07  4.108430622552623e+04  -5.254485008259641e+04  1.076656207817162e+00  -6.872605345550141e-01  -7.672332183264016e-03
  1.364999999999993e+00  1.566909938677441e+07  7.130312191627274e+06  -8.766882092639893e+04  -1.319490500084843e+07  2.840729511833939e+04  -4.434726756578855e+04  1.086870492192140e+00  -6.685991399658286e-01  -5.003936178071602e-03
  1.369999999999993e+00  1.592332395544899e+07  6.896647911902429e+06  -1.187632911954193e+05  -1.329571764243846e+07  1.381713151037558e+04  -3.190092959016793e+04  1.099088850478976e+00  -6.514206154623181e-01  -2.398987108700228e-03
  1.374999999999993e+00  1.616781894139538e+07  6.687050336219021e+06  -1.279702649921839e+05  -1.339497141681997e+07  -1.605988121228001e+03  -1.740635746217989e+04  1.113984043370257e+00  -6.353293126259962e-01  -1.093048168141341e-04
  1.379999999999993e+00  1.639729782986939e+07  6.496888011819292e+06  -1.232780021957480e+05  -1.349548206850206e+07  -1.535715801921547e+04  -1.905507511361654e+03  1.131789477414214e+00  -6.198730810062947e-01  1.461893868641783e-03
  1.384999999999992e+00  1.662220714631783e+07  6.322004688579298e+06  -1.098641683796566e+05  -1.359761749259175e+07  -2.082111545336444e+04  1.300806622422037e+04  1.150177781686093e+00  -6.055988604948949e-01  2.661857386138920e-03
  1.389999999999992e+00  1.684090460295100e+07  6.172021457444721e+06  -8.469561713189846e+04  -1.369263647335322e+07  -2.551327171354017e+04  2.833024501853569e+04  1.170730377787604e+00  -5.909451214231847e-01  2.308521398092562e-03
  1.394999999999992e+00  1.706550100530621e+07  6.039383378870681e+06  -5.382113033381652e+04  -1.377940951418147e+07  -2.369431527436636e+04  4.378992204527737e+04  1.190435479753903e+00  -5.765579560776396e-01  1.065528474853353e-03
  1.399999999999992e+00  1.729303440662801e+07  5.918687738171404e+06  -2.067172440894403e+04  -1.385670666689804e+07  -1.763471526185145e+04  5.603661386870644e+04  1.208561927470253e+00  -5.621610559809762e-01  -1.927570753453142e-04
  1.404999999999992e+00  1.750429936953573e+07  5.801637072046339e+06  8.108118649847897e+03  -1.392753959461288e+07  -9.760704160588200e+03  6.154934372273038e+04  1.225437053612032e+00  -5.478593189187315e-01  -1.101698461569720e-04
  1.409999999999992e+00  1.770709190471576e+07  5.690491460025487e+06  3.868291119281912e+04  -1.398719960702542e+07  -4.461144623590318e+03  6.048901418363988e+04  1.240505930450469e+00  -5.327938843551283e-01  6.570027390466369e-04
  1.414999999999992e+00  1.788726479164929e+07  5.579961200760115e+06  6.936106880503136e+04  -1.403957070015463e+07  -3.061136666481492e+03  5.084263210604028e+04  1.254053490971576e+00  -5.174407834769948e-01  3.139291461123328e-03
  1.419999999999992e+00  1.804514199304617e+07  5.472453902062517e+06  1.036764968422069e+05  -1.408350828580668e+07  -4.937530007032153e+03  3.597181305073419e+04  1.265977822009997e+00  -5.021227083497022e-01  6.748627202783537e-03
  1.424999999999992e+00  1.818369159433389e+07  5.376158228893656e+06  1.419507701504044e+05  -1.411276027466509e+07  -5.526390181338660e+03  2.263863191636930e+04  1.276281714957038e+00  -4.874715906132904e-01  9.602923517388433e-03
  1.429999999999992e+00  1.830026840952162e+07  5.281116908954936e+06  1.854902514993077e+05  -1.413609270665802e+07  -1.176524096370546e+04  3.137168993424256e+03  1.284694517110184e+00  -4.729805039770287e-01  1.295581309769913e-02
  1.434999999999991e+00  1.839918122577688e+07  5.195078865757374e+06  2.335650381102259e+05  -1.414803511236818e+07  -1.762429516783354e+04  -1.519064783944090e+04  1.291140323502158e+00  -4.593746825062330e-01  1.484457672738015e-02
  1.439999999999991e+00  1.848345374431121e+07  5.121389997565961e+06  2.864516199640759e+05  -1.414692298181887e+07  -2.201004925258694e+04  -3.188860672859076e+04  1.295360563577805e+00  -4.469626527620031e-01  1.474861325472680e-02
  1.444999999999991e+00  1.855322366967117e+07  5.070169432513796e+06  3.472735444686065e+05  -1.412774198028615e+07  -2.618305125292969e+04  -5.232378076004170e+04  1.297763413785505e+00  -4.357799543129232e-01  1.320205118181656e-02
  1.449999999999991e+00  1.861037348785138e+07  5.028864763199612e+06  4.131759005723227e+05  -1.409924432407393e+07  -2.703165347966010e+04  -6.714905269093259e+04  1.297177581637424e+00  -4.262205780861652e-01  9.654634943648297e-03
  1.454999999999991e+00  1.865126412644162e+07  5.003632230218416e+06  4.849144566125929e+05  -1.405746064739789e+07  -2.585596331630296e+04  -8.000141577550914e+04  1.293987766815730e+00  -4.182090751970871e-01  4.933313828247772e-03
  1.459999999999991e+00  1.866875355128772e+07  4.990696209108277e+06  5.592606875278157e+05  -1.400443626360123e+07  -2.354473047489340e+04  -8.990989542416994e+04  1.288392334019823e+00  -4.115037129997941e-01  -1.333657893330033e-04
  1.464999999999991e+00  1.865496151616636e+07  4.984453665792802e+06  6.310508350552631e+05  -1.394237617552829e+07  -2.098428017932784e+04  -9.471373394451798e+04  1.280682596544151e+00  -4.057053989967145e-01  -4.712038730415834e-03
  1.469999999999991e+00  1.861316635661396e+07  4.987772848319960e+06  6.962787845500587e+05  -1.386650008227724e+07  -1.976156638548366e+04  -9.257265168105332e+04  1.271854029003605e+00  -3.997932767161651e-01  -7.766309834285758e-03
  1.474999999999991e+00  1.852714801840887e+07  4.977701815262670e+06  7.456840811992094e+05  -1.378991791082834e+07  -1.933233769676624e+04  -8.028218827743188e+04  1.260608073148310e+00  -3.944213520936185e-01  -9.744802020522782e-03
  1.479999999999990e+00  1.840394442282506e+07  4.958544999218981e+06  7.776830576082809e+05  -1.370793947632203e+07  -2.148213009358818e+04  -5.886247672782064e+04  1.247986706956283e+00  -3.886283982843236e-01  -9.765728441830683e-03
  1.484999999999990e+00  1.825069796882379e+07  4.928910870617552e+06  7.909619744176177e+05  -1.362043812166926e+07  -2.676916981656811e+04  -2.959073397178031e+04  1.234118533180418e+00  -3.821613570269188e-01  -7.825552737883127e-03
  1.489999999999990e+00  1.809070709654200e+07  4.896199476972108e+06  7.888340708834926e+05  -1.352177107414358e+07  -3.620432181223082e+04  2.375233810038535e+03  1.219780256216194e+00  -3.744144110439126e-01  -4.858725925498973e-03
  1.494999999999990e+00  1.791099960995390e+07  4.849470219740045e+06  7.720635295951337e+05  -1.342334522255782e+07  -4.754363848382921e+04  3.804335760439944e+04  1.203685260126780e+00  -3.664743131807987e-01  -2.148963694210575e-04
  1.499999999999990e+00  1.774036298691223e+07  4.802053953699292e+06  7.498506585871381e+05  -1.331822142520076e+07  -6.014299890990066e+04  7.188373758159038e+04  1.186529789938902e+00  -3.580648612190473e-01  4.998365354470163e-03
  1.504999999999990e+00  1.759250730026852e+07  4.759958354111841e+06  7.310458977974979e+05  -1.320644675257072e+07  -7.209864374387119e+04  1.008212995340669e+05  1.168432639530982e+00  -3.494871418949714e-01  1.005438214261215e-02
  1.509999999999990e+00  1.747733056646563e+07  4.728322874410328e+06  7.264529261811184e+05  -1.308975705214686e+07  -8.359978923952991e+04  1.190346018983505e+05  1.150434854348399e+00  -3.405655159296252e-01  1.370752082379559e-02
  1.514999999999990e+00  1.739754568717871e+07  4.709067893794826e+06  7.378339011957938e+05  -1.296949519787966e+07  -8.995691692264701e+04  1.306847338848182e+05  1.131209176301312e+00  -3.325454068274793e-01  1.696989326161112e-02
  1.519999999999990e+00  1.735464731486049e+07  4.703794677136954e+06  7.704291995018722e+05  -1.284800356603520e+07  -9.198797169478564e+04  1.316147086550519e+05  1.112144103412805e+00  -3.250295235842803e-01  1.878932459335589e-02
  1.524999999999989e+00  1.734101077780206e+07  4.709501386301294e+06  8.225136437713447e+05  -1.272905899919680e+07  -8.975848381955776e+04  1.214330126541799e+05  1.093878924122584e+00  -3.179840069632718e-01  1.907334920489403e-02
  1.529999999999989e+00  1.734285228995930e+07  4.720282347646778e+06  8.886938798905171e+05  -1.261790910834245e+07  -8.530006749770313e+04  1.018158337117326e+05  1.076904660215166e+00  -3.110857978220157e-01  1.775527464606150e-02
  1.534999999999989e+00  1.735712660188790e+07  4.735132335141594e+06  9.634768151153479e+05  -1.251366201014073e+07  -7.528085413737115e+04  7.539716036405318e+04  1.061424360877392e+00  -3.047543132593267e-01  1.536190112860262e-02
  1.539999999999989e+00  1.736874183072394e+07  4.747886147202241e+06  1.039197339857109e+06  -1.242010497732107e+07  -6.256135375110582e+04  4.490274993402800e+04  1.047833269929053e+00  -2.985202038809122e-01  1.191222947102566e-02
  1.544999999999989e+00  1.737133849979512e+07  4.756116456401397e+06  1.109753474416119e+06  -1.233747129366903e+07  -4.806097766515819e+04  1.426406940715679e+04  1.035961730673050e+00  -2.923045191051311e-01  7.767912604218083e-03
  1.549999999999989e+00  1.736726238111214e+07  4.758407133443532e+06  1.169220459780790e+06  -1.226498643885303e+07  -3.395897313749290e+04  -1.053920856885260e+04  1.024712236153008e+00  -2.861224752210489e-01  3.650655191122996e-03
  1.554999999999989e+00  1.734439777755745e+07  4.752624851857812e+06  1.214403510521474e+06  -1.220238658580455e+07  -1.967587400117586e+04  -3.259723724914042e+04  1.015425460146082e+00  -2.797686111828970e-01  -6.221357313355171e-04
  1.559999999999989e+00  1.730942964422090e+07  4.739459960151021e+06  1.242790883750605e+06  -1.214778790788369e+07  -7.824728707422761e+03  -4.820261295053157e+04  1.006914577430418e+00  -2.732633803123092e-01  -4.433488190752661e-03
  1.564999999999989e+00  1.726438130749266e+07  4.718586480802380e+06  1.253650370713804e+06  -1.210045211619486e+07  3.157532804869367e+02  -5.796892537200925e+04  9.989962453016324e-01  -2.665399526798424e-01  -7.470694504391188e-03
  1.569999999999989e+00  1.721081879143864e+07  4.689657254401837e+06  1.248373037750172e+06  -1.206051907470764e+07  4.136224853266225e+03  -6.347283753627796e+04  9.916932396661995e-01  -2.595058597674771e-01  -9.530062333557127e-03
  1.574999999999988e+00  1.715096628908514e+07  4.651298222185024e+06  1.231151533304086e+06  -1.203147906925809e+07  4.388618361078613e+03  -6.565062358871168e+04  9.851019300757350e-01  -2.522555643200494e-01  -1.035827628377731e-02
  1.579999999999988e+00  1.709248159672520e+07  4.612010635660139e+06  1.208490191767471e+06  -1.200565732016831e+07  8.134372033871156e+02  -6.840344410169483e+04  9.790135514050453e-01  -2.447122121498744e-01  -1.034865610661245e-02
  1.584999999999988e+00  1.704098089403576e+07  4.572259630655223e+06  1.186107505274716e+06  -1.198547099604722e+07  -5.207381294100198e+03  -7.253337748538457e+04  9.733627750429571e-01  -2.370694389840702e-01  -9.346862211724432e-03
  1.589999999999988e+00  1.700170739999361e+07  4.535365950674410e+06  1.169179517238142e+06  -1.196982168103448e+07  -1.227950445437821e+04  -7.909521889880091e+04  9.680991801959689e-01  -2.295227046573683e-01  -7.556107668493296e-03
  1.594999999999988e+00  1.697581105434410e+07  4.504369955998842e+06  1.161004476656760e+06  -1.195899815665459e+07  -1.760793863394294e+04  -8.717085909099954e+04  9.630429516084484e-01  -2.226745054198633e-01  -5.392554746015360e-03
  1.599999999999988e+00  1.696950057457422e+07  4.480974613238698e+06  1.162006325756192e+06  -1.194778007627896e+07  -2.233187309911966e+04  -9.804382082776874e+04  9.583513047065302e-01  -2.159872989777467e-01  -3.063361488581270e-03
  1.604999999999988e+00  1.698087091455607e+07  4.466073658508797e+06  1.171945948588033e+06  -1.193697808408091e+07  -2.415583192160917e+04  -1.092231412873106e+05  9.539381602983954e-01  -2.100241700296206e-01  -1.038093498635345e-03
  1.609999999999988e+00  1.700786997688022e+07  4.459157549425764e+06  1.188616746486626e+06  -1.192538983406905e+07  -2.248539939211019e+04  -1.189445516230786e+05  9.497335972235111e-01  -2.049049701822671e-01  3.606174065267333e-04
  1.614999999999988e+00  1.704212350998309e+07  4.457081381019925e+06  1.210073355693604e+06  -1.191241494329396e+07  -1.722229465590255e+04  -1.251713940658560e+05  9.452483907843173e-01  -2.006935203615131e-01  1.163828038193647e-03
  1.619999999999987e+00  1.708914001090875e+07  4.460484902058263e+06  1.234914424349527e+06  -1.189655842267509e+07  -9.767183037993513e+03  -1.275222748380974e+05  9.412189972405969e-01  -1.971454693072111e-01  1.146339913813056e-03
  1.624999999999987e+00  1.714098884695649e+07  4.467108451463523e+06  1.263964407384175e+06  -1.187786366926463e+07  -8.118934036408888e+02  -1.251577247521504e+05  9.371533180408699e-01  -1.943344268126520e-01  6.415327736828670e-04
  1.629999999999987e+00  1.719567822655059e+07  4.476371677381418e+06  1.300037437647711e+06  -1.185572998390882e+07  8.200684143065939e+03  -1.182058761355400e+05  9.329108261061571e-01  -1.921418270627849e-01  -6.910506808775440e-06
  1.634999999999987e+00  1.724945893697411e+07  4.485999269700009e+06  1.346771270404845e+06  -1.182906927353953e+07  1.639084099360960e+04  -1.058035777586307e+05  9.281694282522577e-01  -1.901697947867282e-01  -5.206520502370530e-04
  1.639999999999987e+00  1.730731737622203e+07  4.499572959895774e+06  1.406456627097751e+06  -1.179866885168140e+07  2.215238154822892e+04  -9.125161966727262e+04  9.234005818157154e-01  -1.887251072119069e-01  -7.038780941790519e-04
  1.644999999999987e+00  1.736460730244750e+07  4.513379698556115e+06  1.480488331341518e+06  -1.176455372317881e+07  2.528955610292856e+04  -7.419848820261736e+04  9.183330793906560e-01  -1.873590556612884e-01  -4.252024316243867e-04
  1.649999999999987e+00  1.741779598361396e+07  4.523888154270359e+06  1.566263086205865e+06  -1.172796720598020e+07  2.595283444984596e+04  -5.534414563536303e+04  9.132113238396410e-01  -1.857848634127661e-01  2.065567483015662e-04
  1.654999999999987e+00  1.746099215372138e+07  4.526045219936409e+06  1.657299809582282e+06  -1.169103818897314e+07  2.480449244218364e+04  -3.540568236535308e+04  9.084722100570153e-01  -1.836996237532965e-01  9.270602485712747e-04
  1.659999999999987e+00  1.748429239724689e+07  4.514534995615138e+06  1.741476660065848e+06  -1.165668407116720e+07  2.334758141612491e+04  -1.606266604756148e+04  9.049829410551732e-01  -1.807925590393339e-01  1.230811370367376e-03
  1.664999999999986e+00  1.748889294401041e+07  4.487074105909969e+06  1.817995384429474e+06  -1.162676082447094e+07  2.122097901083413e+04  3.252150016044679e+03  9.023674510243082e-01  -1.771022497371336e-01  1.192124670461992e-03
  1.669999999999986e+00  1.746594109912617e+07  4.439582938870021e+06  1.874813088275102e+06  -1.160375863101708e+07  2.017310584200688e+04  2.217483645779013e+04  9.012719968204314e-01  -1.724265525906434e-01  2.813600198401698e-04
  1.674999999999986e+00  1.741384137615985e+07  4.372619860697674e+06  1.907604721585538e+06  -1.158886994295443e+07  2.084762291956527e+04  4.040746413250404e+04  9.017258368568415e-01  -1.668702894217606e-01  -1.632695884375975e-03
  1.679999999999986e+00  1.734268854290975e+07  4.297496607241466e+06  1.924399076227324e+06  -1.158022331696340e+07  2.243938885534037e+04  5.337843326583556e+04  9.033945511165535e-01  -1.609973631375739e-01  -3.940471541770053e-03
  1.684999999999986e+00  1.724423377633543e+07  4.205578263668282e+06  1.915853654384773e+06  -1.158050249196057e+07  2.585227313172890e+04  6.735988625372907e+04  9.060321926723178e-01  -1.544953540360187e-01  -7.175770220301584e-03
  1.689999999999986e+00  1.713145740361671e+07  4.110348567545265e+06  1.894124893638054e+06  -1.158682177485532e+07  2.963821980373380e+04  7.769907777658619e+04  9.091420174045685e-01  -1.479992758951176e-01  -1.051309453220445e-02
  1.694999999999986e+00  1.701386762857505e+07  4.019618453861248e+06  1.868305143654279e+06  -1.159728992857519e+07  3.261096385108821e+04  8.288213553513317e+04  9.121704771659597e-01  -1.418575899979520e-01  -1.338578606939435e-02
  1.699999999999986e+00  1.690817974757048e+07  3.942892539762675e+06  1.850900444408110e+06  -1.160775377615659e+07  3.359076728975169e+04  8.099848415411993e+04  9.146314969375761e-01  -1.363826642318920e-01  -1.518337384417881e-02
  1.704999999999986e+00  1.680638891879564e+07  3.876974467056321e+06  1.838626773480562e+06  -1.162132937782192e+07  3.274798927395038e+04  7.529670118975989e+04  9.161565184909227e-01  -1.315499732780066e-01  -1.606896481248061e-02
  1.709999999999986e+00  1.672372546593799e+07  3.829612402780513e+06  1.842632559968569e+06  -1.163417261885928e+07  2.934481954411243e+04  6.397568110658901e+04  9.164180061900370e-01  -1.275914294943543e-01  -1.558399543950767e-02
  1.714999999999985e+00  1.666358311750396e+07  3.800642417017379e+06  1.864290410600876e+06  -1.164555202042563e+07  2.366418423782811e+04  4.815884452471206e+04  9.153332954871451e-01  -1.244571679935114e-01  -1.383637761649561e-02
  1.719999999999985e+00  1.662311221419910e+07  3.781981763231073e+06  1.895032789340477e+06  -1.165538506295800e+07  1.670787268801867e+04  3.150162985179053e+04  9.133821773716836e-01  -1.217025545987918e-01  -1.162228974429890e-02
  1.724999999999985e+00  1.660384964208949e+07  3.779479055862054e+06  1.941803307379342e+06  -1.166431831902940e+07  8.758606958865270e+03  1.160337987824636e+04  9.100036011065983e-01  -1.197364727798892e-01  -8.514238294389066e-03
  1.729999999999985e+00  1.660076248494231e+07  3.784047925724346e+06  1.993976654233067e+06  -1.167218330332223e+07  1.224906987000476e+03  -8.354519983407610e+03  9.058521245703888e-01  -1.180739076121295e-01  -5.426735485016053e-03
  1.734999999999985e+00  1.660815978474802e+07  3.790686088660626e+06  2.044979003120445e+06  -1.167941310829091e+07  -4.821712507175804e+03  -2.708316484576097e+04  9.012680361353568e-01  -1.165104908342348e-01  -2.871557649648653e-03
  1.739999999999985e+00  1.662039688212645e+07  3.795477271691174e+06  2.089791306551006e+06  -1.168629419052309e+07  -8.550717439267104e+03  -4.377438738906072e+04  8.965685132699582e-01  -1.148944066384322e-01  -1.225738013908463e-03
  1.744999999999985e+00  1.663073688925348e+07  3.794895195364990e+06  2.127732092285502e+06  -1.169409228677379e+07  -1.012809430696496e+04  -5.806528718618443e+04  8.919137404698316e-01  -1.131896524191217e-01  -6.714507090656663e-04
  1.749999999999985e+00  1.664172255150964e+07  3.792143507424760e+06  2.159685310476522e+06  -1.170044266041320e+07  -8.169536408940236e+03  -7.061610671421555e+04  8.875376046562764e-01  -1.113756554224100e-01  -1.060710996999315e-03
  1.754999999999985e+00  1.664782894086230e+07  3.785075199702041e+06  2.187876960832739e+06  -1.170621645807850e+07  -3.558185889813997e+03  -8.099270429500270e+04  8.835924456815997e-01  -1.094274354376186e-01  -2.324235712431079e-03
  1.759999999999984e+00  1.664819473859071e+07  3.775003181535332e+06  2.217573896337172e+06  -1.171124872073510e+07  3.109047996514438e+03  -8.945728678568541e+04  8.801047766481526e-01  -1.074154856024817e-01  -4.127766734456873e-03
  1.764999999999984e+00  1.664224246113319e+07  3.763093037559261e+06  2.255163393922451e+06  -1.171700840877408e+07  1.137428842698286e+04  -9.605591654767658e+04  8.765621144310835e-01  -1.055820498547243e-01  -6.100037488063613e-03
  1.769999999999984e+00  1.662993131686958e+07  3.750012705712491e+06  2.299802077618562e+06  -1.172013610366003e+07  2.009068954370651e+04  -1.006624067079269e+05  8.737574872428246e-01  -1.036680119410719e-01  -7.921969876041263e-03
  1.774999999999984e+00  1.661064475691903e+07  3.735938358395148e+06  2.355290056562504e+06  -1.172217417306806e+07  2.855549833332827e+04  -1.031386822146130e+05  8.711304742091099e-01  -1.018824718890987e-01  -9.273836173010693e-03
  1.779999999999984e+00  1.658380761602613e+07  3.720140746103498e+06  2.420066162340603e+06  -1.172303814457897e+07  3.619228252070193e+04  -1.031465289779893e+05  8.684858640243014e-01  -1.002482084899592e-01  -9.988485413786474e-03
  1.784999999999984e+00  1.654600189718866e+07  3.699330345907484e+06  2.484137594168440e+06  -1.172381072127221e+07  4.305455483327382e+04  -9.952511831284978e+04  8.652433021371478e-01  -9.881861936913637e-02  -1.021060077748612e-02
  1.789999999999984e+00  1.650059278064441e+07  3.675392782536818e+06  2.553325400157796e+06  -1.172187140639068e+07  4.787666787213137e+04  -9.334020725002780e+04  8.621394893204591e-01  -9.738456073365441e-02  -9.633265267710651e-03
  1.794999999999984e+00  1.644512585246899e+07  3.645340598675516e+06  2.617344411139768e+06  -1.171858984684036e+07  5.121774210837277e+04  -8.381323458182397e+04  8.585774714606038e-01  -9.598497434876399e-02  -8.569267505652336e-03
  1.799999999999984e+00  1.637944385325638e+07  3.608356641617288e+06  2.671785329096908e+06  -1.171401818939263e+07  5.318121186844473e+04  -7.097428041632281e+04  8.545055706017259e-01  -9.456252507394759e-02  -7.188548287449443e-03
  1.804999999999984e+00  1.630432418785138e+07  3.565508568817831e+06  2.714230191659786e+06  -1.170856836957288e+07  5.379327315862894e+04  -5.504719512185312e+04  8.499286101776585e-01  -9.317968837596234e-02  -5.577958384209906e-03
  1.809999999999983e+00  1.622322367526715e+07  3.517359464632049e+06  2.747828893712629e+06  -1.170132794566778e+07  5.364971892689610e+04  -3.694298581869144e+04  8.449473142803866e-01  -9.164622173479033e-02  -3.928563264219142e-03
  1.814999999999983e+00  1.613765004765651e+07  3.465836711494688e+06  2.771984715601983e+06  -1.169301321010352e+07  5.298461600954664e+04  -1.693060940465703e+04  8.394998831627194e-01  -9.008290861575145e-02  -2.373649652304312e-03
  1.819999999999983e+00  1.605071102341874e+07  3.413327611625618e+06  2.789633857107047e+06  -1.168366212328262e+07  5.217115009820068e+04  4.440608708686833e+03  8.336170146148075e-01  -8.854925743266401e-02  -1.018042607535376e-03
  1.824999999999983e+00  1.596800479790111e+07  3.364745196750253e+06  2.807113487876453e+06  -1.167258793448899e+07  5.186844937633125e+04  2.629605680789755e+04  8.275159435663978e-01  -8.724104261833794e-02  2.608733035905500e-04
  1.829999999999983e+00  1.588647667900303e+07  3.316487954658148e+06  2.818418489148557e+06  -1.166096157791003e+07  5.221460509405100e+04  4.939037670036007e+04  8.207910637376223e-01  -8.597675669564153e-02  9.182309590643682e-04
  1.834999999999983e+00  1.580956537436075e+07  3.271903308969903e+06  2.827008348006328e+06  -1.164848624492967e+07  5.361875820615492e+04  7.336178576959830e+04  8.135957762706917e-01  -8.495160093063026e-02  1.063857875566066e-03
  1.839999999999983e+00  1.573742324615127e+07  3.231131217942837e+06  2.831559624750480e+06  -1.163533264839457e+07  5.633883186368543e+04  9.833217963645360e+04  8.058946396790269e-01  -8.420612750010907e-02  6.596342860423892e-04
  1.844999999999983e+00  1.566930489131895e+07  3.193738634504069e+06  2.829933099258039e+06  -1.162177104852793e+07  6.041522138156084e+04  1.243759367592833e+05  7.976551153140048e-01  -8.375450948082518e-02  -2.485603457404119e-04
  1.849999999999983e+00  1.560423881654309e+07  3.160415768660246e+06  2.822606198660343e+06  -1.160713739129911e+07  6.555939534650181e+04  1.512093601907392e+05  7.891498604498067e-01  -8.354653031193308e-02  -1.138951893287298e-03
  1.854999999999982e+00  1.554084285934561e+07  3.128007311751943e+06  2.804252819014458e+06  -1.159385130865644e+07  7.093900091962119e+04  1.787882457147904e+05  7.797516881883527e-01  -8.359531791352891e-02  -2.505917851839757e-03
  1.859999999999982e+00  1.547972699805526e+07  3.098231494637033e+06  2.778195683315829e+06  -1.158115095802851e+07  7.590816916844089e+04  2.060053743805232e+05  7.697538608857439e-01  -8.387226974499665e-02  -3.653403396357770e-03
  1.864999999999982e+00  1.542191940478753e+07  3.071890180958900e+06  2.747315225289704e+06  -1.156919577403064e+07  7.944925093549810e+04  2.317680461088577e+05  7.591702740655986e-01  -8.434418243906623e-02  -4.222841889628427e-03
  1.869999999999982e+00  1.536907252610217e+07  3.049839918460661e+06  2.716950089127316e+06  -1.155716346330073e+07  8.038744388489317e+04  2.550690912599318e+05  7.483325696930876e-01  -8.479803220661052e-02  -3.842515845327142e-03
  1.874999999999982e+00  1.532395464718460e+07  3.033574295220038e+06  2.688570363790886e+06  -1.154689392792182e+07  7.818312968111550e+04  2.741636424168558e+05  7.367735033577860e-01  -8.554625078098521e-02  -2.544055425881633e-03
  1.879999999999982e+00  1.528863791295744e+07  3.024393094627619e+06  2.668641069075561e+06  -1.153732260674310e+07  7.213490724023574e+04  2.880599911339750e+05  7.249511037364023e-01  -8.641363277361512e-02  -3.696060181497444e-05
  1.884999999999982e+00  1.526460411029970e+07  3.022865367926297e+06  2.660427683335497e+06  -1.152838917308261e+07  6.200789440032485e+04  2.958139000374886e+05  7.130908058417353e-01  -8.737497503734029e-02  3.629463832182971e-03
  1.889999999999982e+00  1.525080941303242e+07  3.027119335714916e+06  2.660934631808833e+06  -1.151910224091198e+07  4.807585807407968e+04  2.965658868075678e+05  7.016535520094485e-01  -8.824489301691694e-02  7.841932410725328e-03
  1.894999999999982e+00  1.524880636202931e+07  3.039639506053059e+06  2.676957001899723e+06  -1.151126202629136e+07  3.073471507658024e+04  2.901393941152222e+05  6.904317560709453e-01  -8.935136150457469e-02  1.307957293044980e-02
  1.899999999999981e+00  1.525536177377415e+07  3.057369477059800e+06  2.703284188736214e+06  -1.150395647421997e+07  1.084054129328069e+04  2.765318090256348e+05  6.798919866044896e-01  -9.048162230044308e-02  1.864973618475616e-02
  1.904999999999981e+00  1.526739510366551e+07  3.078297030048064e+06  2.735972700204172e+06  -1.149718114776128e+07  -1.060434329098220e+04  2.560745885946021e+05  6.701783455880509e-01  -9.160402826283603e-02  2.415538582919909e-02
  1.909999999999981e+00  1.528050773768288e+07  3.099869066447847e+06  2.766811204893422e+06  -1.148992278498922e+07  -3.275200569979646e+04  2.292938652436907e+05  6.612387246530788e-01  -9.267027470853716e-02  2.887629123928111e-02
  1.914999999999981e+00  1.529298875171638e+07  3.121109474848170e+06  2.799072134618600e+06  -1.148433031565279e+07  -5.419271769859074e+04  1.975595314829820e+05  6.531706294348995e-01  -9.372837078199935e-02  3.325916677559040e-02
  1.919999999999981e+00  1.530027254926027e+07  3.139320467524340e+06  2.823716494522731e+06  -1.147933822999194e+07  -7.424183106750164e+04  1.618178865458072e+05  6.458459733591420e-01  -9.469870096604123e-02  3.663468051678184e-02
  1.924999999999981e+00  1.529966987106823e+07  3.153144313369652e+06  2.836867141894382e+06  -1.147494536228562e+07  -9.222823417972623e+04  1.233465892927170e+05  6.391105147325823e-01  -9.557537187133457e-02  3.882363842295394e-02
  1.929999999999981e+00  1.528958393381813e+07  3.161944788976651e+06  2.835949451243051e+06  -1.147116041821898e+07  -1.077239661140919e+05  8.339588591398581e+04  6.327933385868560e-01  -9.637176809770703e-02  3.973622019062609e-02
  1.934999999999981e+00  1.527117809165665e+07  3.166964863423239e+06  2.823507045187847e+06  -1.146875412340155e+07  -1.209498108513748e+05  4.360459368833566e+04  6.265864958130232e-01  -9.716340775691876e-02  3.945691125385650e-02
  1.939999999999981e+00  1.524268038649599e+07  3.166729507780388e+06  2.793385990738858e+06  -1.146680099235827e+07  -1.310499900110856e+05  3.738371458277085e+03  6.207308171334297e-01  -9.789668152616456e-02  3.792008757559106e-02
  1.944999999999981e+00  1.520745363325968e+07  3.163757327627601e+06  2.749411561047870e+06  -1.146552317952486e+07  -1.386858532284057e+05  -3.521540421128180e+04  6.149669985865578e-01  -9.867014922192030e-02  3.526178613039348e-02
  1.949999999999980e+00  1.516863290428441e+07  3.159896689188860e+06  2.694080427178892e+06  -1.146494679389641e+07  -1.441777314353030e+05  -7.309349265435636e+04  6.092868990904510e-01  -9.953874605202923e-02  3.164919669609377e-02
  1.954999999999980e+00  1.513045442173098e+07  3.156943457800067e+06  2.634188950386858e+06  -1.146728586381556e+07  -1.479454872619319e+05  -1.096245862945794e+05  6.038414044404012e-01  -1.005008342585154e-01  2.748716079987798e-02
  1.959999999999980e+00  1.509403223633121e+07  3.156460721331867e+06  2.564935563351049e+06  -1.146864099835198e+07  -1.503036561351214e+05  -1.458397240341888e+05  5.986469690393647e-01  -1.016562625756523e-01  2.262549007707059e-02
  1.964999999999980e+00  1.506346160852642e+07  3.160123696060463e+06  2.493507836497022e+06  -1.147096443196168e+07  -1.517987628988779e+05  -1.817054646049968e+05  5.938969282697453e-01  -1.029917439889451e-01  1.749239366777397e-02
  1.969999999999980e+00  1.504037237535952e+07  3.168701839518576e+06  2.422502865608642e+06  -1.147451534966078e+07  -1.528462461675465e+05  -2.174572443772211e+05  5.898087221537659e-01  -1.044916756186045e-01  1.234445030107648e-02
  1.974999999999980e+00  1.502372513619431e+07  3.181039415919262e+06  2.353630795313427e+06  -1.148163373636348e+07  -1.533581354095585e+05  -2.529738337419804e+05  5.866203133474918e-01  -1.060125207236737e-01  7.611766104257759e-03
  1.979999999999980e+00  1.501550585321270e+07  3.199139351216114e+06  2.287374859761824e+06  -1.148819417760784e+07  -1.543441544518668e+05  -2.883243657673117e+05  5.843876309223711e-01  -1.076770698766036e-01  3.121727977134952e-03
  1.984999999999980e+00  1.501275315321383e+07  3.220830446714026e+06  2.224780580697132e+06  -1.149669652293269e+07  -1.556000861613039e+05  -3.226962360025817e+05  5.833118270411574e-01  -1.093033882286134e-01  -7.759030519280121e-04
  1.989999999999980e+00  1.501288824799377e+07  3.244671363455705e+06  2.165523852870460e+06  -1.150734304414817e+07  -1.570681135783262e+05  -3.550193152788950e+05  5.834282977521398e-01  -1.107805945396126e-01  -3.984273668976072e-03
  1.994999999999979e+00  1.501310116477010e+07  3.268629969252288e+06  2.107670708684354e+06  -1.152055597028500e+07  -1.575905880809055e+05  -3.840172789849686e+05  5.842241358651898e-01  -1.119753495877734e-01  -6.434246810927834e-03
  1.999999999999979e+00  1.501124033187899e+07  3.292111344951009e+06  2.053154485678863e+06  -1.153503058199186e+07  -1.584902820184159e+05  -4.078422794486853e+05  5.863363410041786e-01  -1.128371933350567e-01  -8.303830719950361e-03
