TITLE = "Temporal Signal for receiver number 00001"
VARIABLES = "Time","s_xx","s_yy","s_zz","s_xy","s_yz","s_xz","v1","v2","v3"
# x1       0.000000000000e+00
# x2       2.000000000000e+03
# x3       -7.500000000000e+03
# cell-global-id 9467
  0.000000000000000e+00  0.000000000000000e+00  0.000000000000000e+00  0.000000000000000e+00  0.000000000000000e+00  0.000000000000000e+00  0.000000000000000e+00  0.000000000000000e+00  0.000000000000000e+00  0.000000000000000e+00
  5.000000000000000e-03  0.000000000000000e+00  0.000000000000000e+00  0.000000000000000e+00  0.000000000000000e+00  0.000000000000000e+00  0.000000000000000e+00  0.000000000000000e+00  0.000000000000000e+00  0.000000000000000e+00
  1.000000000000000e-02  0.000000000000000e+00  0.000000000000000e+00  0.000000000000000e+00  0.000000000000000e+00  0.000000000000000e+00  0.000000000000000e+00  0.000000000000000e+00  0.000000000000000e+00  0.000000000000000e+00
  1.500000000000000e-02  -2.279198146337470e-12  -3.145931465758829e-11  -2.581220444042492e-11  1.151313930679761e-12  2.049920555515610e-11  1.042142477034397e-11  -9.046957034177572e-18  2.996423137752025e-18  -8.504778658892361e-19
  2.000000000000000e-02  -2.081700219356156e-10  -4.428510206043881e-10  -2.820441749645354e-10  -6.711607249856183e-11  2.177913618290188e-10  1.381403406526707e-10  -7.882880231553243e-17  3.816676180681865e-17  -4.796799943483277e-18
  2.500000000000000e-02  -7.182477059031304e-10  -9.467466099432050e-10  -5.856838441001333e-10  -6.518028795461025e-11  4.165917517331963e-10  2.035189623119152e-10  -1.549623399427541e-16  7.351129207490569e-17  -7.482736033439092e-18
  3.000000000000000e-02  -8.048359871943060e-10  -1.364727032190880e-09  -7.318526466173285e-10  1.483738582839408e-10  8.015795823590947e-10  3.670671312284210e-10  -3.689693381505534e-16  9.479318782752118e-17  -1.161439863820509e-17
  3.500000000000000e-02  3.608705358248410e-10  -5.747171308818375e-10  -8.847195422243194e-12  7.264403617206122e-10  8.958029427334388e-10  2.474801669625359e-10  -5.525324160905399e-16  1.187771002399394e-17  -1.446422798305293e-17
  4.000000000000000e-02  2.367602654413147e-09  1.426981271829888e-09  1.397277465620059e-09  1.453894632256888e-09  4.329934921962732e-10  -1.711623457751016e-10  -5.563692013406880e-16  -1.695690671920672e-16  -1.121763268506322e-17
  4.500000000000000e-02  3.229779259891331e-09  2.998987373702623e-09  2.294036569101819e-09  1.634935813959462e-09  -1.267420308777682e-10  -3.066239666755067e-10  -4.409684943602240e-16  -2.985501799196751e-16  -1.202373065477942e-17
  5.000000000000000e-02  4.046544139333743e-09  4.878518726313484e-09  3.004974103233975e-09  1.342610030137869e-09  -1.305210143600707e-09  -4.393362050304199e-10  6.408926933998194e-18  -4.617607904887514e-16  -8.194857097026715e-19
  5.499999999999999e-02  2.977440654165599e-09  5.316508216810344e-09  2.440656674579231e-09  -2.344012627577524e-13  -2.518895547742627e-09  -2.616059239943699e-10  6.742712595778726e-16  -4.927110250746489e-16  2.469524555870751e-17
  5.999999999999999e-02  4.098461682053173e-10  4.059990540247841e-09  7.478104173198989e-10  -2.299113934669712e-09  -3.401827305574899e-09  1.547262045710052e-10  1.400482483583766e-15  -3.559585409752974e-16  6.322501501317907e-17
  6.499999999999999e-02  7.297599862478607e-11  2.789612961923139e-09  -4.066317153876184e-10  -3.951369243627764e-09  -3.670584832940350e-09  6.032760706801228e-10  1.749942425576112e-15  -2.170831686336324e-16  7.923768698004414e-17
  6.999999999999999e-02  -2.394390540212286e-09  -4.736313840208947e-10  -2.651675984622942e-09  -6.365469122750398e-09  -3.459841473737915e-09  7.907913867475696e-10  2.158296807022098e-15  1.384712385702688e-16  1.233262603361051e-16
  7.500000000000000e-02  -4.036838721229826e-09  -4.104063660881908e-09  -4.436565981975900e-09  -7.950627731834688e-09  -2.458601499149196e-09  7.079779425016912e-10  2.191849356141821e-15  5.474200841613951e-16  1.404444858650754e-16
  8.000000000000000e-02  -4.438100723610825e-09  -7.470261090995073e-09  -5.420428739480795e-09  -8.067439366621409e-09  -7.625042497642816e-10  3.424930098423574e-10  1.802227116243238e-15  9.286933309618789e-16  1.114572297188384e-16
  8.500000000000001e-02  -3.775573446203164e-09  -1.001104270267130e-08  -6.159804837141843e-09  -6.963322874325160e-09  9.475270228816300e-10  -2.428555598241161e-10  1.363733392070551e-15  1.162300332945663e-15  7.325251563464423e-17
  9.000000000000001e-02  -3.453087792959646e-09  -1.226315346136556e-08  -6.042795639826436e-09  -4.317153109143764e-09  3.388251411128016e-09  -9.161583748552135e-10  4.320790468954149e-16  1.367065831305437e-15  -3.927767813034278e-17
  9.500000000000001e-02  -2.461048982223056e-09  -1.302049962147911e-08  -5.125674909852927e-09  -1.436023986960183e-10  5.731815871080889e-09  -1.592701521270235e-09  -7.078601445073756e-16  1.364966627720398e-15  -1.821746543036752e-16
  1.000000000000000e-01  -1.057280210239006e-09  -1.202876964200198e-08  -3.523898381797837e-09  5.047418715228488e-09  7.620930800879249e-09  -2.188782026317746e-09  -1.914872405646259e-15  1.128814919417393e-15  -3.231005826836501e-16
  1.050000000000000e-01  5.018901402749692e-10  -9.212702413745071e-09  -1.347700845397762e-09  1.055128096206852e-08  8.742195545581205e-09  -2.640458948668818e-09  -3.046108775186587e-15  6.675711680500126e-16  -4.261245289438922e-16
  1.100000000000000e-01  -1.392159813295428e-09  -6.651113671517641e-09  2.619906509002676e-10  1.342072482775961e-08  8.793938271122726e-09  -3.100511114058179e-09  -3.531109165885640e-15  3.013735479524960e-16  -4.198185564608478e-16
  1.150000000000000e-01  3.154299028354688e-10  -5.021223480723653e-10  3.697654800938869e-09  1.788179493784840e-08  7.874754135372305e-09  -3.176384812491884e-09  -4.298442369274041e-15  -4.642172886286452e-16  -3.922584208697420e-16
  1.200000000000000e-01  2.013940539601507e-09  6.597164584521664e-09  7.295156886560910e-09  2.081027669600176e-08  5.891859676889371e-09  -2.947281021359851e-09  -4.717135152525972e-15  -1.272685508435205e-15  -2.854884907392865e-16
  1.250000000000000e-01  3.417775213018093e-09  1.380592643261132e-08  1.068338334255803e-08  2.166685619318987e-08  3.034981591790276e-09  -2.371981851413413e-09  -4.720821466906259e-15  -2.009848175639666e-15  -1.145668427093342e-16
  1.300000000000000e-01  3.668092538441699e-09  2.020635300369192e-08  1.410301607675019e-08  2.108606474421234e-08  -2.115261555982173e-10  -1.705748266026158e-09  -4.506257790112759e-15  -2.527376297103044e-15  5.966095749770500e-17
  1.350000000000000e-01  4.969671295189282e-09  2.579053447327606e-08  1.623580514102232e-08  1.811332756753309e-08  -3.790381388368289e-09  -3.353294775576063e-10  -3.820328723488698e-15  -2.936306156147065e-15  2.534876218949479e-16
  1.400000000000000e-01  5.187310824841971e-09  2.888869496955347e-08  1.678348162120894e-08  1.268606251874665e-08  -7.137763396310569e-09  1.365546501735009e-09  -2.694345904856118e-15  -3.017089455182927e-15  4.226578951376610e-16
  1.450000000000000e-01  4.144575876897993e-09  2.900145074079358e-08  1.547538585527978e-08  5.151901440565191e-09  -9.890042342926164e-09  3.285129258733601e-09  -1.188910729752079e-15  -2.744466518882120e-15  5.442020705091853e-16
  1.500000000000000e-01  5.140204569307116e-09  2.851310693371125e-08  1.408067956098901e-08  -1.261670717274090e-10  -1.173333250812403e-08  5.295767278508362e-09  -2.003679209604783e-16  -2.459735604933374e-15  5.448072360420983e-16
  1.550000000000001e-01  2.489723003398109e-09  2.266682865120090e-08  8.988444233832145e-09  -9.834893015289759e-09  -1.254892981829980e-08  7.280817863802233e-09  1.701317162941483e-15  -1.607924003620401e-15  5.358651640394273e-16
  1.600000000000001e-01  -1.018112842287220e-09  1.417958095294319e-08  2.367023021035310e-09  -1.974396101689610e-08  -1.227638993413405e-08  8.933987845540303e-09  3.663209404727366e-15  -5.335954255363748e-16  4.767390505230921e-16
  1.650000000000001e-01  -4.675015561463709e-09  3.924983084974616e-09  -5.155298027112889e-09  -2.891969724344292e-08  -1.099522516953053e-08  1.007439068384027e-08  5.515994641224045e-15  6.490753651594880e-16  3.814853823901313e-16
  1.700000000000001e-01  -4.526252522485513e-09  -5.109126544722875e-09  -1.170446710956896e-08  -3.392399791722411e-08  -8.848699355102816e-09  1.080362402282307e-08  6.510444728948022e-15  1.547341944779894e-15  1.904445611403100e-16
  1.750000000000001e-01  -6.874723570746000e-09  -1.639013273545136e-08  -1.911893742845793e-08  -4.008713512640271e-08  -6.064077703334709e-09  1.047782939394220e-08  7.845903141886282e-15  2.670341958073869e-15  7.730807761095353e-17
  1.800000000000001e-01  -7.146208082359514e-09  -2.623179344468643e-08  -2.503049830983956e-08  -4.345581454524228e-08  -2.947132625911152e-09  9.348025939618110e-09  8.646522404371278e-15  3.567629243945628e-15  -2.202605454393642e-17
  1.850000000000001e-01  -4.605529302824380e-09  -3.366141738914708e-08  -2.874481112595455e-08  -4.363339070823339e-08  2.532155512404196e-10  7.494299093100832e-09  8.791447545810779e-15  4.150978970103927e-15  -1.015557598624200e-16
  1.900000000000001e-01  1.198600445150789e-09  -3.798310405180421e-08  -2.981025348219819e-08  -4.048572174356220e-08  3.326647040830453e-09  5.085129184360005e-09  8.195304095428353e-15  4.364825548554552e-15  -1.596353194187597e-16
  1.950000000000001e-01  5.942087549725882e-09  -4.076580834082603e-08  -2.961465850285000e-08  -3.678578003765821e-08  6.220413014310859e-09  2.063409490096326e-09  7.474031992070665e-15  4.403622699950898e-15  -2.085414668690096e-16
  2.000000000000001e-01  1.587147591337296e-08  -3.877692239075568e-08  -2.569369475487247e-08  -2.860383640671314e-08  8.492690160904310e-09  -8.959227843269646e-10  5.620575354922287e-15  3.937120382104228e-15  -2.036974193053066e-16
  2.050000000000001e-01  2.841684148688647e-08  -3.340575679248353e-08  -1.951677249069704e-08  -1.795021283620944e-08  1.030101520450689e-08  -3.496205497564055e-09  2.988946059313341e-15  3.117281569001034e-15  -1.878851685892107e-16
  2.100000000000001e-01  4.309711050127022e-08  -2.514746372703522e-08  -1.178468687977372e-08  -5.469189129096039e-09  1.169644484661316e-08  -5.313874594153953e-09  -3.865178885454824e-16  2.007232882682179e-15  -1.634561013520062e-16
  2.150000000000001e-01  4.711934395656727e-08  -1.823609171414068e-08  -5.532223048714063e-09  2.906940971651462e-09  1.205115560090020e-08  -7.789773734551142e-09  -2.645612460764592e-15  1.103131738232951e-15  -7.007534044414636e-17
  2.200000000000001e-01  6.211806187469232e-08  -6.172858657782106e-09  2.906306882226092e-09  1.666773110152082e-08  1.246196704950396e-08  -7.445610224546395e-09  -7.016493381169235e-15  -3.446456762382902e-16  -1.828984831878011e-17
  2.250000000000001e-01  7.879671062442047e-08  7.088992244592900e-09  1.048157067387273e-08  3.032113518869366e-08  1.283382266531988e-08  -5.134519001503637e-09  -1.199989239176191e-14  -1.864693573912410e-15  5.042403840383369e-17
  2.300000000000001e-01  9.826315975090387e-08  2.118408496132102e-08  1.648431530201602e-08  4.321896353246095e-08  1.344283311580001e-08  -3.724974039094798e-10  -1.760906975094228e-14  -3.391817916062496e-15  1.531932078597072e-16
  2.350000000000001e-01  9.615652207117209e-08  3.207337141504312e-08  1.971220941294077e-08  5.018011702266493e-08  1.103680915906468e-08  1.423045695613186e-09  -2.060159236484629e-14  -4.479550610135544e-15  3.178230870664932e-16
  2.400000000000001e-01  1.211769817997599e-07  4.787734663847754e-08  2.202317516308583e-08  6.079621521455889e-08  1.169685728729429e-08  1.070375022015758e-08  -2.711020943503462e-14  -5.928252584438623e-15  5.113802765799806e-16
  2.450000000000001e-01  1.567982094315039e-07  6.526839556790903e-08  2.204229621010821e-08  6.967053223441809e-08  1.338857742881008e-08  2.381079820460388e-08  -3.460085843566553e-14  -7.329642391204149e-15  8.061793914360278e-16
  2.500000000000001e-01  2.089849729259576e-07  8.528073731382622e-08  1.983324450132685e-08  7.669589884849613e-08  1.658334208968095e-08  4.169937625096524e-08  -4.347930719397790e-14  -8.729910350640241e-15  1.239235340681478e-15
  2.550000000000001e-01  2.176140664371247e-07  1.030223130696600e-07  1.803389706863925e-08  7.992085673573319e-08  1.114874172661963e-08  4.886302847349536e-08  -4.737124599650333e-14  -9.712524174744390e-15  1.625763365153452e-15
  2.600000000000001e-01  3.056586076571424e-07  1.318330824693623e-07  1.329710253213434e-08  8.454229929288588e-08  1.559503600361930e-08  7.493200048149316e-08  -5.907118297557448e-14  -1.130197899694355e-14  2.365303164502373e-15
  2.650000000000001e-01  4.342364425735936e-07  1.686350746775259e-07  6.919114458318429e-09  8.796493225925841e-08  2.265064063178812e-08  1.096294076578671e-07  -7.408505192024101e-14  -1.322165133290472e-14  3.381606074163208e-15
  2.700000000000001e-01  6.189993035237876e-07  2.164468864100920e-07  -1.346350572579106e-09  9.070720327706306e-08  3.311804593911753e-08  1.559710372153297e-07  -9.376687540233772e-14  -1.569027157980924e-14  4.758601110169317e-15
  2.750000000000001e-01  6.863247252278616e-07  2.621652873582411e-07  -2.339471030822506e-09  9.306380011952385e-08  2.017113532372174e-08  1.708816088607946e-07  -1.021868723534666e-13  -1.769477251275865e-14  5.846206535752945e-15
  2.800000000000001e-01  9.807895969930455e-07  3.393087382214024e-07  -1.276695617702392e-08  9.668637340865123e-08  3.205215947010385e-08  2.382113603626591e-07  -1.312648586937083e-13  -2.172076286548051e-14  8.028440574890578e-15
  2.850000000000001e-01  1.390200255244694e-06  4.405660401959423e-07  -2.746892862883520e-08  1.017483151681608e-07  4.868021629795040e-08  3.294895442949964e-07  -1.701773774429014e-13  -2.722027665179124e-14  1.094144203681690e-14
  2.900000000000001e-01  1.954155240594560e-06  5.732849538470040e-07  -4.892125652213606e-08  1.093056377772186e-07  7.135940082204467e-08  4.535122942310327e-07  -2.221660067137245e-13  -3.471402936409769e-14  1.483408107590673e-14
  2.950000000000002e-01  2.725100300226158e-06  7.467922760587796e-07  -8.078656254201926e-08  1.205111862769826e-07  1.017050182266119e-07  6.220731120058909e-07  -2.913237931687723e-13  -4.485170626903920e-14  2.004370020019459e-14
  3.000000000000002e-01  3.031252891960873e-06  9.105585640783163e-07  -8.323072284690552e-08  1.305414626523075e-07  5.191663562470475e-08  6.749475814207328e-07  -3.212771157149393e-13  -5.332406783917893e-14  2.394709946102565e-14
  3.050000000000002e-01  4.190011945808186e-06  1.187362388420607e-06  -1.348255400746412e-07  1.502604561151322e-07  7.713739740487116e-08  9.261034947862365e-07  -4.222897905098034e-13  -6.975680112285944e-14  3.212615378283154e-14
  3.100000000000002e-01  5.753652194670413e-06  1.546711728085584e-06  -2.118631227302989e-07  1.765245059805956e-07  1.096330154038516e-07  1.267001729055790e-06  -5.545249143556955e-13  -9.144882656939791e-14  4.305576495606813e-14
  3.150000000000002e-01  7.853545344592463e-06  2.011183428808677e-06  -3.255573221146765e-07  2.100107094116321e-07  1.506295267084708e-07  1.727680003388772e-06  -7.263884277333676e-13  -1.198263454871050e-13  5.764446876960977e-14
  3.200000000000002e-01  8.687888047872878e-06  2.445740992101208e-06  -3.501632650360076e-07  2.314619315997012e-07  -8.481496833994170e-09  1.878030229184140e-06  -7.972429284776972e-13  -1.432539843779501e-13  6.837337409576649e-14
  3.250000000000002e-01  1.178278221727025e-05  3.172481105512951e-06  -5.319264845346553e-07  2.762327661024345e-07  -5.683770837226113e-09  2.558692451250730e-06  -1.038572853668728e-12  -1.869590187410355e-13  9.100380293144356e-14
  3.300000000000002e-01  1.589785793813986e-05  4.101106580173932e-06  -7.944425758845066e-07  3.260616439795587e-07  -6.801306364417611e-09  3.470590309518698e-06  -1.346579490954210e-12  -2.429370483081081e-13  1.209107559495827e-13
  3.350000000000002e-01  2.134231546188654e-05  5.280318985595168e-06  -1.170221971011192e-06  3.770522894447334e-07  -1.598541664659731e-08  4.685470340143931e-06  -1.736814347512963e-12  -3.141076634730369e-13  1.602951899954904e-13
  3.400000000000002e-01  2.352656210482823e-05  6.381492700027675e-06  -1.277188147652878e-06  3.948455512070046e-07  -4.969980732550501e-07  5.096363284947014e-06  -1.885397220290106e-12  -3.721864299390003e-13  1.882546006645078e-13
  3.450000000000002e-01  3.140528182786495e-05  8.171103603778993e-06  -1.863586223475136e-06  4.318127292654185e-07  -6.594752986370432e-07  6.860677319393481e-06  -2.411245355867814e-12  -4.771749012332507e-13  2.475251535970816e-13
  3.500000000000002e-01  4.171324628215010e-05  1.040834339501183e-05  -2.690220122301840e-06  4.432813041969821e-07  -8.851097125106175e-07  9.187256817586910e-06  -3.065027087819197e-12  -6.082054721866084e-13  3.244900862438546e-13
  3.550000000000002e-01  5.512717159155867e-05  1.318505136465547e-05  -3.846847400413140e-06  4.086151676057106e-07  -1.199234456049830e-06  1.223795530252940e-05  -3.871522018921019e-12  -7.706129634469481e-13  4.240595264590522e-13
  3.600000000000002e-01  6.056550267062358e-05  1.577339887626984e-05  -4.236442258535333e-06  3.254740983477983e-07  -2.546951802043489e-06  1.329467745812081e-05  -4.145556703407943e-12  -9.014442263745271e-13  4.907579051168153e-13
  3.650000000000002e-01  7.956600310841125e-05  1.982871498500734e-05  -6.012548240805254e-06  1.510919547049153e-07  -3.350777484119890e-06  1.764094218943316e-05  -5.184567689257540e-12  -1.131277356281133e-12  6.351260963144164e-13
  3.700000000000002e-01  1.039934102714125e-04  2.477352648872021e-05  -8.460824261315549e-06  -1.701713182263299e-07  -4.419942082307884e-06  2.328025118031194e-05  -6.439336850354117e-12  -1.410823115448793e-12  8.193071992844884e-13
  3.750000000000002e-01  1.352258915961050e-04  3.075610210491970e-05  -1.181041426015630e-05  -7.032737803119818e-07  -5.842032138564815e-06  3.055641489487223e-05  -7.940972770469618e-12  -1.748349685591223e-12  1.053525160063716e-12
  3.800000000000002e-01  1.749413272557838e-04  3.793648621966911e-05  -1.635949948709732e-05  -1.533051465097899e-06  -7.732119444464105e-06  3.989276480206341e-05  -9.720892107248063e-12  -2.152835851406569e-12  1.350443628162639e-12
  3.850000000000002e-01  1.911629260209672e-04  4.469519103054926e-05  -1.814833114981560e-05  -2.280008341463997e-06  -1.212918643429148e-05  4.327563063292777e-05  -1.020392889255809e-11  -2.471614427764861e-12  1.524222282998846e-12
  3.900000000000002e-01  2.457379826047921e-04  5.462708568657118e-05  -2.494446839964850e-05  -3.823198163064860e-06  -1.574314411488774e-05  5.624777959463876e-05  -1.234288572973334e-11  -3.010822979908667e-12  1.934655832419620e-12
  3.950000000000002e-01  3.142754460742839e-04  6.630592056806699e-05  -3.403003716413083e-05  -6.008794914412249e-06  -2.043060906027084e-05  7.271675897539939e-05  -1.480776835198287e-11  -3.642466874009154e-12  2.448464755977177e-12
  4.000000000000002e-01  3.998789381977455e-04  7.991189467066996e-05  -4.609149211280385e-05  -9.030614631998492e-06  -2.649997126741776e-05  9.351174757008898e-05  -1.761189897626720e-11  -4.375610676247475e-12  3.089903426944147e-12
  4.050000000000002e-01  4.346504074747925e-04  9.273152210015347e-05  -5.130151858997376e-05  -1.144281663637689e-05  -3.700594850525009e-05  1.010845841654009e-04  -1.812779053357061e-11  -4.936081763975928e-12  3.418567676262727e-12
  4.100000000000003e-01  5.494350822818416e-04  1.106063656485672e-04  -6.891832006300474e-05  -1.630007462766140e-05  -4.731140332266808e-05  1.293900247912001e-04  -2.124818890121195e-11  -5.855841290174735e-12  4.272859915188639e-12
  4.150000000000003e-01  6.910046672912474e-04  1.309069073247540e-04  -9.194598956196647e-05  -2.269597460781413e-05  -6.041592683082386e-05  1.647526678019931e-04  -2.465111560906714e-11  -6.891187402573581e-12  5.326820560919072e-12
  4.200000000000003e-01  8.646611533267566e-04  1.536818764026642e-04  -1.218525242692536e-04  -3.098470786374976e-05  -7.704112221454534e-05  2.086974548182466e-04  -2.828179193768489e-11  -8.041133987804911e-12  6.623813609773453e-12
  4.250000000000003e-01  9.342419807858269e-04  1.752695794505301e-04  -1.357049586678899e-04  -3.713780229295428e-05  -1.005250213870350e-04  2.246999479601789e-04  -2.839057699284944e-11  -8.875434072055026e-12  7.172577423438425e-12
  4.300000000000003e-01  1.161279475905773e-03  2.032149104612486e-04  -1.783632987616378e-04  -4.926658050563461e-05  -1.266804824050540e-04  2.832939433100564e-04  -3.192467317104061e-11  -1.019148495882424e-11  8.836283569756705e-12
  4.350000000000003e-01  1.436243952302171e-03  2.334100926681201e-04  -2.329502737632772e-04  -6.440229859667668e-05  -1.593637675253882e-04  3.553460849488700e-04  -3.536695271654673e-11  -1.157892022505350e-11  1.086111153466887e-11
  4.400000000000003e-01  1.767438520875127e-03  2.653845098933737e-04  -3.023884710029344e-04  -8.302213598733540e-05  -2.000944630038351e-04  4.434890675575002e-04  -3.850898581089869e-11  -1.300215226826127e-11  1.331972301588245e-11
  4.450000000000003e-01  1.897153476929128e-03  2.963033501700302e-04  -3.362484091781225e-04  -9.608073526679741e-05  -2.493621473550931e-04  4.754646801314211e-04  -3.725361260957746e-11  -1.391951745993709e-11  1.409853818344428e-11
  4.500000000000003e-01  2.318974499817072e-03  3.312952210916374e-04  -4.329398530125691e-04  -1.211762036402422e-04  -3.099304728971074e-04  5.906120683408218e-04  -3.917590006395115e-11  -1.525225696284363e-11  1.713674130925716e-11
  4.550000000000003e-01  2.820495983054047e-03  3.655893151019679e-04  -5.542196735280181e-04  -1.508929690650784e-04  -3.844076587611164e-04  7.300290577850079e-04  -3.999638397363401e-11  -1.642226883713682e-11  2.078921348578223e-11
  4.600000000000003e-01  3.413480489805228e-03  3.974151161836094e-04  -7.055151884234915e-04  -1.855028518797273e-04  -4.757203987807532e-04  8.979837185064612e-04  -3.924296937686608e-11  -1.731115297783696e-11  2.517094275304484e-11
  4.650000000000003e-01  4.110703234713578e-03  4.244460936778420e-04  -8.932610599516665e-04  -2.250809718219841e-04  -5.873292435040031e-04  1.099315813391219e-03  -3.633931682083890e-11  -1.776720460594934e-11  3.041579340549595e-11
  4.700000000000003e-01  4.372598427310785e-03  4.552288695462660e-04  -9.877335756666129e-04  -2.511619405431788e-04  -7.028781282522363e-04  1.173698883275138e-03  -3.100987162364938e-11  -1.754055888530361e-11  3.122452839428803e-11
  4.750000000000003e-01  5.229837611970685e-03  4.698136143607011e-04  -1.240918949344319e-03  -2.982314792464736e-04  -8.600953054159241e-04  1.430251816836635e-03  -2.384001254175924e-11  -1.672267798439326e-11  3.743586955318215e-11
  4.800000000000003e-01  6.224137953661901e-03  4.699582823854551e-04  -1.551046120962065e-03  -3.489471206453122e-04  -1.049925473857033e-03  1.734763168771541e-03  -1.279080393980739e-11  -1.481100624636003e-11  4.481034866006591e-11
  4.850000000000003e-01  7.370692387282063e-03  4.502409050116692e-04  -1.929092358065965e-03  -4.017654739775753e-04  -1.278393904265547e-03  2.094472619038184e-03  3.090006554026053e-12  -1.146028102260163e-11  5.354714266441197e-11
  4.900000000000003e-01  7.777914259549455e-03  4.468284849601844e-04  -2.123533159168214e-03  -4.355641979666353e-04  -1.491501761514827e-03  2.226996327217187e-03  1.314092825883127e-11  -7.770385934703433e-12  5.363240689012276e-11
  4.950000000000003e-01  9.146113399666539e-03  3.813859575034818e-04  -2.621510013162051e-03  -4.876555984051677e-04  -1.801684338108688e-03  2.676942802373142e-03  3.669030240149936e-11  -8.658843500956588e-13  6.365775822326286e-11
  5.000000000000003e-01  1.070086206415410e-02  2.753435879688269e-04  -3.221184786936026e-03  -5.339132444305351e-04  -2.170780256642729e-03  3.203464905292041e-03  6.743643059206103e-11  8.842919342731070e-12  7.546038456496466e-11
  5.050000000000003e-01  1.245635111467192e-02  1.180245441048946e-04  -3.940174895509565e-03  -5.688008632605099e-04  -2.608499861369675e-03  3.816778000056005e-03  1.066534363178756e-10  2.203549480243767e-11  8.932493749594392e-11
  5.100000000000003e-01  1.302816051782913e-02  1.004486332175104e-05  -4.314162565025943e-03  -5.934313630626359e-04  -2.981022517291626e-03  4.043996084939282e-03  1.200571849731598e-10  3.382536901994375e-11  8.727510417706629e-11
  5.150000000000003e-01  1.505360236338411e-02  -2.592125760742974e-04  -5.239768612725342e-03  -5.992967733334108e-04  -3.556364418074926e-03  4.798393874083752e-03  1.700066787461915e-10  5.488958603379267e-11  1.027732896141914e-10
  5.200000000000004e-01  1.730268221397396e-02  -6.181795575963678e-04  -6.337020353802581e-03  -5.719632483653473e-04  -4.231313364578177e-03  5.669436261997970e-03  2.308258095824436e-10  8.193996535372724e-11  1.209002549381314e-10
  5.250000000000004e-01  1.978145836336460e-02  -1.085566893108863e-03  -7.632672975693351e-03  -4.982840142468897e-04  -5.020322185683186e-03  6.670790588231137e-03  3.038417650831009e-10  1.161934480471780e-10  1.420482239462507e-10
  5.300000000000004e-01  2.048093425983188e-02  -1.425617576067615e-03  -8.306934134793760e-03  -4.724028286911676e-04  -5.638626057299910e-03  7.049472278660802e-03  3.122536925666092e-10  1.438468327623844e-10  1.356044894127829e-10
  5.350000000000004e-01  2.322671646113282e-02  -2.119593093981817e-03  -9.938233207622842e-03  -3.057348815631649e-04  -6.645629302130142e-03  8.263524842500605e-03  3.961231713606903e-10  1.933124292969228e-10  1.588217054045137e-10
  5.400000000000004e-01  2.619035186180305e-02  -2.985727507486545e-03  -1.184451909387688e-02  -4.778961595433934e-05  -7.810368796212844e-03  9.648023682837993e-03  4.934050844925153e-10  2.542003016002358e-10  1.858374015155059e-10
  5.450000000000004e-01  2.935764083296355e-02  -4.054027317363428e-03  -1.406453084175245e-02  3.263030318704224e-04  -9.152535846012477e-03  1.122044558310754e-02  6.049975711627749e-10  3.285605870191644e-10  2.171711995439769e-10
  5.500000000000004e-01  3.002949279174740e-02  -4.825099141402494e-03  -1.520720689934622e-02  4.721238750560338e-04  -1.012707787924045e-02  1.184211125697136e-02  5.874469868031301e-10  3.834214975845838e-10  2.033293255372593e-10
  5.550000000000004e-01  3.334789203605445e-02  -6.297607091876782e-03  -1.794354868680717e-02  1.052077385666526e-03  -1.179305610347866e-02  1.372697217456781e-02  7.034612556059005e-10  4.844673130544996e-10  2.374404393606835e-10
  5.600000000000004e-01  3.678720508720665e-02  -8.068956855929626e-03  -2.110031960769959e-02  1.823351072595722e-03  -1.369236192444648e-02  1.585245465318343e-02  8.322837927156641e-10  6.057010889678184e-10  2.769343943552487e-10
  5.650000000000004e-01  4.029508277269222e-02  -1.018408793803960e-02  -2.473149807298536e-02  2.825014269461594e-03  -1.584905061517695e-02  1.824014560231842e-02  9.738744672099255e-10  7.504543139242132e-10  3.224649152423837e-10
  5.700000000000004e-01  4.380362203436442e-02  -1.269320077422992e-02  -2.889682059848808e-02  4.100423801932884e-03  -1.828797845646072e-02  2.091236729645413e-02  1.127963504024858e-09  9.225683410625939e-10  3.747121422092230e-10
  5.750000000000004e-01  4.392737556957878e-02  -1.441924285046174e-02  -3.094231954524089e-02  4.529698290289038e-03  -1.990949402348994e-02  2.209641487392500e-02  1.021577616884682e-09  1.035063016573096e-09  3.478407645838471e-10
  5.800000000000004e-01  4.713800504636856e-02  -1.766672209804397e-02  -3.594588645914400e-02  6.228033788902927e-03  -2.283414697221106e-02  2.526675240861625e-02  1.159140077719722e-09  1.257141829922679e-09  4.049334202404319e-10
  5.850000000000004e-01  5.010124279579015e-02  -2.145789784134150e-02  -4.163967837374091e-02  8.309814398900134e-03  -2.610400931467307e-02  2.879389971198544e-02  1.303190261548018e-09  1.518364360874991e-09  4.702529168177726e-10
  5.900000000000004e-01  5.268018231648657e-02  -2.586380533045094e-02  -4.810421801008335e-02  1.082782987351120e-02  -2.974351642038180e-02  3.270444448674956e-02  1.452477883609414e-09  1.824869739169523e-09  5.445657504637029e-10
  5.950000000000004e-01  5.152950244256969e-02  -2.866717902702990e-02  -5.113655586695637e-02  1.144444204168595e-02  -3.199268551600150e-02  3.464146721430912e-02  1.207857933354802e-09  1.998962545533145e-09  5.055960106752944e-10
  6.000000000000004e-01  5.308653197318093e-02  -3.414764694126218e-02  -5.876124087852164e-02  1.453931370640850e-02  -3.623234555787966e-02  3.926400107934630e-02  1.313964686027411e-09  2.381777109989509e-09  5.873951344677315e-10
  6.050000000000004e-01  5.381776891443961e-02  -4.043858991784254e-02  -6.735814948551667e-02  1.817377233936223e-02  -4.089281069339359e-02  4.436341030948544e-02  1.417357750885945e-09  2.827622826635103e-09  6.800366289430412e-10
  6.100000000000004e-01  5.349235028535168e-02  -4.763717832733189e-02  -7.703379543146947e-02  2.239468786302118e-02  -4.599023430400291e-02  4.997084899559157e-02  1.516873067631629e-09  3.346194881632691e-09  7.843004091803118e-10
  6.150000000000004e-01  4.990341526680601e-02  -5.168332458143435e-02  -8.127571380379041e-02  2.285252312703181e-02  -4.889126444423707e-02  5.315183659859374e-02  1.073727057772959e-09  3.589049722785112e-09  7.356995937525765e-10
  6.200000000000004e-01  4.740372336674612e-02  -6.032452474313849e-02  -9.249473511169821e-02  2.766306541185261e-02  -5.464165350136265e-02  5.977396905859697e-02  1.105657604697594e-09  4.219299952703058e-09  8.514989911808794e-10
  6.250000000000004e-01  4.316605345036390e-02  -7.011486718891774e-02  -1.050466342553919e-01  3.309584271639144e-02  -6.084193368078330e-02  6.702448858071630e-02  1.129099303294865e-09  4.948611091321546e-09  9.810178063753708e-10
  6.300000000000004e-01  3.684844973284972e-02  -8.118366485451745e-02  -1.190700198738443e-01  3.916499259785590e-02  -6.748824222208159e-02  7.493907877169002e-02  1.145224297249007e-09  5.792037355929509e-09  1.124972862238314e-09
  6.350000000000005e-01  2.923387223702327e-02  -8.626310134602681e-02  -1.246486786943390e-01  3.850174162786108e-02  -7.089130057377833e-02  8.014801630464351e-02  4.774937871674209e-10  6.090651312873605e-09  1.074787449344726e-09
  6.400000000000005e-01  1.912453020398752e-02  -9.910392581601808e-02  -1.406514801468426e-01  4.484399694755349e-02  -7.810990338317370e-02  8.949809743885730e-02  4.233791181681958e-10  7.091570894447663e-09  1.235835611990341e-09
  6.450000000000005e-01  6.005217798601565e-03  -1.135022847851580e-01  -1.584394037591939e-01  5.170683101346391e-02  -8.571380763881620e-02  9.966363940291699e-02  3.689436789243018e-10  8.244913086139319e-09  1.413561342590620e-09
  6.500000000000005e-01  -1.057331913940997e-02  -1.296255118686845e-01  -1.781894471385139e-01  5.903981821814219e-02  -9.366501496846852e-02  1.106836172781185e-01  3.204664698098029e-10  9.573457098037149e-09  1.608637671632947e-09
  6.550000000000005e-01  -3.108951155307862e-02  -1.476592928169985e-01  -2.000937350861740e-01  6.677096761400411e-02  -1.019141080232400e-01  1.225956049179119e-01  2.857531866609951e-10  1.110321187702924e-08  1.821781201845995e-09
  6.600000000000005e-01  -4.648279717545031e-02  -1.528103000345787e-01  -2.072382779454391e-01  6.210048441357138e-02  -1.053584065188179e-01  1.320989185519958e-01  -5.927835042554467e-10  1.141505077958740e-08  1.790771295433261e-09
  6.650000000000005e-01  -7.342568301316515e-02  -1.728905462207273e-01  -2.317768281274349e-01  6.900098501722127e-02  -1.137590147218634e-01  1.461485039540949e-01  -6.362095046693055e-10  1.318700017553392e-08  2.029859341045145e-09
  6.700000000000005e-01  -1.054598173097618e-01  -1.952009893677499e-01  -2.588752088586875e-01  7.590262156209397e-02  -1.222503981444394e-01  1.612717314804894e-01  -6.345048828542797e-10  1.522168450330101e-08  2.289716600792151e-09
  6.750000000000005e-01  -1.431112346904868e-01  -2.199740814221288e-01  -2.887705239447893e-01  8.265266102470030e-02  -1.307339737744997e-01  1.775040264740269e-01  -5.736740741384631e-10  1.755678799159021e-08  2.571547004498949e-09
  6.800000000000005e-01  -1.667473893230334e-01  -2.220004905614891e-01  -2.965916780137172e-01  7.103333318813196e-02  -1.331368517560157e-01  1.922841231439715e-01  -1.385667010851019e-09  1.770496428837400e-08  2.580772661439697e-09
  6.850000000000005e-01  -2.129028333363386e-01  -2.485481568046240e-01  -3.296075250643539e-01  7.543581764264176e-02  -1.410987169178202e-01  2.113624804549900e-01  -1.218747321110486e-09  2.035596594137915e-08  2.897766324254360e-09
  6.900000000000005e-01  -2.657809461444907e-01  -2.778545078891383e-01  -3.658883558684149e-01  7.913421743340636e-02  -1.487067917727708e-01  2.317400164166274e-01  -9.454499727187646e-10  2.339098320758875e-08  3.240851855634279e-09
  6.950000000000005e-01  -3.258538818059359e-01  -3.102021157165760e-01  -4.057164813588464e-01  8.195579133697317e-02  -1.558110902491045e-01  2.534404051981346e-01  -5.507771750644702e-10  2.686265835125815e-08  3.612675190713097e-09
  7.000000000000005e-01  -3.588438095747585e-01  -3.037197338263436e-01  -4.131268177949559e-01  5.968878407288997e-02  -1.558225167902715e-01  2.755791553530263e-01  -9.823761777449775e-10  2.655811877821714e-08  3.688331879583550e-09
  7.050000000000005e-01  -4.289514116464571e-01  -3.368661131740536e-01  -4.565008710845072e-01  5.871968176518355e-02  -1.614380587962634e-01  3.008843309761017e-01  -3.489233517089613e-10  3.042439075112445e-08  4.107266493068774e-09
  7.100000000000005e-01  -5.070117260613178e-01  -3.732757785012120e-01  -5.039384259479088e-01  5.655199784382842e-02  -1.660809148275974e-01  3.276702139160684e-01  4.390915412034740e-10  3.483747881884592e-08  4.562135648194321e-09
  7.150000000000005e-01  -5.933055661129787e-01  -4.132875629971096e-01  -5.557599663960862e-01  5.320187714828645e-02  -1.695617181540379e-01  3.559306794759190e-01  1.380927663795435e-09  3.986850354714394e-08  5.058458106146577e-09
  7.200000000000005e-01  -6.353159269241420e-01  -3.891198325174518e-01  -5.608724190603692e-01  1.865235754014368e-02  -1.656168140977886e-01  3.876548781624527e-01  1.561594327515830e-09  3.862194966085653e-08  5.227671483908533e-09
  7.250000000000005e-01  -7.319728712171271e-01  -4.279124487339850e-01  -6.165314560668943e-01  1.193803537883326e-02  -1.664684431771688e-01  4.201715184211183e-01  2.749709332479850e-09  4.412558763728447e-08  5.786174145146063e-09
  7.300000000000005e-01  -8.369463607886101e-01  -4.704152124478800e-01  -6.771077592321759e-01  4.950623269579744e-03  -1.656277577466314e-01  4.542130090510265e-01  4.030732294952338e-09  5.038911447271332e-08  6.398037074503057e-09
  7.350000000000005e-01  -9.501923852289317e-01  -5.170389545711046e-01  -7.429396284172519e-01  -1.618546097994255e-03  -1.628913986351620e-01  4.897120273888508e-01  5.350174679517116e-09  5.750571799711865e-08  7.073098833330459e-09
  7.400000000000005e-01  -1.071550788709305e+00  -5.682401711596142e-01  -8.143641502590585e-01  -6.785765347576455e-03  -1.580555076785568e-01  5.265774935478122e-01  6.630617921872396e-09  6.557649605788719e-08  7.823511045634687e-09
  7.450000000000006e-01  -1.121263648314691e+00  -5.030318740924954e-01  -8.127141082037032e-01  -4.575313798614246e-02  -1.472290389119720e-01  5.729369217905880e-01  6.901603714466318e-09  6.221378100076759e-08  8.096814430356897e-09
  7.500000000000006e-01  -1.250961006511114e+00  -5.492004007870968e-01  -8.881960987978487e-01  -4.468084243843760e-02  -1.383999231954560e-01  6.142536246688629e-01  7.726032892414103e-09  7.090927123282558e-08  8.928069977783523e-09
  7.550000000000006e-01  -1.387690856006097e+00  -5.999930956120900e-01  -9.697347721646655e-01  -3.660710738922875e-02  -1.269868533400310e-01  6.566739379817746e-01  8.078629047928918e-09  8.075544499311905e-08  9.853436121809453e-09
  7.600000000000006e-01  -1.530897822041863e+00  -6.559746919870076e-01  -1.057618859203614e+00  -1.855541610611784e-02  -1.127986401127599e-01  6.999803162177408e-01  7.725968039349273e-09  9.187792753835362e-08  1.088999150839660e-08
  7.650000000000006e-01  -1.581864912109551e+00  -5.328364909498725e-01  -1.046003634150997e+00  -2.566102195177232e-02  -9.631074395511913e-02  7.587037351929318e-01  5.318383615685296e-09  8.545079689963035e-08  1.120681006079216e-08
  7.700000000000006e-01  -1.729901962428432e+00  -5.787562832621499e-01  -1.137554250650031e+00  2.416268100937681e-02  -7.754933527279348e-02  8.057324783291737e-01  2.477789233593458e-09  9.728353566137107e-08  1.232011928419937e-08
  7.750000000000006e-01  -1.882601007630198e+00  -6.298637912680692e-01  -1.235705467868503e+00  9.828412998409444e-02  -5.564270123097821e-02  8.529500988275940e-01  -2.207067527288788e-09  1.106298598672707e-07  1.356031030068909e-08
  7.800000000000006e-01  -2.039129944496276e+00  -6.868546481238544e-01  -1.340611215705977e+00  2.036748293487294e-01  -3.039505938019187e-02  8.999474330158125e-01  -9.284068955003531e-09  1.256367280443952e-07  1.494638550909004e-08
  7.850000000000006e-01  -2.086909726221525e+00  -4.765890799902477e-01  -1.314123316944323e+00  3.125674065566706e-01  -1.029525121430507e-02  9.695420514254165e-01  -2.143082382916497e-08  1.145730588945671e-07  1.514668993610463e-08
  7.900000000000006e-01  -2.244357264847744e+00  -5.170794509569374e-01  -1.421726289288510e+00  5.084777839995320e-01  1.944529081016747e-02  1.018284265680996e+00  -3.582149116291592e-08  1.303650405428867e-07  1.655362862791832e-08
  7.950000000000006e-01  -2.403757630041684e+00  -5.634822800616370e-01  -1.535967690519591e+00  7.665795407603149e-01  5.284207678053849e-02  1.065530430572691e+00  -5.509749754618110e-08  1.480852583870185e-07  1.810236573513890e-08
  8.000000000000006e-01  -2.564326069563272e+00  -6.166340215319008e-01  -1.656773952999783e+00  1.101137302936068e+00  9.019074897140629e-02  1.110636781458314e+00  -8.037941518689785e-08  1.678903402895774e-07  1.980631098813901e-08
  8.050000000000006e-01  -2.607423329225109e+00  -2.828213178258286e-01  -1.609918143634815e+00  1.504831425920741e+00  1.088903507775830e-01  1.187112375008921e+00  -1.176702790523110e-07  1.501978530743982e-07  1.956427343660125e-08
  8.100000000000006e-01  -2.766993309386026e+00  -3.119834674291485e-01  -1.731848490387285e+00  2.049286526292123e+00  1.500749127536785e-01  1.230582747523157e+00  -1.601864450627441e-07  1.708286095544961e-07  2.112637894211804e-08
  8.150000000000006e-01  -2.927048506478593e+00  -3.481241320260417e-01  -1.859803989689918e+00  2.730364231625300e+00  1.957537762786061e-01  1.270077945552948e+00  -2.135616781431787e-07  1.938163084207174e-07  2.279084454341658e-08
  8.200000000000006e-01  -3.087426181270758e+00  -3.922677786344139e-01  -1.993473324720958e+00  3.574714024295557e+00  2.465353860563231e-01  1.304763318701098e+00  -2.798689235277217e-07  2.193070963073206e-07  2.455239054310449e-08
  8.250000000000006e-01  -3.132274136933605e+00  1.069946857833611e-01  -1.921512976906414e+00  4.618732274735526e+00  2.552530157626544e-01  1.381958432805636e+00  -3.722233194320198e-07  1.925660242382362e-07  2.324628649656497e-08
  8.300000000000006e-01  -3.295415908038647e+00  9.423201345774197e-02  -2.054742315991728e+00  5.895926279959501e+00  3.092551974051719e-01  1.410770541321548e+00  -4.742035437591083e-07  2.188611936726596e-07  2.451366577659088e-08
  8.350000000000006e-01  -3.461294730612302e+00  7.247719606431301e-02  -2.193090537389161e+00  7.444941107280383e+00  3.697321561978388e-01  1.432766511211846e+00  -5.977560315068248e-07  2.479056750298638e-07  2.573359067251856e-08
  8.400000000000006e-01  -3.631249236158375e+00  4.027118769338364e-02  -2.336236372544613e+00  9.312264594632014e+00  4.379600891139181e-01  1.447129048581211e+00  -7.464198668228718e-07  2.798144854674222e-07  2.686350706615469e-08
  8.450000000000006e-01  -3.807229254854487e+00  -4.011780006589988e-03  -2.483909746633803e+00  1.155069345729093e+01  5.155246907721170e-01  1.453082886131876e+00  -9.241702340442224e-07  3.146825771973057e-07  2.784917282326775e-08
  8.500000000000006e-01  -3.884200821599519e+00  7.516654691552421e-01  -2.380740498361838e+00  1.431009768725775e+01  4.970574544095089e-01  1.523849348615009e+00  -1.163231440589812e-06  2.739471600611045e-07  2.345982747216093e-08
  8.550000000000006e-01  -4.083257791589898e+00  7.414094103520334e-01  -2.529252088493554e+00  1.750355363524261e+01  5.802358389133041e-01  1.520031530304671e+00  -1.418735096645846e-06  3.096818349262382e-07  2.305720975192490e-08
  8.600000000000007e-01  -4.298493848269975e+00  7.148447834544530e-01  -2.683394079248641e+00  2.127678628152656e+01  6.767610045252150e-01  1.506941040899548e+00  -1.719374569001398e-06  3.485750466136138e-07  2.217112788117252e-08
  8.650000000000007e-01  -4.534999235970345e+00  6.689715202485457e-01  -2.843754596808216e+00  2.571606540939797e+01  7.895076574637783e-01  1.484364446967257e+00  -2.071459648566392e-06  3.906809029115157e-07  2.068433385872342e-08
  8.700000000000007e-01  -4.685174916311879e+00  1.670081036428602e+00  -2.725607225600429e+00  3.115481881413647e+01  7.330012511582218e-01  1.548733123686857e+00  -2.537019148785197e-06  3.352422292956851e-07  1.192037026949756e-08
  8.750000000000007e-01  -4.980060095224448e+00  1.649061200719605e+00  -2.895942427468596e+00  3.727938493877697e+01  8.576049235765558e-01  1.518372649106275e+00  -3.024154776201966e-06  3.783396727573458e-07  7.794782001893924e-09
  8.800000000000007e-01  -5.315865224039343e+00  1.598141784895836e+00  -3.077733874551908e+00  4.440499826634003e+01  1.005820832486070e+00  1.480249811826088e+00  -3.587799145114227e-06  4.248920078101275e-07  2.511858995487179e-09
  8.850000000000007e-01  -5.702205611056235e+00  1.511572646992624e+00  -3.273520884162442e+00  5.266718979546590e+01  1.182237908313531e+00  1.435272124071269e+00  -4.237631407585013e-06  4.749289733215106e-07  -4.118156178769056e-09
  8.900000000000007e-01  -5.987311458358062e+00  2.756876908538357e+00  -3.168853313976328e+00  6.272111308767457e+01  1.076732100737863e+00  1.504311086464482e+00  -5.086716187245838e-06  4.031351979770647e-07  -2.007421736829978e-08
  8.950000000000007e-01  -6.488029051003128e+00  2.662908916321255e+00  -3.397666888347932e+00  7.381987799762962e+01  1.278336731748314e+00  1.461891822666655e+00  -5.959665282499697e-06  4.548081806133802e-07  -3.121469669481890e-08
  9.000000000000007e-01  -7.070436186170353e+00  2.511684136685115e+00  -3.652716611194662e+00  8.657343881425710e+01  1.519763145001428e+00  1.418334875103846e+00  -6.956799437653791e-06  5.103513531290808e-07  -4.448869002280530e-08
  9.050000000000007e-01  -7.749496367978422e+00  2.293209735177063e+00  -3.939530547279638e+00  1.011879093214404e+02  1.807352313756251e+00  1.376083499773954e+00  -8.092712956790131e-06  5.697787370179651e-07  -6.013731189557117e-08
  9.100000000000007e-01  -8.240984211193824e+00  3.725897429318250e+00  -3.903216696378465e+00  1.188457288423522e+02  1.648669257372471e+00  1.476399448493797e+00  -9.561957278445012e-06  4.817739583171328e-07  -8.738736901505355e-08
  9.150000000000007e-01  -9.109320867295168e+00  3.432158703266175e+00  -4.265345357401677e+00  1.380453774105363e+02  1.983125433618562e+00  1.457567087907278e+00  -1.105238461049017e-05  5.443143608019893e-07  -1.100354434383339e-07
  9.200000000000007e-01  -1.011604206074039e+01  3.034702975487100e+00  -4.680208630913541e+00  1.598808098745900e+02  2.379054861510152e+00  1.450219391257139e+00  -1.273802515695961e-05  6.112827460303486e-07  -1.359804466140781e-07
  9.250000000000007e-01  -1.128077802220036e+01  2.518678675531726e+00  -5.156612973022236e+00  1.846558623497182e+02  2.843764333164715e+00  1.458302986919704e+00  -1.464060191795908e-05  6.826263590586396e-07  -1.654389355179656e-07
  9.300000000000007e-01  -1.262444177788067e+01  1.868263473791988e+00  -5.704203244897034e+00  2.127032487541020e+02  3.384500599768413e+00  1.486079606221264e+00  -1.678405176303641e-05  7.582252173254802e-07  -1.985897009615330e-07
  9.350000000000007e-01  -1.347615664904210e+01  3.301351860938299e+00  -5.886151936960423e+00  2.462684788729385e+02  3.175644527391169e+00  1.692835892949875e+00  -1.952165064670170e-05  6.576754315952895e-07  -2.485909481281815e-07
  9.400000000000007e-01  -1.511744807382463e+01  2.429754764488284e+00  -6.589530591917471e+00  2.822452704556658e+02  3.799252110725237e+00  1.783080802034040e+00  -2.226826997653030e-05  7.392215757883652e-07  -2.921374497147653e-07
  9.450000000000007e-01  -1.698444787140480e+01  1.370318932473608e+00  -7.393739239757212e+00  3.227119653268337e+02  4.513911101889349e+00  1.906923126691144e+00  -2.534527916078324e-05  8.253450698064624e-07  -3.400344747144136e-07
  9.500000000000007e-01  -1.909850233673287e+01  1.047870114123177e-01  -8.309986325112289e+00  3.681377231630516e+02  5.325124061636211e+00  2.069200109806264e+00  -2.878724972931651e-05  9.156411216774623e-07  -3.922437409651215e-07
  9.550000000000007e-01  -2.023609889152566e+01  1.292157137351803e+00  -8.782592019032455e+00  4.219444754234721e+02  5.081002093978879e+00  2.409957729776323e+00  -3.311258300514594e-05  8.085262382856419e-07  -4.665609787494221e-07
  9.600000000000007e-01  -2.270936964069441e+01  -3.456734286940262e-01  -9.927254373924921e+00  4.791872001161326e+02  5.995352830136573e+00  2.666728331255503e+00  -3.744700802936078e-05  9.066744191046769e-07  -5.310504722253237e-07
  9.650000000000007e-01  -2.546541126851882e+01  -2.246401287898875e+00  -1.121295371827782e+01  5.430557590043888e+02  7.013619576063975e+00  2.974862057461224e+00  -4.227023157677414e-05  1.008526183232542e-06  -5.997646378744117e-07
  9.700000000000008e-01  -2.852007081685448e+01  -4.425484056349046e+00  -1.264923089384437e+01  6.141816673922347e+02  8.136435042970714e+00  3.338430940042621e+00  -4.762973144957589e-05  1.113133578600946e-06  -6.722536222864860e-07
  9.750000000000008e-01  -2.985550886000935e+01  -3.781931000978197e+00  -1.351377589199517e+01  6.973797119718516e+02  7.851787367293471e+00  3.842914415130910e+00  -5.422476670031991e-05  1.004632188188255e-06  -7.752045470561680e-07
  9.800000000000008e-01  -3.327754980322732e+01  -6.481984579480602e+00  -1.523652180645896e+01  7.854650500745995e+02  9.074433036165273e+00  4.321972680759236e+00  -6.085727108137483e-05  1.117020464193792e-06  -8.596435672450013e-07
  9.850000000000008e-01  -3.700695658124589e+01  -9.502365146757075e+00  -1.712770844809391e+01  8.829719302577116e+02  1.039314903027766e+01  4.863938596142458e+00  -6.818700033264879e-05  1.230195445968374e-06  -9.464565116449923e-07
  9.900000000000008e-01  -4.104757235461006e+01  -1.284822901076287e+01  -1.919115087993777e+01  9.907030233996198e+02  1.180069778700159e+01  5.470748916086307e+00  -7.627450828749127e-05  1.342456941974363e-06  -1.034624551947673e-06
  9.950000000000008e-01  -4.237807823708042e+01  -1.303370579549054e+01  -2.050656165929948e+01  1.114888770685311e+03  1.143327221157841e+01  6.129310479723765e+00  -8.597772651149478e-05  1.235175183970258e-06  -1.165995053268617e-06
  1.000000000000001e+00  -4.937301158106334e+01  -1.969912948700765e+01  -2.370720103587118e+01  1.241945254960842e+03  1.426909819373784e+01  6.930910943391378e+00  -9.521728216245272e-05  1.514848485007307e-06  -1.231004133060208e-06
  1.005000000000001e+00  -5.050641273738871e+01  -2.033286347813681e+01  -2.519796707509397e+01  1.391710740594057e+03  1.381656756674976e+01  7.640704576319257e+00  -1.068244377946607e-04  1.408863608666917e-06  -1.373407314646667e-06
  1.010000000000000e+00  -5.504446996762163e+01  -2.485675922696816e+01  -2.777876916192997e+01  1.549660262569451e+03  1.531643787621270e+01  8.429836136742393e+00  -1.186287262925261e-04  1.515361522944280e-06  -1.463914091374882e-06
  1.015000000000000e+00  -5.992982324768898e+01  -2.974426297189637e+01  -3.057039598605683e+01  1.722328363855144e+03  1.687321692384974e+01  9.297631859230671e+00  -1.315127704883838e-04  1.614579386345320e-06  -1.554604295453093e-06
  1.020000000000000e+00  -6.516609458674334e+01  -3.488204103036647e+01  -3.355038776470941e+01  1.910715143702013e+03  1.848744882070573e+01  1.025721503936768e+01  -1.455620948737330e-04  1.694523498855611e-06  -1.638915520491229e-06
  1.025000000000000e+00  -6.589534853986505e+01  -3.659351672847262e+01  -3.549178862466692e+01  2.122709319460191e+03  1.782620877138517e+01  1.102882689037968e+01  -1.617068039077805e-04  1.586051462453331e-06  -1.796883020030293e-06
  1.030000000000000e+00  -7.109452608813828e+01  -4.228552257986110e+01  -3.872158793663694e+01  2.345944204945514e+03  1.938751976331893e+01  1.207437492738801e+01  -1.782914403538111e-04  1.662957615170073e-06  -1.872906853305319e-06
  1.035000000000000e+00  -7.621853636074641e+01  -4.816393493235763e+01  -4.206398023147302e+01  2.588057050408213e+03  2.095881620916015e+01  1.319338919701811e+01  -1.962706761733126e-04  1.725121385023271e-06  -1.937557596312166e-06
  1.040000000000000e+00  -8.116817517247173e+01  -5.412486260030931e+01  -4.548883391675965e+01  2.850146123967314e+03  2.250924200934523e+01  1.440584929985272e+01  -2.157275675780871e-04  1.762807821033006e-06  -1.987538398960181e-06
  1.045000000000000e+00  -8.075737749732936e+01  -5.660229800505847e+01  -4.763783018000223e+01  3.140062467858937e+03  2.145327359819663e+01  1.509948696005528e+01  -2.373519874921849e-04  1.638757377130480e-06  -2.136161127827915e-06
  1.050000000000000e+00  -8.502283149866068e+01  -6.256748580142812e+01  -5.102314124535212e+01  3.445259997606393e+03  2.266816873529270e+01  1.636941995320841e+01  -2.598265226564794e-04  1.636803474589795e-06  -2.159955801804712e-06
  1.054999999999999e+00  -8.892654743850326e+01  -6.832924898142795e+01  -5.431906935737502e+01  3.773569830568775e+03  2.352926484309643e+01  1.768539376158237e+01  -2.838759820021654e-04  1.593500888801790e-06  -2.158994506070898e-06
  1.059999999999999e+00  -9.256668629857397e+01  -7.390576384881436e+01  -5.755302525596987e+01  4.125853419269308e+03  2.390495610189581e+01  1.903174028373870e+01  -3.094796792329615e-04  1.513061645112848e-06  -2.130309768535302e-06
  1.064999999999999e+00  -9.062130431517062e+01  -7.634151325684866e+01  -5.944948286326068e+01  4.508417553428817e+03  2.160787648754835e+01  1.949709280378578e+01  -3.370224483760778e-04  1.343433244964362e-06  -2.225708208673658e-06
  1.069999999999999e+00  -9.387272624646795e+01  -8.187888203283900e+01  -6.270387890504240e+01  4.910362582019697e+03  2.106458678646688e+01  2.083748681633912e+01  -3.655982268195244e-04  1.246384270740629e-06  -2.152031238485156e-06
  1.074999999999999e+00  -9.746909896154109e+01  -8.754091515986275e+01  -6.614768521768606e+01  5.337994757122409e+03  2.008898654349901e+01  2.220451794561504e+01  -3.956326458314859e-04  1.148183631693487e-06  -2.049580727291395e-06
  1.079999999999999e+00  -1.016694327610895e+02  -9.344348974739323e+01  -6.983337505895449e+01  5.791711147126642e+03  1.885053598195296e+01  2.357360977208904e+01  -4.271059262397227e-04  1.064373070661892e-06  -1.922696375252944e-06
  1.084999999999999e+00  -9.886376627157385e+01  -9.645836281144538e+01  -7.203459266242143e+01  6.277050204326196e+03  1.568525966109059e+01  2.378715629248242e+01  -4.603557474211767e-04  9.455794753638930e-07  -1.973218348070442e-06
  1.089999999999999e+00  -1.036724608395244e+02  -1.029615334578008e+02  -7.603066546307684e+01  6.784241045935492e+03  1.449585189321733e+01  2.497367006831348e+01  -4.946589925701868e-04  9.328902523092682e-07  -1.833197642452531e-06
  1.094999999999999e+00  -1.091689769887177e+02  -1.096853828552428e+02  -8.008988882385020e+01  7.319017763935463e+03  1.356563522209436e+01  2.599377555021048e+01  -5.304364367336695e-04  9.537541889699746e-07  -1.691326686894915e-06
  1.099999999999999e+00  -1.151046028175842e+02  -1.164240285209456e+02  -8.403594835873763e+01  7.882111715668982e+03  1.298792751057284e+01  2.678795886527185e+01  -5.677472201699160e-04  9.987501006181811e-07  -1.554629298634513e-06
  1.104999999999998e+00  -1.210951520181926e+02  -1.228849779723621e+02  -8.767607685366389e+01  8.474343462575771e+03  1.276228979085017e+01  2.731743476331586e+01  -6.066571075240209e-04  1.049159777706007e-06  -1.426326879872564e-06
  1.109999999999998e+00  -1.179465618242940e+02  -1.268448204812113e+02  -8.984785215463756e+01  9.098591942522313e+03  1.051205258603612e+01  2.625791035156324e+01  -6.466328281826784e-04  1.095995427172328e-06  -1.500100228194685e-06
  1.114999999999998e+00  -1.232477134305411e+02  -1.323699073103473e+02  -9.266414734366046e+01  9.749866190876808e+03  1.058175843469267e+01  2.612309116882922e+01  -6.884713230939802e-04  1.138011704195465e-06  -1.373142509095832e-06
  1.119999999999998e+00  -1.275670043782075e+02  -1.366002015752736e+02  -9.472614860966959e+01  1.043197612417971e+04  1.053035675391475e+01  2.573566070373099e+01  -7.319167389722110e-04  1.109189937975234e-06  -1.230719236488359e-06
  1.124999999999998e+00  -1.304986407696376e+02  -1.391835788882321e+02  -9.594204877494599e+01  1.114515594954363e+04  1.010020069057917e+01  2.516661224678006e+01  -7.769026839667683e-04  9.811400248641639e-07  -1.057370881396231e-06
  1.129999999999998e+00  -1.266812413887691e+02  -1.405289801010701e+02  -9.652498592877984e+01  1.188450482780615e+04  6.900343571829723e+00  2.270696375585460e+01  -8.211745768047118e-04  9.439887533618037e-07  -1.025036487899440e-06
  1.134999999999998e+00  -1.273158895634590e+02  -1.397530096801434e+02  -9.615782850176903e+01  1.265674135483740e+04  5.114824541863718e+00  2.180407830969705e+01  -8.682950932237128e-04  6.383979559683494e-07  -7.453445172872520e-07
  1.139999999999998e+00  -1.261199189869465e+02  -1.367484926670729e+02  -9.493253276802082e+01  1.345824081153156e+04  2.375879611144481e+00  2.099640501818222e+01  -9.163404005259765e-04  2.009277563188335e-07  -3.945826097514930e-07
  1.144999999999998e+00  -1.232534654632186e+02  -1.316414147308219e+02  -9.301498459962232e+01  1.428747489920326e+04  -1.354034736594055e+00  2.039694760939175e+01  -9.649475357806814e-04  -3.491875775187334e-07  3.067768151338410e-08
  1.149999999999997e+00  -1.177582535475818e+02  -1.268392914417244e+02  -9.110430626217502e+01  1.513161439054766e+04  -7.781644699209470e+00  1.759429350151631e+01  -1.010399876569538e-03  -6.582103655300140e-07  3.342877673938823e-07
  1.154999999999997e+00  -1.128734808807153e+02  -1.182359057965479e+02  -8.817565697653639e+01  1.600911075992339e+04  -1.320445164641630e+01  1.747661503010181e+01  -1.058658772375260e-03  -1.328289679699546e-06  8.935990381626317e-07
  1.159999999999997e+00  -1.073809003129193e+02  -1.084901969707611e+02  -8.528114612827896e+01  1.690773636765727e+04  -1.914611117905839e+01  1.786682044431683e+01  -1.106148354504951e-03  -1.997033823637471e-06  1.494553358424647e-06
  1.164999999999997e+00  -1.020194296174423e+02  -9.823676546371428e+01  -8.280837562463158e+01  1.782457507065931e+04  -2.524632263777784e+01  1.882544103371472e+01  -1.152321708610239e-03  -2.598772972565612e-06  2.111322283643726e-06
  1.169999999999997e+00  -9.560644988933288e+01  -8.866920452672787e+01  -8.007257932656479e+01  1.874614306388776e+04  -3.345670330482032e+01  1.735882563946821e+01  -1.193601380090829e-03  -2.953073018595531e-06  2.586124071376500e-06
  1.174999999999997e+00  -9.123669076889179e+01  -7.832241628874201e+01  -7.876419427783107e+01  1.969172664148144e+04  -3.900000014742608e+01  1.942325356073693e+01  -1.235867940507709e-03  -3.327916817251520e-06  3.171961253019207e-06
  1.179999999999997e+00  -8.884695044339749e+01  -6.932718263580328e+01  -7.890196886689728e+01  2.064712235251580e+04  -4.351181473428002e+01  2.211197316596524e+01  -1.275367590604222e-03  -3.465349298672550e-06  3.685419750229457e-06
  1.184999999999997e+00  -8.905035138927086e+01  -6.226889944982736e+01  -8.075289672435589e+01  2.160964310035247e+04  -4.662121353596532e+01  2.536287132263727e+01  -1.311663709530282e-03  -3.318471571924497e-06  4.099758768871551e-06
  1.189999999999997e+00  -9.226035942125402e+01  -5.760812072769792e+01  -8.448065098857835e+01  2.257693150400700e+04  -4.803957497352471e+01  2.908115572707282e+01  -1.344395051395111e-03  -2.857370159824848e-06  4.394402806665504e-06
  1.194999999999997e+00  -8.953459032378944e+01  -5.141136554469566e+01  -8.580777097158558e+01  2.354577261651002e+04  -5.203829414084482e+01  3.011305656708390e+01  -1.372239910792036e-03  -2.484604771431663e-06  4.565099209076270e-06
  1.199999999999996e+00  -9.719374976540632e+01  -5.144400326161018e+01  -9.269326737869885e+01  2.451927905154795e+04  -5.000993874444353e+01  3.444045266503498e+01  -1.397549091258182e-03  -1.470894829203097e-06  4.595871615852564e-06
  1.204999999999996e+00  -1.080216052666032e+02  -5.457035592940085e+01  -1.013931601918852e+02  2.549265812163668e+04  -4.599887540616053e+01  3.882047702984688e+01  -1.418656485955641e-03  -1.468830462951859e-07  4.480316247065634e-06
  1.209999999999996e+00  -1.216139612750843e+02  -6.067122735274500e+01  -1.116343519742175e+02  2.646502854298411e+04  -4.014725804836610e+01  4.307208175590059e+01  -1.435508040927753e-03  1.445526955727479e-06  4.228467143486417e-06
  1.214999999999996e+00  -1.242998293651442e+02  -6.257765620793878e+01  -1.173932634119704e+02  2.744117603404753e+04  -3.826550499840938e+01  4.436825630842681e+01  -1.448293071376188e-03  2.571837724170545e-06  3.874189969646608e-06
  1.219999999999996e+00  -1.410702646457643e+02  -7.344637872354880e+01  -1.294553629429939e+02  2.841078089816292e+04  -2.954436124448966e+01  4.792465445454397e+01  -1.456825766396633e-03  4.506011302603382e-06  3.369589768636163e-06
  1.224999999999996e+00  -1.590012339534753e+02  -8.632771084514901e+01  -1.419435248663886e+02  2.937781676186065e+04  -1.982818798048158e+01  5.084181719039339e+01  -1.461154199091869e-03  6.524508948566967e-06  2.784997422390249e-06
  1.229999999999996e+00  -1.772201532218414e+02  -1.006172803333468e+02  -1.543573941994095e+02  3.034219751468773e+04  -9.546499944826589e+00  5.299102745787352e+01  -1.461393176230031e-03  8.541479864921255e-06  2.152210215258735e-06
  1.234999999999996e+00  -1.831227252275415e+02  -1.082542753436495e+02  -1.610306678481359e+02  3.130871468309335e+04  -4.309629512745951e+00  5.205101303396638e+01  -1.457568707825016e-03  9.798384021748608e-06  1.375695938531401e-06
  1.239999999999996e+00  -2.007205338243425e+02  -1.236478726303325e+02  -1.722168291113979e+02  3.226568505102141e+04  6.150484650756155e+00  5.246732733771731e+01  -1.449580532844313e-03  1.161079928747144e-05  6.782405970895044e-07
  1.244999999999995e+00  -2.166430057688716e+02  -1.385045183203006e+02  -1.820668153627021e+02  3.321864892901663e+04  1.596211874379319e+01  5.193361561644141e+01  -1.437655424197386e-03  1.318885211304491e-05  2.816848681003435e-08
  1.249999999999995e+00  -2.302507852402563e+02  -1.521409846787280e+02  -1.902385006205312e+02  3.416690537155902e+04  2.477268402065147e+01  5.047775516846789e+01  -1.421806640647611e-03  1.446739489372648e-05  -5.435704356298626e-07
  1.254999999999995e+00  -2.357113609528657e+02  -1.576585641217758e+02  -1.931241453329334e+02  3.510672199922217e+04  2.847200623107357e+01  4.625484753800607e+01  -1.400257878974070e-03  1.485677642923881e-05  -1.352778198162353e-06
  1.259999999999995e+00  -2.456957599658169e+02  -1.674969228093310e+02  -1.977745459672867e+02  3.603904461106222e+04  3.487788260334197e+01  4.320354745672764e+01  -1.375741301002152e-03  1.545535940959633e-05  -1.751875561583651e-06
  1.264999999999995e+00  -2.525614150086878e+02  -1.744755453238740e+02  -2.002658173879935e+02  3.696212701129208e+04  3.964755001738481e+01  3.952711006562262e+01  -1.346906017362104e-03  1.565320589736464e-05  -1.999749005091635e-06
  1.269999999999995e+00  -2.563353164455411e+02  -1.782747984052823e+02  -2.006345502447998e+02  3.787373567511221e+04  4.276654015972794e+01  3.538346559666132e+01  -1.313481550525269e-03  1.545774407860528e-05  -2.085516733912973e-06
  1.274999999999995e+00  -2.597282505579568e+02  -1.735721399568829e+02  -1.975738283059406e+02  3.875931583421906e+04  4.131352080187304e+01  2.936472900871690e+01  -1.271578096552040e-03  1.438324771433329e-05  -2.498462780215946e-06
  1.279999999999995e+00  -2.599297292369206e+02  -1.706834982913574e+02  -1.944619186278275e+02  3.963753396399549e+04  4.142332849728336e+01  2.484640488000295e+01  -1.227497467504482e-03  1.348856479576757e-05  -2.276422547042525e-06
  1.284999999999995e+00  -2.578918367754828e+02  -1.643893187318200e+02  -1.897981825828082e+02  4.049577864467725e+04  4.027419665284033e+01  2.040329614621345e+01  -1.177696943338465e-03  1.232214984142386e-05  -1.890623244683318e-06
  1.289999999999994e+00  -2.542631353275216e+02  -1.549878411887709e+02  -1.839642886649224e+02  4.133059687114443e+04  3.820991594146041e+01  1.620496163501154e+01  -1.121665858941487e-03  1.096585113065738e-05  -1.359870468931477e-06
  1.294999999999994e+00  -2.498108563032324e+02  -1.429391382245734e+02  -1.774041376949218e+02  4.213839565851462e+04  3.563984854951686e+01  1.240250302743486e+01  -1.058861313145517e-03  9.513804820663463e-06  -7.099062940187204e-07
  1.299999999999994e+00  -2.531426880933986e+02  -1.221952103103736e+02  -1.696425154863360e+02  4.290102204478768e+04  2.840236695882564e+01  8.141470206507149e+00  -9.849356385290581e-04  7.181480992688315e-06  -4.391679794786423e-07
  1.304999999999994e+00  -2.492444035625684e+02  -1.057535641098728e+02  -1.626788597857392e+02  4.364563302867996e+04  2.540835264070560e+01  5.655495998893634e+00  -9.073821047407388e-04  5.711988939397438e-06  3.822964576649921e-07
  1.309999999999994e+00  -2.466062307281730e+02  -8.861135860238612e+01  -1.563621227707593e+02  4.435383731212001e+04  2.321048941054167e+01  3.909987654359043e+00  -8.216560996134152e-04  4.437642076740682e-06  1.220194940316232e-06
  1.314999999999994e+00  -2.461166660708586e+02  -7.171306371337616e+01  -1.512254345409576e+02  4.502277381339273e+04  2.231130508656537e+01  2.946079430468071e+00  -7.273057846430269e-04  3.459366925718743e-06  2.029964857184670e-06
  1.319999999999994e+00  -2.536988679579546e+02  -4.434837799927688e+01  -1.448460977405450e+02  4.564696751681162e+04  1.501495198997999e+01  2.635318626751688e+00  -6.225901101243743e-04  1.334725220967833e-06  2.459623194014902e-06
  1.324999999999994e+00  -2.577579517009700e+02  -2.897596904380913e+01  -1.425532476896591e+02  4.623584106505603e+04  1.686641675465904e+01  3.541131707396711e+00  -5.110460176185674e-04  1.016327857459579e-06  3.120419501023073e-06
  1.329999999999994e+00  -2.658327949437166e+02  -1.671736285090818e+01  -1.427577880847110e+02  4.678114571960947e+04  2.123962373296314e+01  5.229371405159024e+00  -3.902000507720863e-04  1.217572935002810e-06  3.618638576040039e-06
  1.334999999999994e+00  -2.785313659289396e+02  -8.585033073374902e+00  -1.458565517193119e+02  4.728261858348822e+04  2.845320381213274e+01  7.629080967160631e+00  -2.599918564447885e-04  1.982845934047636e-06  3.917840748779867e-06
  1.339999999999993e+00  -2.926893703787791e+02  1.475031815087996e+01  -1.452120863441317e+02  4.776002150973146e+04  2.589990987112640e+01  1.155436086918738e+01  -1.234891292104868e-04  1.011782915271192e-06  3.825189611879595e-06
  1.344999999999993e+00  -3.125440900842414e+02  1.449283813684787e+01  -1.536338870872034e+02  4.818395608408743e+04  3.810976724207012e+01  1.553528228400560e+01  2.362615924500115e-05  2.767077425691019e-06  3.643222417252415e-06
  1.349999999999993e+00  -3.378994403052326e+02  7.636955620604200e+00  -1.656860661808557e+02  4.856937071936086e+04  5.361821612701882e+01  1.998204207552472e+01  1.793864071405212e-04  5.102873855036778e-06  3.181330092221238e-06
  1.354999999999993e+00  -3.688527628818670e+02  -6.410197701615111e+00  -1.814744324257976e+02  4.891986925571094e+04  7.237889432854439e+01  2.477791645054766e+01  3.432824479360015e-04  7.978587342982634e-06  2.438624679759415e-06
  1.359999999999993e+00  -3.892851902755801e+02  2.705234721639863e+00  -1.889469076771195e+02  4.928630460148436e+04  7.703230945097459e+01  3.183875602397620e+01  5.066628169197273e-04  8.286912135202345e-06  1.219430253062400e-06
  1.364999999999993e+00  -4.276290531452091e+02  -2.430806684598312e+01  -2.108557975509198e+02  4.958946630792116e+04  1.008004312828779e+02  3.751106144106799e+01  6.833652532103947e-04  1.192770399315693e-05  -1.348920205168778e-07
  1.369999999999993e+00  -4.711665144380634e+02  -5.938030346828441e+01  -2.363842216500644e+02  4.987474884364440e+04  1.272217379645393e+02  4.324943028687655e+01  8.658663946048632e-04  1.590430064013137e-05  -1.734866668467166e-06
  1.374999999999993e+00  -5.194824199235213e+02  -1.023730806308266e+02  -2.653110701753036e+02  5.014986203317302e+04  1.558790619165532e+02  4.896437930745311e+01  1.053098044960526e-03  2.011064654806597e-05  -3.538098386145470e-06
  1.379999999999993e+00  -5.720626297377490e+02  -1.529450926154603e+02  -2.973394143176902e+02  5.042349613786222e+04  1.862747995108792e+02  5.458216470473998e+01  1.243869051597788e-03  2.443090654124915e-05  -5.493631191800733e-06
  1.384999999999992e+00  -5.972018876123361e+02  -1.682961701765633e+02  -3.145363762070520e+02  5.078075339636595e+04  1.975291282730559e+02  6.354543267640574e+01  1.424054253521476e-03  2.521645842224299e-05  -8.274691184857783e-06
  1.389999999999992e+00  -6.542939246624004e+02  -2.309459171538227e+02  -3.508877855548939e+02  5.108568005558948e+04  2.294962410612413e+02  6.928580647791337e+01  1.617356786112718e-03  2.943633983836759e-05  -1.056984670013884e-05
  1.394999999999992e+00  -7.145534885307626e+02  -2.994265618627500e+02  -3.892080222576793e+02  5.141950701312540e+04  2.614353346909681e+02  7.473834342542636e+01  1.810324587282260e-03  3.343852803757294e-05  -1.285083846034777e-05
  1.399999999999992e+00  -7.783192479521925e+02  -3.728192252412082e+02  -4.289118972699620e+02  5.179405624452374e+04  2.923997875679531e+02  7.974152195425182e+01  2.001568247660221e-03  3.710063586764094e-05  -1.504569140129762e-05
  1.404999999999992e+00  -8.034168394792626e+02  -4.021420380019672e+02  -4.498120954825999e+02  5.230729062108064e+04  3.021485860634054e+02  8.874496207146763e+01  2.175397144289297e-03  3.676868527219438e-05  -1.851597602140238e-05
  1.409999999999992e+00  -8.731533808098337e+02  -4.828715730026285e+02  -4.903506945717303e+02  5.280091402689310e+04  3.292197555306215e+02  9.274244781934713e+01  2.359140548644595e-03  3.967042280005672e-05  -2.062372018847259e-05
  1.414999999999992e+00  -9.490754535566417e+02  -5.676295797404022e+02  -5.302189924246095e+02  5.337111997583391e+04  3.526471026916885e+02  9.482978658340468e+01  2.537523809492528e-03  4.219129486952133e-05  -2.251558789823303e-05
  1.419999999999992e+00  -1.031070936717193e+03  -6.567868458654390e+02  -5.683703818806739e+02  5.403028900820979e+04  3.716767111580005e+02  9.400709340905414e+01  2.709393804238924e-03  4.447279199579458e-05  -2.419643947685207e-05
  1.424999999999992e+00  -1.048437140946980e+03  -6.959232304805502e+02  -5.876848729810172e+02  5.487349831465185e+04  3.737532285461166e+02  1.016098672068769e+02  2.858008187673013e-03  4.281489506918493e-05  -2.783628477875511e-05
  1.429999999999992e+00  -1.123128312652906e+03  -7.931156993578182e+02  -6.211997798265447e+02  5.574590598121675e+04  3.872230472380930e+02  9.670637873610013e+01  3.012565995163386e-03  4.512273048157925e-05  -2.946662100381082e-05
  1.434999999999991e+00  -1.191509333971297e+03  -8.962780973945285e+02  -6.512605387820403e+02  5.674256496947070e+04  4.004578491227452e+02  8.821008441272717e+01  3.156179688507578e-03  4.790521903741715e-05  -3.112266231579654e-05
  1.439999999999991e+00  -1.253572156469601e+03  -1.006475752725981e+03  -6.788625781450072e+02  5.787240041660224e+04  4.193127204485156e+02  7.656525523149467e+01  3.286791682520412e-03  5.134317331679536e-05  -3.288943525249089e-05
  1.444999999999991e+00  -1.211503593447163e+03  -1.037178718457621e+03  -6.886880143552011e+02  5.923669842028244e+04  4.284837045175337e+02  7.884023743911298e+01  3.387664321876073e-03  4.867198998963987e-05  -3.688455737561729e-05
  1.449999999999991e+00  -1.272723112033300e+03  -1.139707777239433e+03  -7.103490198758183e+02  6.067460423341096e+04  4.660670782529051e+02  5.613867703004141e+01  3.486316408878137e-03  5.139889245488513e-05  -3.845637997650946e-05
  1.454999999999991e+00  -1.361731945260378e+03  -1.227158625689678e+03  -7.226928636529979e+02  6.229172503181895e+04  5.158940368902945e+02  1.890182694586246e+01  3.564093786068371e-03  5.204221399514697e-05  -3.912323319008904e-05
  1.459999999999991e+00  -1.483341462666200e+03  -1.272779921269246e+03  -7.114647402768918e+02  6.412083307021111e+04  5.696389716604704e+02  -4.226507501538727e+01  3.616810146025643e-03  4.780907329556401e-05  -3.801518709781269e-05
  1.464999999999991e+00  -1.624444839032431e+03  -1.240704809899050e+03  -6.588908393192262e+02  6.620206883224389e+04  6.134954609067096e+02  -1.354164674064578e+02  3.639905627968182e-03  3.548148623285576e-05  -3.427200855203573e-05
  1.469999999999991e+00  -1.774883466364890e+03  -1.177960755351053e+03  -6.472939016191873e+02  6.856308626619125e+04  6.070006369577059e+02  -2.186380803040114e+02  3.646812943734365e-03  2.007433855625650e-05  -3.223089456352201e-05
  1.474999999999991e+00  -1.955183427929378e+03  -9.983033355427286e+02  -5.285364790186052e+02  7.119446710564468e+04  6.010789085628004e+02  -3.651550781842413e+02  3.613558289352129e-03  -7.553517330839490e-06  -2.260591952469424e-05
  1.479999999999990e+00  -2.052794980486603e+03  -6.846503495698940e+02  -3.574957066341743e+02  7.416198539639929e+04  5.526523899369781e+02  -5.197982433019117e+02  3.544384949081665e-03  -4.604133610166525e-05  -9.917836470381360e-06
  1.484999999999990e+00  -2.031165931137337e+03  -2.651315193872298e+02  -1.585801385262378e+02  7.747000786455168e+04  4.601552045603951e+02  -6.547039094484732e+02  3.442208782719956e-03  -9.118218332920877e-05  4.381468099847961e-06
  1.489999999999990e+00  -2.170843883487997e+03  -7.732513165395520e+01  -8.664988393252959e+01  8.089849289859227e+04  3.578368606206891e+02  -7.331317030896799e+02  3.365504520689104e-03  -1.154905680555248e-04  1.402045089967708e-05
  1.494999999999990e+00  -1.908633672150815e+03  3.767841510218224e+02  1.124803262710370e+02  8.479276552363276e+04  2.124444460337678e+02  -7.766771773344199e+02  3.224106694157781e-03  -1.536132689673823e-04  2.702688227440637e-05
  1.499999999999990e+00  -1.525681796934494e+03  7.060331070527623e+02  2.434413278415081e+02  8.892276988053507e+04  6.106825879957417e+01  -7.346311557909260e+02  3.078911040084405e-03  -1.734291659669263e-04  3.448716221723258e-05
  1.504999999999990e+00  -1.107640003942172e+03  7.810103208362557e+02  2.587770907582892e+02  9.319473282431840e+04  -6.737153148911661e+01  -5.984515258933084e+02  2.948055569608530e-03  -1.644720292512948e-04  3.385085004581670e-05
  1.509999999999990e+00  -7.071717649210070e+02  8.573010654785480e+02  3.398058102708237e+02  9.756294547666564e+04  -1.620951781011551e+02  -4.634229441406457e+02  2.840955608955881e-03  -1.523652281749371e-04  3.419189380799027e-05
  1.514999999999990e+00  -2.545434710906625e+02  4.751778523736772e+02  1.559037904742036e+02  1.020302409129574e+05  -1.994262560438221e+02  -1.640331307168548e+02  2.749468165162239e-03  -9.495114146343928e-05  1.839982348519704e-05
  1.519999999999990e+00  2.819330354507390e+01  -2.716924417020001e+02  -2.053323728331295e+02  1.064498965734372e+05  -1.517454081457839e+02  2.111411769395234e+02  2.700937586760550e-03  -8.637116469128738e-06  -5.919673059547110e-06
  1.524999999999989e+00  1.317567495879100e+02  -1.286911863618098e+03  -7.116427092092373e+02  1.108241892021929e+05  -1.444892349449467e+01  6.318964472798499e+02  2.690578212180150e-03  9.414352071491987e-05  -3.533899483981294e-05
  1.529999999999989e+00  7.379734464739308e+02  -1.522686553624085e+03  -8.638679924416195e+02  1.159011335095846e+05  4.580090779064109e+01  9.698559552457860e+02  2.593860468490139e-03  1.313060657025153e-04  -5.458869494955118e-05
  1.534999999999989e+00  6.343120795143619e+02  -2.686869355567276e+03  -1.519123343084754e+03  1.205411177433451e+05  3.040606613473079e+02  1.400035918745649e+03  2.594862749081081e-03  2.287396630059486e-04  -8.720276581396875e-05
  1.539999999999989e+00  3.665039716297555e+02  -3.779199459870185e+03  -2.171701706931148e+03  1.254103490224672e+05  6.010023658088501e+02  1.759621925525509e+03  2.581575265900205e-03  3.077900883043990e-04  -1.132248981321235e-04
  1.544999999999989e+00  -1.991789391709368e+01  -4.662217994895146e+03  -2.743027798827755e+03  1.306995419954294e+05  8.893441288422880e+02  2.002079379926576e+03  2.524311910991423e-03  3.587661377079394e-04  -1.279874277232628e-04
  1.549999999999989e+00  1.768525168239543e+02  -4.889216739994481e+03  -3.037863431492618e+03  1.372721932213090e+05  1.002988012474977e+03  2.151316273669711e+03  2.301021422616039e-03  3.604578557429616e-04  -1.433193308691237e-04
  1.554999999999989e+00  -3.919556860684350e+02  -5.395152801216935e+03  -3.405229286724202e+03  1.438086677782792e+05  1.179319696024829e+03  2.096868583123682e+03  2.101872743680846e-03  3.676765719337159e-04  -1.352799857984013e-04
  1.559999999999989e+00  -8.863184127715857e+02  -5.513626127141530e+03  -3.529581326511249e+03  1.512710827684554e+05  1.212385070133232e+03  1.839131118814651e+03  1.790082997481222e-03  3.434208327188738e-04  -1.097683979206359e-04
  1.564999999999989e+00  -1.195798200628936e+03  -5.230561865894499e+03  -3.380980822400283e+03  1.597867818377697e+05  1.076651314772171e+03  1.386991708585220e+03  1.350351652247269e-03  2.904769839854628e-04  -6.957173195653643e-05
  1.569999999999989e+00  -1.244424992521439e+03  -4.575244620377208e+03  -2.953273330665936e+03  1.694115126455166e+05  7.754036884893766e+02  7.676210426143842e+02  7.772185260507126e-04  2.136495263668142e-04  -2.042345759236436e-05
  1.574999999999988e+00  -1.484248474503313e+03  -4.450377212030313e+03  -2.769078121655268e+03  1.794307986566857e+05  5.788217594790269e+02  2.008879060242319e+02  1.841455183320253e-04  1.859358004976551e-04  -6.111721992906636e-07
  1.579999999999988e+00  -1.274520956329759e+03  -3.439446045446038e+03  -1.949741415404612e+03  1.908544865091326e+05  8.019060394491328e+01  -6.369300571103454e+02  -5.857702618512491e-04  9.291392134405976e-05  5.023533177880865e-05
  1.584999999999988e+00  -8.811130669773707e+02  -2.326016895506029e+03  -9.730037008587730e+02  2.031937819299676e+05  -4.923874283521715e+02  -1.504029409441722e+03  -1.448046676843510e-03  -2.036928026642642e-06  9.064133176084814e-05
  1.589999999999988e+00  -4.427071618307940e+02  -1.260585660425971e+03  6.217930678804839e+01  2.162761735492525e+05  -1.090357851166093e+03  -2.339146087294205e+03  -2.370794676703128e-03  -8.943249085849626e-05  1.162586751758841e-04
  1.594999999999988e+00  -9.827525170598112e+02  -1.069020576658891e+03  5.410542363593747e+02  2.286129700069952e+05  -1.423240635391115e+03  -3.013302970133577e+03  -3.142318420134727e-03  -1.140901811473115e-04  1.274374262263118e-04
  1.599999999999988e+00  -8.119896584030056e+02  -1.430762969641644e+02  1.500804835774253e+03  2.426408617649451e+05  -1.999106943965224e+03  -3.667631935296657e+03  -4.096373032821763e-03  -1.924387907463661e-04  1.329843008817170e-04
  1.604999999999988e+00  -8.014323898226473e+02  7.202058456670068e+02  2.350567741906258e+03  2.569632360128390e+05  -2.496604154999376e+03  -4.135455499166300e+03  -5.027967243259050e-03  -2.704576328528479e-04  1.265195324145133e-04
  1.609999999999988e+00  -9.210269256751318e+02  1.626254004973237e+03  3.076547671061740e+03  2.714288921517898e+05  -2.882075352633100e+03  -4.376540316387652e+03  -5.909262511027196e-03  -3.575079337506562e-04  1.121586198399738e-04
  1.614999999999988e+00  -1.913634317731702e+03  2.161164145835887e+03  3.285536648378222e+03  2.851467484998869e+05  -3.139957983096772e+03  -4.508525186857301e+03  -6.637602925735532e-03  -4.212214605780190e-04  1.159216059121676e-04
  1.619999999999987e+00  -2.060394688110322e+03  3.407035913388292e+03  3.772656920251643e+03  2.998825824514508e+05  -3.321862344694203e+03  -4.294366388233208e+03  -7.401639321298804e-03  -5.388996653765363e-04  9.934623945999451e-05
  1.624999999999987e+00  -2.261676256614825e+03  4.714757859701165e+03  4.054224120549860e+03  3.144883238736230e+05  -3.302743609022798e+03  -3.819126074329847e+03  -8.056496108803280e-03  -6.600994989416893e-04  8.131380520689172e-05
  1.629999999999987e+00  -2.668255078514779e+03  5.860950049144754e+03  4.047363194653592e+03  3.288549500571305e+05  -3.038159093217796e+03  -3.113939961832761e+03  -8.580124569908002e-03  -7.636972619832962e-04  5.952593272873873e-05
  1.634999999999987e+00  -3.317686903073611e+03  6.596101906464977e+03  3.760806697215365e+03  3.439196398275394e+05  -2.984102620261215e+03  -2.591191926028032e+03  -9.126694535284400e-03  -8.221092876240566e-04  6.492010825838684e-05
  1.639999999999987e+00  -4.160925282454344e+03  6.872506251920055e+03  3.120314506646193e+03  3.583373196871576e+05  -2.267747362863324e+03  -1.605857814610187e+03  -9.434826672828049e-03  -8.431189806832083e-04  2.828747479978303e-05
  1.644999999999987e+00  -5.626577224956738e+03  6.238409424838076e+03  1.993753711721084e+03  3.725633260317831e+05  -1.227276930714362e+03  -5.197493730466085e+02  -9.598548630103841e-03  -7.889593727585187e-04  -2.183824879691271e-05
  1.649999999999987e+00  -7.738252129436729e+03  4.590849127036006e+03  3.727190125412578e+02  3.867981850705232e+05  9.857220687118914e+01  6.337619202503350e+02  -9.644239844245473e-03  -6.562348860873755e-04  -8.296977128888310e-05
  1.654999999999987e+00  -1.040829535137878e+04  1.957500088741875e+03  -1.709989792383157e+03  4.013538622710305e+05  1.636737046713974e+03  1.837233899246922e+03  -9.615354652497679e-03  -4.531502074963988e-04  -1.497246470572289e-04
  1.659999999999987e+00  -1.112078905201134e+04  -3.776629640627332e+02  -3.372673410306043e+03  4.199444653694953e+05  2.509883097949039e+03  2.708443039158108e+03  -1.001566626817109e-02  -2.604266737843012e-04  -1.866820751529369e-04
  1.664999999999986e+00  -1.394030736559670e+04  -4.429773311622435e+03  -5.999675553216345e+03  4.365465554313376e+05  4.272829531143144e+03  4.004851223709660e+03  -1.002271382581504e-02  3.005437572131001e-05  -2.571844843185653e-04
  1.669999999999986e+00  -1.678543481859214e+04  -8.956733921582452e+03  -8.806372858149258e+03  4.545439708089560e+05  6.016827995083549e+03  5.328207528728716e+03  -1.011369990197919e-02  3.343752980297348e-04  -3.201288232911624e-04
  1.674999999999986e+00  -1.942748949947049e+04  -1.369995656648808e+04  -1.165361245441258e+04  4.743288420319009e+05  7.657768371829995e+03  6.647368442537698e+03  -1.034831826797601e-02  6.279330491889861e-04  -3.733780493652331e-04
  1.679999999999986e+00  -1.842047137875047e+04  -1.731133247933310e+04  -1.322605944367297e+04  4.996408449484734e+05  8.708316084842254e+03  7.542092228498496e+03  -1.118089869532506e-02  8.690719126868689e-04  -4.219981290986289e-04
  1.684999999999986e+00  -1.995003524098419e+04  -2.196773275936113e+04  -1.568108727526556e+04  5.237891295099441e+05  1.010989044123728e+04  8.706937169152334e+03  -1.180012396283655e-02  1.105259875283474e-03  -4.644210448848587e-04
  1.689999999999986e+00  -2.081101576938317e+04  -2.629357852773821e+04  -1.781564374821279e+04  5.504929024193106e+05  1.122984907147367e+04  9.685526256100027e+03  -1.267521702675578e-02  1.284296001002192e-03  -4.971210883686592e-04
  1.694999999999986e+00  -2.088904928559839e+04  -3.016687061214483e+04  -1.954423052871606e+04  5.799235877434670e+05  1.201662858943912e+04  1.040783447459002e+04  -1.382811415595163e-02  1.398728044963403e-03  -5.218864563485138e-04
  1.699999999999986e+00  -1.749415380594240e+04  -3.331673022448178e+04  -1.986076488974618e+04  6.141705343366279e+05  1.268005707506499e+04  1.063294449831391e+04  -1.543172079769748e-02  1.517089267471431e-03  -5.800541401323137e-04
  1.704999999999986e+00  -1.635932566718629e+04  -3.648756445658740e+04  -2.082728596351957e+04  6.487232258795640e+05  1.290526002497239e+04  1.079640944492678e+04  -1.707298851838871e-02  1.526379790631328e-03  -6.026120916881582e-04
  1.709999999999986e+00  -1.457970411795015e+04  -3.910963877256363e+04  -2.136663569737451e+04  6.860656025950866e+05  1.268062830067778e+04  1.060119269170873e+04  -1.899478370658114e-02  1.473809025001138e-03  -6.180516121236159e-04
  1.714999999999985e+00  -1.218380138379151e+04  -4.112075819811272e+04  -2.144828751089434e+04  7.261919586219158e+05  1.195991296138817e+04  1.003081154402695e+04  -2.119608866317482e-02  1.362402318366078e-03  -6.215150256844960e-04
  1.719999999999985e+00  -7.949661167785651e+03  -4.353679766332967e+04  -2.067720932189901e+04  7.684611877264170e+05  1.169246511988184e+04  9.237501575296630e+03  -2.347939315041252e-02  1.333161220639454e-03  -6.744719702654836e-04
  1.724999999999985e+00  -4.694831042940482e+03  -4.432082348784926e+04  -1.980729894040863e+04  8.131305417001313e+05  1.004574606206044e+04  7.985138353842129e+03  -2.611209474909839e-02  1.115544112057595e-03  -6.387608526086801e-04
  1.729999999999985e+00  -7.180038051683229e+02  -4.406610323194818e+04  -1.822174894805052e+04  8.602977872590419e+05  7.782350772840516e+03  6.340206433484453e+03  -2.900527946193000e-02  8.342347475370177e-04  -5.684701037550769e-04
  1.734999999999985e+00  3.976586516291637e+03  -4.269894448670231e+04  -1.586812145631798e+04  9.097372482490471e+05  4.927844987392048e+03  4.340183774814529e+03  -3.213687824637473e-02  4.961693474282802e-04  -4.617484767080301e-04
  1.739999999999985e+00  9.314569505549305e+03  -4.025589686813223e+04  -1.277233613113357e+04  9.610847556546956e+05  1.557660738067606e+03  2.059092268120942e+03  -3.546482732852366e-02  1.168003835102291e-04  -3.222629125487352e-04
  1.744999999999985e+00  1.417824981772509e+04  -3.916993955200777e+04  -9.835976679588790e+03  1.009289307744953e+06  -6.083923048804669e+02  9.107040612428646e+01  -3.821190000177486e-02  -1.516009008684479e-04  -2.252501577068648e-04
  1.749999999999985e+00  1.975385327500764e+04  -3.505744229203567e+04  -5.839205503669614e+03  1.062119529654976e+06  -4.605675246523763e+03  -2.414535442567464e+03  -4.163979101252776e-02  -5.683762285133328e-04  -3.470409432304684e-05
  1.754999999999985e+00  2.523456472676198e+04  -3.040262729793218e+04  -1.595610549211480e+03  1.115131149209564e+06  -8.692342768973169e+03  -4.849387900620447e+03  -4.504806530272033e-02  -9.581933387909213e-04  1.595732562683263e-04
  1.759999999999984e+00  3.030560053002820e+04  -2.544311160509088e+04  2.667559375501718e+03  1.167597150586784e+06  -1.268343421001580e+04  -7.086730722665205e+03  -4.834101623815396e-02  -1.299541439439070e-03  3.480786363480383e-04
  1.764999999999984e+00  3.224553732276523e+04  -2.215682601026476e+04  5.530833864245207e+03  1.212593117165144e+06  -1.502838091074885e+04  -8.689074049605581e+03  -5.052340338949991e-02  -1.550678977867380e-03  5.237054011633775e-04
  1.769999999999984e+00  3.541001011623449e+04  -1.664272058427798e+04  9.265181507650179e+03  1.261563013926517e+06  -1.850409298772987e+04  -1.037711173691199e+04  -5.328678458971622e-02  -1.793976592099411e-03  7.092881088168906e-04
  1.774999999999984e+00  3.774762108047952e+04  -1.092646379032182e+04  1.263258936311316e+04  1.307965131233050e+06  -2.151661517430786e+04  -1.172660830342854e+04  -5.567265450497991e-02  -1.975889272397547e-03  8.877180392143796e-04
  1.779999999999984e+00  3.933576909435233e+04  -4.886898365140818e+03  1.560075360427540e+04  1.351120616456786e+06  -2.401615988415357e+04  -1.276385914729882e+04  -5.759246718856031e-02  -2.107046779868940e-03  1.066526757127163e-03
  1.784999999999984e+00  3.632318228627866e+04  2.197122335974783e+02  1.687051421247117e+04  1.384130269549894e+06  -2.511686663883637e+04  -1.337104933771784e+04  -5.811294179453296e-02  -2.210708123153248e-03  1.286355794601445e-03
  1.789999999999984e+00  3.646469034944708e+04  7.329195999987715e+03  1.908024653605119e+04  1.419034876831221e+06  -2.677573820888883e+04  -1.396919733201138e+04  -5.889977542972101e-02  -2.273473765963231e-03  1.489821680104765e-03
  1.794999999999984e+00  3.639654336327684e+04  1.496460076413102e+04  2.094431097268805e+04  1.448888475018254e+06  -2.797557446337708e+04  -1.437583017205521e+04  -5.898543965568594e-02  -2.307406769124330e-03  1.702089619040983e-03
  1.799999999999984e+00  3.625579899036255e+04  2.306428228807029e+04  2.248387321372822e+04  1.473075952218607e+06  -2.872560806163272e+04  -1.460243950687314e+04  -5.828763743208945e-02  -2.312720038736012e-03  1.913050661631530e-03
  1.804999999999984e+00  3.126958373929342e+04  3.042631243821185e+04  2.269311677476484e+04  1.486301695174939e+06  -2.888533168854168e+04  -1.463654690257072e+04  -5.618452721461432e-02  -2.305902557998121e-03  2.174980989545492e-03
  1.809999999999983e+00  3.110586038074905e+04  3.919258267373826e+04  2.376929739376626e+04  1.498075820269974e+06  -2.898673708918040e+04  -1.453313595706081e+04  -5.383389158474751e-02  -2.256371995964092e-03  2.353892176582310e-03
  1.814999999999983e+00  3.088989058839675e+04  4.784149270811756e+04  2.456790628778578e+04  1.502642124852778e+06  -2.857282924890973e+04  -1.418447807307689e+04  -5.051935741253034e-02  -2.163712554901454e-03  2.480185115763119e-03
  1.819999999999983e+00  3.039993577952725e+04  5.604464852282650e+04  2.506511954892563e+04  1.499537404104416e+06  -2.758982824607956e+04  -1.356536539211414e+04  -4.619940019976560e-02  -2.016181029420816e-03  2.536789989669864e-03
  1.824999999999983e+00  2.576712481940591e+04  6.386021897568720e+04  2.491585110407938e+04  1.486702824261076e+06  -2.688020651580358e+04  -1.282665023944923e+04  -4.079194859416008e-02  -1.900878238605629e-03  2.653700567584667e-03
  1.829999999999983e+00  2.463521309813658e+04  7.074113375469604e+04  2.489347814651891e+04  1.468145387531306e+06  -2.494514898606894e+04  -1.163900040363139e+04  -3.455281257535289e-02  -1.646925424978136e-03  2.559838108161253e-03
  1.834999999999983e+00  2.261387045824012e+04  7.620231542530595e+04  2.440828324083557e+04  1.441065346122176e+06  -2.236637624235917e+04  -1.015040999190748e+04  -2.728142298196600e-02  -1.306437834265602e-03  2.378516750189837e-03
  1.839999999999983e+00  1.953970230614831e+04  7.997670436597301e+04  2.339648755459573e+04  1.405346600720867e+06  -1.919196875367580e+04  -8.391548460432075e+03  -1.900002685647546e-02  -8.744941769805550e-04  2.119443558848489e-03
  1.844999999999983e+00  1.535039532272046e+04  8.191190594642222e+04  2.183244213045434e+04  1.360971040372842e+06  -1.549861637869241e+04  -6.412575237988697e+03  -9.743130407018718e-03  -3.554228721962792e-04  1.796059002489080e-03
  1.849999999999983e+00  1.001356431482024e+04  8.521350279805319e+04  2.061480252988573e+04  1.310529260300766e+06  -1.306013341212665e+04  -4.432570620452132e+03  -4.527923861131090e-05  -2.415967625490642e-05  1.569981944986439e-03
  1.854999999999982e+00  4.498570483520965e+03  8.384671139826866e+04  1.821835624263576e+04  1.249823444743051e+06  -8.660250096674412e+03  -2.193046459754939e+03  1.094788480927192e-02  6.031915544597729e-04  1.142036369796489e-03
  1.859999999999982e+00  -1.702303754050181e+03  8.078216172191204e+04  1.549017158646260e+04  1.180739568961236e+06  -4.012659332931215e+03  6.505432324086232e+00  2.279838166794159e-02  1.261387255709762e-03  6.861884046922002e-04
  1.864999999999982e+00  -8.201117287755040e+03  7.633466944364709e+04  1.261869031858943e+04  1.103496765571909e+06  7.486514248888303e+02  2.060420986318547e+03  3.546043914699688e-02  1.914032503809015e-03  2.169542645677395e-04
  1.869999999999982e+00  -1.307287495853361e+04  7.423696701003700e+04  1.069066474037485e+04  1.023056807316776e+06  3.770399768103508e+03  3.965055160637029e+03  4.816061205247596e-02  2.296782145138004e-03  -1.684199029823719e-04
  1.874999999999982e+00  -1.892204639174245e+04  6.754364143014002e+04  7.820504406255313e+03  9.307504721067648e+05  8.367143981814053e+03  5.600963750367494e+03  6.225533688016421e-02  2.876776114381252e-03  -6.419423455762070e-04
  1.879999999999982e+00  -2.405101432712060e+04  6.023394722661931e+04  5.169232412060995e+03  8.311556199719524e+05  1.264349384677183e+04  6.933401790679119e+03  7.702283378036714e-02  3.368689841500036e-03  -1.080810781029318e-03
  1.884999999999982e+00  -2.823229393841850e+04  5.249810223770290e+04  2.765649708053849e+03  7.246908303895720e+05  1.646794620938977e+04  7.983039878195450e+03  9.240424653705273e-02  3.754367700415749e-03  -1.471247349718456e-03
  1.889999999999982e+00  -2.990303202993027e+04  4.635810845480832e+04  1.038972664757935e+03  6.174482927311002e+05  1.842314255696634e+04  9.038763496223533e+03  1.074679054707803e-01  3.932288248689178e-03  -1.816523337372276e-03
  1.894999999999982e+00  -3.217796170094261e+04  3.751348893645751e+04  -1.103462671523728e+03  4.988118646266863e+05  2.125095631253839e+04  9.693793758610011e+03  1.238379282398296e-01  4.126385810781700e-03  -2.112885097149978e-03
  1.899999999999981e+00  -3.356835084169365e+04  2.839294318341184e+04  -3.164708517262031e+03  3.748035157923456e+05  2.348839721805944e+04  1.023801923341180e+04  1.405967358380295e-01  4.205739772075185e-03  -2.345803988917641e-03
  1.904999999999981e+00  -3.425814081740655e+04  1.895739064248306e+04  -5.245430803841913e+03  2.460458258681367e+05  2.516561991261627e+04  1.073297301810444e+04  1.576468379727967e-01  4.180517640556428e-03  -2.519632627699324e-03
  1.909999999999981e+00  -3.303509715707043e+04  1.018029896299861e+04  -7.021518112175238e+03  1.187047103652351e+05  2.562145626006043e+04  1.136261003812322e+04  1.740121405687858e-01  4.066931975604452e-03  -2.724667246294285e-03
  1.914999999999981e+00  -3.290648679245453e+04  -1.108203302000436e+02  -9.366725344471264e+03  -1.769229905186308e+04  2.656721696961825e+04  1.182894651298533e+04  1.913609464926122e-01  3.896274750931631e-03  -2.813916221541866e-03
  1.919999999999981e+00  -3.264909876039625e+04  -1.065969981907339e+04  -1.190773934891816e+04  -1.568236537931133e+05  2.715993185501255e+04  1.228463961456510e+04  2.086981899115266e-01  3.665492474734645e-03  -2.857068818514065e-03
  1.924999999999981e+00  -3.244290956968611e+04  -2.139056124599806e+04  -1.465186150432803e+04  -2.979515830939582e+05  2.744713551179675e+04  1.268684152293085e+04  2.259176234309924e-01  3.393704092827304e-03  -2.854689911145862e-03
  1.929999999999981e+00  -3.241338375283033e+04  -3.215392652316725e+04  -1.755061877948356e+04  -4.403518406722270e+05  2.746276943109684e+04  1.296721016708337e+04  2.429200349939586e-01  3.096998493390201e-03  -2.806100461317538e-03
  1.934999999999981e+00  -3.097092965501786e+04  -4.239800558022023e+04  -2.022183640106256e+04  -5.794578015774380e+05  2.743508762848640e+04  1.323646491334006e+04  2.590315249131008e-01  2.827876017868917e-03  -2.860770255202453e-03
  1.939999999999981e+00  -3.136769865764653e+04  -5.274307841126989e+04  -2.313525328364495e+04  -7.228901910745723e+05  2.716960699166435e+04  1.305829583655952e+04  2.754464696361673e-01  2.515747911741343e-03  -2.727646172529292e-03
  1.944999999999981e+00  -3.184736326705089e+04  -6.230168738749660e+04  -2.571503325894817e+04  -8.657428202598330e+05  2.663475500183989e+04  1.249789864311657e+04  2.914264926440898e-01  2.192214528987568e-03  -2.543945851909161e-03
  1.949999999999980e+00  -3.223627382006873e+04  -7.073642183871527e+04  -2.774100260817529e+04  -1.007496241753476e+06  2.580444138761522e+04  1.150306229244437e+04  3.069197943558556e-01  1.852516631698398e-03  -2.310183567335296e-03
  1.954999999999980e+00  -3.113041361087154e+04  -7.851800469669772e+04  -2.933127578183366e+04  -1.145812345086349e+06  2.538770390906583e+04  1.051272304324078e+04  3.216579255881815e-01  1.561664318464285e-03  -2.193888214789622e-03
  1.959999999999980e+00  -3.098626981623495e+04  -8.417451533151243e+04  -2.986459400197393e+04  -1.284588229228916e+06  2.396086175925372e+04  8.715308404820576e+03  3.361692918555143e-01  1.185570567099614e-03  -1.857731226564013e-03
  1.964999999999980e+00  -3.023974052886063e+04  -8.793424288223832e+04  -2.940706833275243e+04  -1.421052224957182e+06  2.209278921096773e+04  6.587617728898949e+03  3.500975830354746e-01  7.748942834450666e-04  -1.476106520223591e-03
  1.969999999999980e+00  -2.875315012160274e+04  -8.965868505343917e+04  -2.792262043805627e+04  -1.554905069607140e+06  1.977674573139511e+04  4.229488912140002e+03  3.634283355735833e-01  3.235990490782791e-04  -1.059634310653522e-03
  1.974999999999980e+00  -2.610813478847034e+04  -9.096651032475795e+04  -2.608224112452754e+04  -1.686006828305589e+06  1.811366936817142e+04  2.175172191984279e+03  3.762618301720966e-01  -5.814232474197270e-05  -7.587857435926034e-04
  1.979999999999980e+00  -2.312782991518712e+04  -8.857117277499576e+04  -2.262912604744229e+04  -1.814442868758666e+06  1.507198892415797e+04  -4.128046673159341e+02  3.884738932194893e-01  -5.857704796921649e-04  -3.036314409859415e-04
  1.984999999999980e+00  -1.927416124089829e+04  -8.406678948983055e+04  -1.834497387348383e+04  -1.939665100419214e+06  1.175884684127822e+04  -2.990382070058371e+03  4.000901441339614e-01  -1.156386055730888e-03  1.314518842259329e-04
  1.989999999999980e+00  -1.467099969832899e+04  -7.764889189810118e+04  -1.344856245318268e+04  -2.061557654593058e+06  8.299282721434893e+03  -5.494085824640694e+03  4.111262429571103e-01  -1.757068401150685e-03  5.248764153403447e-04
  1.994999999999979e+00  -1.006602419454142e+04  -7.177559007693653e+04  -8.919606246893682e+03  -2.181522908550643e+06  5.836071388954502e+03  -7.550407680326188e+03  4.219175357248810e-01  -2.209165310909624e-03  8.201232044525623e-04
  1.999999999999979e+00  -4.818123659175047e+03  -6.255228519749683e+04  -3.656172075640376e+03  -2.296739694525705e+06  2.409766221992617e+03  -9.753892867397830e+03  4.318872066448901e-01  -2.796387392828713e-03  1.111857664497461e-03
