TITLE = "Temporal Signal for receiver number 00002"
VARIABLES = "Time","s_xx","s_yy","s_zz","s_xy","s_yz","s_xz","v1","v2","v3"
# x1       0.000000000000e+00
# x2       -2.000000000000e+03
# x3       -7.500000000000e+03
# cell-global-id 8084
  0.000000000000000e+00  0.000000000000000e+00  0.000000000000000e+00  0.000000000000000e+00  0.000000000000000e+00  0.000000000000000e+00  0.000000000000000e+00  0.000000000000000e+00  0.000000000000000e+00  0.000000000000000e+00
  5.000000000000000e-03  0.000000000000000e+00  0.000000000000000e+00  0.000000000000000e+00  0.000000000000000e+00  0.000000000000000e+00  0.000000000000000e+00  0.000000000000000e+00  0.000000000000000e+00  0.000000000000000e+00
  1.000000000000000e-02  -4.679984878298228e-11  -1.098220834524578e-10  -4.188315071630138e-11  2.649738773783556e-11  2.477844882162393e-11  -5.706712684976132e-12  2.691240286190251e-18  -7.005188397642816e-18  2.636063195173221e-18
  1.500000000000000e-02  -6.101491791927713e-10  -1.359948083665168e-09  -4.813088172387021e-10  5.355707823905655e-10  2.784542517423439e-10  -5.173800501228122e-11  5.923201966549433e-17  -7.999036527413893e-17  2.919004472478484e-17
  2.000000000000000e-02  -1.638293997587801e-09  -3.156867410008945e-09  -1.030497510338392e-09  2.125397454831034e-09  7.390531395451035e-10  -1.253520330677891e-10  2.444060545709506e-16  -1.586753382085634e-16  7.155927575830112e-17
  2.500000000000000e-02  -2.094056575541697e-09  -3.732484549554032e-09  -1.278006822115767e-09  3.326409574585047e-09  1.017941683226575e-09  -2.974994207015894e-10  3.715048853742419e-16  -1.772567240775721e-16  9.367210259587918e-17
  3.000000000000000e-02  -1.902641824411021e-09  -2.914162445522005e-09  -6.546789200590608e-10  5.205568558868383e-09  1.107144721619684e-09  -2.856998698133037e-10  5.757111448620148e-16  -7.324133296454998e-17  8.376933007958974e-17
  3.500000000000000e-02  -1.443819677066065e-10  1.597384611870739e-10  9.241781754467919e-10  5.445482498450839e-09  5.435777273980579e-10  -7.875644874768261e-11  5.710580883612460e-16  1.519828209510724e-16  4.929810422704786e-18
  4.000000000000000e-02  2.798508288849719e-09  4.102306615945016e-09  2.797141494272175e-09  2.940140656348992e-09  -6.292269716487258e-10  3.573255045538196e-10  2.407317057673491e-16  3.984980070470852e-16  -1.269714106308540e-16
  4.500000000000000e-02  4.759534840623224e-09  5.909270264287686e-09  3.908689549466517e-09  -1.610923175470022e-11  -1.577851188362962e-09  1.003091970429593e-09  -1.251152311675762e-16  4.971849351213424e-16  -2.215011389195247e-16
  5.000000000000000e-02  6.748233328254730e-09  7.149180044419244e-09  4.308286897040519e-09  -6.195056409497206e-09  -2.760262979897537e-09  1.662673241221084e-09  -8.208351194954925e-16  5.368527190682682e-16  -3.306348973707338e-16
  5.499999999999999e-02  6.938852172009541e-09  5.307740100095121e-09  3.039793184060812e-09  -1.305902461021730e-08  -3.311801333804679e-09  2.161581313686237e-09  -1.542111431975217e-15  3.631933829978301e-16  -3.569313634503312e-16
  5.999999999999999e-02  5.071284778151179e-09  7.040558710161097e-10  3.087876096310550e-10  -1.870465796829361e-08  -2.929614966516726e-09  2.311434838153767e-09  -2.083574319686502e-15  -3.331548952937650e-18  -2.738263036522761e-16
  6.499999999999999e-02  1.779641677826902e-09  -3.442524994542818e-09  -2.361957625576251e-09  -1.931282980500463e-08  -1.732599924050753e-09  1.871235906215647e-09  -2.065776818060685e-15  -3.193416950234810e-16  -1.205816963275660e-16
  6.999999999999999e-02  -2.133730987500804e-09  -9.151411515955436e-09  -5.968112816140551e-09  -1.952263433011061e-08  2.450378906917431e-10  1.013578071897879e-09  -1.983341349530586e-15  -7.856360715024332e-16  1.377157454918658e-16
  7.500000000000000e-02  -5.852264159450125e-09  -1.300803062453395e-08  -8.675790851353965e-09  -1.560482627002184e-08  2.772878802603282e-09  -3.089449123482806e-10  -1.472420063226970e-15  -1.138646628793764e-15  4.434949017181644e-16
  8.000000000000000e-02  -8.520686050218223e-09  -1.353837878289290e-08  -9.769050028882502e-09  -7.785683063690895e-09  5.410674038318226e-09  -1.956741922303676e-09  -5.743151954449236e-16  -1.263786324941062e-15  7.402677758895337e-16
  8.500000000000001e-02  -8.935975479166459e-09  -1.076216457535833e-08  -9.436859510068623e-09  -1.170629506835664e-09  6.918727635055341e-09  -3.417551319537541e-09  1.915759790997069e-16  -1.115580193780368e-15  9.043479211935447e-16
  9.000000000000001e-02  -8.353321259019143e-09  -4.523883767519695e-09  -7.015569292178618e-09  9.881267038182028e-09  8.357397353689667e-09  -4.878513192060563e-09  1.371316811400254e-15  -7.285614666751748e-16  1.021347764187699e-15
  9.500000000000001e-02  -6.484141462560020e-09  4.453090758823656e-09  -3.079731630231635e-09  2.136167897676859e-08  8.635949044061104e-09  -5.976978684838962e-09  2.563300134005785e-15  -9.856204115385383e-17  9.843917376914111e-16
  1.000000000000000e-01  -3.868626295228229e-09  1.456652161623660e-08  1.682283749755451e-09  3.167967859743441e-08  7.511092238116193e-09  -6.520903809183619e-09  3.605467426600119e-15  6.720700322372129e-16  7.769265884709567e-16
  1.050000000000000e-01  -1.123212761419592e-09  2.399451696241361e-08  6.485401071285237e-09  3.941899812897406e-08  4.942240885390367e-09  -6.387933987000906e-09  4.355911647903533e-15  1.452276911585290e-15  4.088443125481262e-16
  1.100000000000000e-01  2.006088638119930e-09  2.994135933629895e-08  1.034255774737573e-08  3.970351911320484e-08  1.474595800162131e-09  -5.364718808553522e-09  4.340190807030995e-15  1.984909918670200e-15  -3.513697966497085e-17
  1.150000000000000e-01  3.349333871485183e-09  3.394447754900700e-08  1.341654596998786e-08  4.106795107889774e-08  -2.947802688246991e-09  -4.116613791161235e-09  4.399175881537625e-15  2.445454827078774e-15  -5.749400737090243e-16
  1.200000000000000e-01  3.542752924684527e-09  3.356204423732372e-08  1.475026193267776e-08  3.820847193932618e-08  -7.800359508986051e-09  -2.404224229232213e-09  4.020152061038095e-15  2.600415048690312e-15  -1.122768815115858e-15
  1.250000000000000e-01  2.588182021963879e-09  2.853556418573374e-08  1.414994817761617e-08  3.118239647758594e-08  -1.250588852320910e-08  -3.902312361386640e-10  3.219737701326121e-15  2.408175978144249e-15  -1.609727913422802e-15
  1.300000000000000e-01  9.411931148489738e-10  2.070116182266763e-08  1.246242367172874e-08  2.270082418819291e-08  -1.553199707900869e-08  1.237658950191819e-09  2.270110610027164e-15  1.962653693177745e-15  -1.901526484460124e-15
  1.350000000000000e-01  -1.875635469828709e-09  8.334179766450072e-09  8.528461208608902e-09  1.058545972549625e-08  -1.830097636250225e-08  3.135014164880439e-09  9.689241273779883e-16  1.181609932683878e-15  -2.104610295270140e-15
  1.400000000000000e-01  -4.791752517747105e-09  -6.377060540953476e-09  3.461759179863563e-09  -3.850415208324752e-09  -1.951327071170194e-08  4.891254577366851e-09  -5.497141283920934e-16  1.836084048935426e-16  -2.115902006264785e-15
  1.450000000000000e-01  -7.241380335535446e-09  -2.194210278422374e-08  -2.090873895058377e-09  -1.958869809277945e-08  -1.892100503109399e-08  6.406694396491743e-09  -2.184661783756904e-15  -9.219428957977244e-16  -1.929057950471228e-15
  1.500000000000000e-01  -9.492308804796192e-09  -3.487799731875485e-08  -6.913917117461281e-09  -2.930074291918929e-08  -1.626965172117097e-08  7.005371155252237e-09  -3.258139129336911e-15  -1.876023832032547e-15  -1.558231576330341e-15
  1.550000000000001e-01  -9.800492571717818e-09  -4.780564652094442e-08  -1.168789812189133e-08  -4.397740755768830e-08  -1.240688095910275e-08  8.032369082138537e-09  -4.784144513513289e-15  -2.869506412368677e-15  -1.059200165039459e-15
  1.600000000000001e-01  -8.350606006166924e-09  -5.743673938933919e-08  -1.510155550671126e-08  -5.697351215909298e-08  -7.112559518361070e-09  8.842971815446969e-09  -6.142790486480458e-15  -3.644323076796636e-15  -4.546944035596293e-16
  1.650000000000001e-01  -5.108474969558537e-09  -6.291294443913825e-08  -1.677215387169458e-08  -6.716745037735478e-08  -7.761049846122714e-10  9.465418281007518e-09  -7.223791178729319e-15  -4.121271083322381e-15  2.049080791819931e-16
  1.700000000000001e-01  -1.843340425592864e-09  -6.371785760700377e-08  -1.741686464865877e-08  -6.898539787159440e-08  5.317765900275451e-09  9.732256194843175e-09  -7.542253613490744e-15  -4.321325169772165e-15  8.237545825699118e-16
  1.750000000000001e-01  4.039131465898309e-09  -6.063666994158981e-08  -1.574888787907028e-08  -7.200722131865299e-08  1.213499730977949e-08  1.021560505356491e-08  -7.906743010494957e-15  -4.172592053207623e-15  1.448129645879851e-15
  1.800000000000001e-01  1.040172696725546e-08  -5.365533923566015e-08  -1.250122462054178e-08  -6.987241538225982e-08  1.867435194080396e-08  1.055384629805259e-08  -7.742026345975090e-15  -3.694142864418122e-15  2.004262780742834e-15
  1.850000000000001e-01  1.636772353367678e-08  -4.375540271437904e-08  -8.102481200282570e-09  -6.189970470331781e-08  2.458393278290045e-08  1.073851539903301e-08  -6.970539750950671e-15  -2.936132422031913e-15  2.470317432839788e-15
  1.900000000000001e-01  2.097030254319432e-08  -3.224294831494286e-08  -3.080537455214726e-09  -4.757057042546591e-08  2.962838616194143e-08  1.076388551797872e-08  -5.531990737751245e-15  -1.970590067850008e-15  2.836483838698628e-15
  1.950000000000001e-01  2.326187683336258e-08  -2.104278243096934e-08  -2.541188384947715e-10  -3.175996787174959e-08  3.241702897505868e-08  1.037861262974609e-08  -4.055895262493681e-15  -1.253056665628094e-15  3.068020114534525e-15
  2.000000000000001e-01  2.302644305345683e-08  -1.053572394621797e-08  4.052119263443481e-09  -6.786050477930438e-09  3.550634914671394e-08  9.822817720732911e-09  -1.526100298890453e-15  -2.060610607359708e-16  3.255104236136840e-15
  2.050000000000001e-01  1.882587016269415e-08  -2.994357848742723e-09  7.394927356366417e-09  2.511157754071619e-08  3.785472837556145e-08  9.072047808171041e-09  1.713739843265581e-15  7.766464469448016e-16  3.372299027043731e-15
  2.100000000000001e-01  9.920805987211476e-09  1.092480135038628e-11  9.468082281720497e-09  6.426041515539155e-08  3.978495684904500e-08  8.281181925460738e-09  5.689758470101192e-15  1.619361230806418e-15  3.439932752005056e-15
  2.150000000000001e-01  -5.407028999692468e-10  -2.429910113901267e-10  6.272597335276785e-09  9.354840612481805e-08  3.979817376171544e-08  5.909604033059132e-09  8.302841703874356e-15  1.610134260882108e-15  3.483977244847772e-15
  2.200000000000001e-01  -1.942537891576293e-08  -9.511600415428170e-09  4.332746583255759e-09  1.442870112389467e-07  4.198781733900785e-08  4.816908623553018e-09  1.327969900385564e-14  1.817528456492225e-15  3.558851670448054e-15
  2.250000000000001e-01  -4.475775048121891e-08  -2.735727318765243e-08  8.750339725687811e-10  2.043856949285100e-07  4.542404184965769e-08  4.469236335329291e-09  1.913564714469685e-14  1.709193333134286e-15  3.678298662880027e-15
  2.300000000000001e-01  -7.731301733695363e-08  -5.510669935084265e-08  -3.584517383550812e-09  2.760991557862295e-07  5.102391177093904e-08  5.536188054303556e-09  2.609454121518689e-14  1.302454931641530e-15  3.879769898016018e-15
  2.350000000000001e-01  -1.070435041195628e-07  -8.493793998033026e-08  -1.941119824550634e-08  3.210731251127970e-07  5.473770451888644e-08  2.414026814323819e-09  2.914367731440963e-14  -1.009290324112980e-15  4.297517914275232e-15
  2.400000000000001e-01  -1.551126952541293e-07  -1.352999872199147e-07  -2.837143715889573e-08  4.159261887994190e-07  6.669115778002483e-08  5.983535754690905e-09  3.781001101723790e-14  -2.578680213376546e-15  4.911815444803680e-15
  2.450000000000001e-01  -2.148946001844367e-07  -2.008444974680276e-07  -3.689117653211009e-08  5.344879284347792e-07  8.466320333081445e-08  1.332726967433066e-08  4.865499782391774e-14  -4.455076860323016e-15  5.831630555022033e-15
  2.500000000000001e-01  -2.896137286670376e-07  -2.844776527379088e-07  -4.342043421058298e-08  6.858134404586981e-07  1.108681932579566e-07  2.611276160150680e-08  6.258376889872193e-14  -6.499752933569948e-15  7.166027268665650e-15
  2.550000000000001e-01  -3.541492930037053e-07  -3.681606664522715e-07  -8.274992562866059e-08  7.746728609214650e-07  1.322654653663762e-07  2.685281577017478e-08  6.649724922498489e-14  -1.373375432159036e-14  9.266977501717796e-15
  2.600000000000001e-01  -4.673676785789299e-07  -4.980621530120077e-07  -9.533767365141715e-08  9.983653315115719e-07  1.791334272000542e-07  4.856735199521503e-08  8.581342760133262e-14  -1.794187187783585e-14  1.212379161363032e-14
  2.650000000000001e-01  -6.136561732026659e-07  -6.621267005315592e-07  -1.035616690048746e-07  1.295259989044497e-06  2.440469179039918e-07  8.119783502323092e-08  1.118064278951846e-13  -2.240873508595872e-14  1.604680115476802e-14
  2.700000000000001e-01  -8.040640630525629e-07  -8.692553760513881e-07  -1.038360111760945e-07  1.691850800196116e-06  3.329081713368366e-07  1.289676699258178e-07  1.470720172957796e-13  -2.682663103087309e-14  2.134388033934403e-14
  2.750000000000001e-01  -9.726806394529470e-07  -1.083653277942924e-06  -2.072844913523270e-07  1.928253619719500e-06  4.057597292268442e-07  1.412987294464512e-07  1.551696644938943e-13  -4.688145204044278e-14  2.883587635698512e-14
  2.800000000000001e-01  -1.281595298679388e-06  -1.410903810227130e-06  -2.247033846116941e-07  2.542632098166965e-06  5.529429850895119e-07  2.126816305795162e-07  2.065169637501698e-13  -5.701023270844135e-14  3.877295222358160e-14
  2.850000000000001e-01  -1.688676315380389e-06  -1.826329371390761e-06  -2.290980143491214e-07  3.365377791592547e-06  7.505255525496952e-07  3.133874772155709e-07  2.765573698774677e-13  -6.763123128966859e-14  5.185073135226020e-14
  2.900000000000001e-01  -2.223222111128500e-06  -2.351992426401937e-06  -2.100774707744054e-07  4.463301867780939e-06  1.014502052667109e-06  4.548202365633651e-07  3.717472818057209e-13  -7.790796469398195e-14  6.887744207192382e-14
  2.950000000000002e-01  -2.921475881801104e-06  -3.014279087108846e-06  -1.517461389280640e-07  5.921741786470596e-06  1.365855851219888e-06  6.527942724510259e-07  5.004921604944690e-13  -8.637308406388014e-14  9.083026818718529e-14
  3.000000000000002e-01  -3.581110322657278e-06  -3.757036581287483e-06  -5.284698413326672e-07  6.812185952922779e-06  1.652494311757950e-06  6.995979053027148e-07  5.290455878608339e-13  -1.608565093826786e-13  1.218381283114215e-13
  3.050000000000002e-01  -4.714142386737899e-06  -4.810036940047093e-06  -5.137000712640205e-07  9.029750846697083e-06  2.213546607030423e-06  9.826798428118147e-07  7.129589440202537e-13  -1.878500612587645e-13  1.604956824839489e-13
  3.100000000000002e-01  -6.178269484229157e-06  -6.127376695550658e-06  -4.260439689074738e-07  1.193594856209853e-05  2.954637423019005e-06  1.374729549384774e-06  9.585139857667993e-13  -2.131343595436392e-13  2.099289507152192e-13
  3.150000000000002e-01  -8.055602802235921e-06  -7.764902153068298e-06  -2.199468757667415e-07  1.572154547900087e-05  3.931359226697406e-06  1.916583794397891e-06  1.284297623765287e-12  -2.324662819770212e-13  2.727381523530380e-13
  3.200000000000002e-01  -9.878878722473059e-06  -9.682359936206177e-06  -1.248322495988906e-06  1.805009293809705e-05  4.714964537840856e-06  2.049615060848725e-06  1.346254285614110e-12  -4.363927159908593e-13  3.599896890158515e-13
  3.250000000000002e-01  -1.285096243281278e-05  -1.224715962353772e-05  -1.132276431423760e-06  2.364471754951139e-05  6.248192639375887e-06  2.814798450418188e-06  1.795926423296469e-12  -5.023952242604584e-13  4.677344144227076e-13
  3.300000000000002e-01  -1.661278542873903e-05  -1.540487327140923e-05  -7.983558344426663e-07  3.082398503618327e-05  8.256824423305043e-06  3.860752894888827e-06  2.383902811192853e-12  -5.609467736290827e-13  6.042159872646373e-13
  3.350000000000002e-01  -2.133592936075765e-05  -1.926733632760330e-05  -1.268331903461728e-07  3.997937473459974e-05  1.088306334220456e-05  5.286083536299202e-06  3.147949174543815e-12  -6.005443162088290e-13  7.762442021261008e-13
  3.400000000000002e-01  -2.607403312528162e-05  -2.395375995369202e-05  -2.800163873111511e-06  4.565747226816146e-05  1.295334924107133e-05  5.643266073318220e-06  3.257321705882716e-12  -1.135290797485027e-12  1.010945485250431e-12
  3.450000000000002e-01  -3.336841614006197e-05  -2.988298638510630e-05  -2.292860652060764e-06  5.880505775815187e-05  1.700945479558831e-05  7.622152346085298e-06  4.273934455660939e-12  -1.285275414499170e-12  1.299881638881439e-12
  3.500000000000002e-01  -4.241209235393864e-05  -3.706544574707236e-05  -1.184543438815941e-06  7.532198134939757e-05  2.227917387036493e-05  1.028345896300541e-05  5.576087055097865e-12  -1.408782630720710e-12  1.663138071882313e-12
  3.550000000000002e-01  -5.353161234709390e-05  -4.571211651884024e-05  8.162991206741175e-07  9.593973772956088e-05  2.911170473108341e-05  1.384883641145044e-05  7.233948236109571e-12  -1.476723347494757e-12  2.117821219309408e-12
  3.600000000000002e-01  -6.522717588505742e-05  -5.659061815046521e-05  -5.863061645996153e-06  1.089692859640733e-04  3.436387019610785e-05  1.472383209665629e-05  7.369181824165795e-12  -2.804397983401853e-12  2.725492162516699e-12
  3.650000000000002e-01  -8.203790019016784e-05  -6.958878761317279e-05  -4.145968732989357e-06  1.377805912268110e-04  4.472470917326037e-05  1.955831338312659e-05  9.493845716246442e-12  -3.115838261746403e-12  3.472436665109034e-12
  3.700000000000002e-01  -1.024522037928179e-04  -8.508436872157316e-05  -9.000320418626487e-07  1.732031773262224e-04  5.806492524380738e-05  2.594278117432041e-05  1.216028488043146e-11  -3.345168213999456e-12  4.403998096490218e-12
  3.750000000000002e-01  -1.270255788415557e-04  -1.034502773365112e-04  4.535415292036822e-06  2.164645259997517e-04  7.520484364625849e-05  3.433938993913546e-05  1.548667356281596e-11  -3.423301425619503e-12  5.561036812978822e-12
  3.800000000000002e-01  -1.563355620092936e-04  -1.251019643901588e-04  1.302609772531260e-05  2.689431443875892e-04  9.718157763816011e-05  4.533144326785138e-05  1.961190363691971e-11  -3.253583491795089e-12  6.992537737477344e-12
  3.850000000000002e-01  -1.908360313546672e-04  -1.540068890681975e-04  -6.404468605697592e-06  3.036184399769745e-04  1.134834720321348e-04  4.729539776218322e-05  1.961450013548294e-11  -7.133545693731204e-12  8.914650322991489e-12
  3.900000000000002e-01  -2.341047779071174e-04  -1.855530659138469e-04  2.220272185867853e-06  3.744083754572530e-04  1.459709693472661e-04  6.163913350915294e-05  2.465653363042350e-11  -7.482886444598365e-12  1.120365148327971e-11
  3.950000000000002e-01  -2.850546485222770e-04  -2.223608129602046e-04  1.586628835955447e-05  4.589157628245705e-04  1.873052461089003e-04  8.015009281226330e-05  3.081730935705322e-11  -7.448323679685498e-12  1.402184874038931e-11
  4.000000000000002e-01  -3.444595673067146e-04  -2.651116771033669e-04  3.631604127668213e-05  5.590711696636925e-04  2.397813849560368e-04  1.039261174309513e-04  3.830068006028224e-11  -6.821779633743137e-12  1.747900408840777e-11
  4.050000000000002e-01  -4.205256627291730e-04  -3.228936733221617e-04  -7.522003025297063e-06  6.294567900897740e-04  2.771374125954362e-04  1.071788805698037e-04  3.761603324776029e-11  -1.529813624528934e-11  2.194254477974781e-11
  4.100000000000003e-01  -5.067191765272176e-04  -3.832188524126359e-04  1.355199150550970e-05  7.611598952973208e-04  3.530098574051096e-04  1.371944007018999e-04  4.639735259970523e-11  -1.560993395088598e-11  2.730928237903656e-11
  4.150000000000003e-01  -6.059261488578027e-04  -4.525000381490852e-04  4.540739744284730e-05  9.146505555528120e-04  4.485470665493127e-04  1.751979421898199e-04  5.690146573554708e-11  -1.500556905575003e-11  3.385328416744002e-11
  4.200000000000003e-01  -7.188934813784950e-04  -5.317858144373888e-04  9.146896501053154e-05  1.092133970471121e-03  5.685703409215990e-04  2.230816950136042e-04  6.939329900037779e-11  -1.306373617405325e-11  4.180568992287277e-11
  4.250000000000003e-01  -8.786053108496814e-04  -6.373671870638429e-04  -2.396380553163524e-06  1.228504675575843e-03  6.500657813575140e-04  2.265005381925647e-04  6.690115400595718e-11  -3.051159613839184e-11  5.160945557225314e-11
  4.300000000000003e-01  -1.039866193843651e-03  -7.445792897285592e-04  4.566780103918564e-05  1.456206823614864e-03  8.196084351983215e-04  2.847484502754537e-04  8.095277778424624e-11  -3.007171910749842e-11  6.356919563433363e-11
  4.350000000000003e-01  -1.221109315343095e-03  -8.656794822194956e-04  1.155286565948726e-04  1.714865497884675e-03  1.030783766673605e-03  3.571013705891858e-04  9.740205066991731e-11  -2.757575718985118e-11  7.800179805864888e-11
  4.400000000000003e-01  -1.422429338342377e-03  -1.002164754126777e-03  2.133442068168701e-04  2.006162049611470e-03  1.293182774184501e-03  4.465205737703174e-04  1.165525296972161e-10  -2.222328887190384e-11  9.536281193931551e-11
  4.450000000000003e-01  -1.743430720581401e-03  -1.176420758018171e-03  2.238934765153259e-05  2.259637429569277e-03  1.461297544611650e-03  4.441203021124771e-04  1.102909751939636e-10  -5.569387182585410e-11  1.156849423672067e-10
  4.500000000000003e-01  -2.027104980075447e-03  -1.351208319453698e-03  1.254996708310528e-04  2.624772796375435e-03  1.823075177106399e-03  5.482882258117673e-04  1.309298813045760e-10  -5.229020415939791e-11  1.409539105080658e-10
  4.550000000000003e-01  -2.338146512698594e-03  -1.545099288384726e-03  2.701960749246027e-04  3.028280763698933e-03  2.268669960431346e-03  6.752031341275036e-04  1.545876334633767e-10  -4.453802962584583e-11  1.711161473444352e-10
  4.600000000000003e-01  -2.674789050712416e-03  -1.760091861045767e-03  4.668319519451106e-04  3.469920495319321e-03  2.816128335739482e-03  8.290032580013702e-04  1.815827144456976e-10  -3.101481210958293e-11  2.070103112210067e-10
  4.650000000000003e-01  -3.033967541969167e-03  -1.998878684797797e-03  7.273160634862887e-04  3.948496929220498e-03  3.487031352249863e-03  1.014297753309226e-03  2.122668525735023e-10  -1.002402463373678e-11  2.496039414352093e-10
  4.700000000000003e-01  -3.758830581691842e-03  -2.258505842293784e-03  3.113609060217752e-04  4.463019453574444e-03  3.880446061279121e-03  9.733392536201189e-04  1.969881088461665e-10  -7.892997990624826e-11  2.971236798200213e-10
  4.750000000000003e-01  -4.259499291914832e-03  -2.534132782787555e-03  5.971492644211970e-04  5.043605246457784e-03  4.777182392435912e-03  1.177000182128282e-03  2.284678865507011e-10  -5.833799482507009e-11  3.567378446191933e-10
  4.800000000000003e-01  -4.786611864015319e-03  -2.833971095124451e-03  9.746253110320214e-04  5.659558114396512e-03  5.866368915194604e-03  1.418909471838005e-03  2.638269673937738e-10  -2.675044710147258e-11  4.268940390573857e-10
  4.850000000000003e-01  -5.332609236210253e-03  -3.161893553419753e-03  1.461947931863843e-03  6.305745535430811e-03  7.185843615347964e-03  1.704416620198990e-03  3.035050141033799e-10  1.852368033293488e-11  5.092338027158307e-10
  4.900000000000003e-01  -6.641518852119265e-03  -3.401330143111325e-03  7.284197524173036e-04  7.170477450170764e-03  7.897107162618846e-03  1.578701673800206e-03  2.783473367974834e-10  -9.199194499345649e-11  5.944610154223750e-10
  4.950000000000003e-01  -7.396943095120002e-03  -3.727876020915519e-03  1.270240563898691e-03  7.937344897990015e-03  9.617930147168836e-03  1.874139772651008e-03  3.180760100214878e-10  -4.295613623956150e-11  7.057500208921155e-10
  5.000000000000003e-01  -8.169074755820880e-03  -4.074044531344608e-03  1.966345363269727e-03  8.723676154843497e-03  1.168439787354563e-02  2.217847493629162e-03  3.625035966190626e-10  2.577021264768717e-11  8.352468774388180e-10
  5.050000000000003e-01  -8.943623031704286e-03  -4.445746252084995e-03  2.842528750383777e-03  9.520168128136858e-03  1.415930137645326e-02  2.614809014868355e-03  4.124148511754951e-10  1.180664616522792e-10  9.855503327782666e-10
  5.100000000000003e-01  -1.118669909434864e-02  -4.388623941995562e-03  1.649335208421385e-03  1.089790578863665e-02  1.536774939670811e-02  2.307480250852529e-03  3.784179912859206e-10  -4.187276298298125e-11  1.127896701700661e-09
  5.150000000000003e-01  -1.224742440779975e-02  -4.644352900116892e-03  2.644956827948846e-03  1.181955288377603e-02  1.851879329951634e-02  2.689294571183723e-03  4.288385645988881e-10  6.456580836532954e-11  1.324000930640691e-09
  5.200000000000004e-01  -1.329586055760595e-02  -4.900365490683130e-03  3.889874575100085e-03  1.273052561207133e-02  2.226083207440810e-02  3.124172369292998e-03  4.861467207540249e-10  2.038954945536073e-10  1.549640698396575e-09
  5.250000000000004e-01  -1.430927000548998e-02  -5.166844458135425e-03  5.418169662713712e-03  1.362062341634584e-02  2.669270613685160e-02  3.615216392131146e-03  5.520363129852513e-10  3.810082189117511e-10  1.808665233394442e-09
  5.300000000000004e-01  -1.794862078276490e-02  -4.197737202898671e-03  3.663297108625157e-03  1.567357852076454e-02  2.861510056963203e-02  2.971984274577827e-03  5.155738365605882e-10  1.832284552620913e-10  2.027354118210187e-09
  5.350000000000004e-01  -1.931627123089351e-02  -4.105432393766364e-03  5.447925727455823e-03  1.666710004824866e-02  3.413010655914910e-02  3.402519653067499e-03  5.855834271974743e-10  3.959709998434000e-10  2.353427597476642e-09
  5.400000000000004e-01  -2.061325756742364e-02  -3.975539753243070e-03  7.621048827533491e-03  1.761453409427413e-02  4.060989559693092e-02  3.883238898585092e-03  6.680434005452581e-10  6.594039198049521e-10  2.724575077049987e-09
  5.450000000000004e-01  -2.180858250193325e-02  -3.828078097692468e-03  1.022414305215443e-02  1.851469967747602e-02  4.820264098100495e-02  4.414324935509540e-03  7.664729463130892e-10  9.784026636251268e-10  3.146170617673327e-09
  5.500000000000004e-01  -2.731434058076471e-02  -7.269564610982110e-04  8.001353321219479e-03  2.127746441967180e-02  5.106361540913591e-02  3.243838647856099e-03  7.414124422372185e-10  7.939438025545261e-10  3.452079989523991e-09
  5.550000000000004e-01  -2.886610940946535e-02  2.141269205011910e-04  1.114397288770327e-02  2.221068704959513e-02  6.031360531319305e-02  3.666085164872780e-03  8.526324591348361e-10  1.186428979335585e-09  3.964069347109760e-09
  5.600000000000004e-01  -3.024523229709458e-02  1.241304127666523e-03  1.487502621462467e-02  2.308380633747978e-02  7.107321512091822e-02  4.134301986856735e-03  9.879579057562638e-10  1.649500122911438e-09  4.541027938917603e-09
  5.650000000000004e-01  -3.141569966966779e-02  2.312970760458368e-03  1.924044001599788e-02  2.392508650872262e-02  8.355510618860983e-02  4.647250574969198e-03  1.153905049711528e-09  2.185405837421094e-09  5.190124773417534e-09
  5.700000000000004e-01  -3.234692110748003e-02  3.372625050094758e-03  2.427889449592066e-02  2.478272835939072e-02  9.799472742487217e-02  5.201701127915097e-03  1.358309649548808e-09  2.793969226952552e-09  5.919213473595521e-09
  5.750000000000004e-01  -4.041880583998120e-02  1.210035904698141e-02  2.260052579371541e-02  2.781110270269586e-02  1.024624197458110e-01  3.214998061114871e-03  1.341026720094755e-09  2.815170305003902e-09  6.325094603163981e-09
  5.800000000000004e-01  -4.144756294697460e-02  1.472484879064886e-02  2.892155798990279e-02  2.854743742717299e-02  1.196640446616051e-01  3.687323855553370e-03  1.577423523103807e-09  3.568940506954018e-09  7.174462439425969e-09
  5.850000000000004e-01  -4.210733082111631e-02  1.737146263050281e-02  3.615727555882200e-02  2.938270018888236e-02  1.394366881975043e-01  4.229156613834373e-03  1.869113785475170e-09  4.402372680239336e-09  8.122348243282910e-09
  5.900000000000004e-01  -4.237810303609717e-02  1.993383529118589e-02  4.433917202634858e-02  3.044771089086986e-02  1.621017777748317e-01  4.843979827248900e-03  2.228471850651944e-09  5.305031826391453e-09  9.178984298282726e-09
  5.950000000000004e-01  -5.168874965608600e-02  3.688336483801169e-02  4.514905281250592e-02  3.230672410539392e-02  1.679220624248781e-01  2.468989262445123e-03  2.201699179957590e-09  5.810368828676434e-09  9.570687787336343e-09
  6.000000000000004e-01  -5.141479929973097e-02  4.182685161924381e-02  5.574076684615381e-02  3.305542993766013e-02  1.945320828657287e-01  3.256404206999923e-03  2.608477004663507e-09  6.936023207174070e-09  1.076049948960343e-08
  6.050000000000004e-01  -5.053451198062875e-02  4.662180966918553e-02  6.763133235787894e-02  3.428311249637606e-02  2.248691278195096e-01  4.234965540191602e-03  3.107293471106212e-09  8.118956630510238e-09  1.208087281091268e-08
  6.100000000000004e-01  -4.905419748591321e-02  5.107878486050372e-02  8.083634091252478e-02  3.627108060224507e-02  2.593599601763669e-01  5.432103722584489e-03  3.715983393170914e-09  9.328956330665398e-09  1.354533971758291e-08
  6.150000000000004e-01  -5.687037499382543e-02  8.060006699883533e-02  8.826411234276649e-02  3.423180348228218e-02  2.666895115915190e-01  3.765390989899428e-03  3.559959547786244e-09  1.081801861623989e-08  1.374516645402752e-08
  6.200000000000004e-01  -5.346288976852425e-02  8.815840620137197e-02  1.057837566886609e-01  3.576332737219493e-02  3.067665198533184e-01  5.858721123368523e-03  4.221990931417088e-09  1.233494233407713e-08  1.534392010898740e-08
  6.250000000000004e-01  -4.910531695724436e-02  9.508429636430794e-02  1.251264189363179e-01  3.864857751852637e-02  3.521296819944717e-01  8.470400415489255e-03  5.027300250772594e-09  1.382784294603202e-08  1.711464156403795e-08
  6.300000000000004e-01  -4.385119974601714e-02  1.010667851759962e-01  1.462840392633358e-01  4.342697242676551e-02  4.033346293899367e-01  1.167843302438493e-02  6.000386989733708e-09  1.523372662851632e-08  1.907600365302037e-08
  6.350000000000005e-01  -4.380552048365319e-02  1.481928389293368e-01  1.677424785262116e-01  3.291182161294075e-02  4.126392451504258e-01  1.335199455295413e-02  5.460874172148221e-09  1.845538819407375e-08  1.880500021704234e-08
  6.400000000000005e-01  -3.399682064637135e-02  1.575063791540897e-01  1.962798248382338e-01  3.751608931379763e-02  4.717886158195746e-01  1.900664941916027e-02  6.482623802789666e-09  2.023327689376221e-08  2.089622111994668e-08
  6.450000000000005e-01  -2.275153047802174e-02  1.651763243413033e-01  2.273566987205906e-01  4.528340141363369e-02  5.383249436577705e-01  2.585794210258164e-02  7.721533164702870e-09  2.180653579080021e-08  2.321918441929630e-08
  6.500000000000005e-01  -1.019688653375821e-02  1.707421269990770e-01  2.609389590850968e-01  5.717975161056957e-02  6.129622659314768e-01  3.406548013152523e-02  9.211877135373908e-09  2.306418069526121e-08  2.580094513368009e-08
  6.550000000000005e-01  3.485444212027853e-03  1.737391936241735e-01  2.969657606951692e-01  7.433015616429738e-02  6.964463485182950e-01  4.380402422533702e-02  1.098964554333339e-08  2.387588433191845e-08  2.867078823117722e-08
  6.600000000000005e-01  3.091628731494110e-02  2.480392091334886e-01  3.541961879279287e-01  4.562224040576968e-02  7.118784857841945e-01  5.754458246046482e-02  9.360239844924964e-09  3.072098696289310e-08  2.736280554365055e-08
  6.650000000000005e-01  5.447080945036591e-02  2.526791812324951e-01  4.032830541268713e-01  6.566641887034336e-02  8.082087787753706e-01  7.333238688791324e-02  1.124318428351841e-08  3.182968979014494e-08  3.041021402821917e-08
  6.700000000000005e-01  7.987149044656464e-02  2.533327120237777e-01  4.558318429674173e-01  9.402439956764840e-02  9.156737569015428e-01  9.175468461997564e-02  1.351575913171235e-08  3.223431278114893e-08  3.382438598311305e-08
  6.750000000000005e-01  1.068244975403171e-01  2.494422134488547e-01  5.117757257925970e-01  1.325702860827106e-01  1.035211743093902e+00  1.130924752203098e-01  1.623275812653470e-08  3.173925684709860e-08  3.764843041642525e-08
  6.800000000000005e-01  1.797793584948754e-01  3.481219944643623e-01  6.191472903390441e-01  8.369804188202276e-02  1.059927639599563e+00  1.464574059428604e-01  1.309727062148354e-08  4.311463710816004e-08  3.492647445851625e-08
  6.850000000000005e-01  2.235767845375298e-01  3.427136374060633e-01  6.950678501646461e-01  1.315094176467841e-01  1.198240423852264e+00  1.784938468439954e-01  1.609225651746899e-08  4.276893769518764e-08  3.902903550821129e-08
  6.900000000000005e-01  2.698368666748089e-01  3.307153790174952e-01  7.757634110202520e-01  1.950976627410997e-01  1.351755026747915e+00  2.149984961373392e-01  1.973504064871450e-08  4.113635595400984e-08  4.367307887020681e-08
  6.950000000000005e-01  3.181296335536182e-01  3.116060909722348e-01  8.611995614843788e-01  2.774668542861120e-01  1.521639516599106e+00  2.563380144862317e-01  2.411798895701488e-08  3.795160870610395e-08  4.892125654384680e-08
  7.000000000000005e-01  4.677450033191429e-01  4.322500762171805e-01  1.045999885687964e+00  2.106707752192173e-01  1.564958722983378e+00  3.223811391188047e-01  1.902913837836360e-08  5.559464601889283e-08  4.433178166511611e-08
  7.050000000000005e-01  5.421585146737721e-01  4.063209122334140e-01  1.160469604027871e+00  3.162471550874502e-01  1.762399682805204e+00  3.804979848182559e-01  2.422389679638148e-08  5.227254767735685e-08  5.010088452681760e-08
  7.100000000000005e-01  6.195972480609258e-01  3.708256025725621e-01  1.281468555975665e+00  4.502776916331352e-01  1.980425309819560e+00  4.452862717603815e-01  3.056722878175970e-08  4.688210119318741e-08  5.668437580869240e-08
  7.150000000000005e-01  6.994843672744511e-01  3.255397563670893e-01  1.409051048339315e+00  6.174033812615055e-01  2.220462084021324e+00  5.171044664227502e-01  3.822340244838375e-08  3.909899291002517e-08  6.416899388463317e-08
  7.200000000000005e-01  9.671731308298790e-01  4.607183321079247e-01  1.705551478041608e+00  5.509420792771955e-01  2.298203517596741e+00  6.318113944233684e-01  3.159967313828036e-08  6.495968530429918e-08  5.752116263007717e-08
  7.250000000000005e-01  1.084277439499117e+00  4.016203631110926e-01  1.873173295243333e+00  7.682307223207229e-01  2.578266369924818e+00  7.270962441187867e-01  4.137428583970304e-08  5.663412463423757e-08  6.599735767320669e-08
  7.300000000000005e-01  1.204647651609075e+00  3.304719893542707e-01  2.049531651213985e+00  1.034519911858347e+00  2.885828620214636e+00  8.310541767754678e-01  5.324888954609621e-08  4.530990708034427e-08  7.568626519505169e-08
  7.350000000000005e-01  1.327563768946505e+00  2.477524743341191e-01  2.234823001535510e+00  1.356755885360020e+00  3.222568236084455e+00  9.438292092291743e-01  6.751826184163010e-08  3.063542761982027e-08  8.669843268294018e-08
  7.400000000000005e-01  1.452354755755371e+00  1.543919580430423e-01  2.429348751409929e+00  1.742467976270788e+00  3.590147018848066e+00  1.065473637117040e+00  8.450651056358796e-08  1.226325019133339e-08  9.914244868780346e-08
  7.450000000000006e-01  1.932298133461309e+00  2.819321681050855e-01  2.919768790456156e+00  1.760363982385581e+00  3.752658953625775e+00  1.265132240488522e+00  8.069295825198445e-08  5.116207508521482e-08  9.089083449381989e-08
  7.500000000000006e-01  2.106614152897759e+00  1.659205305132312e-01  3.168590747765520e+00  2.261400725520244e+00  4.181988085758195e+00  1.416264595688326e+00  1.036354258580098e-07  3.156099589897604e-08  1.053861750347691e-07
  7.550000000000006e-01  2.282847584465057e+00  3.911429163087082e-02  3.429075299152125e+00  2.853605520289037e+00  4.649065735087342e+00  1.576387763048772e+00  1.309330549731461e-07  7.680461781639001e-09  1.217418719819888e-07
  7.600000000000006e-01  2.460256224402204e+00  -9.615871418427395e-02  3.701724926897899e+00  3.548002056093943e+00  5.155660759807146e+00  1.744905256047329e+00  1.631674614751126e-07  -2.077852640524429e-08  1.400717582557119e-07
  7.650000000000006e-01  3.164701416694995e+00  1.552877289213179e-02  4.392368662511891e+00  3.757419762231197e+00  5.421850308109653e+00  2.022860945930197e+00  1.689736800619321e-07  3.134866543543019e-08  1.311399721430401e-07
  7.700000000000006e-01  3.399588984735242e+00  -1.444945489779277e-01  4.730919091332944e+00  4.655539850693153e+00  6.011204164559528e+00  2.220457573842809e+00  2.131048732548220e-07  1.522634125236880e-09  1.526154715367543e-07
  7.750000000000006e-01  3.634317017141703e+00  -3.097765996469901e-01  5.083874928790116e+00  5.697864600062562e+00  6.647547492975060e+00  2.423874830226779e+00  2.650017705096091e-07  -3.326605910021979e-08  1.765337233115109e-07
  7.800000000000006e-01  3.868016522714757e+00  -4.760311755982483e-01  5.451898525483906e+00  6.900546632331043e+00  7.332446274829861e+00  2.631404724912728e+00  3.256820166614927e-07  -7.319524384615380e-08  2.029789759292007e-07
  7.850000000000006e-01  4.830732491411689e+00  -3.818841071315328e-01  6.376035917043817e+00  7.509018381609275e+00  7.743127367698079e+00  2.983179803484007e+00  3.554444221662584e-07  -5.072606651338711e-09  1.946078349019981e-07
  7.900000000000006e-01  5.123184738992119e+00  -5.651874375465145e-01  6.819278752116430e+00  9.053113350630126e+00  8.532397888722492e+00  3.210421087268050e+00  4.382012182049826e-07  -4.589062184649096e-08  2.253277386126229e-07
  7.950000000000006e-01  5.410940854797424e+00  -7.410464840062370e-01  7.279250923890003e+00  1.082033158438155e+01  9.376867896419485e+00  3.435087357416490e+00  5.344239068783609e-07  -9.186101738340695e-08  2.589539429305186e-07
  8.000000000000006e-01  5.692839453607677e+00  -9.028026109064538e-01  7.756701161745545e+00  1.283456400005832e+01  1.027733427860676e+01  3.653949603147103e+00  6.458303607624683e-07  -1.429771915654245e-07  2.954830198561102e-07
  8.050000000000006e-01  6.924334531001165e+00  -8.042147000115574e-01  8.935762751921796e+00  1.417514006719448e+01  1.086983383699912e+01  4.053590417955166e+00  7.247970033915262e-07  -5.519627634254531e-08  2.889593501221387e-07
  8.100000000000006e-01  7.255298064301016e+00  -9.601446934156334e-01  9.493648632981122e+00  1.673860449047434e+01  1.189179696157212e+01  4.270263668529631e+00  8.747552712233991e-07  -1.057546419775112e-07  3.305456937957061e-07
  8.150000000000006e-01  7.573374363792813e+00  -1.087125160379182e+00  1.006977304372536e+01  1.964198323699787e+01  1.297335300664683e+01  4.469408054647074e+00  1.047315484225612e-06  -1.609799488458337e-07  3.751299071541375e-07
  8.200000000000006e-01  7.876908054060763e+00  -1.176166914471582e+00  1.066491380488096e+01  2.292086454713267e+01  1.411374443383511e+01  4.646172341709951e+00  1.245246817560741e-06  -2.206635395026738e-07  4.225483657520806e-07
  8.250000000000006e-01  9.350716941356811e+00  -1.014980576541077e+00  1.210471402432915e+01  2.550097873606355e+01  1.490992393647489e+01  5.040865278814504e+00  1.413768018234318e-06  -1.083352534603523e-07  4.181095366331355e-07
  8.300000000000006e-01  9.680664783693656e+00  -1.057376498905942e+00  1.278155726456392e+01  2.963579454991408e+01  1.617753352271625e+01  5.180400164137597e+00  1.675501033476264e-06  -1.649127384116670e-07  4.704245510607162e-07
  8.350000000000006e-01  9.985487526255575e+00  -1.041269425098392e+00  1.347742677360559e+01  3.428255719187279e+01  1.750193256631171e+01  5.281333388792211e+00  1.973833674548720e-06  -2.250272943139721e-07  5.251638296404431e-07
  8.400000000000006e-01  1.026309081388988e+01  -9.562821549418103e-01  1.419314560152543e+01  3.949421026457924e+01  1.888004608159297e+01  5.337713459264287e+00  2.313009019443983e-06  -2.883371287885076e-07  5.819436389417939e-07
  8.450000000000006e-01  1.051150025114934e+01  -7.919366407962026e-01  1.492960970540005e+01  4.532920958049868e+01  2.030812599233377e+01  5.343522630105340e+00  2.697720554913598e-06  -3.544827185807209e-07  6.403157982182395e-07
  8.500000000000006e-01  1.219150318793807e+01  -4.479275338174611e-01  1.668165822432661e+01  5.057220807860194e+01  2.136485491251836e+01  5.625731759985261e+00  3.072270896326547e-06  -2.021893644445766e-07  6.381687066979167e-07
  8.550000000000006e-01  1.242271213572280e+01  -1.710921986494111e-01  1.749700591288822e+01  5.784956051808530e+01  2.290218346916849e+01  5.537991941995368e+00  3.569451642690824e-06  -2.612702438503249e-07  6.992816491170840e-07
  8.600000000000007e-01  1.261258038393358e+01  2.063236807381820e-01  1.833298710537637e+01  6.596902399012347e+01  2.447798220184296e+01  5.382027143565559e+00  4.130019065016225e-06  -3.222110380107806e-07  7.607829787557902e-07
  8.650000000000007e-01  1.275971613478197e+01  6.932537739201702e-01  1.919063768887851e+01  7.501678686984148e+01  2.608594438156927e+01  5.152539395834673e+00  4.760793060144497e-06  -3.847615003044057e-07  8.220142034085400e-07
  8.700000000000007e-01  1.452662427518794e+01  1.345116856313969e+00  2.118114823126125e+01  8.366150765436355e+01  2.727615078195726e+01  5.247583097316542e+00  5.401979426110616e-06  -1.931834023044503e-07  8.147667745867705e-07
  8.750000000000007e-01  1.462702741760621e+01  1.991976388880119e+00  2.211813247305669e+01  9.485952541661518e+01  2.895624066821503e+01  4.884843577720029e+00  6.202423327641358e-06  -2.460490207284195e-07  8.752387780908941e-07
  8.800000000000007e-01  1.467719904417096e+01  2.760377987196522e+00  2.307770256715581e+01  1.073042119786627e+02  3.065039624495555e+01  4.436066665497509e+00  7.098240779768029e-06  -3.002290511335435e-07  9.337587256607417e-07
  8.850000000000007e-01  1.467832146997695e+01  3.654265836666749e+00  2.406119201162977e+01  1.211219990858932e+02  3.235064358519377e+01  3.898864627747364e+00  8.099125286765640e-06  -3.558498050573669e-07  9.895709750259095e-07
  8.900000000000007e-01  1.649637384787406e+01  4.722627242403973e+00  2.628833479733186e+01  1.348759810507746e+02  3.358358028804476e+01  3.747655423039027e+00  9.143107473634227e-06  -1.204839584766930e-07  9.703845650074453e-07
  8.950000000000007e-01  1.644797102250811e+01  5.791143587750735e+00  2.735779459714488e+01  1.518746458238244e+02  3.530628480686116e+01  3.059670410691750e+00  1.039407585437134e-05  -1.661363808175364e-07  1.021227866904366e-06
  9.000000000000007e-01  1.635564136876780e+01  6.977512303288786e+00  2.845414821178731e+01  1.707121771923410e+02  3.701474016300146e+01  2.282659717693317e+00  1.178559322366291e-05  -2.143212908480159e-07  1.067657327678913e-06
  9.050000000000007e-01  1.622553814675193e+01  8.277455948337435e+00  2.957913941057044e+01  1.915742299967523e+02  3.870123719523998e+01  1.419286173221924e+00  1.333144977758659e-05  -2.657640851315243e-07  1.109023252196159e-06
  9.100000000000007e-01  1.814542949692134e+01  9.801305419227756e+00  3.207074858532035e+01  2.129516423328352e+02  3.987574739211934e+01  1.026059767488266e+00  1.497102265087568e-05  1.460961391586251e-08  1.070514577427804e-06
  9.150000000000007e-01  1.801309977316424e+01  1.123307911770744e+01  3.330007613849407e+01  2.385123025297887e+02  4.153787523656626e+01  3.452703998769027e-02  1.688122716713173e-05  -3.011974060081574e-08  1.103325155710951e-06
  9.200000000000007e-01  1.786718919251072e+01  1.274362162657629e+01  3.456365246955488e+01  2.667832191903557e+02  4.316231123815783e+01  -1.026707912962078e+00  1.899648637865544e-05  -8.097126559656361e-08  1.129995275988898e-06
  9.250000000000007e-01  1.772006249608655e+01  1.431909872989810e+01  3.586355698435079e+01  2.980370926284250e+02  4.474404129260079e+01  -2.148836583428816e+00  2.133662857120074e-05  -1.393159400224171e-07  1.150215561183343e-06
  9.300000000000007e-01  1.758555653819186e+01  1.594359750027668e+01  3.720187314092679e+01  3.325731478171359e+02  4.627903539403951e+01  -3.321563185218096e+00  2.392333150181487e-05  -2.066614400429447e-07  1.163794704722819e-06
  9.350000000000007e-01  1.989641376793777e+01  1.785146232613117e+01  4.011830131404150e+01  3.689540744974718e+02  4.731766108816554e+01  -3.871886106783599e+00  2.672047485034347e-05  1.232378712377004e-07  1.098817256043166e-06
  9.400000000000007e-01  1.989628190808513e+01  1.945364495382158e+01  4.159668704119678e+01  4.111357665748046e+02  4.880341793804831e+01  -5.077281592093533e+00  2.988778183185109e-05  5.271271805061367e-08  1.103053867385027e-06
  9.450000000000007e-01  1.995439311600254e+01  2.103798905585384e+01  4.312111625067045e+01  4.577020824353838e+02  5.024194605224114e+01  -6.294747246446163e+00  3.338152455677526e-05  -3.150430752242091e-08  1.101220075613212e-06
  9.500000000000007e-01  2.008805169742040e+01  2.258206715585769e+01  4.469352840398044e+01  5.090853653491545e+02  5.163414736211159e+01  -7.509298482267081e+00  3.723270447011503e-05  -1.312562454367509e-07  1.093653016538026e-06
  9.550000000000007e-01  2.309724048488173e+01  2.467850793296600e+01  4.807547810999899e+01  5.640365220489908e+02  5.253494781592422e+01  -7.956715143097687e+00  4.143111753230044e-05  2.313780038756115e-07  1.007919379694802e-06
  9.600000000000007e-01  2.351816892944480e+01  2.603007182084883e+01  4.982820542568447e+01  6.266314565565638e+02  5.390105737422245e+01  -9.080684157544425e+00  4.612027760254743e-05  1.192590991730701e-07  9.944993485389043e-07
  9.650000000000007e-01  2.406157318929676e+01  2.726333862529655e+01  5.163604909233675e+01  6.956114052056632e+02  5.523616208502462e+01  -1.015322459334266e+01  5.127919102065807e-05  -1.327816156135337e-08  9.774727241198945e-07
  9.700000000000008e-01  2.474151112939271e+01  2.835557042004949e+01  5.350006796301172e+01  7.715796949977168e+02  5.654614548022516e+01  -1.115826941062827e+01  5.695061211425975e-05  -1.679208954249111e-07  9.576666095057152e-07
  9.750000000000008e-01  2.883790587247712e+01  3.047464944639341e+01  5.747947873617360e+01  8.536364064893654e+02  5.739646789577655e+01  -1.123741918811091e+01  6.316361954272720e-05  2.222494195463464e-07  8.618966268151523e-07
  9.800000000000008e-01  2.993379515525122e+01  3.120772254131920e+01  5.956223791807633e+01  9.457677241644570e+02  5.874413579550563e+01  -1.201649338151749e+01  7.002496179623504e-05  4.801019850694452e-08  8.434445003735103e-07
  9.850000000000008e-01  3.118896825326629e+01  3.173198279670999e+01  6.170475118964042e+01  1.047014218062072e+03  6.009529918025492e+01  -1.268246181262476e+01  7.754835909010579e-05  -1.518772643443221e-07  8.255200548930234e-07
  9.900000000000008e-01  3.260518689430474e+01  3.203228776576199e+01  6.390644752248433e+01  1.158173199995778e+03  6.145899474670348e+01  -1.322307594413108e+01  8.578893191122302e-05  -3.784005767244513e-07  8.092013411435716e-07
  9.950000000000008e-01  3.803138604173681e+01  3.404211829220969e+01  6.860791767928362e+01  1.278823184705866e+03  6.241035482063096e+01  -1.266519478606263e+01  9.481515601307786e-05  4.576860860646190e-08  7.192992472769156e-07
  1.000000000000001e+00  3.706415970796772e+01  3.203649081300311e+01  6.926261385545345e+01  1.413583585421624e+03  6.426091639938858e+01  -1.351209976698066e+01  1.046942786932813e-04  -6.945344080862803e-07  7.716550875606455e-07
  1.005000000000001e+00  4.344187187225947e+01  3.444932437309715e+01  7.458135062340607e+01  1.558639545771825e+03  6.520047540256299e+01  -1.252302519468865e+01  1.154703565876772e-04  -2.200549549375789e-07  6.751026002141576e-07
  1.010000000000000e+00  4.543377055437366e+01  3.374073810536922e+01  7.700686924597001e+01  1.718767979872064e+03  6.686862476081836e+01  -1.246309839890282e+01  1.272254963232105e-04  -5.271817933387461e-07  6.879337026067899e-07
  1.015000000000000e+00  4.718700180243865e+01  3.203860169039545e+01  7.930951694667395e+01  1.893740418102213e+03  6.875587357252670e+01  -1.227108989641921e+01  1.400331086070045e-04  -9.073560641905926e-07  7.262599455406589e-07
  1.020000000000000e+00  4.938895214419498e+01  3.075960441713187e+01  8.201330791992434e+01  2.084285169860564e+03  7.056380891997689e+01  -1.185283815553536e+01  1.539254940327917e-04  -1.262268763490724e-06  7.546305474498924e-07
  1.025000000000000e+00  5.665644071564326e+01  3.270012498533176e+01  8.801797362205315e+01  2.290776843236542e+03  7.204655773025726e+01  -1.002940895008532e+01  1.690205118792892e-04  -7.463590264102153e-07  7.076443315102505e-07
  1.030000000000000e+00  5.879452091968510e+01  3.106237939099482e+01  9.095216151134595e+01  2.516767770921101e+03  7.412987920780535e+01  -9.221964907726829e+00  1.853904628558441e-04  -1.099082546596458e-06  7.559425326632247e-07
  1.035000000000000e+00  6.025697325099951e+01  2.878769203804405e+01  9.373404973585603e+01  2.762684861890816e+03  7.643463563984101e+01  -8.297018966354369e+00  2.031520422033342e-04  -1.499763308155908e-06  8.262348747210415e-07
  1.040000000000000e+00  6.107886311925850e+01  2.616746214272826e+01  9.653738753649537e+01  3.029688818199658e+03  7.892045924370360e+01  -7.238049859296733e+00  2.223644768750061e-04  -1.928064902465993e-06  9.134085067698018e-07
  1.045000000000000e+00  6.808632943788055e+01  2.794071434695395e+01  1.030584931201373e+02  3.315859320251089e+03  8.110386679029111e+01  -4.658442279898418e+00  2.428483141753252e-04  -1.360886122464323e-06  9.258676423354594e-07
  1.050000000000000e+00  6.888658244054400e+01  2.594490970372699e+01  1.066738066923791e+02  3.626890053084313e+03  8.372288374047439e+01  -3.105712318336746e+00  2.649444871978082e-04  -1.724968850737565e-06  1.014498028152263e-06
  1.054999999999999e+00  7.016939141083510e+01  2.490659779945679e+01  1.109615320298975e+02  3.960450637600237e+03  8.617752659829222e+01  -1.241803875263340e+00  2.884351153862011e-04  -2.028752232472501e-06  1.077335692242312e-06
  1.059999999999999e+00  7.220108872217851e+01  2.467957154463610e+01  1.158289561703104e+02  4.316625193540786e+03  8.845639899564129e+01  9.633876779744387e-01  3.132634976237150e-04  -2.280587095583151e-06  1.113267603519849e-06
  1.064999999999999e+00  8.094366224420688e+01  2.846946626583567e+01  1.241116584446164e+02  4.695087624757353e+03  9.062176976295018e+01  4.985546239925843e+00  3.393607622243199e-04  -1.510491898779629e-06  1.110199056133444e-06
  1.069999999999999e+00  8.373260994058779e+01  2.783125194515575e+01  1.292092232420192e+02  5.099231068904956e+03  9.315597323920460e+01  7.803830640668409e+00  3.669480920736289e-04  -1.752405365582616e-06  1.163472954491883e-06
  1.074999999999999e+00  8.653385419933289e+01  2.587992451854722e+01  1.337362113462120e+02  5.527966104493981e+03  9.612670026278512e+01  1.071811929061503e+01  3.958945066726547e-04  -2.072575487686696e-06  1.261670303391209e-06
  1.079999999999999e+00  8.886282858715876e+01  2.189956586697393e+01  1.372817370689667e+02  5.982551328464998e+03  9.984720110768329e+01  1.354275821190376e+01  4.262674122816661e-04  -2.515271246703959e-06  1.438292955134783e-06
  1.084999999999999e+00  9.582003316416092e+01  2.255527413652062e+01  1.438536375789502e+02  6.467671105966951e+03  1.041516170493502e+02  1.769844401765916e+01  4.584086320777315e-04  -1.856952177343270e-06  1.660085117871672e-06
  1.089999999999999e+00  9.605574906702961e+01  1.529251160796058e+01  1.455182115056487e+02  6.979474011137238e+03  1.098653642366618e+02  1.980088225236266e+01  4.919707100037417e-04  -2.462023045584931e-06  2.034784192533912e-06
  1.094999999999999e+00  9.503888718280376e+01  6.821852629415413e+00  1.462670545503228e+02  7.521754508410007e+03  1.166601084377942e+02  2.121263434290155e+01  5.272070320571588e-04  -3.138580251623043e-06  2.507291983954668e-06
  1.099999999999999e+00  9.273848491572002e+01  -1.691225686364844e+00  1.465360270384656e+02  8.096238178058955e+03  1.243633707838050e+02  2.177340174938027e+01  5.641981158670300e-04  -3.816564673095541e-06  3.049917211527334e-06
  1.104999999999998e+00  8.921987431060109e+01  -8.795521805989546e+00  1.468873344844108e+02  8.704459710554660e+03  1.326425658082473e+02  2.137872345724563e+01  6.029955180235360e-04  -4.409492311618748e-06  3.619205285771978e-06
  1.109999999999998e+00  9.157742229406159e+01  -2.753386563212245e+00  1.532137872664341e+02  9.345869470401984e+03  1.396229373519423e+02  2.240165700280674e+01  6.433291096477688e-04  -3.253996836865357e-06  4.044184671551998e-06
  1.114999999999998e+00  8.643083844929835e+01  -3.092707306889123e+00  1.554650269596467e+02  1.002195175343744e+04  1.476551419883543e+02  2.035836712749973e+01  6.854739903702265e-04  -3.382413469807902e-06  4.513555200138788e-06
  1.119999999999998e+00  8.025853589418315e+01  1.241465125562671e+00  1.591415141986998e+02  1.073342268741739e+04  1.548661423470740e+02  1.746884582473359e+01  7.292587042118482e-04  -3.232035645100028e-06  4.857599565046450e-06
  1.124999999999998e+00  7.291459295007695e+01  1.064105335884963e+01  1.643975989106156e+02  1.148005032228404e+04  1.607866846918035e+02  1.388021385963108e+01  7.745395618666808e-04  -2.787161876978641e-06  5.035288604969132e-06
  1.129999999999998e+00  7.343363923761187e+01  3.306849442014368e+01  1.760306876566267e+02  1.224758782372774e+04  1.638258215260771e+02  1.294032512455021e+01  8.197630109085842e-04  -4.651165275388493e-07  4.952608937770996e-06
  1.134999999999998e+00  6.374710908107643e+01  5.018234681878337e+01  1.840300862677904e+02  1.305803188016270e+04  1.666146126867391e+02  8.765867916222199e+00  8.670781831060763e-04  4.850715644602628e-07  4.764623291791786e-06
  1.139999999999998e+00  5.205748520632005e+01  6.998942751123462e+01  1.928287170243910e+02  1.389951194391646e+04  1.675519619789129e+02  4.496858009860802e+00  9.151162735601490e-04  1.561256832147926e-06  4.386693319576937e-06
  1.144999999999998e+00  3.810461612624638e+01  9.091521418333242e+01  2.018820093235684e+02  1.476959229460132e+04  1.667317133120268e+02  3.845905492763202e-01  9.635099833772922e-04  2.654886147461094e-06  3.842579158804317e-06
  1.149999999999997e+00  3.411461890311320e+01  1.168239333017641e+02  2.157098746948779e+02  1.564205886171156e+04  1.642261186549943e+02  1.649861191317644e-01  1.009637485677295e-03  5.344356717159081e-06  3.173522894353007e-06
  1.154999999999997e+00  1.640044060968261e+01  1.339512479183878e+02  2.239901213847251e+02  1.655881432187985e+04  1.613190030120576e+02  -2.891148859693198e+00  1.057371541928989e-03  6.187748034872953e-06  2.439956434073393e-06
  1.159999999999997e+00  -3.336840309315028e+00  1.472226833938003e+02  2.310899539124940e+02  1.749521213300773e+04  1.577992322613784e+02  -5.135978464561739e+00  1.104191839666904e-03  6.718672478334411e-06  1.674264219409444e-06
  1.164999999999997e+00  -2.452507912854661e+01  1.553787824061036e+02  2.367533343210706e+02  1.844762170055660e+04  1.542081869731717e+02  -6.360646439531596e+00  1.149613082054343e-03  6.853404835364550e-06  9.288953023749397e-07
  1.169999999999997e+00  -3.092010565089130e+01  1.641049071608128e+02  2.475337337420991e+02  1.938783801458003e+04  1.517104902064191e+02  -3.016929506957256e+00  1.190945569379925e-03  8.553922408661660e-06  2.570186750604741e-07
  1.174999999999997e+00  -5.181759854805331e+01  1.602999010486595e+02  2.509527398591300e+02  2.036314571261549e+04  1.499987633616256e+02  -1.818616166678093e+00  1.232346977971716e-03  7.895497052458337e-06  -3.014461807709463e-07
  1.179999999999997e+00  -7.137382235570527e+01  1.506102897307721e+02  2.533242835925663e+02  2.134495126095330e+04  1.497748379630534e+02  7.718536487969491e-01  1.271056166667948e-03  6.786633811889178e-06  -7.122189673214524e-07
  1.184999999999997e+00  -8.839713143941364e+01  1.357093246871164e+02  2.550945007939235e+02  2.233037999055991e+04  1.514519795421707e+02  4.786939206402646e+00  1.306687767315274e-03  5.272377589665701e-06  -9.486584816525585e-07
  1.189999999999997e+00  -1.017469061990110e+02  1.166908146184027e+02  2.568058168100064e+02  2.331706638504679e+04  1.553452197057902e+02  1.018790768853001e+01  1.338917157741516e-03  3.426668400742772e-06  -9.937149889039053e-07
  1.194999999999997e+00  -9.439791231929354e+01  1.045510468370424e+02  2.674421940610750e+02  2.429002209426973e+04  1.621958437469703e+02  2.005457144665830e+01  1.366488522964856e-03  3.868426528020086e-06  -9.232922739758631e-07
  1.199999999999996e+00  -9.833903556413796e+01  8.184630301648370e+01  2.709620170713529e+02  2.527831015475956e+04  1.711103941438275e+02  2.780369976357433e+01  1.391622566196251e-03  1.748419353700099e-06  -5.770814304215331e-07
  1.204999999999996e+00  -9.677507036133582e+01  5.947359295179176e+01  2.758628377028591e+02  2.626449028250920e+04  1.824843306119688e+02  3.640995005236169e+01  1.412814776446189e-03  -4.038422487043582e-07  -3.786354558605071e-08
  1.209999999999996e+00  -8.966408980470160e+01  3.896372718351675e+01  2.824684330685463e+02  2.724849200797785e+04  1.961969713851170e+02  4.554163484009068e+01  1.430011386261870e-03  -2.479248721688791e-06  6.819670117946146e-07
  1.214999999999996e+00  -6.313862499693233e+01  3.223677748311303e+01  2.992351521319226e+02  2.822759190346258e+04  2.117263647616712e+02  5.818628325089941e+01  1.443195902479420e-03  -1.705528833909722e-06  1.372763986339779e-06
  1.219999999999996e+00  -4.738675710554802e+01  1.866141896090035e+01  3.094538351109671e+02  2.921161372731464e+04  2.294672115721330e+02  6.728074551700348e+01  1.452741695200506e-03  -3.331844216905182e-06  2.398773166508955e-06
  1.224999999999996e+00  -2.831445781204437e+01  9.989583757629413e+00  3.212896401706434e+02  3.019538981489747e+04  2.487084472359239e+02  7.564455107353039e+01  1.458388567213704e-03  -4.656083758123216e-06  3.549925231010093e-06
  1.229999999999996e+00  -7.223345553980659e+00  6.729771152980756e+00  3.344516120951333e+02  3.118014341774293e+04  2.690582059948177e+02  8.279373873301255e+01  1.460235314586838e-03  -5.635969976480132e-06  4.802184501941921e-06
  1.234999999999996e+00  2.681473050235083e+01  1.785066777115328e+01  3.558560000657235e+02  3.216647742552228e+04  2.890402865119249e+02  9.218561599181518e+01  1.458551301117856e-03  -3.677607050951615e-06  5.860635447950472e-06
  1.239999999999996e+00  4.669918907419049e+01  2.444041855599724e+01  3.701652039185697e+02  3.315631648524242e+04  3.105098881951553e+02  9.578266155551782e+01  1.453064674809550e-03  -3.963573547528862e-06  7.246940957353231e-06
  1.244999999999995e+00  6.406102508625487e+01  3.609592287822489e+01  3.844117903953446e+02  3.414924009583969e+04  3.318417398280306e+02  9.689157980965511e+01  1.443925924929432e-03  -3.917124026234747e-06  8.657203937899929e-06
  1.249999999999995e+00  7.744992655885824e+01  5.238389796964105e+01  3.981266375541502e+02  3.514549499532714e+04  3.526156043686846e+02  9.518972343168363e+01  1.431133429021527e-03  -3.573822690133755e-06  1.006072052488132e-05
  1.254999999999995e+00  9.802105621485005e+01  7.797810022022703e+01  4.170984411655567e+02  3.613649497463586e+04  3.710973201809180e+02  9.516002329511873e+01  1.414016586496498e-03  -5.963873153578643e-07  1.114345061461803e-05
  1.259999999999995e+00  9.988924017901677e+01  1.001471005862772e+02  4.284300725332976e+02  3.713467750746869e+04  3.899453343341719e+02  8.753369263907304e+01  1.393403491301366e-03  1.650827510856930e-07  1.246443155951299e-05
  1.264999999999995e+00  9.498092031285131e+01  1.251088364236782e+02  4.382937304688029e+02  3.813251694428149e+04  4.072252731528244e+02  7.668357277384909e+01  1.368683772390820e-03  1.063423528390300e-06  1.368475077543931e-05
  1.269999999999995e+00  8.294934282296565e+01  1.523393738692393e+02  4.466020184146449e+02  3.912762549401868e+04  4.226781902801785e+02  6.268078490732189e+01  1.339581871037291e-03  2.038309554292892e-06  1.477024032109110e-05
  1.274999999999995e+00  7.814611770549713e+01  1.826432837902056e+02  4.587813168834139e+02  4.009449933389613e+04  4.348767022554681e+02  5.125166679657276e+01  1.303839878241189e-03  5.314020841047061e-06  1.544702322321654e-05
  1.279999999999995e+00  5.267270940949510e+01  2.113307090689388e+02  4.641875369182843e+02  4.107016207767116e+04  4.466147728427679e+02  3.180694004309798e+01  1.264559248433881e-03  6.294423361383369e-06  1.621165966117509e-05
  1.284999999999995e+00  2.121834522892380e+01  2.411190790953062e+02  4.685405693840347e+02  4.203180081502621e+04  4.561817921336959e+02  9.979058457016089e+00  1.219672913825027e-03  7.204069716454370e-06  1.675828083916086e-05
  1.289999999999994e+00  -1.524558214258954e+01  2.718223223529974e+02  4.722011633217865e+02  4.297467082443934e+04  4.635862785183359e+02  -1.379315377195379e+01  1.168678086248066e-03  8.003640015916063e-06  1.706598342003714e-05
  1.294999999999994e+00  -5.549637016206680e+01  3.033199586617301e+02  4.755953614497713e+02  4.389366526202492e+04  4.689088702662168e+02  -3.900981242708909e+01  1.111043262817528e-03  8.661905511400114e-06  1.712084449374695e-05
  1.299999999999994e+00  -8.078210883608048e+01  3.318895792687922e+02  4.839742414588222e+02  4.474568613338840e+04  4.718389407017572e+02  -5.895739426322718e+01  1.043168442616040e-03  1.158051073149094e-05  1.679989144832662e-05
  1.304999999999994e+00  -1.239321725525502e+02  3.631449204596019e+02  4.882892331917283e+02  4.559933808163953e+04  4.740261267709514e+02  -8.545525752858023e+01  9.706075902726439e-04  1.196746588818073e-05  1.639390847047345e-05
  1.309999999999994e+00  -1.664512237848760e+02  3.950198174891808e+02  4.937290255871209e+02  4.641425209923304e+04  4.747766344816298e+02  -1.118139250955500e+02  8.899252515614639e-04  1.216635107471062e-05  1.574767802583655e-05
  1.314999999999994e+00  -2.067621596974675e+02  4.274539430682543e+02  5.007012059704186e+02  4.718577506672817e+04  4.744027769800306e+02  -1.374866409389509e+02  8.006806163831794e-04  1.216969921504826e-05  1.488293164715054e-05
  1.319999999999994e+00  -2.240958986904928e+02  4.554837522432556e+02  5.141980040941055e+02  4.787005520245409e+04  4.728154132128053e+02  -1.558652906939369e+02  6.996425621071712e-04  1.465775774732396e-05  1.373893119188728e-05
  1.324999999999994e+00  -2.556371403205002e+02  4.874668121881755e+02  5.253393156936671e+02  4.854485002539500e+04  4.717159850422713e+02  -1.788818145793144e+02  5.925507085947039e-04  1.435099886767469e-05  1.257485842586545e-05
  1.329999999999994e+00  -2.810124084214881e+02  5.195841486587319e+02  5.387857836723765e+02  4.916732943478435e+04  4.705970673606884e+02  -1.998996512720471e+02  4.761593720825855e-04  1.383633892263075e-05  1.130655362360956e-05
  1.334999999999994e+00  -2.991702736390459e+02  5.515968425285841e+02  5.546127484770468e+02  4.973603038814248e+04  4.698409332740599e+02  -2.185915476198192e+02  3.504011203872639e-04  1.311168906178970e-05  9.985123687588783e-06
  1.339999999999993e+00  -2.892619738665475e+02  5.792177991799558e+02  5.776047011279408e+02  5.022008721166777e+04  4.689920330158507e+02  -2.291109295809619e+02  2.137837501899756e-04  1.519957399654467e-05  8.507578556426288e-06
  1.344999999999993e+00  -2.912896841218137e+02  6.092369485551847e+02  5.982746269114210e+02  5.068630806540624e+04  4.704151695496068e+02  -2.427570016633996e+02  7.020279692828740e-05  1.413508648207217e-05  7.259156229825407e-06
  1.349999999999993e+00  -2.845644769777159e+02  6.381976566430886e+02  6.209882184308229e+02  5.110247790750895e+04  4.732234532113517e+02  -2.536057953561225e+02  -8.207995289934394e-05  1.284138556584113e-05  6.121658973402237e-06
  1.354999999999993e+00  -2.689767390707279e+02  6.657912531476443e+02  6.454869737245568e+02  5.147213693521686e+04  4.776831221796936e+02  -2.616674485337091e+02  -2.425951822010080e-04  1.131528615368442e-05  5.148469232594515e-06
  1.359999999999993e+00  -2.241400527567043e+02  6.905949098827112e+02  6.772028097693229e+02  5.178630897860028e+04  4.824148759713555e+02  -2.619662284077918e+02  -4.102961204986126e-04  1.293187131480078e-05  4.059258854417362e-06
  1.364999999999993e+00  -1.922271896556480e+02  7.138796244578498e+02  7.046655861465430e+02  5.208549206877258e+04  4.911079540095790e+02  -2.649273740673495e+02  -5.845735307250918e-04  1.100755048706988e-05  3.550760715749447e-06
  1.369999999999993e+00  -1.526416348659697e+02  7.350313140203674e+02  7.328937651816564e+02  5.235738633535914e+04  5.019408646286311e+02  -2.655332351633480e+02  -7.648099453515439e-04  8.837828969425263e-06  3.333393987835988e-06
  1.374999999999993e+00  -1.060198544776815e+02  7.540474016750867e+02  7.615603943300820e+02  5.261077391223080e+04  5.149492664342536e+02  -2.640656408015089e+02  -9.500101989977159e-04  6.431775887970742e-06  3.432694424007940e-06
  1.379999999999993e+00  -5.300856067296719e+01  7.711439966766160e+02  7.904030723563435e+02  5.285559367821232e+04  5.300920928740123e+02  -2.608481132221775e+02  -1.139071228869357e-03  3.809934915205590e-06  3.861299767012306e-06
  1.384999999999992e+00  2.604728760506740e+01  7.881716713214830e+02  8.266769204750874e+02  5.311258895016685e+04  5.451407973186824e+02  -2.510805715273579e+02  -1.327761387642360e-03  4.805987674048602e-06  4.080776618121359e-06
  1.389999999999992e+00  8.983290685904279e+01  8.022877957233108e+02  8.562060038746279e+02  5.337948543952311e+04  5.644093122169620e+02  -2.449847121995901e+02  -1.520293296420984e-03  1.966935941372150e-06  5.144508338969250e-06
  1.394999999999992e+00  1.616124617043508e+02  8.187218289092463e+02  8.868376074681322e+02  5.367137649403578e+04  5.848362642050771e+02  -2.377813547585493e+02  -1.713122119166290e-03  -7.639731035513899e-07  6.433959633086553e-06
  1.399999999999992e+00  2.469889743114209e+02  8.422706704959649e+02  9.202095066564918e+02  5.399881295284074e+04  6.053715871163686e+02  -2.295040037543667e+02  -1.905241926043981e-03  -3.033647886730975e-06  7.791690861381317e-06
  1.404999999999992e+00  3.638631014469864e+02  8.748139113945011e+02  9.666715705211318e+02  5.439726648678644e+04  6.231211056866548e+02  -2.125943726652623e+02  -2.090731328568201e-03  -7.273781167641031e-07  8.595990792478751e-06
  1.409999999999992e+00  4.967695772537820e+02  9.208316561536068e+02  1.011754229030183e+03  5.483208202366647e+04  6.398284828466318e+02  -1.991170420809514e+02  -2.277916078960926e-03  -1.021987172009462e-06  9.590772814705806e-06
  1.414999999999992e+00  6.746550013342792e+02  9.801614078637044e+02  1.061471586224825e+03  5.533073947523881e+04  6.483079078450345e+02  -1.829171088981606e+02  -2.462047540464992e-03  -1.851606334360446e-07  9.805219034344163e-06
  1.419999999999992e+00  9.045659243341066e+02  1.037394020147407e+03  1.107837375407202e+03  5.589850565243230e+04  6.428823772683072e+02  -1.645831264859005e+02  -2.642738304450078e-03  8.112672119928597e-07  8.943285145542934e-06
  1.424999999999992e+00  1.122731705738523e+03  1.054709179945708e+03  1.157553231168425e+03  5.661381800487121e+04  6.544447799881855e+02  -1.307509965819855e+02  -2.807164470181006e-03  5.217861925272302e-06  9.663288821261228e-06
  1.429999999999992e+00  1.395302187092616e+03  9.988166605874767e+02  1.153443182298657e+03  5.736960384367048e+04  6.425986019364098e+02  -1.141936466827511e+02  -2.974042369158616e-03  9.896006290635845e-07  9.394045576840758e-06
  1.434999999999991e+00  1.634576164393414e+03  7.852117987836632e+02  1.076978489063887e+03  5.823094464087698e+04  6.390435426789940e+02  -1.118358281399791e+02  -3.131792684595763e-03  -1.227753168159223e-05  1.145758750569419e-05
  1.439999999999991e+00  1.785367556790628e+03  3.757044106939628e+02  9.125465960712131e+02  5.921997474271848e+04  6.620707260191397e+02  -1.324664726723495e+02  -3.276636224082049e-03  -3.655640497793534e-05  1.791926311278582e-05
  1.444999999999991e+00  1.839324832987179e+03  1.222145108614641e+02  8.280123387405484e+02  6.054817785067342e+04  7.372235229526653e+02  -1.526255812964381e+02  -3.381934139293369e-03  -4.342172969964984e-05  2.633801630040029e-05
  1.449999999999991e+00  1.778336616545142e+03  -4.015159563030365e+02  5.988626088155155e+02  6.191474999011573e+04  7.986917346838997e+02  -2.297835273577801e+02  -3.485687476608054e-03  -7.220405982130747e-05  3.774169168208303e-05
  1.454999999999991e+00  1.582641412029961e+03  -8.297772033096147e+02  3.981679886003902e+02  6.352321129300945e+04  8.576066891808748e+02  -3.394603760911078e+02  -3.562452494990442e-03  -9.486114687475768e-05  4.917566160661603e-05
  1.459999999999991e+00  1.255446206163136e+03  -9.984044982320155e+02  2.926089756521069e+02  6.546131251270251e+04  8.778650159354875e+02  -4.782460835259268e+02  -3.604224651246545e-03  -1.031851647249518e-04  5.634491913145290e-05
  1.464999999999991e+00  7.963779790526096e+02  -7.764978986666498e+02  3.346789754943719e+02  6.785256570135176e+04  8.177507450513650e+02  -6.406802670828812e+02  -3.600881404963192e-03  -9.199492942816288e-05  5.462652771155801e-05
  1.469999999999991e+00  4.620106090410844e+02  -2.666671645613147e+02  5.328978261912409e+02  7.064801123590711e+04  6.805767480958590e+02  -8.010187680068726e+02  -3.562368084260254e-03  -5.941103184690354e-05  3.764421999943555e-05
  1.474999999999991e+00  -1.820608699521676e+02  5.912372277300442e+02  8.269768845170182e+02  7.405679204518948e+04  4.284543123444304e+02  -1.002796509604813e+03  -3.469936551831905e-03  -2.365834459850411e-05  1.514686423698998e-05
  1.479999999999990e+00  -8.741878167634485e+02  1.862097646959839e+03  1.282668962371491e+03  7.812749737020121e+04  5.540709752944841e+01  -1.203512878554628e+03  -3.326083085281441e-03  2.575916146271518e-05  -1.969280885468122e-05
  1.484999999999990e+00  -1.525339189309240e+03  3.447488115916929e+03  1.864071433002754e+03  8.279014303272187e+04  -4.195244825769339e+02  -1.386938655229044e+03  -3.144424608421782e-03  8.286925114462060e-05  -6.439233056536469e-05
  1.489999999999990e+00  -1.708340560032094e+03  3.993210428904402e+03  2.178310662420588e+03  8.688361999999057e+04  -6.527208619649787e+02  -1.548082892162910e+03  -3.036975601020093e-03  8.839067820730545e-05  -9.149841524909104e-05
  1.494999999999990e+00  -2.029707576674341e+03  5.396269745304481e+03  2.737364822964279e+03  9.204101692746436e+04  -1.099133075412306e+03  -1.644346959761674e+03  -2.858842582553429e-03  1.189865383423495e-04  -1.318611570259653e-04
  1.499999999999990e+00  -2.065698757419445e+03  6.459322228255314e+03  3.188134104194798e+03  9.717380673246371e+04  -1.464687098479131e+03  -1.653913145653017e+03  -2.713444002374813e-03  1.277076792782238e-04  -1.629678455966197e-04
  1.504999999999990e+00  -1.766756746952348e+03  6.872178766841306e+03  3.422887188161129e+03  1.019706533567987e+05  -1.662203814244203e+03  -1.551751194569835e+03  -2.627692838409342e-03  1.036658581985967e-04  -1.765080970238138e-04
  1.509999999999990e+00  -1.095206935588131e+03  5.784805291624396e+03  3.190629546320591e+03  1.057164144059469e+05  -1.364419070180223e+03  -1.321966462630892e+03  -2.650828946931885e-03  4.821239138766085e-08  -1.495534505657411e-04
  1.514999999999990e+00  -2.453698375155585e+02  4.822183247503606e+03  2.926643321465112e+03  1.095809490717524e+05  -1.160262381329259e+03  -9.296590069042634e+02  -2.689306109731754e-03  -8.480232368412698e-05  -1.231956255698383e-04
  1.519999999999990e+00  8.908695013558512e+02  2.977028986527370e+03  2.353971274579664e+03  1.126550664520657e+05  -7.263761534331230e+02  -3.763753385983833e+02  -2.803162186093033e-03  -1.944989370337894e-04  -7.609124823656973e-05
  1.524999999999989e+00  2.243618687128204e+03  3.610088586036744e+02  1.514515077867662e+03  1.149473170659824e+05  -1.066923738144351e+02  3.293246350469303e+02  -2.978293633990865e-03  -3.170245428600701e-04  -1.386012905828685e-05
  1.529999999999989e+00  3.161243970613997e+03  -1.643435876219504e+03  6.066200252778220e+02  1.181861714920135e+05  5.036141938417671e+02  1.099360460956872e+03  -3.063885210464828e-03  -4.394837797445226e-04  4.944443608069311e-05
  1.534999999999989e+00  4.457475443919214e+03  -4.615034438931331e+03  -4.966691861048798e+02  1.200641780444507e+05  1.128660766008242e+03  1.981096648547366e+03  -3.237300453527307e-03  -5.363941381359724e-04  1.126061012933783e-04
  1.539999999999989e+00  5.642103914676133e+03  -7.620850758245846e+03  -1.630143630612922e+03  1.218369742286801e+05  1.660057572842768e+03  2.872914790973899e+03  -3.385286499222930e-03  -6.076480687309136e-04  1.664275981431560e-04
  1.544999999999989e+00  6.610534280240174e+03  -1.032039587539212e+04  -2.680787587811819e+03  1.238992018954775e+05  1.989276328311535e+03  3.701438966819430e+03  -3.470382188728170e-03  -6.407269434318537e-04  2.028049448721507e-04
  1.549999999999989e+00  6.275268259222193e+03  -1.056646230937659e+04  -3.555648327150221e+03  1.295470394145185e+05  1.855205888419127e+03  4.226434090064503e+03  -3.252071113485185e-03  -6.252759926313032e-04  2.205802061681685e-04
  1.554999999999989e+00  6.470149280559750e+03  -1.180407798041064e+04  -4.255691560320339e+03  1.335257970132188e+05  1.586493722957050e+03  4.679481762092349e+03  -3.103718757072903e-03  -5.578341854147851e-04  2.132271064728973e-04
  1.559999999999989e+00  6.238567738204579e+03  -1.200551566269351e+04  -4.652492677904136e+03  1.389317490502641e+05  9.645385050193572e+02  4.851877572249977e+03  -2.800734815414138e-03  -4.318356632674196e-04  1.796944735192860e-04
  1.564999999999989e+00  5.505872996109586e+03  -1.104475036680897e+04  -4.741331422621031e+03  1.461501326684923e+05  -1.036709854851131e+01  4.690170999219957e+03  -2.318830538378882e-03  -2.511609945083643e-04  1.214073809773550e-04
  1.569999999999989e+00  4.209502028726364e+03  -8.951323391317903e+03  -4.570780967608093e+03  1.554685688348809e+05  -1.291130485122317e+03  4.161341409471271e+03  -1.644843834380689e-03  -2.830823493739177e-05  4.333197614682220e-05
  1.574999999999988e+00  1.597423997256485e+03  -5.737019236206283e+03  -4.624044297471971e+03  1.679645543362275e+05  -2.601381727807634e+03  3.107395103250429e+03  -7.455721470443520e-04  1.701644456609447e-04  -1.185239656473926e-05
  1.579999999999988e+00  -6.186020067309370e+02  -2.387302669296677e+03  -4.177559051636939e+03  1.809542340038211e+05  -4.148078459160121e+03  1.878933378766633e+03  2.342573767860374e-04  4.193746134401134e-04  -1.037115322803730e-04
  1.584999999999988e+00  -3.277412317020635e+03  1.468203933546749e+03  -3.669749041581540e+03  1.960730213611854e+05  -5.694067069902396e+03  3.494780934233388e+02  1.370473781570283e-03  6.598324637382424e-04  -1.923528148968235e-04
  1.589999999999988e+00  -6.264124526237024e+03  5.583255580761131e+03  -3.153830135578973e+03  2.131348115454348e+05  -7.141648702156180e+03  -1.411415756276590e+03  2.634528503270802e-03  8.772954525002974e-04  -2.726119459595734e-04
  1.594999999999988e+00  -9.221107755613368e+03  8.686910552412837e+03  -2.891356560040365e+03  2.296230618193938e+05  -8.283064160218364e+03  -3.329699413014471e+03  3.789233974779753e-03  1.023043886867683e-03  -3.213999837869245e-04
  1.599999999999988e+00  -1.201117441130142e+04  1.244296018730502e+04  -2.300241588159505e+03  2.486260901680581e+05  -9.400816963986359e+03  -5.246674617719660e+03  5.118425214651257e-03  1.177043257050820e-03  -3.855067359613077e-04
  1.604999999999988e+00  -1.455459945441505e+04  1.593321125279317e+04  -1.694432325855032e+03  2.683950336245621e+05  -1.027377863499178e+04  -7.105278198193551e+03  6.444557698140197e-03  1.291810205627434e-03  -4.375810993098301e-04
  1.609999999999988e+00  -1.665834074632443e+04  1.895716029898713e+04  -1.070840099075836e+03  2.883772007734875e+05  -1.086227905543261e+04  -8.803500671478927e+03  7.713113820781983e-03  1.363811325013491e-03  -4.760372620505039e-04
  1.614999999999988e+00  -1.725468202160005e+04  1.996346292017349e+04  -3.912921476738128e+02  3.041523961786923e+05  -1.117270940624290e+04  -1.016633395888568e+04  8.567699048623123e-03  1.387337708640692e-03  -4.960730123397491e-04
  1.619999999999987e+00  -1.789747497010015e+04  2.142542042866780e+04  3.010236897782065e+02  3.228561149313428e+05  -1.116152623924384e+04  -1.126620122663511e+04  9.564667236609656e-03  1.367296720251729e-03  -5.059852673003023e-04
  1.624999999999987e+00  -1.781083961304577e+04  2.177600746287808e+04  9.222860393496067e+02  3.404730771348644e+05  -1.078713708105273e+04  -1.196958989652042e+04  1.038004255993532e-02  1.284331491719780e-03  -4.953176994063201e-04
  1.629999999999987e+00  -1.695318818558964e+04  2.083942388143448e+04  1.442128214516482e+03  3.566401421405572e+05  -1.004507981611190e+04  -1.222624667110129e+04  1.098315507886970e-02  1.133698720614797e-03  -4.621875578771837e-04
  1.634999999999987e+00  -1.423895929410411e+04  1.826406290925224e+04  2.274716825607000e+03  3.683408971805034e+05  -9.286607795310745e+03  -1.190522607107768e+04  1.117282826080927e-02  9.867344215287975e-04  -4.303397158381760e-04
  1.639999999999987e+00  -1.184315074444296e+04  1.511110098785741e+04  2.686093774656247e+03  3.817404492285230e+05  -7.975829473590084e+03  -1.119140009481528e+04  1.137617901626035e-02  7.290330737372119e-04  -3.626550323271158e-04
  1.644999999999987e+00  -8.741849560345050e+03  1.089000068356690e+04  3.023185367149415e+03  3.935553817136988e+05  -6.420451830646033e+03  -9.981807775419084e+03  1.137119212884411e-02  4.243804436085970e-04  -2.786944987033486e-04
  1.649999999999987e+00  -4.975704798254268e+03  5.891357937222923e+03  3.345282837727928e+03  4.039575346961952e+05  -4.705498555790448e+03  -8.289451919649915e+03  1.118167155152333e-02  9.187049465840045e-05  -1.845201610215497e-04
  1.654999999999987e+00  -6.171508859071045e+02  4.821564142377356e+02  3.720831306076813e+03  4.132623701818918e+05  -2.931221492536800e+03  -6.142867010849982e+03  1.084479372973267e-02  -2.463889988882090e-04  -8.761766028598348e-05
  1.659999999999987e+00  4.566798385685728e+03  -4.169784822696018e+03  4.663767338088806e+03  4.229697079532385e+05  -1.675618581722706e+03  -3.616214282011721e+03  1.055056843270998e-02  -4.719495815949336e-04  -3.494457115408460e-05
  1.664999999999986e+00  9.433775724487521e+03  -9.324466754659479e+03  5.178704120473126e+03  4.324258365686428e+05  -2.122504469590695e+01  -7.391694880601275e+02  1.015146700961427e-02  -7.757540419655240e-04  4.847877773849224e-05
  1.669999999999986e+00  1.436664816993128e+04  -1.403773806941572e+04  5.780484197837338e+03  4.422991644901146e+05  1.451610295473419e+03  2.418266372559808e+03  9.770738523421035e-03  -1.041478448386330e-03  1.169875533118439e-04
  1.674999999999986e+00  1.911888992681848e+04  -1.814847502584572e+04  6.422851511033160e+03  4.532173898160887e+05  2.682608228866301e+03  5.766496716795171e+03  9.476112289083424e-03  -1.262250721752804e-03  1.667161863414295e-04
  1.679999999999986e+00  2.308612377765774e+04  -2.101856226459246e+04  7.153575510408016e+03  4.693723723749540e+05  3.455808669244864e+03  9.059655604450560e+03  9.648570528516545e-03  -1.391650238639847e-03  1.760175301209625e-04
  1.684999999999986e+00  2.651587194266557e+04  -2.379335911324312e+04  7.534853696843817e+03  4.848702749852754e+05  4.241446794002930e+03  1.247769583752246e+04  9.763090043004876e-03  -1.534177233180051e-03  1.934003039815964e-04
  1.689999999999986e+00  2.903754909097142e+04  -2.586815009361034e+04  7.700342118366824e+03  5.031870239056024e+05  4.740493880243073e+03  1.575631514552957e+04  1.014404326226595e-02  -1.631953948093181e-03  1.935331764691094e-04
  1.694999999999986e+00  3.047400269570791e+04  -2.727470568344941e+04  7.565039438126244e+03  5.248645023757517e+05  4.972020638829696e+03  1.876572747757721e+04  1.083806986059160e-02  -1.689036935631333e-03  1.804275173683060e-04
  1.699999999999986e+00  3.024123309066633e+04  -2.767116962875074e+04  7.077253846167602e+03  5.543593005122696e+05  5.176976728360847e+03  2.131098317864528e+04  1.216315220751058e-02  -1.708889274693189e-03  1.649687125972203e-04
  1.704999999999986e+00  2.924012908103123e+04  -2.782706746524325e+04  6.209799000178430e+03  5.838162478543768e+05  5.096761380876816e+03  2.347685267663702e+04  1.354326486509463e-02  -1.700462118715884e-03  1.497031193024472e-04
  1.709999999999986e+00  2.708157027568269e+04  -2.739723974469968e+04  5.004257195143164e+03  6.174315896082495e+05  4.902333770760551e+03  2.503190119160637e+04  1.527824034535209e-02  -1.658344496282362e-03  1.415754416291968e-04
  1.714999999999985e+00  2.387930084969532e+04  -2.635697866026145e+04  3.528893643619331e+03  6.553054154525477e+05  4.684422768253111e+03  2.589751320426712e+04  1.736156044331066e-02  -1.581281746603704e-03  1.492538573611337e-04
  1.719999999999985e+00  1.950284378801412e+04  -2.411490219139048e+04  1.989909194661663e+03  7.001053634573232e+05  4.840741326404879e+03  2.621772299163448e+04  1.991120707216274e-02  -1.469533969539523e-03  1.902678052552609e-04
  1.724999999999985e+00  1.478006101876947e+04  -2.157849480783965e+04  3.299718858945929e+02  7.457779584614154e+05  4.795012128572735e+03  2.568206987889043e+04  2.258394217607996e-02  -1.304574898980323e-03  2.457491350935262e-04
  1.729999999999985e+00  9.575035888758244e+03  -1.820465463994125e+04  -1.261282453308269e+03  7.952993881610349e+05  4.924568703641950e+03  2.442637985219920e+04  2.552392606634703e-02  -1.087684520625311e-03  3.293959863754787e-04
  1.734999999999985e+00  4.051862432850456e+03  -1.394919337825592e+04  -2.687184164463669e+03  8.483864860711792e+05  5.260440617559767e+03  2.250958254327361e+04  2.869099999774964e-02  -8.156198795324102e-04  4.402466166514439e-04
  1.739999999999985e+00  -1.653742182819947e+03  -8.824458916429157e+03  -3.875499843055889e+03  9.046406173811711e+05  5.792944075459765e+03  2.001249178008347e+04  3.203592817304522e-02  -4.888156617360581e-04  5.736025744160487e-04
  1.744999999999985e+00  -7.409027770576810e+03  -2.883726659846830e+03  -4.761272784535119e+03  9.629375882379581e+05  6.366619486374999e+03  1.745291229630472e+04  3.537381224145913e-02  -1.453426096335271e-04  6.967918479396598e-04
  1.749999999999985e+00  -1.307188568521378e+04  3.525352043771819e+03  -5.406002412500470e+03  1.023058991436564e+06  7.018475918794020e+03  1.410251404034916e+04  3.883366067783547e-02  2.675943811691207e-04  8.388433802178788e-04
  1.754999999999985e+00  -1.866802549712621e+04  1.041484363297237e+04  -5.768947787600051e+03  1.084589708660206e+06  7.622667384797128e+03  1.049305395783413e+04  4.228389286407034e-02  7.113668282051894e-04  9.684815793989590e-04
  1.759999999999984e+00  -2.415652116201870e+04  1.757228602719269e+04  -5.883099777133126e+03  1.146839904367103e+06  8.026291842253888e+03  6.756718162414114e+03  4.565629359384211e-02  1.171143784919611e-03  1.066286739111850e-03
  1.764999999999984e+00  -2.916657589127789e+04  2.388818037159496e+04  -6.071459147949746e+03  1.205734768090455e+06  7.975461915515661e+03  3.426742233492049e+03  4.855766717487948e-02  1.559079313070001e-03  1.093543559785545e-03
  1.769999999999984e+00  -3.413839834699421e+04  3.058208378295595e+04  -5.964230223182921e+03  1.266242409345404e+06  7.692202393070037e+03  -2.555419302686384e+02  5.148517896299357e-02  1.994265634061464e-03  1.092533346994692e-03
  1.774999999999984e+00  -3.867439571935183e+04  3.686047745549807e+04  -5.754154511040428e+03  1.324977959216514e+06  6.948622125182756e+03  -3.746306525092867e+03  5.409592466505406e-02  2.398434584021529e-03  1.025848449198372e-03
  1.779999999999984e+00  -4.257054832705060e+04  4.250989771969882e+04  -5.477569428331820e+03  1.380937436407423e+06  5.783827287695796e+03  -6.973783918682763e+03  5.629716927507339e-02  2.756956891585518e-03  8.966618251510721e-04
  1.784999999999984e+00  -4.544332049363301e+04  4.583397139949494e+04  -5.728472178209955e+03  1.427914505124752e+06  4.637195533371731e+03  -9.644842687924693e+03  5.754577342300429e-02  2.978484410247503e-03  7.556475927772986e-04
  1.789999999999984e+00  -4.759928786730253e+04  4.951034065191761e+04  -5.458599339082819e+03  1.474797065913696e+06  3.105976584352350e+03  -1.228799148330270e+04  5.861095999382836e-02  3.208766479995081e-03  5.582045562359818e-04
  1.794999999999984e+00  -4.875683735447266e+04  5.186117402875214e+04  -5.235053111895902e+03  1.515890041897749e+06  1.599152978515330e+03  -1.456893435585024e+04  5.899502356340983e-02  3.347819921238590e-03  3.454971938988392e-04
  1.799999999999984e+00  -4.894393995830347e+04  5.260819649970630e+04  -5.122730675136228e+03  1.550192707339987e+06  3.033196775157894e+02  -1.647080156029858e+04  5.861035401458431e-02  3.378791129825140e-03  1.376847827976235e-04
  1.804999999999984e+00  -4.821635846567978e+04  5.102648061866876e+04  -5.323816442640944e+03  1.571841477650538e+06  -4.995725122482773e+02  -1.789588211517793e+04  5.696962039043127e-02  3.290177376468360e-03  -1.273308612318120e-05
  1.809999999999983e+00  -4.671309804014201e+04  4.857842070494252e+04  -5.274863118438046e+03  1.590275271586235e+06  -1.156103236173976e+03  -1.904072707967585e+04  5.484760743429444e-02  3.108802294430045e-03  -1.825937712204552e-04
  1.814999999999983e+00  -4.459244319482048e+04  4.433818282544459e+04  -5.353142589200937e+03  1.599678216628335e+06  -1.367179701427994e+03  -1.974400802096150e+04  5.175841231364979e-02  2.808134442822677e-03  -3.209729700617386e-04
  1.819999999999983e+00  -4.199533921166623e+04  3.850310039325646e+04  -5.522475300758230e+03  1.599489750154922e+06  -1.174280578964580e+03  -1.998884522162076e+04  4.765253352893352e-02  2.402866375984808e-03  -4.298968269941008e-04
  1.824999999999983e+00  -3.905374208801143e+04  3.199124951393712e+04  -5.367330762394578e+03  1.586643576360209e+06  -1.104460271307075e+03  -1.996248870416516e+04  4.235358901789965e-02  1.982071866589703e-03  -5.381631006586968e-04
  1.829999999999983e+00  -3.579362553126517e+04  2.416950266051119e+04  -5.429294672137041e+03  1.567089088490008e+06  -5.786996140675972e+02  -1.937948590984839e+04  3.623428629617491e-02  1.449417929341609e-03  -6.317841477719424e-04
  1.834999999999983e+00  -3.224145432327890e+04  1.592761158695850e+04  -5.367150757843340e+03  1.537363929808941e+06  -8.780075700283291e+01  -1.834916851456872e+04  2.907742900920288e-02  8.997437888147447e-04  -7.304976869948707e-04
  1.839999999999983e+00  -2.834128976352261e+04  7.779797290799384e+03  -5.065945948196780e+03  1.497566264261950e+06  1.753734316009429e+02  -1.690885750355171e+04  2.091215407222801e-02  3.728302065162728e-04  -8.476395270588671e-04
  1.844999999999983e+00  -2.402778912064010e+04  1.392367437381802e+02  -4.472960152296960e+03  1.447919111806961e+06  8.225242995639441e+01  -1.512817141966906e+04  1.178219021729590e-02  -9.982837629759530e-05  -9.888470046457978e-04
  1.849999999999983e+00  -1.971483266097261e+04  -7.134998545331004e+03  -3.957099247305673e+03  1.389268119027623e+06  -4.501233710604445e+02  -1.376984777565987e+04  1.920237428156787e-03  -5.431561598181250e-04  -1.154627435983690e-03
  1.854999999999982e+00  -1.453789143774878e+04  -1.332532157839740e+04  -3.100770861870857e+03  1.321391174041385e+06  -1.135417384556673e+03  -1.164445575281957e+04  -8.945535064237462e-03  -8.903412754813292e-04  -1.312757475308189e-03
  1.859999999999982e+00  -8.843972852300181e+03  -1.843451244605278e+04  -2.127585195072428e+03  1.244573359231117e+06  -2.080796668853808e+03  -9.474030331018337e+03  -2.062991378251174e-02  -1.152771555578079e-03  -1.461455665757397e-03
  1.864999999999982e+00  -2.675987357962413e+03  -2.247240631292032e+04  -1.165472662337679e+03  1.159166440812516e+06  -3.145756970828963e+03  -7.374809625687127e+03  -3.308073888308743e-02  -1.341383611793611e-03  -1.580239693916336e-03
  1.869999999999982e+00  3.240619069488314e+03  -2.638204935309762e+04  -7.780323194439649e+02  1.067604758405473e+06  -3.911267456440681e+03  -6.030681247440670e+03  -4.597251921951455e-02  -1.560045119036695e-03  -1.643593188565489e-03
  1.874999999999982e+00  9.957368650471837e+03  -2.863578710386532e+04  -1.112251198834308e+02  9.666049608936346e+05  -4.773780160084679e+03  -4.216081442783447e+03  -5.977744032942915e-02  -1.654156633893165e-03  -1.654832764433533e-03
  1.879999999999982e+00  1.668348831122630e+04  -3.025030168254133e+04  2.670969421358653e+02  8.581877430697799e+05  -5.383729713337975e+03  -2.659878817915168e+03  -7.419286337932950e-02  -1.731192414061445e-03  -1.595877266934481e-03
  1.884999999999982e+00  2.317296720507157e+04  -3.147281143736390e+04  3.015892190797832e+02  7.428168306942345e+05  -5.670452805237011e+03  -1.379097661188871e+03  -8.916635334523487e-02  -1.812894209190902e-03  -1.465482063460497e-03
  1.889999999999982e+00  2.875492665842746e+04  -3.269740068335788e+04  1.182233974737875e+02  6.244368642836304e+05  -5.507723451385743e+03  -5.726718096536174e+02  -1.043006095758995e-01  -1.929812672881211e-03  -1.291463785599792e-03
  1.894999999999982e+00  3.414174560438425e+04  -3.348723026177895e+04  -3.648417197208146e+02  4.972430721538096e+05  -5.235305042834012e+03  3.311368865268660e+02  -1.201889906824196e-01  -2.036467035632540e-03  -1.054558879989299e-03
  1.899999999999981e+00  3.873130271009788e+04  -3.422664638850997e+04  -1.066807818764389e+03  3.648380749347449e+05  -4.734071369244741e+03  1.035201194999460e+03  -1.364592664946951e-01  -2.163747202609197e-03  -7.834948950285163e-04
  1.904999999999981e+00  4.247168969904034e+04  -3.480140816082515e+04  -1.850624343774573e+03  2.279432008570771e+05  -4.100148223422481e+03  1.589149818090835e+03  -1.530431513609166e-01  -2.295681615867737e-03  -4.977421352545305e-04
  1.909999999999981e+00  4.528697144322872e+04  -3.464317816911964e+04  -2.253491611437074e+03  9.149935175853646e+04  -3.433432021091183e+03  2.025163428689500e+03  -1.694564968930325e-01  -2.376076742263166e-03  -2.422192260213418e-04
  1.914999999999981e+00  4.743355761742799e+04  -3.429415419532867e+04  -2.849102310612231e+03  -5.196585051655509e+04  -2.803637029987482e+03  2.416103860171623e+03  -1.864227339340150e-01  -2.451280973428564e-03  2.713737391816576e-05
  1.919999999999981e+00  4.893081862051150e+04  -3.304123501021950e+04  -3.138223452940516e+03  -1.976957853422873e+05  -2.249428156630031e+03  2.722288531624854e+03  -2.034735286704419e-01  -2.456487650686244e-03  2.738746121969073e-04
  1.924999999999981e+00  4.989938361475142e+04  -3.061770088223163e+04  -3.032549606951095e+03  -3.449149577966234e+05  -1.773302567159441e+03  2.936245134446732e+03  -2.205213860394388e-01  -2.367635174026236e-03  4.959985141343051e-04
  1.929999999999981e+00  5.042684070552251e+04  -2.686599693016391e+04  -2.505578974643395e+03  -4.928742186442234e+05  -1.332441724271450e+03  3.029978778117542e+03  -2.374767131334500e-01  -2.171340453260668e-03  6.970030033313887e-04
  1.934999999999981e+00  5.050151239182703e+04  -2.219997960548161e+04  -1.721976032666950e+03  -6.374535152236376e+05  -8.276951966753688e+02  3.014410969317337e+03  -2.539207465067311e-01  -1.908831898271099e-03  8.707199299504484e-04
  1.939999999999981e+00  5.025446962436234e+04  -1.601471010332286e+04  -5.061784027120084e+02  -7.851419834757827e+05  -2.951223804575854e+02  2.817718743678647e+03  -2.704731263241461e-01  -1.521881232747000e-03  1.048198258519170e-03
  1.944999999999981e+00  4.960928678880383e+04  -8.773017195251305e+03  1.005864175579159e+03  -9.316359469001134e+05  3.765320507181654e+02  2.442717770019376e+03  -2.866909648332595e-01  -1.053794160505986e-03  1.222020275834380e-03
  1.949999999999980e+00  4.850664162431375e+04  -8.434951367120992e+02  2.716209262694468e+03  -1.076360202979790e+06  1.212426710554414e+03  1.911095091802202e+03  -3.025037518204844e-01  -5.359006571114896e-04  1.394517618157670e-03
  1.954999999999980e+00  4.706672192673192e+04  6.748335064437525e+03  4.472139986200727e+03  -1.216826913394722e+06  2.022765870308756e+03  1.502839785102991e+03  -3.177214687023628e-01  -5.924077142347223e-05  1.538205822639434e-03
  1.959999999999980e+00  4.489872379518739e+04  1.470207588717001e+04  6.303726608946028e+03  -1.356917134854078e+06  3.004961994626224e+03  8.718275691593535e+02  -3.326177202650988e-01  4.515805041186490e-04  1.689386565329525e-03
  1.964999999999980e+00  4.204150530817902e+04  2.183842794672967e+04  7.986678987434655e+03  -1.493866526183582e+06  3.965178060834852e+03  2.697079008938915e+02  -3.469747809838521e-01  8.963115916344862e-04  1.814888712367292e-03
  1.969999999999980e+00  3.842744189855007e+04  2.762444933348699e+04  9.392408035191587e+03  -1.627336770088917e+06  4.771801180109775e+03  -2.269554233553404e+02  -3.607757509368580e-01  1.237010774462399e-03  1.897514017980306e-03
  1.974999999999980e+00  3.443517206046536e+04  3.191781500388724e+04  1.056351580507784e+04  -1.756582207726772e+06  5.114496131547926e+03  -3.664983807821425e+02  -3.740515928330612e-01  1.462414984567547e-03  1.906331149873758e-03
  1.979999999999980e+00  2.929876719162275e+04  3.419241384029537e+04  1.114954886377293e+04  -1.882800767801896e+06  5.295758275628476e+03  -5.736626077940192e+02  -3.867656627546989e-01  1.549514692274030e-03  1.862023725658200e-03
  1.984999999999980e+00  2.345307044796589e+04  3.435821884773859e+04  1.124919114932096e+04  -2.004999302175003e+06  5.027645780053103e+03  -5.848364009311895e+02  -3.989289202201950e-01  1.488595164699464e-03  1.733145715905644e-03
  1.989999999999980e+00  1.703596589801108e+04  3.253928967517557e+04  1.090078405218569e+04  -2.123156070008853e+06  4.278176539889209e+03  -4.100146527296260e+02  -4.105557275602068e-01  1.292191081442935e-03  1.514171933827416e-03
  1.994999999999979e+00  1.071681444994797e+04  3.021931052711919e+04  1.032609707129797e+04  -2.238042074867519e+06  3.173614395177910e+03  -1.056860286017677e+02  -4.217798847887342e-01  1.071872464315734e-03  1.240887916392159e-03
  1.999999999999979e+00  3.810007294346559e+03  2.565528250164181e+04  9.369930732142844e+03  -2.348570857907219e+06  1.653493775346326e+03  2.772079228058630e+02  -4.323951972282926e-01  7.004459337159209e-04  8.712995821393683e-04
