TITLE = "Temporal Signal for receiver number 00004"
VARIABLES = "Time","s_xx","s_yy","s_zz","s_xy","s_yz","s_xz","v1","v2","v3"
# x1       3.000000000000e+03
# x2       -1.000000000000e+03
# x3       -7.500000000000e+03
# cell-global-id 8700
  0.000000000000000e+00  0.000000000000000e+00  0.000000000000000e+00  0.000000000000000e+00  0.000000000000000e+00  0.000000000000000e+00  0.000000000000000e+00  0.000000000000000e+00  0.000000000000000e+00  0.000000000000000e+00
  5.000000000000000e-03  0.000000000000000e+00  0.000000000000000e+00  0.000000000000000e+00  0.000000000000000e+00  0.000000000000000e+00  0.000000000000000e+00  0.000000000000000e+00  0.000000000000000e+00  0.000000000000000e+00
  1.000000000000000e-02  -1.472332070090940e-07  -1.220956855661004e-07  -9.930069439053049e-08  6.910797349052743e-08  -3.500049048383188e-08  4.581740293925297e-08  1.727514317326352e-14  -8.164329715482236e-15  -2.833687957432706e-15
  1.500000000000000e-02  -3.616118006103121e-07  -3.067375087771204e-07  -2.201575045815006e-07  2.281775283294799e-07  -1.001117038608340e-07  1.872584503863801e-07  4.528890990272596e-14  -2.170182938598940e-14  -1.039517382872864e-14
  2.000000000000000e-02  -3.440046268696509e-07  -2.467366912008316e-07  -1.318731258377362e-07  2.625810687002624e-07  -1.138831660658918e-07  2.749888986015349e-07  4.061037539195865e-14  -1.715158049391981e-14  -1.071374462483239e-14
  2.500000000000000e-02  -2.692892954805203e-07  -1.066058683758083e-07  -2.008811134057120e-08  1.912915629888680e-07  -9.899400999243344e-08  3.041705850260018e-07  2.680129827017446e-14  -8.368017877150562e-15  -8.365244882185729e-15
  3.000000000000000e-02  6.695796692609125e-08  2.422626579377378e-07  2.503855784581234e-07  -8.290412738331547e-08  1.618938575619435e-09  1.081147052708024e-07  -2.853444742332783e-14  1.856626447205584e-14  6.857851886879322e-15
  3.500000000000000e-02  3.638103478789949e-07  4.937090977801936e-07  4.017304731609751e-07  -4.058155523000632e-07  1.080516966679124e-07  -1.773626259073040e-07  -8.155942724969098e-14  3.847065919865089e-14  2.037293740666085e-14
  4.000000000000000e-02  5.287017667737477e-07  5.517937434944081e-07  3.835237178046747e-07  -6.405181959172356e-07  1.748022524856032e-07  -4.227348367801356e-07  -1.094166721152019e-13  4.254342716831417e-14  2.551760220628955e-14
  4.500000000000000e-02  6.899954854213918e-07  5.463048695311061e-07  3.717294850888802e-07  -7.312761894043451e-07  2.232829038300943e-07  -6.219604879399599e-07  -1.235495988452183e-13  4.349933465502546e-14  3.112530833573084e-14
  5.000000000000000e-02  6.015819276133050e-07  3.200454634487050e-07  1.401659422291738e-07  -6.597710627364567e-07  1.941949317018571e-07  -6.566453458226702e-07  -9.878569714555708e-14  2.454965012884838e-14  2.058502041606246e-14
  5.499999999999999e-02  4.335713141430283e-07  5.582189233916568e-08  -9.508143610584770e-08  -4.102613790893957e-07  1.292143545516156e-07  -5.310163340258214e-07  -4.905560616492303e-14  1.483714798262925e-15  5.797291649078613e-15
  5.999999999999999e-02  2.460062744924562e-07  -1.751732001204261e-07  -2.723325536386380e-07  -5.304539854630005e-08  5.411110501367587e-08  -3.060512975592255e-07  1.018820847569905e-14  -1.828456740602839e-14  -7.964835570187710e-15
  6.499999999999999e-02  5.019455165058129e-08  -3.854486343522306e-07  -4.271878011097374e-07  2.318050623095870e-07  -1.663890879452235e-08  -1.571506818548945e-07  4.709990096493883e-14  -3.232794320408671e-14  -1.999835903883512e-14
  6.999999999999999e-02  -1.373350178560492e-07  -5.011670634838835e-07  -4.706951643716833e-07  6.013821919693625e-07  -8.149392600255233e-08  1.378593905818051e-07  1.004942810405509e-13  -4.113684251360043e-14  -2.838247323276298e-14
  7.500000000000000e-02  -2.698563514085023e-07  -5.318768701935149e-07  -4.252047027093098e-07  8.696754902855369e-07  -1.192600985656880e-07  3.664758444874418e-07  1.340306044159617e-13  -4.121720783885670e-14  -3.014600760159254e-14
  8.000000000000000e-02  -3.544302619457537e-07  -4.952724832600693e-07  -3.218191126313903e-07  1.001679757111927e-06  -1.325983847741226e-07  5.044510579142667e-07  1.454784463071733e-13  -3.498717662218344e-14  -2.689878553156832e-14
  8.500000000000001e-02  -4.680077288568654e-07  -4.459160493441271e-07  -2.556410838234040e-07  1.058134332908227e-06  -1.510881048047942e-07  6.592247049794386e-07  1.568931797396538e-13  -3.169282272428559e-14  -2.847905114258859e-14
  9.000000000000001e-02  -4.520663065442598e-07  -2.926811013685308e-07  -8.299913422636316e-08  9.412829109165375e-07  -1.235002610711706e-07  6.491024636113595e-07  1.351170354846688e-13  -1.824795136141782e-14  -1.844731211891035e-14
  9.500000000000001e-02  -4.099358857559374e-07  -1.231553791925420e-07  7.180983002820146e-08  7.147064696703857e-07  -8.885635851881162e-08  5.640508999936413e-07  9.922976868073510e-14  -5.197099531097186e-15  -8.204468500289241e-15
  1.000000000000000e-01  -3.529700404098960e-07  4.516501127133794e-08  1.949230223895148e-07  4.191804875783234e-07  -5.424871809654194e-08  4.335718880585088e-07  5.574246796650695e-14  5.749250448996950e-15  8.706782197971965e-16
  1.050000000000000e-01  -2.889296674956882e-07  1.968808934241220e-07  2.812589149087237e-07  9.610852861705556e-08  -2.444619563175856e-08  2.846574944012050e-07  1.052352588552020e-14  1.374062452361332e-14  8.058284648686315e-15
  1.100000000000000e-01  -1.885339999325479e-07  3.639162045859101e-07  3.836048157106073e-07  -1.743501271770783e-07  1.389386710034350e-08  1.979811487668835e-07  -2.216489007307403e-14  2.245096092312910e-14  1.719390016647649e-14
  1.150000000000000e-01  -1.212200950319187e-07  4.433886809285487e-07  3.968026601696813e-07  -4.783753663273193e-07  2.965824781032279e-08  3.226957188196060e-08  -6.471772976141869e-14  2.495298791484141e-14  2.117182422231768e-14
  1.200000000000000e-01  -6.663811938229396e-08  4.730856448309548e-07  3.732002123337741e-07  -7.221884244592208e-07  3.462875806561309e-08  -1.020089901143647e-07  -9.796921396109514e-14  2.449967240053820e-14  2.240571437905472e-14
  1.250000000000000e-01  -2.247094757506701e-08  4.558494850659297e-07  3.213568161814845e-07  -8.930804111219820e-07  3.158806945771959e-08  -1.987720029419183e-07  -1.205931636837343e-13  2.210467362647531e-14  2.137594876987742e-14
  1.300000000000000e-01  3.925090384074210e-08  4.254476437593057e-07  2.805774090890442e-07  -1.032315385096805e-06  3.670737233755307e-08  -3.133423511770564e-07  -1.415933221056717e-13  2.064707655678896e-14  2.356932081323848e-14
  1.350000000000000e-01  5.345529858495163e-08  3.198090519841554e-07  1.772337823329605e-07  -1.060152802280645e-06  2.042081259947586e-08  -3.532465765273385e-07  -1.451812307128569e-13  1.524805771731334e-14  1.838071348784099e-14
  1.400000000000000e-01  6.673973497085154e-08  1.975024362058997e-07  7.168446130542334e-08  -1.015172339708898e-06  5.989393282847831e-09  -3.572702258036210e-07  -1.384851970117296e-13  1.027212243522076e-14  1.248445482825506e-14
  1.450000000000000e-01  8.262869480803807e-08  7.129264245206101e-08  -2.801536698957851e-08  -9.095331405447340e-07  -3.768801147623371e-09  -3.351470345745521e-07  -1.234698464001964e-13  6.123809498400033e-15  6.602918129831372e-15
  1.500000000000000e-01  7.440984386892920e-08  -7.576735231859135e-08  -1.416794617725723e-07  -8.096739219433943e-07  -1.954048362803348e-08  -3.696086059688675e-07  -1.128702083440401e-13  -3.221813117768609e-16  7.602012676506506e-16
  1.550000000000001e-01  9.044622671314699e-08  -1.864256181318502e-07  -2.193359121460442e-07  -6.114598328379985e-07  -2.089569250789727e-08  -3.092640331092768e-07  -8.506277281999740e-14  -3.130205684565561e-15  -4.933293202160092e-15
  1.600000000000001e-01  1.139536024165419e-07  -2.702339591142989e-07  -2.713628188902626e-07  -3.913544248413420e-07  -1.461928347709552e-08  -2.448014032394856e-07  -5.457338262175124e-14  -4.857530626837488e-15  -9.018777630126634e-15
  1.650000000000001e-01  1.402458944311857e-07  -3.256695848423054e-07  -2.981670650420578e-07  -1.618499262415025e-07  -2.898966150525840e-09  -1.824936463230774e-07  -2.320521215384514e-14  -5.926892998153661e-15  -1.143437652397850e-14
  1.700000000000001e-01  1.311308345035456e-07  -3.946795132502278e-07  -3.416356434041942e-07  5.732379572615918e-08  -7.318397768873113e-09  -1.450842034884276e-07  4.494201638322277e-15  -9.019814323236005e-15  -1.631165927822091e-14
  1.750000000000001e-01  1.593999098142016e-07  -3.873982669068860e-07  -3.147695103871155e-07  2.866067754190504e-07  1.121551623435326e-08  -7.934615331830214e-08  3.540391566840775e-14  -8.581791692605332e-15  -1.576055100603529e-14
  1.800000000000001e-01  1.760103915692086e-07  -3.584596351628509e-07  -2.713021709775318e-07  4.957991968179387e-07  2.790232797599564e-08  -2.393014162045101e-08  6.312616575680953e-14  -8.321972123859290e-15  -1.398437245585316e-14
  1.850000000000001e-01  1.754550177104545e-07  -3.141590663411900e-07  -2.174408492131408e-07  6.786823988423438e-07  3.997319639490723e-08  2.152029047807796e-08  8.692162691383887e-14  -8.417111581398365e-15  -1.148497305089591e-14
  1.900000000000001e-01  1.546557369427751e-07  -2.602251072536656e-07  -1.583700563189130e-07  8.301823051370150e-07  4.562838884513498e-08  5.800137640012278e-08  1.062086599705413e-13  -8.872124358264768e-15  -8.730861291812924e-15
  1.950000000000001e-01  1.428467070774400e-07  -1.929965626472322e-07  -8.721363415012450e-08  9.742136014330232e-07  5.084572313906090e-08  1.230975035275016e-07  1.238713603084081e-13  -6.973643825833710e-15  -7.241998490294326e-15
  2.000000000000001e-01  8.991575304974114e-08  -1.257898209136791e-07  -2.155281898554306e-08  1.052565816313989e-06  4.739659940118909e-08  1.491255969740386e-07  1.335195086046747e-13  -7.389688746348008e-15  -4.084178695255108e-15
  2.050000000000001e-01  1.637921071302727e-08  -6.483852222406199e-08  3.613031615352346e-08  1.088357484168231e-06  3.658370509426274e-08  1.668291518115998e-07  1.376055212968765e-13  -7.985511364965587e-15  -1.646395729788247e-15
  2.100000000000001e-01  -7.289383544519230e-08  -1.215550577814865e-08  8.526190089946964e-08  1.080541626338966e-06  2.014883638222698e-08  1.774482437040252e-07  1.361443290443953e-13  -8.480294904350372e-15  -3.747155331156234e-17
  2.150000000000001e-01  -1.289860342122967e-07  5.928816671128677e-08  1.496740107398783e-07  1.059494097752768e-06  1.866042567177827e-08  2.262171728629260e-07  1.347348943797224e-13  -6.146768206650705e-15  2.584590189813816e-15
  2.200000000000001e-01  -2.406307151022225e-07  8.879886805628786e-08  1.753522563686889e-07  9.614340036889487e-07  -3.535519996649727e-09  2.218843902320814e-07  1.229073112007682e-13  -6.552449399164612e-15  3.008333532837206e-15
  2.250000000000001e-01  -3.552090093648211e-07  1.057554952143904e-07  1.914757451180810e-07  8.216865977807784e-07  -2.571370633531052e-08  2.123259456573857e-07  1.063480471287680e-13  -6.435727071708918e-15  2.656803102288842e-15
  2.300000000000001e-01  -4.690822471359099e-07  1.106567399288531e-07  1.997336530529870e-07  6.432092486179143e-07  -4.540076893626356e-08  1.991906658824346e-07  8.567536223397477e-14  -5.709525116691866e-15  1.735688046581743e-15
  2.350000000000001e-01  -5.630396622736662e-07  1.216466944033467e-07  2.018029712264030e-07  4.460221181760360e-07  -5.172600331232768e-08  2.113536952797095e-07  6.639955968569942e-14  -4.686964415657532e-15  2.859669048669394e-15
  2.400000000000001e-01  -6.809108649404949e-07  9.723228519250770e-08  1.881713261897308e-07  1.954220937755408e-07  -6.641413071185529e-08  1.876465573818798e-07  3.894169329865326e-14  -3.642222519408648e-15  1.188576874817310e-15
  2.450000000000001e-01  -7.978749581773688e-07  6.213567486425179e-08  1.716946243164924e-07  -8.094085687420035e-08  -7.472717342739653e-08  1.654909843146368e-07  9.606086564584773e-15  -2.108758249839995e-15  -5.521459807309417e-16
  2.500000000000001e-01  -9.185758163259807e-07  1.609260952850399e-08  1.536611233704946e-07  -3.776251826140916e-07  -7.660355466699668e-08  1.468685059923579e-07  -2.068145539765220e-14  -2.989639401950112e-16  -2.228760347094513e-15
  2.550000000000001e-01  -1.047430412581494e-06  -3.546788581801890e-08  1.080003104089983e-07  -6.972159588335980e-07  -7.950424418558340e-08  1.334782159829202e-07  -5.017923299537168e-14  -5.090855549651990e-16  -2.430336622005442e-15
  2.600000000000001e-01  -1.193464341171341e-06  -1.051524463123546e-07  8.525120270049323e-08  -1.024780620461144e-06  -7.393094259612995e-08  1.208122482350487e-07  -8.105088790046687e-14  1.197454094012700e-15  -4.089631725233578e-15
  2.650000000000001e-01  -1.363587344223766e-06  -1.858265830049560e-07  6.645397998282000e-08  -1.355881488478286e-06  -6.449783420106779e-08  1.180581661860772e-07  -1.102658441011383e-13  2.727467084174464e-15  -5.599408228062621e-15
  2.700000000000001e-01  -1.567966075087736e-06  -2.783288879794937e-07  5.310892284351469e-08  -1.685960309516971e-06  -5.327583108253965e-08  1.260428023505866e-07  -1.370712673498789e-13  3.916242617508931e-15  -7.058960647509085e-15
  2.750000000000001e-01  -1.791243080181990e-06  -3.725035525075258e-07  1.452728062117642e-09  -2.039691652169952e-06  -5.391592071621347e-08  1.307719168957014e-07  -1.642365072093990e-13  3.221182602990045e-15  -7.933100212508430e-15
  2.800000000000001e-01  -2.083249826551629e-06  -4.863701848436147e-07  3.782478651211000e-10  -2.358926625300682e-06  -4.404997976447299e-08  1.642917197987997e-07  -1.848968349630759e-13  4.071129571610765e-15  -9.630729721191912e-15
  2.850000000000001e-01  -2.441231181756436e-06  -6.132383568567896e-07  1.064134021722472e-08  -2.667262239339781e-06  -3.776366413693520e-08  2.115605540153671e-07  -2.011048829962153e-13  4.631412912541518e-15  -1.163462671810861e-14
  2.900000000000001e-01  -2.877748791602767e-06  -7.536988912886510e-07  3.489498161483133e-08  -2.964810419742457e-06  -3.691102271308420e-08  2.715691620211838e-07  -2.124682568364078e-13  5.082427689542859e-15  -1.410215792970438e-14
  2.950000000000002e-01  -3.405979373384016e-06  -9.083969449232921e-07  7.625442275263201e-08  -3.253451670554047e-06  -4.307494319087540e-08  3.431085806830183e-07  -2.186829862082788e-13  5.706704994580302e-15  -1.717901517009649e-14
  3.000000000000002e-01  -3.931995437428027e-06  -1.048129882635571e-06  5.476258403508267e-08  -3.552661776390147e-06  -5.594125076051857e-08  4.461223482993518e-07  -2.222516462398734e-13  6.771475138347797e-15  -1.958282184924059e-14
  3.050000000000002e-01  -4.663306300123334e-06  -1.230293589880799e-06  1.259289994080004e-07  -3.825617742477077e-06  -7.494689409755100e-08  5.552662685184636e-07  -2.160426798922308e-13  8.923442207160024e-15  -2.372478165097780e-14
  3.100000000000002e-01  -5.528949598266991e-06  -1.430659935010536e-06  2.223421914966774e-07  -4.105254364490401e-06  -1.039603456014052e-07  6.749585432119492e-07  -2.037833461469588e-13  1.240537556977756e-14  -2.868971076489483e-14
  3.150000000000002e-01  -6.545278177723254e-06  -1.651085992303363e-06  3.486925905956291e-07  -4.403005219358430e-06  -1.442612531855902e-07  8.043283075622869e-07  -1.854556057302185e-13  1.779319991456174e-14  -3.458177803013098e-14
  3.200000000000002e-01  -7.532877630774624e-06  -1.846496462322257e-06  3.582985995642281e-07  -4.689506371872307e-06  -1.715583830361965e-07  1.030518379296509e-06  -1.567166054097071e-13  2.481898674019011e-14  -3.819674271643296e-14
  3.250000000000002e-01  -8.875827194169582e-06  -2.110165165108172e-06  5.317138967344340e-07  -5.044825887596349e-06  -2.287256001991627e-07  1.202315434493380e-06  -1.234474972021718e-13  3.551059795295059e-14  -4.503085382952236e-14
  3.300000000000002e-01  -1.042087487470479e-05  -2.400613398080907e-06  7.490983238923049e-07  -5.469371634707398e-06  -3.008511821785680e-07  1.384263911714711e-06  -8.411234514515767e-14  5.018969712507405e-14  -5.286023673417891e-14
  3.350000000000002e-01  -1.218509938483674e-05  -2.718921475704754e-06  1.019319317077533e-06  -5.990337440500487e-06  -3.909489376885450e-07  1.577068410231544e-06  -3.900320399842466e-14  6.981363344147327e-14  -6.184158064776769e-14
  3.400000000000002e-01  -1.389871999754648e-05  -3.006385717115893e-06  1.075647888853084e-06  -6.463515517853592e-06  -4.233237637939563e-07  1.952361657368498e-06  2.899511798836096e-14  9.211888361115792e-14  -6.440999231351838e-14
  3.450000000000002e-01  -1.612599690558012e-05  -3.382446343286670e-06  1.432257025387302e-06  -7.229701083429107e-06  -5.370249566814247e-07  2.192056942742028e-06  8.873103608836513e-14  1.243457676859987e-13  -7.369417681915323e-14
  3.500000000000002e-01  -1.861616864578397e-05  -3.784073860551776e-06  1.871527806269037e-06  -8.203151184028217e-06  -6.782003661595955e-07  2.444071293579547e-06  1.528132222195539e-13  1.654221817584766e-13  -8.424098935926257e-14
  3.550000000000002e-01  -2.137668764501513e-05  -4.204084514607216e-06  2.410854555280033e-06  -9.440069042233337e-06  -8.541389920971628e-07  2.709193516689113e-06  2.201637193806195e-13  2.171615770933621e-13  -9.627566592630321e-14
  3.600000000000002e-01  -2.407679454204459e-05  -4.597323362935339e-06  2.583053440493604e-06  -1.055140339716689e-05  -8.698295496927065e-07  3.229702845050906e-06  3.273924048380706e-13  2.747427076649579e-13  -9.368025700108409e-14
  3.650000000000002e-01  -2.737677351505932e-05  -5.044019889586507e-06  3.299587837816372e-06  -1.241791674177662e-05  -1.087459563174973e-06  3.530897174477031e-06  4.031855301698937e-13  3.538224924210432e-13  -1.050163824516689e-13
  3.700000000000002e-01  -3.093631151283958e-05  -5.468951720177734e-06  4.175884922050379e-06  -1.476981251692457e-05  -1.361727461077285e-06  3.837993592334188e-06  4.770417834363041e-13  4.513204108291850e-13  -1.178717923567632e-13
  3.750000000000002e-01  -3.472834761319196e-05  -5.841152864141803e-06  5.243884212710076e-06  -1.771872966157605e-05  -1.708428844019017e-06  4.147836631813032e-06  5.458290838174328e-13  5.707949889617962e-13  -1.324450755166433e-13
  3.800000000000002e-01  -3.870946533416818e-05  -6.118335387174635e-06  6.540998887239718e-06  -2.139797206055141e-05  -2.147533055996321e-06  4.456144143127783e-06  6.055766229973313e-13  7.164364844831989e-13  -1.489290844860521e-13
  3.850000000000002e-01  -4.264901710374884e-05  -6.468026768007796e-06  7.155682121285248e-06  -2.468725231792374e-05  -2.090395184396183e-06  4.992200675986390e-06  7.318949655865044e-13  8.819424131800777e-13  -1.292043019935849e-13
  3.900000000000002e-01  -4.688592688624361e-05  -6.503796322021899e-06  8.894506926024012e-06  -3.004080289800508e-05  -2.637108351092781e-06  5.234318160079487e-06  7.688578557508865e-13  1.095133595412872e-12  -1.418189659148538e-13
  3.950000000000002e-01  -5.107334836676904e-05  -6.260975634986174e-06  1.099573998922951e-05  -3.663204913850814e-05  -3.334652205712257e-06  5.429402564013932e-06  7.793564251651072e-13  1.352080036053375e-12  -1.556075018992026e-13
  4.000000000000002e-01  -5.506150451342169e-05  -5.626697856722658e-06  1.352641550110116e-05  -4.471066484874247e-05  -4.223453308168155e-06  5.560919634583125e-06  7.544738288462541e-13  1.660651679120699e-12  -1.705706000846034e-13
  4.050000000000002e-01  -5.910506685874427e-05  -5.324619641420346e-06  1.505569025399573e-05  -5.185922269272593e-05  -3.994561271346154e-06  5.624140513776030e-06  8.166742132311690e-13  2.014812402502191e-12  -1.179899147643145e-13
  4.100000000000003e-01  -6.234491075384250e-05  -3.776525833080488e-06  1.846816961858543e-05  -6.326476447965320e-05  -5.098517654092643e-06  5.409983256601286e-06  7.027127836131388e-13  2.455311130909757e-12  -1.215616032755795e-13
  4.150000000000003e-01  -6.471732288284506e-05  -1.376049961143039e-06  2.255635620571961e-05  -7.708021492053531e-05  -6.509453717835606e-06  5.007379684828073e-06  5.161372568694274e-13  2.979456802234782e-12  -1.241048833041911e-13
  4.200000000000003e-01  -6.586118332970265e-05  2.140169030830309e-06  2.743968179816691e-05  -9.374830267295491e-05  -8.305938503560003e-06  4.371708610306795e-06  2.395020551133159e-13  3.601336135881373e-12  -1.253436796610891e-13
  4.250000000000003e-01  -6.734334768034374e-05  4.598938281993859e-06  3.097373795160997e-05  -1.083597074906297e-04  -7.698611644752590e-06  2.793816608068145e-06  5.595039164117647e-14  4.319682868510164e-12  -9.084748406786409e-16
  4.300000000000003e-01  -6.526247816996985e-05  1.062530820069026e-05  3.757220588570073e-05  -1.312811990959437e-04  -9.920102060135996e-06  1.139741215659716e-06  -4.466115499297616e-13  5.187591517933056e-12  2.511109842590371e-14
  4.350000000000003e-01  -6.048578476047813e-05  1.880075369621915e-05  4.541421686745064e-05  -1.586463778122130e-04  -1.274857343517409e-05  -1.039836904791737e-06  -1.109574401239674e-12  6.208859262440680e-12  5.682459609819383e-14
  4.400000000000003e-01  -5.228599141777386e-05  2.968851874645869e-05  5.471204853272933e-05  -1.911979237214203e-04  -1.633108512204228e-05  -3.850983801331688e-06  -1.963542075406848e-12  7.407712711744084e-12  9.470670413148337e-14
  4.450000000000003e-01  -4.504542376569495e-05  3.783685556267964e-05  6.238909511358911e-05  -2.194622211910195e-04  -1.498348435055271e-05  -9.703803350498468e-06  -2.774367425100909e-12  8.786452218814191e-12  3.702869584184312e-13
  4.500000000000003e-01  -2.855086940773845e-05  5.469312147483419e-05  7.494128913192883e-05  -2.631810589437815e-04  -1.939426307946792e-05  -1.498785990957918e-05  -4.107523354171751e-12  1.042351343107304e-11  4.650494650311680e-13
  4.550000000000003e-01  -5.855899599678830e-06  7.640559850631163e-05  8.975791098193809e-05  -3.146852315577910e-04  -2.496824791590025e-05  -2.152836776669191e-05  -5.751651904081137e-12  1.233109431212422e-11  5.732804741666822e-13
  4.600000000000003e-01  2.432744029027363e-05  1.041012970446404e-04  1.072164931943587e-04  -3.751528835265796e-04  -3.196996624812997e-05  -2.955826544527310e-05  -7.755421068958623e-12  1.454963829701050e-11  6.952673039404218e-13
  4.650000000000003e-01  6.346493388363717e-05  1.391276404755949e-04  1.277553356138820e-04  -4.459023043465363e-04  -4.071461711650746e-05  -3.935223772346139e-05  -1.017243180435277e-11  1.712535916463213e-11  8.307396913478523e-13
  4.700000000000003e-01  9.992335649375834e-05  1.658196109335566e-04  1.465145336906004e-04  -5.068105255090537e-04  -3.782841254247320e-05  -5.830822760240361e-05  -1.279633741341703e-11  2.005422675019196e-11  1.503813301906473e-12
  4.750000000000003e-01  1.596927902162887e-04  2.165985491892917e-04  1.741005480548159e-04  -5.992627292345709e-04  -4.855670996333588e-05  -7.443128302314013e-05  -1.624748445927249e-11  2.348507678636040e-11  1.760424175569469e-12
  4.800000000000003e-01  2.336722368345151e-04  2.796687012251946e-04  2.064394424021533e-04  -7.064600961990185e-04  -6.189256387592670e-05  -9.377103351059094e-05  -2.031435342127036e-11  2.744317583420803e-11  2.041067317701291e-12
  4.850000000000003e-01  3.241165560843918e-04  3.575395027564610e-04  2.443042391391171e-04  -8.303428816459272e-04  -7.836985008170351e-05  -1.168940579987328e-04  -2.507258838508241e-11  3.200356666978743e-11  2.343317208314492e-12
  4.900000000000003e-01  4.097166796119860e-04  4.174919261033799e-04  2.809084640750453e-04  -9.364922563339299e-04  -7.309520303413272e-05  -1.586263828067140e-04  -3.058441567381416e-11  3.709029663687813e-11  3.688447163564203e-12
  4.950000000000003e-01  5.371358427201217e-04  5.266977270463473e-04  3.315079178737514e-04  -1.095115761701092e-03  -9.315349690315154e-05  -1.942871870745723e-04  -3.707682347427682e-11  4.305200702524460e-11  4.211593012764930e-12
  5.000000000000003e-01  6.887330782401695e-04  6.597227584032063e-04  3.905492547182720e-04  -1.276826628098106e-03  -1.177830300330647e-04  -2.364610622158348e-04  -4.453824940614912e-11  4.988230631297033e-11  4.770185876788163e-12
  5.050000000000003e-01  8.675933017530795e-04  8.210088743647337e-04  4.593699868715875e-04  -1.484298988471098e-03  -1.478403669890588e-04  -2.862535063395401e-04  -5.306503948827082e-11  5.770016600321320e-11  5.356123964415480e-12
  5.100000000000003e-01  1.038852106256332e-03  9.452832448443024e-04  5.280294881040706e-04  -1.661931854947094e-03  -1.386524474844900e-04  -3.702306678984711e-04  -6.342600984404101e-11  6.623098647544981e-11  7.971386900554213e-12
  5.150000000000003e-01  1.277701927288043e-03  1.165546849382791e-03  6.193033823689452e-04  -1.922416826584416e-03  -1.748608009411014e-04  -4.434395902438871e-04  -7.463068871440622e-11  7.627400413997779e-11  8.951198693914553e-12
  5.200000000000004e-01  1.553831321010865e-03  1.429678552173797e-03  7.253022899522323e-04  -2.217248103601886e-03  -2.187137933258541e-04  -5.291584220415141e-04  -8.724199209234975e-11  8.770983115508215e-11  9.974547109550605e-12
  5.250000000000004e-01  1.870874458553629e-03  1.745175025403271e-03  8.482774814629231e-04  -2.549828091727243e-03  -2.714993771226617e-04  -6.294370018693132e-04  -1.013685540142399e-10  1.007221889721029e-10  1.102086848924635e-11
  5.300000000000004e-01  2.179069297317879e-03  1.988704939220111e-03  9.729177916079362e-04  -2.834806319970341e-03  -2.561896415927409e-04  -7.879021101922120e-04  -1.193606500969431e-10  1.144782971076671e-10  1.600005788779698e-11
  5.350000000000004e-01  2.584661630015700e-03  2.409992746959589e-03  1.134425099519787e-03  -3.244283065647442e-03  -3.189176735383022e-04  -9.298308386238291e-04  -1.373155913992216e-10  1.309153202877072e-10  1.773456749681477e-11
  5.400000000000004e-01  3.042156913299998e-03  2.908424710393681e-03  1.321018683959157e-03  -3.702094650344881e-03  -3.937480353244313e-04  -1.094702412249013e-03  -1.571519727703088e-10  1.495278770193479e-10  1.950727666268613e-11
  5.450000000000004e-01  3.554877805619660e-03  3.496092804664661e-03  1.536359647555385e-03  -4.212117795313712e-03  -4.824674680781965e-04  -1.286136927454720e-03  -1.789739395273272e-10  1.705915896146600e-10  2.127326119788990e-11
  5.500000000000004e-01  4.062561826182839e-03  3.948888479236410e-03  1.754893902984837e-03  -4.651663087761905e-03  -4.571767714715575e-04  -1.568908904981312e-03  -2.079898365061992e-10  1.921005115086442e-10  3.054001689080384e-11
  5.550000000000004e-01  4.693298613207814e-03  4.718109052982853e-03  2.034384985435492e-03  -5.267204659836208e-03  -5.607596171727096e-04  -1.831210746061872e-03  -2.348588206181437e-10  2.182793672211830e-10  3.348756386327046e-11
  5.600000000000004e-01  5.387988934158107e-03  5.617331796557653e-03  2.355423557966342e-03  -5.946520922024637e-03  -6.822979626210570e-04  -2.133841109688137e-03  -2.640356380942027e-10  2.477662952428541e-10  3.643619515339231e-11
  5.650000000000004e-01  6.147922036348241e-03  6.665241411298754e-03  2.723733564519585e-03  -6.693271815317298e-03  -8.240178084133348e-04  -2.482898587059187e-03  -2.955984104080277e-10  2.809620362269952e-10  3.929734624168321e-11
  5.700000000000004e-01  6.973338017137884e-03  7.882692259887797e-03  3.145746555170819e-03  -7.510784597289865e-03  -9.882682585856540e-04  -2.885408095043211e-03  -3.296208997508200e-10  3.183145332644959e-10  4.195513346283096e-11
  5.750000000000004e-01  7.821481531298918e-03  8.819817923129773e-03  3.567674532757509e-03  -8.225338324182664e-03  -9.439081365508134e-04  -3.429223233161822e-03  -3.773557102316418e-10  3.540537585329548e-10  6.097944381003108e-11
  5.800000000000004e-01  8.785924340096550e-03  1.037743112026859e-02  4.106076658510107e-03  -9.185273626657095e-03  -1.130240429064771e-03  -3.962073478009501e-03  -4.176269181007092e-10  3.995611240320044e-10  6.571995066812874e-11
  5.850000000000004e-01  9.812703973507137e-03  1.217329956357241e-02  4.719700061073554e-03  -1.022486826249691e-02  -1.343500706130702e-03  -4.572812641392967e-03  -4.605192026183245e-10  4.505297513268204e-10  7.019923634674101e-11
  5.900000000000004e-01  1.089626033305529e-02  1.423803032979805e-02  5.418083360538816e-03  -1.134532146779341e-02  -1.586011518432622e-03  -5.272632699398622e-03  -5.060730979485345e-10  5.075873224224811e-10  7.421273197037574e-11
  5.950000000000004e-01  1.206854361475014e-02  1.582723846818539e-02  6.108267931498839e-03  -1.234474598396241e-02  -1.508490522999663e-03  -6.150245330771483e-03  -5.731441772104725e-10  5.595614530385982e-10  1.077104914287076e-10
  6.000000000000004e-01  1.327588874765770e-02  1.842656885659052e-02  6.986367678520108e-03  -1.362847733599716e-02  -1.774982935440764e-03  -7.053216849422120e-03  -6.255029844784693e-10  6.280184533295502e-10  1.151047719694799e-10
  6.050000000000004e-01  1.451733138217509e-02  2.139407884675833e-02  7.980042238736563e-03  -1.499443677017472e-02  -2.073389363133607e-03  -8.081802485609418e-03  -6.805418831798955e-10  7.043098519927479e-10  1.219093870351590e-10
  6.100000000000004e-01  1.577751131177629e-02  2.477306313522467e-02  9.102825436721260e-03  -1.643916770583123e-02  -2.405096087662153e-03  -9.253026125200212e-03  -7.383170426753694e-10  7.892948857341902e-10  1.277857267157051e-10
  6.150000000000004e-01  1.727502209971869e-02  2.737921310543776e-02  1.020156893907591e-02  -1.776940732776180e-02  -2.265800524720857e-03  -1.061364395970886e-02  -8.280487144723722e-10  8.626248577282303e-10  1.849826878803306e-10
  6.200000000000004e-01  1.859112612614435e-02  3.157042747344495e-02  1.159244602147566e-02  -1.937660803561155e-02  -2.614346639439510e-03  -1.208941209889702e-02  -8.928269732352399e-10  9.631617257568181e-10  1.961644572248048e-10
  6.250000000000004e-01  1.987327386546224e-02  3.631189970811562e-02  1.315466777712656e-02  -2.104888434762918e-02  -2.993808095615467e-03  -1.376008297067932e-02  -9.604341779722755e-10  1.074698580847801e-09  2.061897069357030e-10
  6.300000000000004e-01  2.109232701545632e-02  4.166290384053147e-02  1.490663559012412e-02  -2.277462178274181e-02  -3.403050935510073e-03  -1.565039065968895e-02  -1.031119269604518e-09  1.198401713556832e-09  2.145311623559281e-10
  6.350000000000005e-01  2.283812857283796e-02  4.580646178700935e-02  1.660547495665822e-02  -2.444890492890267e-02  -3.148739385762102e-03  -1.768058280324479e-02  -1.145993824990806e-09  1.299129500297638e-09  3.091401499037272e-10
  6.400000000000005e-01  2.397308669810404e-02  5.235532525433062e-02  1.874411279697587e-02  -2.629579448824832e-02  -3.549165132950512e-03  -2.001060709829241e-02  -1.224401278243277e-09  1.443689399104609e-09  3.255227358076183e-10
  6.450000000000005e-01  2.495495767318684e-02  5.970230379948159e-02  2.112814857893489e-02  -2.815774916586954e-02  -3.966724048260859e-03  -2.263181655481554e-02  -1.306795984887451e-09  1.603508186070639e-09  3.398417094849033e-10
  6.500000000000005e-01  2.573910130930665e-02  6.792643024629302e-02  2.378171521403328e-02  -3.001088292191753e-02  -4.395383638421665e-03  -2.557853092225720e-02  -1.394061135298314e-09  1.780195962993596e-09  3.513241468548800e-10
  6.550000000000005e-01  2.627658197516052e-02  7.711258404378916e-02  2.673091918390150e-02  -3.182690936846030e-02  -4.827309296307635e-03  -2.888851191495284e-02  -1.487398966233679e-09  1.975544588302005e-09  3.590739408822843e-10
  6.600000000000005e-01  2.807177854655497e-02  8.428285686308458e-02  2.954260362750318e-02  -3.385525492069232e-02  -4.293923308038204e-03  -3.205040962693246e-02  -1.637783311951667e-09  2.120704149649020e-09  5.256188386816476e-10
  6.650000000000005e-01  2.823967794259969e-02  9.535675870160827e-02  3.307889291903143e-02  -3.564543022758614e-02  -4.636535417562597e-03  -3.602699998197412e-02  -1.745123432753744e-09  2.346725457443582e-09  5.454027293551543e-10
  6.700000000000005e-01  2.803259856000128e-02  1.076626931911059e-01  3.698718582257385e-02  -3.731418461160825e-02  -4.946022650138365e-03  -4.046809625757224e-02  -1.863318143960682e-09  2.596323051264617e-09  5.607136376508456e-10
  6.750000000000005e-01  2.739401180466730e-02  1.213115814853822e-01  4.130097478029505e-02  -3.881652400081199e-02  -5.205544210497208e-03  -4.542305006718157e-02  -1.995510546465114e-09  2.872116880505734e-09  5.703519964310194e-10
  6.800000000000005e-01  2.906239566478136e-02  1.320882521786376e-01  4.542835360721192e-02  -4.096342728233898e-02  -4.253945209087826e-03  -4.975742642137932e-02  -2.194450414125361e-09  3.066005279635369e-09  8.255156066412500e-10
  6.850000000000005e-01  2.783190559365501e-02  1.483837895952012e-01  5.054398715296610e-02  -4.223774641079683e-02  -4.298572773572772e-03  -5.559678435083758e-02  -2.358811901445343e-09  3.384928927140695e-09  8.519453169018224e-10
  6.900000000000005e-01  2.606074310176471e-02  1.663790019584991e-01  5.616374126013904e-02  -4.322186692671422e-02  -4.227949139634249e-03  -6.207465625240510e-02  -2.549828542717975e-09  3.737805621068541e-09  8.717489163129501e-10
  6.950000000000005e-01  2.370960335299136e-02  1.862190508706234e-01  6.233138248453746e-02  -4.385455513895670e-02  -4.012625772412248e-03  -6.925240925908811e-02  -2.774727490452239e-09  4.128740511317233e-09  8.834368560918945e-10
  7.000000000000005e-01  2.536792937588301e-02  2.021274788944058e-01  6.831880168096778e-02  -4.590423435129626e-02  -2.372431093070642e-03  -7.496367389653376e-02  -3.071237108591457e-09  4.393936655242049e-09  1.259918691072328e-09
  7.050000000000005e-01  2.241305779929063e-02  2.256394718712515e-01  7.558200823731250e-02  -4.604603221736228e-02  -1.741175226778096e-03  -8.326950126915433e-02  -3.374704065292172e-09  4.849864460386039e-09  1.294085862030635e-09
  7.100000000000005e-01  1.890380643406332e-02  2.514740496688950e-01  8.352837190086908e-02  -4.568752150986857e-02  -8.623268064287643e-04  -9.242094343462842e-02  -3.741142132306142e-09  5.357150116859488e-09  1.319054669860112e-09
  7.150000000000005e-01  1.487444744223377e-02  2.798251547807337e-01  9.221894211922696e-02  -4.476012715224843e-02  3.092435742914859e-04  -1.024903578183615e-01  -4.185763289465502e-09  5.922643043334243e-09  1.333141659121484e-09
  7.200000000000005e-01  1.749738322899030e-02  3.030419372992264e-01  1.008774465115346e-01  -4.651695661618045e-02  3.020413150643107e-03  -1.097332215728301e-01  -4.700380992164984e-09  6.303205448410450e-09  1.868360547647962e-09
  7.250000000000005e-01  1.350657923949449e-02  3.364846238634658e-01  1.111035903726009e-01  -4.485636206702232e-02  4.899878863172494e-03  -1.211866105070043e-01  -5.328259046051530e-09  6.974752374720920e-09  1.911253906752606e-09
  7.300000000000005e-01  9.393552677045003e-03  3.731037798587867e-01  1.222800233306054e-01  -4.250201343404868e-02  7.218213039259518e-03  -1.337189567559065e-01  -6.095295803736556e-09  7.728504228823204e-09  1.942242421462838e-09
  7.350000000000005e-01  5.376421255543945e-03  4.131688054724147e-01  1.345010580723035e-01  -3.940284427543565e-02  1.003753590306756e-02  -1.474106724645858e-01  -7.031522771209992e-09  8.576344980206780e-09  1.959661990995839e-09
  7.400000000000005e-01  1.745693777579578e-03  4.569741464117824e-01  1.478739147178448e-01  -3.551759598642067e-02  1.342458879449376e-02  -1.623441496091904e-01  -8.172289590770716e-09  9.531973591342733e-09  1.961894095568604e-09
  7.450000000000006e-01  1.017296748920504e-02  4.940386500168637e-01  1.616468762466121e-01  -3.712733134963858e-02  1.824739350265901e-02  -1.715431356115652e-01  -9.367199763039593e-09  1.019876988224643e-08  2.743635483465258e-09
  7.500000000000006e-01  9.655465860723954e-03  5.456349551715105e-01  1.775329445712875e-01  -3.254005803463005e-02  2.285163302813769e-02  -1.881931107284200e-01  -1.099216438911345e-08  1.136900143239926e-08  2.782197631869799e-09
  7.550000000000006e-01  1.104620875514872e-02  6.020230314166212e-01  1.949755449068444e-01  -2.723563768460876e-02  2.822236727808680e-02  -2.062526307653271e-01  -1.296255595723400e-08  1.269800941289904e-08  2.805301809082535e-09
  7.600000000000006e-01  1.508736021373013e-02  6.636376951919022e-01  2.141605672002751e-01  -2.126107589775326e-02  3.444017780435625e-02  -2.258047405536199e-01  -1.534410671532050e-08  1.420977953838756e-08  2.811884586351200e-09
  7.650000000000006e-01  3.773431328695504e-02  7.175029507231629e-01  2.349486835904271e-01  -2.412781598630181e-02  4.166085739996531e-02  -2.364471416351441e-01  -1.778919710852993e-08  1.534521225118947e-08  3.829044663913917e-09
  7.700000000000006e-01  5.121917583947556e-02  7.903105661372374e-01  2.581815855409992e-01  -1.831617257444117e-02  4.958157213226284e-02  -2.579274322154243e-01  -2.114995818310273e-08  1.724419008501163e-08  3.878168144354290e-09
  7.750000000000006e-01  7.072724143916062e-02  8.699483909508128e-01  2.839048239275964e-01  -1.232205054952199e-02  5.857360218123917e-02  -2.810561221682708e-01  -2.518232487309519e-08  1.941730166144785e-08  3.911775412222351e-09
  7.800000000000006e-01  9.783426568684257e-02  9.570864320519863e-01  3.124572178782675e-01  -6.387680520513630e-03  6.872349758440728e-02  -3.059086039698798e-01  -3.000424478622912e-08  2.190602214650316e-08  3.929941962040202e-09
  7.850000000000006e-01  1.530665663355300e-01  1.036039318670597e+00  3.450060239730807e-01  -1.410505743547770e-02  7.905416939434613e-02  -3.176941979165714e-01  -3.495258203894484e-08  2.393508598530930e-08  5.195767229498348e-09
  7.900000000000006e-01  2.025105174565485e-01  1.139692623560478e+00  3.804750679541726e-01  -1.080187472263214e-02  9.141618360058616e-02  -3.446318384261388e-01  -4.166169504511384e-08  2.712190336867693e-08  5.261226603827343e-09
  7.950000000000006e-01  2.662259971244428e-01  1.253368024907528e+00  4.201730731779795e-01  -8.870613940435503e-03  1.051579530172416e-01  -3.734208771631507e-01  -4.962468802756234e-08  3.078339544625229e-08  5.314290671471347e-09
  8.000000000000006e-01  3.472393333061145e-01  1.378124937569931e+00  4.647224828382898e-01  -8.921190306718960e-03  1.203592741820450e-01  -4.041187054666982e-01  -5.904700970834398e-08  3.498956460008951e-08  5.356888347213630e-09
  8.050000000000006e-01  4.702042891523395e-01  1.495345690703348e+00  5.175837220195925e-01  -2.933708056214209e-02  1.344836322605216e-01  -4.166449758481695e-01  -6.879374973976891e-08  3.868079648980345e-08  6.856949168640744e-09
  8.100000000000006e-01  5.978373472947833e-01  1.645076997628633e+00  5.743475883379522e-01  -3.742528366703344e-02  1.523560957090141e-01  -4.495183448602217e-01  -8.170981893097450e-08  4.412497017988938e-08  6.948578623879896e-09
  8.150000000000006e-01  7.550498938679335e-01  1.809907802000475e+00  6.385360500570797e-01  -5.026351750726021e-02  1.718693466487380e-01  -4.843826660459648e-01  -9.688819716246275e-08  5.038148406285478e-08  7.035612612696850e-09
  8.200000000000006e-01  9.472852568250282e-01  1.991525993352371e+00  7.112713444024273e-01  -6.908903878181308e-02  1.930805341679425e-01  -5.212655171091087e-01  -1.146775639490825e-07  5.756494208703465e-08  7.122602749645062e-09
  8.250000000000006e-01  1.201756220906771e+00  2.168080380084819e+00  7.996324178801293e-01  -1.174998595540624e-01  2.115386422485734e-01  -5.340745967106520e-01  -1.332691883492797e-07  6.424568687854802e-08  8.802223537145900e-09
  8.300000000000006e-01  1.483912327238054e+00  2.388168853555952e+00  8.941019591353206e-01  -1.547218224339735e-01  2.357391505522047e-01  -5.731558839741440e-01  -1.573096613715657e-07  7.356681789232336e-08  8.935570642716734e-09
  8.350000000000006e-01  1.822559798855617e+00  2.631432173454730e+00  1.001698010450738e+00  -2.030810917402294e-01  2.617365032493252e-01  -6.142748101674700e-01  -1.853129227479232e-07  8.424927438067734e-08  9.078213177283988e-09
  8.400000000000006e-01  2.227030542723994e+00  2.900539869023932e+00  1.124380539521540e+00  -2.648120062720297e-01  2.895495960409042e-01  -6.574165680778138e-01  -2.178566290449909e-07  9.647458060251586e-08  9.238009051980507e-09
  8.450000000000006e-01  2.707941216222129e+00  3.198478666413534e+00  1.264383791479282e+00  -3.424723400326000e-01  3.191847623991931e-01  -7.025483022056964e-01  -2.555930749816004e-07  1.104449392072766e-07  9.424297108174562e-09
  8.500000000000006e-01  3.292215733627498e+00  3.498615672633980e+00  1.435320400812401e+00  -4.669541965527630e-01  3.435656021392393e-01  -7.154928618830584e-01  -2.956049436799291e-07  1.241566234575413e-07  1.118618329907232e-08
  8.550000000000006e-01  3.962458558373319e+00  3.863349427489483e+00  1.619165615677385e+00  -5.874774893185843e-01  3.762667178022392e-01  -7.627603919632326e-01  -3.457622219724502e-07  1.421864054978356e-07  1.141302931090985e-08
  8.600000000000007e-01  4.749964854436710e+00  4.268091160141679e+00  1.829242546508900e+00  -7.339263393244513e-01  4.107360820266067e-01  -8.119205998434215e-01  -4.036137424797243e-07  1.627170490410681e-07  1.168156349465093e-08
  8.650000000000007e-01  5.672099869674391e+00  4.717456796251843e+00  2.069278370596488e+00  -9.105067963015270e-01  4.469287787584530e-01  -8.628820126385982e-01  -4.702088318519601e-07  1.860557844285218e-07  1.200494439229855e-08
  8.700000000000007e-01  6.748820570123202e+00  5.179709857796819e+00  2.360656918571328e+00  -1.152310931922547e+00  4.759064987405057e-01  -8.758719222489397e-01  -5.414009103948298e-07  2.096201316796831e-07  1.362264059070756e-08
  8.750000000000007e-01  7.998062560481308e+00  5.732617731190299e+00  2.675659511843923e+00  -1.405493233400079e+00  5.149227371387466e-01  -9.288508876463928e-01  -6.288421437957059e-07  2.394911577976484e-07  1.396712498753763e-08
  8.800000000000007e-01  9.447649042345747e+00  6.347189968869746e+00  3.035162601088067e+00  -1.704697533915065e+00  5.554771818122719e-01  -9.834296637181620e-01  -7.290083413957246e-07  2.733030407998000e-07  1.438434969741426e-08
  8.850000000000007e-01  1.112510041603742e+01  7.030377830743476e+00  3.445149892088135e+00  -2.056472756703932e+00  5.974732456888093e-01  -1.039448496824043e+00  -8.435475191627246e-07  3.115077230427413e-07  1.489090554212786e-08
  8.900000000000007e-01  1.303513969989752e+01  7.743003504466938e+00  3.936555874455527e+00  -2.498153829845195e+00  6.308230560882019e-01  -1.053188883999377e+00  -9.667561560824802e-07  3.508604352780359e-07  1.610706331940314e-08
  8.950000000000007e-01  1.525836984807786e+01  8.584908557574217e+00  4.471034465796073e+00  -2.978753759453022e+00  6.751716347766306e-01  -1.111071021763049e+00  -1.115409234231251e-06  3.992532876284337e-07  1.660125578505142e-08
  9.000000000000007e-01  1.781217088425137e+01  9.520683407324819e+00  5.078823117720718e+00  -3.536035671378101e+00  7.206641508082374e-01  -1.170072125518685e+00  -1.284615910492369e-06  4.536811672345286e-07  1.720318216304333e-08
  9.050000000000007e-01  2.073891996240104e+01  1.056048125618712e+01  5.769168607597424e+00  -4.179753453111287e+00  7.671613708101720e-01  -1.229958278824340e+00  -1.476901403310441e-06  5.147881689394140e-07  1.793179334000637e-08
  9.100000000000007e-01  2.401781835957244e+01  1.165446150817880e+01  6.584208234679568e+00  -4.946387308818443e+00  8.045894499066980e-01  -1.245888289416996e+00  -1.684683148407361e-06  5.785634438686664e-07  1.842209795348473e-08
  9.150000000000007e-01  2.782778815824192e+01  1.293337823153024e+01  7.474977345365345e+00  -5.796513467807610e+00  8.528382460064978e-01  -1.307432313412560e+00  -1.931445943847881e-06  6.550808313194620e-07  1.908739600904245e-08
  9.200000000000007e-01  3.216682088756288e+01  1.435254116681303e+01  8.482792987693264e+00  -6.768241840381906e+00  9.017242090411777e-01  -1.369407000838853e+00  -2.210640445801112e-06  7.405818313425394e-07  1.989553469530813e-08
  9.250000000000007e-01  3.709841076048841e+01  1.592627411477666e+01  9.621412686147204e+00  -7.875554501228568e+00  9.510818765428900e-01  -1.431506329011075e+00  -2.526038531168275e-06  8.359554621205795e-07  2.086641383527352e-08
  9.300000000000007e-01  4.269250152509760e+01  1.767010177512966e+01  1.090593243363469e+01  -9.133669153817685e+00  1.000740788813192e+00  -1.493406695509572e+00  -2.881790601111582e-06  9.421595336871303e-07  2.202050967660589e-08
  9.350000000000007e-01  4.888453734368663e+01  1.951437283598726e+01  1.239572471763766e+01  -1.057485140555434e+01  1.043255478076984e+00  -1.515560174768239e+00  -3.268123849942968e-06  1.054380942298068e-06  2.108754003194066e-08
  9.400000000000007e-01  5.602953755458079e+01  2.164504013225745e+01  1.402793351035765e+01  -1.218480121950383e+01  1.093869499666148e+00  -1.578583328844069e+00  -3.718428027327829e-06  1.185380829535446e-06  2.210086874861151e-08
  9.450000000000007e-01  6.409067867644647e+01  2.399980043701451e+01  1.586084487820996e+01  -1.399919043148457e+01  1.144399688130675e+00  -1.640782884845239e+00  -4.224208977804076e-06  1.330566524773420e-06  2.330900381442260e-08
  9.500000000000007e-01  7.316928861876883e+01  2.659949907894409e+01  1.791588297871403e+01  -1.603890424512808e+01  1.194673632954090e+00  -1.701794832012090e+00  -4.791463326809159e-06  1.491204436712560e-06  2.473207448638975e-08
  9.550000000000007e-01  8.314772876873293e+01  2.934928749028229e+01  2.026449797212218e+01  -1.832527110553653e+01  1.242165705399455e+00  -1.732491270118877e+00  -5.408103505944945e-06  1.661661487974168e-06  2.215937930694227e-08
  9.600000000000007e-01  9.458795563228129e+01  3.250013615539997e+01  2.284079936322502e+01  -2.088295313702081e+01  1.292993417844241e+00  -1.794212792981125e+00  -6.118343243462116e-06  1.857376262379562e-06  2.335764827270237e-08
  9.650000000000007e-01  1.074083629663753e+02  3.596677698213280e+01  2.571530488835363e+01  -2.373834974351171e+01  1.343219866258636e+00  -1.854057819318351e+00  -6.911597446581408e-06  2.072892876807990e-06  2.478050962908242e-08
  9.700000000000008e-01  1.217517815537921e+02  3.977596108550002e+01  2.891726473536115e+01  -2.691917410725769e+01  1.392682757294443e+00  -1.911677650692328e+00  -7.796290100917721e-06  2.309821143077157e-06  2.644821465664375e-08
  9.750000000000008e-01  1.374335781367465e+02  4.379606536440886e+01  3.252684227206051e+01  -3.043024903949897e+01  1.446940800027139e+00  -1.955211119959974e+00  -8.757816242964965e-06  2.561757531793930e-06  2.182498158209380e-08
  9.800000000000008e-01  1.552831868921920e+02  4.836691306980578e+01  3.648596787643578e+01  -3.434974594715521e+01  1.496764650283694e+00  -2.013143061705059e+00  -9.853521110694586e-06  2.846822793506438e-06  2.319316218120010e-08
  9.850000000000008e-01  1.751602236846292e+02  5.336890807121118e+01  4.087415521162288e+01  -3.868912983549521e+01  1.545518700139453e+00  -2.068226211797761e+00  -1.107047644330595e-05  3.158704134310356e-06  2.482098077878468e-08
  9.900000000000008e-01  1.972604135575887e+02  5.883464492957548e+01  4.572977768368644e+01  -4.348392983584604e+01  1.593045520311036e+00  -2.120219136743828e+00  -1.242017286018231e-05  3.499356466924686e-06  2.673023978990247e-08
  9.950000000000008e-01  2.213230888717731e+02  6.458304100536814e+01  5.113733067007879e+01  -4.871653600184644e+01  1.656209464645919e+00  -2.181376481124464e+00  -1.388560464411208e-05  3.861595946726207e-06  1.970091704148138e-08
  1.000000000000001e+00  2.488355043779338e+02  7.122725817497211e+01  5.701403449965314e+01  -5.457625019779930e+01  1.696596808768132e+00  -2.234147807223259e+00  -1.556015278924490e-05  4.273130327679807e-06  2.921089962367219e-08
  1.005000000000001e+00  2.784128777678764e+02  7.804197567371570e+01  6.358424060444049e+01  -6.090199604843058e+01  1.758223087286600e+00  -2.292486040881433e+00  -1.735556091415460e-05  4.703077351462643e-06  1.945649959770715e-08
  1.010000000000000e+00  3.117071897644519e+02  8.570621408801253e+01  7.076418833901845e+01  -6.790916445882277e+01  1.802052649780835e+00  -2.321347877888160e+00  -1.937270446598384e-05  5.179511368711512e-06  2.055262975949065e-08
  1.015000000000000e+00  3.483671294756458e+02  9.398909211183725e+01  7.859216486092383e+01  -7.558030298361766e+01  1.848631968593418e+00  -2.388066247240113e+00  -2.158880989069140e-05  5.696999385559634e-06  2.576283349303487e-08
  1.020000000000000e+00  3.886680884348531e+02  1.029556988128454e+02  8.722357671117635e+01  -8.397232789729334e+01  1.880365098123092e+00  -2.440936408437570e+00  -2.402147610791441e-05  6.258096724303969e-06  2.652013655698327e-08
  1.025000000000000e+00  4.324212171259938e+02  1.123347643975836e+02  9.668461239279195e+01  -9.302080309643522e+01  1.958347256806092e+00  -2.523117007971882e+00  -2.666264598287184e-05  6.852635202369491e-06  1.402066464598279e-08
  1.030000000000000e+00  4.812940470129047e+02  1.228056100085687e+02  1.069863521859487e+02  -1.029819092305758e+02  2.004581329367682e+00  -2.546204111428620e+00  -2.960533080388075e-05  7.503988403103160e-06  1.539916885128875e-08
  1.035000000000000e+00  5.349957817747461e+02  1.340767389686374e+02  1.181964581688339e+02  -1.137994768942543e+02  2.056458273129514e+00  -2.572325509151454e+00  -3.283206269236770e-05  8.202972189963458e-06  2.022074287286456e-08
  1.040000000000000e+00  5.938697814502092e+02  1.461762169955604e+02  1.303957110620041e+02  -1.255443193169067e+02  2.102849295434584e+00  -2.604107783375643e+00  -3.636213106527510e-05  8.953591865142373e-06  2.684573506813761e-08
  1.045000000000000e+00  6.574070552836155e+02  1.587281638796336e+02  1.436648286458963e+02  -1.381372338575429e+02  2.195142955486648e+00  -2.743348014237290e+00  -4.017275907384632e-05  9.749511359851157e-06  1.510216498845195e-08
  1.050000000000000e+00  7.276887107447154e+02  1.725514310621649e+02  1.580333078148946e+02  -1.519324322366437e+02  2.220473895154991e+00  -2.806954997297939e+00  -4.437425737805809e-05  1.061334391309671e-05  1.954274629595080e-08
  1.054999999999999e+00  8.042347878556958e+02  1.872867658056093e+02  1.735725254439380e+02  -1.668405751716325e+02  2.227947670395003e+00  -2.872616543960595e+00  -4.894243270041586e-05  1.153677835608784e-05  2.106367905659801e-08
  1.059999999999999e+00  8.875198870659156e+02  2.029878951378198e+02  1.903594130634424e+02  -1.829032191994274e+02  2.224428542103258e+00  -2.924915985092815e+00  -5.390396798602175e-05  1.252160537097394e-05  2.043749608679799e-08
  1.064999999999999e+00  9.772123228130281e+02  2.191815216121771e+02  2.084209249926788e+02  -1.999957259146753e+02  2.308169845090100e+00  -3.076140198160506e+00  -5.925042851130117e-05  1.355959862874067e-05  1.471065648428935e-09
  1.069999999999999e+00  1.075638264420995e+03  2.369319660963737e+02  2.279275489482918e+02  -2.185316450520658e+02  2.313247234253808e+00  -3.074815452348292e+00  -6.509642440936010e-05  1.467327244916494e-05  9.727870923001210e-10
  1.074999999999999e+00  1.182593528830224e+03  2.558056200383332e+02  2.489250045853394e+02  -2.384002406855401e+02  2.333631236329061e+00  -3.050586113363798e+00  -7.143926753259679e-05  1.585361364242828e-05  4.281183818530405e-09
  1.079999999999999e+00  1.298735442009126e+03  2.758256931816864e+02  2.714821393386856e+02  -2.596866923647948e+02  2.369722906790610e+00  -3.019791499464486e+00  -7.831720893482225e-05  1.710203782754525e-05  1.227866796251472e-08
  1.084999999999999e+00  1.423387153702872e+03  2.962883830985836e+02  2.955844850282826e+02  -2.822646468927947e+02  2.493878758834458e+00  -3.157175571624079e+00  -8.570045536533120e-05  1.841033977250992e-05  -4.644154302705943e-09
  1.089999999999999e+00  1.559685706531783e+03  3.185751193562187e+02  3.214782345060711e+02  -3.066230654051966e+02  2.538748019252612e+00  -3.183738664101337e+00  -9.374957524460155e-05  1.979923227870587e-05  8.665413578701924e-09
  1.094999999999999e+00  1.706879928805998e+03  3.419471629549399e+02  3.490898092375896e+02  -3.326450288773726e+02  2.563047861063564e+00  -3.267288758566124e+00  -1.024267034989661e-04  2.125899639751686e-05  2.309606965219421e-08
  1.099999999999999e+00  1.865401164315669e+03  3.663481276801015e+02  3.784592521909665e+02  -3.603943319526205e+02  2.546131930275109e+00  -3.415927355051617e+00  -1.117524093091412e-04  2.279006769870542e-05  3.570970757568845e-08
  1.104999999999998e+00  2.035694807477462e+03  3.917374040047403e+02  4.096401753879492e+02  -3.899197196475123e+02  2.473639960717844e+00  -3.625226074812955e+00  -1.217482250239428e-04  2.439303039105622e-05  4.404861467672281e-08
  1.109999999999998e+00  2.217508409664932e+03  4.173842963606634e+02  4.426861610744820e+02  -4.209116067079638e+02  2.537520650674906e+00  -4.015759409854618e+00  -1.324201609634661e-04  2.605977832594637e-05  2.379571166897090e-08
  1.114999999999998e+00  2.413162693278608e+03  4.446320117487932e+02  4.776418646945708e+02  -4.541081270208081e+02  2.380668271161765e+00  -4.265273557067147e+00  -1.438579412777119e-04  2.780849739628382e-05  2.475582084932226e-08
  1.119999999999998e+00  2.622425448961972e+03  4.728345913878603e+02  5.146137888213919e+02  -4.892132458795815e+02  2.183917092956091e+00  -4.500432145169323e+00  -1.560651569413587e-04  2.963196174356610e-05  2.261477775701242e-08
  1.124999999999998e+00  2.846170823918605e+03  5.020162254235668e+02  5.536929364806040e+02  -5.262778633947501e+02  1.969374887067205e+00  -4.701758635540054e+00  -1.690923987382878e-04  3.153103889553591e-05  2.072624077028409e-08
  1.129999999999998e+00  3.084446155777034e+03  5.309718571159004e+02  5.946040298500704e+02  -5.650187815456970e+02  1.994124164634407e+00  -4.984108397694895e+00  -1.829656725019957e-04  3.348803955667796e-05  -3.847350199969389e-09
  1.134999999999998e+00  3.339785516252121e+03  5.619031684775346e+02  6.380215160581489e+02  -6.062011936565330e+02  1.794046707687233e+00  -5.099076110969501e+00  -1.977826294995979e-04  3.553397586860180e-05  1.484462862389399e-09
  1.139999999999998e+00  3.612442516382257e+03  5.936964000856063e+02  6.837160724374638e+02  -6.495252361437006e+02  1.611632990042941e+00  -5.203885763698755e+00  -2.135800770766791e-04  3.764929570643040e-05  1.350437511473152e-08
  1.144999999999998e+00  3.903305540357705e+03  6.261999360464540e+02  7.316719114209717e+02  -6.950427011400601e+02  1.442069414729906e+00  -5.326544406006883e+00  -2.304053905850661e-04  3.982800359629590e-05  3.135585821732822e-08
  1.149999999999997e+00  4.211536801794397e+03  6.577438850097600e+02  7.814691466502228e+02  -7.424488066469193e+02  1.500149321611691e+00  -5.607327668581815e+00  -2.482101992428542e-04  4.204766720073007e-05  1.740689763349520e-08
  1.154999999999997e+00  4.541139138126486e+03  6.911266334647214e+02  8.339415986731739e+02  -7.924448627335577e+02  1.321437162060564e+00  -5.844342799302317e+00  -2.672053283425021e-04  4.433359943690191e-05  4.130563196507373e-08
  1.159999999999997e+00  4.891170962673218e+03  7.245974887340261e+02  8.885497482391088e+02  -8.446948584509853e+02  1.118722007731221e+00  -6.174167114722716e+00  -2.873338238416072e-04  4.666047260122231e-05  6.413995604347266e-08
  1.164999999999997e+00  5.262190464429453e+03  7.579073850252007e+02  9.452270114131308e+02  -8.991939098751084e+02  8.840972249908780e-01  -6.606078527985714e+00  -3.086168571153457e-04  4.902102349987351e-05  8.374103175353819e-08
  1.169999999999997e+00  5.653710853826568e+03  7.896148547024640e+02  1.003862099150042e+03  -9.555237261497653e+02  8.618729122168828e-01  -7.195183245969607e+00  -3.310261272997713e-04  5.139465324552229e-05  7.071343602060810e-08
  1.174999999999997e+00  6.068719872193930e+03  8.219395062960321e+02  1.064552094989500e+03  -1.014447386341428e+03  5.715970814782765e-01  -7.783181211214516e+00  -3.547098235258989e-04  5.379942341497379e-05  8.614145162273228e-08
  1.179999999999997e+00  6.506399653539002e+03  8.533810288883941e+02  1.127087995635707e+03  -1.075565891868820e+03  2.603912925808877e-01  -8.437384109951694e+00  -3.796140455733116e-04  5.621712034215607e-05  9.845240376001109e-08
  1.184999999999997e+00  6.967381333788632e+03  8.837424367504286e+02  1.191414762328452e+03  -1.138861179820827e+03  -6.283394819074201e-02  -9.137279630635559e+00  -4.057656908156219e-04  5.864154146518348e-05  1.089853622107350e-07
  1.189999999999997e+00  7.452354050926765e+03  9.128275648512338e+02  1.257469824017308e+03  -1.204315364496748e+03  -3.901115634659981e-01  -9.860522270898393e+00  -4.331957745110727e-04  6.106601497954481e-05  1.189682154714385e-07
  1.194999999999997e+00  7.961899032663034e+03  9.387613897127364e+02  1.324929777469301e+03  -1.271407233923568e+03  -4.159350974810144e-01  -1.051468218728966e+01  -4.619558090866669e-04  6.344752910072008e-05  1.044973439150531e-07
  1.199999999999996e+00  8.496903025461430e+03  9.643702065196334e+02  1.394040727810636e+03  -1.341122709835244e+03  -7.167503857948732e-01  -1.121006365136657e+01  -4.920371866315683e-04  6.584559734481009e-05  1.172939613496386e-07
  1.204999999999996e+00  9.058012409570509e+03  9.879844287235370e+02  1.464590685848593e+03  -1.412941857532367e+03  -1.013147738991609e+00  -1.189600579825890e+01  -5.234907734466682e-04  6.822057310186040e-05  1.303177817141298e-07
  1.209999999999996e+00  9.645968895980568e+03  1.009310342623782e+03  1.536448330946530e+03  -1.486827988670502e+03  -1.309552336766402e+00  -1.257230614785575e+01  -5.563492838951622e-04  7.056243332996935e-05  1.427042447090239e-07
  1.214999999999996e+00  1.026069550234922e+04  1.025479008844497e+03  1.608792179245544e+03  -1.562202998519243e+03  -1.245013343534986e+00  -1.313669432119436e+01  -5.906098285074702e-04  7.281097943145788e-05  1.243156809721916e-07
  1.219999999999996e+00  1.090413292071447e+04  1.041002377173673e+03  1.682722284652312e+03  -1.640086449350761e+03  -1.548001078312517e+00  -1.381970805132111e+01  -6.263443282742880e-04  7.505268482836842e-05  1.360857400364941e-07
  1.224999999999996e+00  1.157640800350782e+04  1.053143468203521e+03  1.757461210134014e+03  -1.719857815863474e+03  -1.878318782820810e+00  -1.452749572320680e+01  -6.635612212988051e-04  7.722607933626058e-05  1.448769691806192e-07
  1.229999999999996e+00  1.227806059385063e+04  1.061434774070521e+03  1.832778813873073e+03  -1.801437658154471e+03  -2.242306811909504e+00  -1.527399476756504e+01  -7.022768409107814e-04  7.931843263400667e-05  1.505215986790711e-07
  1.234999999999996e+00  1.300817364805864e+04  1.062518639599394e+03  1.907759438750663e+03  -1.884190974721354e+03  -2.223256449645720e+00  -1.592617812508105e+01  -7.424162743948961e-04  8.126085566654802e-05  1.247360078833548e-07
  1.239999999999996e+00  1.377000725761233e+04  1.061713855589953e+03  1.983617701300227e+03  -1.969113713998207e+03  -2.658972660870215e+00  -1.676418104733744e+01  -7.841638779811175e-04  8.315171468152428e-05  1.295094707789107e-07
  1.244999999999995e+00  1.456259063151251e+04  1.055627778803804e+03  2.059331715309206e+03  -2.055583378800102e+03  -3.129732776452689e+00  -1.765882290132743e+01  -8.274396306506867e-04  8.492733126511618e-05  1.335521011536382e-07
  1.249999999999995e+00  1.538625270236224e+04  1.043785614997064e+03  2.134641938279105e+03  -2.143529331485590e+03  -3.627029569758884e+00  -1.861386408896651e+01  -8.722435209991184e-04  8.658083348260822e-05  1.388198998736726e-07
  1.254999999999995e+00  1.624015602499074e+04  1.022878547519181e+03  2.208860848560628e+03  -2.232129352941670e+03  -3.676004214435292e+00  -1.936388235916813e+01  -9.184955250535446e-04  8.800828627943436e-05  1.123941855693466e-07
  1.259999999999995e+00  1.712706663316969e+04  9.981951878880028e+02  2.282667741579323e+03  -2.322766098685790e+03  -4.177166736658341e+00  -2.037666098242517e+01  -9.663661504005108e-04  8.938620592669929e-05  1.243234598078609e-07
  1.264999999999995e+00  1.804587616400158e+04  9.664362000465034e+02  2.355269706589933e+03  -2.414713242574390e+03  -4.665185923426352e+00  -2.143734548156834e+01  -1.015753687565617e-03  9.062962652357882e-05  1.411390078955836e-07
  1.269999999999995e+00  1.899680152812412e+04  9.272137659700566e+02  2.426401115805935e+03  -2.507929640663129e+03  -5.133077933508848e+00  -2.254600654338113e+01  -1.066650254543588e-03  9.173719116560336e-05  1.634004342526727e-07
  1.274999999999995e+00  1.997946233960279e+04  8.768676706242929e+02  2.495370881060329e+03  -2.601245776186176e+03  -4.996655522008012e+00  -2.321461939671617e+01  -1.119001863360316e-03  9.252784738607447e-05  1.372087976961194e-07
  1.279999999999995e+00  2.099526919431788e+04  8.213871372705668e+02  2.562704217195172e+03  -2.696839888937156e+03  -5.367418833089507e+00  -2.434628382676049e+01  -1.172899286251249e-03  9.334308266498325e-05  1.669591318389254e-07
  1.284999999999995e+00  2.204364298627351e+04  7.572589855201320e+02  2.627695105825717e+03  -2.793603480629482e+03  -5.717900674609850e+00  -2.553387363301128e+01  -1.228270728982817e-03  9.401976088411339e-05  2.002669030123030e-07
  1.289999999999994e+00  2.312470100857776e+04  6.840834351545000e+02  2.690038306781857e+03  -2.891483001984326e+03  -6.059540137173531e+00  -2.678117716276200e+01  -1.285102778750667e-03  9.455441774591925e-05  2.355566353679404e-07
  1.294999999999994e+00  2.423852757562177e+04  6.014431256619995e+02  2.749416049723026e+03  -2.990418720925886e+03  -6.403212955987685e+00  -2.809156970808709e+01  -1.343380055862317e-03  9.494305672474764e-05  2.712512610991522e-07
  1.299999999999994e+00  2.538468959710359e+04  5.047317372065355e+02  2.804929114579006e+03  -3.089094549128058e+03  -5.898155744840392e+00  -2.867498039390864e+01  -1.403037439162418e-03  9.495501786496897e-05  2.391966982195972e-07
  1.304999999999994e+00  2.656411845575194e+04  4.018137790120975e+02  2.857435983627959e+03  -3.190050428636107e+03  -6.234159976356706e+00  -3.008154020212388e+01  -1.464148469376473e-03  9.505113994387105e-05  2.754113574917878e-07
  1.309999999999994e+00  2.777638487669813e+04  2.882031421931389e+02  2.906019742430746e+03  -3.291879383541011e+03  -6.605073433218273e+00  -3.156640076674410e+01  -1.526645605447213e-03  9.499668182075267e-05  3.099389346504790e-07
  1.314999999999994e+00  2.902145849022988e+04  1.634821018561159e+02  2.950347434175928e+03  -3.394508434888751e+03  -7.005790236651860e+00  -3.312875283507535e+01  -1.590505468046435e-03  9.479102204811077e-05  3.423905942893686e-07
  1.319999999999994e+00  3.029863468474162e+04  2.274932704073995e+01  2.989568095204728e+03  -3.496823157966167e+03  -6.451067465045771e+00  -3.377398002109457e+01  -1.655619653540545e-03  9.423281573041776e-05  3.063345358617391e-07
  1.324999999999994e+00  3.160915316442601e+04  -1.252300455255073e+02  3.024534002098771e+03  -3.600991941135907e+03  -6.913628331120790e+00  -3.545387384559672e+01  -1.722128752980054e-03  9.375071136784359e-05  3.388850598732018e-07
  1.329999999999994e+00  3.295227037725434e+04  -2.853876944023987e+02  3.054285703014721e+03  -3.705776479226683e+03  -7.378947213785328e+00  -3.720060792195719e+01  -1.789921240792589e-03  9.313098217341230e-05  3.686103834116460e-07
  1.334999999999994e+00  3.432785480863437e+04  -4.580358960742121e+02  3.078503386579934e+03  -3.811142244094592e+03  -7.820141003603235e+00  -3.900964968765443e+01  -1.858966372537649e-03  9.238430254861266e-05  3.952654227338267e-07
  1.339999999999993e+00  3.573524704866013e+04  -6.477981271025581e+02  3.096670631773211e+03  -3.916292127951597e+03  -7.344329012953181e+00  -3.967854859069848e+01  -1.929127931966836e-03  9.135059090998315e-05  3.574406388306470e-07
  1.344999999999993e+00  3.717547987270171e+04  -8.459742107545375e+02  3.109097355625683e+03  -4.022880091927319e+03  -7.748854845023620e+00  -4.154702197957250e+01  -2.000593427190590e-03  9.040548528480762e-05  3.796867739582685e-07
  1.349999999999993e+00  3.864774204115179e+04  -1.057295359958719e+03  3.115114562788767e+03  -4.130055247721967e+03  -8.054590453387705e+00  -4.345790698858472e+01  -2.073217161759118e-03  8.938486735183556e-05  3.972755589678047e-07
  1.354999999999993e+00  4.015188772399063e+04  -1.281869186945303e+03  3.114472344632677e+03  -4.237882625194970e+03  -8.236763015287424e+00  -4.540933147385319e+01  -2.146967922227640e-03  8.831509977304331e-05  4.106605164221536e-07
  1.359999999999993e+00  4.168762456221433e+04  -1.523974607313183e+03  3.107068553684595e+03  -4.345745246169143e+03  -7.607587498901199e+00  -4.593109841210745e+01  -2.221703920548394e-03  8.703953475618244e-05  3.532679922741816e-07
  1.364999999999993e+00  4.325532086432660e+04  -1.775035400365494e+03  3.092607205275876e+03  -4.455221120117842e+03  -7.558966230478732e+00  -4.789519613925229e+01  -2.297632090391962e-03  8.596351695251351e-05  3.582411661518198e-07
  1.369999999999993e+00  4.485464055552791e+04  -2.039316208342536e+03  3.070907589304943e+03  -4.565740220906581e+03  -7.326150932776089e+00  -4.990297379142270e+01  -2.374607452226985e-03  8.494131847146178e-05  3.618576847782830e-07
  1.374999999999993e+00  4.648563522325518e+04  -2.316645061034721e+03  3.041857716985627e+03  -4.677512695576180e+03  -6.901518127705838e+00  -5.196103041625506e+01  -2.452612652051904e-03  8.401704467694211e-05  3.667317326491054e-07
  1.379999999999993e+00  4.814843945443663e+04  -2.606780328694136e+03  3.005378962355129e+03  -4.790785757540467e+03  -6.280567509675324e+00  -5.407887551740891e+01  -2.531635850169198e-03  8.323889864762267e-05  3.758842253685575e-07
  1.384999999999992e+00  4.984278588710084e+04  -2.914104266496498e+03  2.961788212085948e+03  -4.905026219792511e+03  -4.903174552329455e+00  -5.442225170364628e+01  -2.611514005966550e-03  8.240848601797152e-05  2.869672934238312e-07
  1.389999999999992e+00  5.156978702438786e+04  -3.228944937549627e+03  2.910489420175732e+03  -5.022253442627921e+03  -3.895121775062666e+00  -5.666073997219382e+01  -2.692554071945913e-03  8.207964659918482e-05  3.034503971861806e-07
  1.394999999999992e+00  5.332955547518861e+04  -3.555466357189900e+03  2.851765630208795e+03  -5.141983965655725e+03  -2.681060105353045e+00  -5.902156472058757e+01  -2.774613631751886e-03  8.206854129967936e-05  3.328068757378188e-07
  1.399999999999992e+00  5.512265392149119e+04  -3.893163803398909e+03  2.785668215367600e+03  -5.264619753576432e+03  -1.258706336114240e+00  -6.153423550760433e+01  -2.857708169494101e-03  8.243895629984351e-05  3.787156559662457e-07
  1.404999999999992e+00  5.694813333980109e+04  -4.246807802634770e+03  2.713102193750226e+03  -5.389809802735749e+03  9.496632363412415e-01  -6.207758817925757e+01  -2.941614378343774e-03  8.295936120384157e-05  2.863515683181526e-07
  1.409999999999992e+00  5.880989018444627e+04  -4.605060853800852e+03  2.632965603669292e+03  -5.519805771513229e+03  2.738300696519492e+00  -6.494512450093650e+01  -3.026852971167882e-03  8.431008752261746e-05  3.580355202438137e-07
  1.414999999999992e+00  6.070750553516676e+04  -4.972586545759228e+03  2.545880315276288e+03  -5.654179856506005e+03  4.729151265052687e+00  -6.807401585315125e+01  -3.113225828493205e-03  8.625847446663859e-05  4.547713551064568e-07
  1.419999999999992e+00  6.264210610226953e+04  -5.348682184250164e+03  2.451989389839900e+03  -5.793480223018038e+03  6.939993196079333e+00  -7.151277397374226e+01  -3.200781921455309e-03  8.887972465561572e-05  5.813540331744390e-07
  1.424999999999992e+00  6.461217433140443e+04  -5.737859263746561e+03  2.353990709469228e+03  -5.938058544369036e+03  9.669040654294113e+00  -7.273414588603998e+01  -3.289255557265777e-03  9.197576572652022e-05  5.052868976174518e-07
  1.429999999999992e+00  6.662484949140906e+04  -6.128367595627500e+03  2.248010297795428e+03  -6.089377214094130e+03  1.211416095503782e+01  -7.683026336116173e+01  -3.379384154403792e-03  9.621977340882113e-05  6.714719791692334e-07
  1.434999999999991e+00  6.867895637752741e+04  -6.525008430323165e+03  2.135914896742989e+03  -6.247536708464741e+03  1.478313835372275e+01  -8.138876643675350e+01  -3.470905820851627e-03  1.013837346999297e-04  8.785793552242394e-07
  1.439999999999991e+00  7.077620524258207e+04  -6.926967503089889e+03  2.017886884973312e+03  -6.413243312952780e+03  1.769959662696868e+01  -8.646633414438111e+01  -3.563899573821877e-03  1.075500822358741e-04  1.132579803117296e-06
  1.444999999999991e+00  7.291527399261265e+04  -7.337044850668511e+03  1.900502918835627e+03  -6.588102590026558e+03  2.012279030017001e+01  -8.889702657505246e+01  -3.658139822595122e-03  1.146539350393017e-04  1.055946323875581e-06
  1.449999999999991e+00  7.510590557827911e+04  -7.745852862611488e+03  1.773145615386924e+03  -6.771691454221931e+03  2.304746901368894e+01  -9.488206394179547e+01  -3.754471208256891e-03  1.231610167615436e-04  1.351767914445569e-06
  1.454999999999991e+00  7.734863745513021e+04  -8.156589026140758e+03  1.640997764783640e+03  -6.965389417445012e+03  2.627712624651317e+01  -1.013701561032172e+02  -3.852746425040512e-03  1.329521360611006e-04  1.720422769709782e-06
  1.459999999999991e+00  7.964752717001656e+04  -8.568267305988544e+03  1.504106572542166e+03  -7.170169425685036e+03  2.992389191343098e+01  -1.085468996343471e+02  -3.953170076984079e-03  1.441097317725783e-04  2.203756601437876e-06
  1.464999999999991e+00  8.200429796880376e+04  -8.980788344149325e+03  1.362026271317196e+03  -7.386835792127450e+03  3.398567495794966e+01  -1.169049913725083e+02  -4.055785871772766e-03  1.566832496916296e-04  2.827760059755873e-06
  1.469999999999991e+00  8.441312755222674e+04  -9.392614882098691e+03  1.231468037504540e+03  -7.618225720935544e+03  3.449644628292852e+01  -1.232850918744084e+02  -4.160307546934205e-03  1.709686694769727e-04  2.723030179172659e-06
  1.474999999999991e+00  8.688518448179081e+04  -9.805383704359952e+03  1.081667569261449e+03  -7.861193993576756e+03  3.780586850673537e+01  -1.350249549603920e+02  -4.267248678061764e-03  1.866970792602668e-04  3.405209361561562e-06
  1.479999999999990e+00  8.941541035769635e+04  -1.021827544452894e+04  9.270842796995528e+02  -8.119192368736081e+03  4.076246441543547e+01  -1.483326775289170e+02  -4.376322456096343e-03  2.041705960609047e-04  4.135087813008718e-06
  1.484999999999990e+00  9.201431927009598e+04  -1.062739723820228e+04  7.696443335151315e+02  -8.395629472225155e+03  4.360069506324277e+01  -1.626236840416106e+02  -4.488215214745087e-03  2.237519918304645e-04  5.024874681549513e-06
  1.489999999999990e+00  9.468368553452448e+04  -1.102392631049340e+04  6.371224242198468e+02  -8.693470793832956e+03  4.063058474260704e+01  -1.740376812516110e+02  -4.603388811315115e-03  2.459870923054592e-04  4.757371740502114e-06
  1.494999999999990e+00  9.746413017539779e+04  -1.141142846166513e+04  4.827979612707449e+02  -9.018758154991932e+03  4.474068714761480e+01  -1.923215206480251e+02  -4.723663742246358e-03  2.707880185732803e-04  6.298502843827213e-06
  1.499999999999990e+00  1.003715685365353e+05  -1.178205485569275e+04  3.284042621654176e+02  -9.378439080721066e+03  5.173759883174278e+01  -2.151374963221085e+02  -4.850142501852757e-03  2.985083658504340e-04  8.728410566213085e-06
  1.504999999999990e+00  1.034139676469888e+05  -1.213880276747944e+04  1.685907752669912e+02  -9.775335559583982e+03  6.239634046640455e+01  -2.457541869507473e+02  -4.982985000901568e-03  3.287008236175960e-04  1.211111935988701e-05
  1.509999999999990e+00  1.065233727597570e+05  -1.247525747762743e+04  6.316151376702339e+01  -1.018887875520913e+04  6.542649327369200e+01  -2.894292613644307e+02  -5.119130497800264e-03  3.619668838004805e-04  1.281369583240170e-05
  1.514999999999990e+00  1.097994146674842e+05  -1.281865235525400e+04  -1.063663315328011e+02  -1.064817443953652e+04  8.036003586848773e+01  -3.468297988869955e+02  -5.262132301446091e-03  3.957161351973105e-04  1.660336108947319e-05
  1.519999999999990e+00  1.131445077159083e+05  -1.317307799087674e+04  -2.959205106048520e+02  -1.112529618532374e+04  9.485527854282270e+01  -4.146735452474272e+02  -5.406469642470078e-03  4.292300323098057e-04  1.970565192114016e-05
  1.524999999999989e+00  1.165363463523836e+05  -1.353528751094354e+04  -4.982350319038215e+02  -1.160980369225007e+04  1.056101011914097e+02  -4.858573154800162e+02  -5.550662483020803e-03  4.623117011228016e-04  2.131329250908477e-05
  1.529999999999989e+00  1.199971873529534e+05  -1.385609959965299e+04  -6.063871196577903e+02  -1.210561908410032e+04  9.569174128443424e+01  -5.615120535550699e+02  -5.701525840851398e-03  5.022159662296314e-04  1.849230861319274e-05
  1.534999999999989e+00  1.235163470374181e+05  -1.419576964409038e+04  -8.007120926170002e+02  -1.261394584811535e+04  8.955085483824936e+01  -6.224746473695359e+02  -5.849320905124978e-03  5.388577231934393e-04  1.733366766101583e-05
  1.539999999999989e+00  1.271392546409931e+05  -1.448827584938288e+04  -9.559481235131369e+02  -1.315679577525754e+04  6.902637167873887e+01  -6.765239900104267e+02  -6.002036290010501e-03  5.817562027366551e-04  1.581028408917823e-05
  1.544999999999989e+00  1.309492036792775e+05  -1.469799737106413e+04  -1.042334503193318e+03  -1.376890542858175e+04  2.691762636381667e+01  -7.225963869226691e+02  -6.165626636997592e-03  6.355153777850179e-04  1.451370229210452e-05
  1.549999999999989e+00  1.349154014788410e+05  -1.485435021028370e+04  -1.054294987475821e+03  -1.442545728556669e+04  -6.793241648554224e+00  -7.824770419525129e+02  -6.341533096100667e-03  6.955306312253869e-04  1.071946098993491e-05
  1.554999999999989e+00  1.394040305901430e+05  -1.480820072749998e+04  -9.725704781476104e+02  -1.525299798499663e+04  -6.656285787133059e+01  -8.325815561295209e+02  -6.543482313835080e-03  7.746486677374354e-04  1.369286834837359e-05
  1.559999999999989e+00  1.445093291366401e+05  -1.456809388168474e+04  -7.929431945391759e+02  -1.625832831756156e+04  -1.310870677906082e+02  -9.042899842166000e+02  -6.780217187311432e-03  8.703240560092359e-04  2.176975814718422e-05
  1.564999999999989e+00  1.502960543968831e+05  -1.417367420954405e+04  -5.753324547467494e+02  -1.744493297785401e+04  -1.837632662512074e+02  -1.026162660988890e+03  -7.053445533332474e-03  9.777660856193080e-04  3.547215336506531e-05
  1.569999999999989e+00  1.566055728310629e+05  -1.374947633103961e+04  -4.255368371677885e+02  -1.876679176832662e+04  -2.117928653927910e+02  -1.230837936582885e+03  -7.348583278874883e-03  1.087635686929598e-03  5.297358404872796e-05
  1.574999999999988e+00  1.627866719972817e+05  -1.342328109671790e+04  -1.323213141290880e+02  -1.999816502452094e+04  -1.456206868801743e+02  -1.651618522825919e+03  -7.641237453697245e-03  1.188983006965561e-03  6.311097859255975e-05
  1.579999999999988e+00  1.690797144331267e+05  -1.331365667872993e+04  -2.492381489674430e+02  -2.137297521942848e+04  -1.660415299428395e+02  -2.028915072228580e+03  -7.909241385025724e-03  1.285606019873245e-03  7.153087236559369e-05
  1.584999999999988e+00  1.744398403245186e+05  -1.356959215862893e+04  -5.787222607668459e+02  -2.257027644910107e+04  -2.214317537972609e+02  -2.361897112156010e+03  -8.098556861874067e-03  1.359808825247240e-03  6.119314971624618e-05
  1.589999999999988e+00  1.788363076944065e+05  -1.405290160529586e+04  -9.308016299737827e+02  -2.351283493029423e+04  -3.247014886791374e+02  -2.510407914834398e+03  -8.213450465582752e-03  1.417950651993169e-03  2.862575896073455e-05
  1.594999999999988e+00  1.834241025378668e+05  -1.453791237444677e+04  -1.147168041754252e+03  -2.451135979370723e+04  -4.457275244734117e+02  -2.555442277364280e+03  -8.386690390369704e-03  1.502185971830261e-03  -9.675660514765485e-06
  1.599999999999988e+00  1.874511515884133e+05  -1.491009566945796e+04  -1.208465695238767e+03  -2.513907913372130e+04  -6.397427054878285e+02  -2.069575206658009e+03  -8.475464113186065e-03  1.572602055770535e-03  -6.085012305987128e-05
  1.604999999999988e+00  1.929127039419101e+05  -1.473241534867646e+04  -6.683720423998303e+02  -2.580933901700170e+04  -8.457802177136790e+02  -1.313749786640609e+03  -8.662665642199483e-03  1.687312729289868e-03  -9.579006243917155e-05
  1.609999999999988e+00  2.006489838362760e+05  -1.397044451790284e+04  4.823119198893435e+02  -2.676698414288409e+04  -1.088329874451576e+03  -4.428005936962972e+02  -9.003235686939191e-03  1.868296225652122e-03  -1.052160270726937e-04
  1.614999999999988e+00  2.087834371734583e+05  -1.330359809072905e+04  1.392975331611123e+03  -2.804983062712041e+04  -1.226430380922016e+03  2.502641272306859e+01  -9.380682264534611e-03  2.041514839873355e-03  -1.176065665990289e-04
  1.619999999999987e+00  2.211670955990407e+05  -1.165953484138541e+04  3.493050636168234e+03  -2.981814714425370e+04  -1.492765447835202e+03  5.349111900273828e+02  -1.000179742986462e-02  2.342632818295603e-03  -9.211629832713930e-05
  1.624999999999987e+00  2.351793919325160e+05  -1.007657116471550e+04  5.561167297586459e+03  -3.207691514501638e+04  -1.819837867907821e+03  7.272239337722240e+02  -1.070058201522611e-02  2.713716936853183e-03  -6.503704082174352e-05
  1.629999999999987e+00  2.490724949233313e+05  -8.878066695139545e+03  7.240240889540556e+03  -3.460757465193966e+04  -2.151727495128301e+03  6.086579316262801e+02  -1.134283513889589e-02  3.133593356449553e-03  -4.785898270466644e-05
  1.634999999999987e+00  2.621601280919644e+05  -7.449152242038449e+03  8.984438163650626e+03  -3.692747663119011e+04  -1.981644474663656e+03  3.856691865418649e+01  -1.195792288306300e-02  3.438983732142774e-03  -4.525044318068134e-05
  1.639999999999987e+00  2.714595343692962e+05  -7.265661053080239e+03  9.459117066366720e+03  -3.937150950639433e+04  -2.066716886496456e+03  -9.486522737278781e+01  -1.222806853637751e-02  3.885450212661297e-03  -6.551184344217575e-05
  1.644999999999987e+00  2.742644059379193e+05  -7.604217183334650e+03  9.133247199855121e+03  -4.126164377234472e+04  -1.910150815161973e+03  1.296714243749451e+02  -1.205592503199541e-02  4.300704431385070e-03  -1.216213082886419e-04
  1.649999999999987e+00  2.696819985446685e+05  -7.819718302939371e+03  8.441819091437623e+03  -4.241990992543803e+04  -1.418080767223385e+03  9.789765893123041e+02  -1.143734736095348e-02  4.659817428800029e-03  -2.168948616960465e-04
  1.654999999999987e+00  2.583866923847905e+05  -7.053631684060747e+03  7.999330468673445e+03  -4.287558374573151e+04  -5.101993893257241e+02  2.660793671555375e+03  -1.048870243839198e-02  4.951394713995512e-03  -3.431982503534622e-04
  1.659999999999987e+00  2.487183879842838e+05  -7.567139492980476e+03  5.209085909279366e+03  -4.405942219291246e+04  6.961667809480517e+02  6.585692441209977e+03  -9.756168234338001e-03  5.209236538837287e-03  -4.428234056557686e-04
  1.664999999999986e+00  2.283255612583206e+05  -4.132161561293321e+03  5.547679074194689e+03  -4.401285364585731e+04  2.391652226551112e+03  1.034520927508662e+04  -8.506322841987334e-03  5.416297862204345e-03  -5.661683746367436e-04
  1.669999999999986e+00  2.088548479659786e+05  2.189563435684778e+03  7.941413967729380e+03  -4.433496006440117e+04  4.477458209704063e+03  1.442409106847012e+04  -7.580819261625066e-03  5.569832864511267e-03  -6.654223275852364e-04
  1.674999999999986e+00  1.941760130588832e+05  1.123070664845357e+04  1.250811591802440e+04  -4.567283542981667e+04  6.772950084991920e+03  1.837798362416734e+04  -7.249133508537793e-03  5.677396879290289e-03  -7.355037282532443e-04
  1.679999999999986e+00  1.812537392925064e+05  1.692379220788186e+04  1.333797927018412e+04  -4.844157954937178e+04  8.880438282859397e+03  2.376340048705263e+04  -6.663457398378972e-03  5.940285540558154e-03  -6.853674083356051e-04
  1.684999999999986e+00  1.818680988554438e+05  3.037416336955942e+04  2.246837237362926e+04  -5.257689875504599e+04  1.105726458134297e+04  2.558750348412717e+04  -7.654770227996400e-03  6.000948275944701e-03  -6.531117423400375e-04
  1.689999999999986e+00  1.948522432531535e+05  4.418863473796503e+04  3.303966613835698e+04  -5.859064037639727e+04  1.282186568292085e+04  2.577098158334522e+04  -9.583056158886034e-03  5.990250557278875e-03  -6.046454456728450e-04
  1.694999999999986e+00  2.200638617895567e+05  5.677869241557226e+04  4.415388862563474e+04  -6.619487612415147e+04  1.408878138759520e+04  2.421315838071585e+04  -1.232112020569319e-02  5.885606483830118e-03  -5.390675635108087e-04
  1.699999999999986e+00  2.458267551609009e+05  6.949202579669956e+04  5.596367072881187e+04  -7.358273557185581e+04  1.500863782712757e+04  2.152382613930072e+04  -1.435316676515765e-02  6.085573079220441e-03  -1.619927742301924e-04
  1.704999999999986e+00  2.944904226722565e+05  7.874495295697851e+04  6.835696285118222e+04  -8.286267150809705e+04  1.509837174703028e+04  1.612318649874900e+04  -1.844030641573981e-02  5.774535364706753e-03  -6.794585942317741e-06
  1.709999999999986e+00  3.504561990316172e+05  8.299771018930533e+04  7.875421535023251e+04  -9.205560160928087e+04  1.471387872854585e+04  9.627704691631759e+03  -2.275659900523786e-02  5.296806191869691e-03  1.896580663216412e-04
  1.714999999999985e+00  4.101893062107586e+05  8.172183607086244e+04  8.651268495780643e+04  -1.004922224330198e+05  1.394135987151941e+04  2.321413423938060e+03  -2.701582766080014e-02  4.634391176794743e-03  4.391116020081146e-04
  1.719999999999985e+00  4.752360634739553e+05  8.637372557851866e+04  9.978334479275074e+04  -1.080846003760291e+05  1.184777037568148e+04  -6.113671186991802e+03  -3.129683119586508e-02  4.313880088781199e-03  9.714213735706339e-04
  1.724999999999985e+00  5.373813174597163e+05  7.409672563626408e+04  1.014286009509030e+05  -1.138340190340326e+05  9.828639560313826e+03  -1.363621014703487e+04  -3.527795952265440e-02  3.221232616425202e-03  1.194942863266178e-03
  1.729999999999985e+00  5.937216716848060e+05  5.619954675436187e+04  9.897437058568302e+04  -1.172422093720199e+05  7.391247483104386e+03  -2.051113142280157e+04  -3.859514126787041e-02  1.906541283058339e-03  1.377149594912879e-03
  1.734999999999985e+00  6.440656199785179e+05  3.416576490110371e+04  9.307302173750341e+04  -1.181812485443450e+05  4.465532211560939e+03  -2.629752051932027e+04  -4.128075572874050e-02  4.210128813613518e-04  1.493357339184785e-03
  1.739999999999985e+00  6.897813431606723e+05  9.682512789136434e+03  8.469300760708173e+04  -1.168699379258357e+05  9.792930045315528e+02  -3.070250905284467e+04  -4.348008149904265e-02  -1.147083984815074e-03  1.542988452998782e-03
  1.744999999999985e+00  7.439103143775893e+05  -1.249773466088436e+04  7.888330451037076e+04  -1.153128757818633e+05  -5.174051908214990e+03  -3.385143692279291e+04  -4.656688943925089e-02  -2.607555462529279e-03  1.383470627979601e-03
  1.749999999999985e+00  7.816739506374745e+05  -4.122086047994081e+04  6.615937421508263e+04  -1.103141501032541e+05  -9.750377430869172e+03  -3.576597859061036e+04  -4.802634718844306e-02  -4.248699606890258e-03  1.248512363433365e-03
  1.754999999999985e+00  8.201197605518167e+05  -6.843648914561979e+04  5.433819582079842e+04  -1.046957175726331e+05  -1.492211791476038e+04  -3.710641737714403e+04  -4.944351641173096e-02  -5.663274470827344e-03  1.120021244065172e-03
  1.759999999999984e+00  8.611858606442701e+05  -9.356974421553229e+04  4.428404781597227e+04  -9.932224071413132e+04  -2.082643494844694e+04  -3.819201268278995e+04  -5.095943224361546e-02  -6.724819352551794e-03  1.011300818176328e-03
  1.764999999999984e+00  9.005917286536793e+05  -1.221263658274530e+05  3.358144596537472e+04  -9.253501628395428e+04  -2.770708527522681e+04  -4.025389283770398e+04  -5.269436840293813e-02  -8.204462463563822e-03  4.847078727080019e-04
  1.769999999999984e+00  9.479479272323078e+05  -1.416079047633628e+05  2.890255855175125e+04  -8.893875196874044e+04  -3.408463398394061e+04  -4.208074919300984e+04  -5.439681681654640e-02  -8.456906263774535e-03  4.442569893150292e-04
  1.774999999999984e+00  1.004555688377448e+06  -1.556158988746929e+05  2.855606157899611e+04  -8.879081587687052e+04  -4.095312936814449e+04  -4.369929834497817e+04  -5.653465897213687e-02  -7.925214739135975e-03  4.616230520006172e-04
  1.779999999999984e+00  1.072041944285490e+06  -1.627999144421030e+05  3.265785129446796e+04  -9.339331756168007e+04  -4.800353656457290e+04  -4.474975106808445e+04  -5.914798970896416e-02  -6.472282998696791e-03  5.313391104561820e-04
  1.784999999999984e+00  1.132741903547402e+06  -1.714761245506280e+05  3.793680057775263e+04  -9.462299007744764e+04  -5.167909880618945e+04  -4.949655222764971e+04  -6.169838330303731e-02  -6.056804843738213e-03  3.274295216417683e-04
  1.789999999999984e+00  1.224172156150644e+06  -1.608729315312444e+05  5.207600577134619e+04  -1.106697928284524e+05  -5.668526591527383e+04  -4.976977047032797e+04  -6.538904085357462e-02  -2.724114504981915e-03  5.452339484567911e-04
  1.794999999999984e+00  1.327096989213276e+06  -1.406712037921207e+05  6.931448037436146e+04  -1.340817142322760e+05  -6.047275882066392e+04  -4.876820687733735e+04  -6.952806229598345e-02  1.673084385223317e-03  7.629882832998607e-04
  1.799999999999984e+00  1.439417638767722e+06  -1.109689594874158e+05  8.883251223977336e+04  -1.644791399845073e+05  -6.259705967370413e+04  -4.641222082398293e+04  -7.400458504836825e-02  7.000367405566828e-03  9.373864549996077e-04
  1.804999999999984e+00  1.549991958034817e+06  -8.019874359106510e+04  1.131365357749410e+05  -1.914497191527341e+05  -5.807298465382503e+04  -4.857971461154053e+04  -7.916583338204579e-02  1.108966283606987e-02  1.002650107651401e-03
  1.809999999999983e+00  1.681796990428460e+06  -3.094833294699237e+04  1.375984805330216e+05  -2.361338445627358e+05  -5.612870484200816e+04  -4.229787466486778e+04  -8.458390651404203e-02  1.813624022794079e-02  1.015335685306987e-03
  1.814999999999983e+00  1.819110882079657e+06  2.690044471389955e+04  1.638428075191636e+05  -2.862244078325231e+05  -5.211912680793338e+04  -3.420366219060159e+04  -9.029977301846147e-02  2.566148343437458e-02  9.215184849108729e-04
  1.819999999999983e+00  1.961639842131615e+06  9.309543481592502e+04  1.928273165772487e+05  -3.410377342389284e+05  -4.587703654918354e+04  -2.482533974713310e+04  -9.644735253115302e-02  3.347284602850655e-02  7.544144937214124e-04
  1.824999999999983e+00  2.115975927500927e+06  1.624925386216710e+05  2.271719827498669e+05  -4.002429721436552e+05  -3.488939030857421e+04  -1.658164179172350e+04  -1.042353142619781e-01  4.119764233756644e-02  4.096362511835941e-04
  1.829999999999983e+00  2.273551476593445e+06  2.454213855120323e+05  2.621966185792862e+05  -4.675641525799930e+05  -2.587867762177952e+04  -4.147635535395469e+03  -1.117371597000516e-01  4.983144763533830e-02  9.092839710483420e-05
  1.834999999999983e+00  2.438662959726753e+06  3.353241812674398e+05  3.016714934002371e+05  -5.391594547194554e+05  -1.533549678435622e+04  7.770875512830748e+03  -1.201625171117645e-01  5.834760258766074e-02  -2.222260309417795e-04
  1.839999999999983e+00  2.612279747093548e+06  4.308161871489505e+05  3.455420452403235e+05  -6.146695341034157e+05  -3.554188074790710e+03  1.888138101087553e+04  -1.296168967020330e-01  6.658650394980088e-02  -5.456682182349149e-04
  1.844999999999983e+00  2.795534910163376e+06  5.300727907815216e+05  3.933314071635572e+05  -6.933677282171042e+05  9.114941341118762e+03  2.939785411209867e+04  -1.401469992917088e-01  7.439059223299595e-02  -9.065656369738996e-04
  1.849999999999983e+00  2.998186445434400e+06  6.348580906499907e+05  4.388051200079899e+05  -7.882953078657924e+05  1.850197807796755e+04  4.398820830381830e+04  -1.516972449568235e-01  8.448011733565716e-02  -1.590293278580695e-03
  1.854999999999982e+00  3.200320813315358e+06  7.373933989783524e+05  4.906407991470666e+05  -8.721000834874148e+05  3.010644414403662e+04  5.389814977615079e+04  -1.639706446600871e-01  9.152006789797194e-02  -1.935716490072174e-03
  1.859999999999982e+00  3.410263001322184e+06  8.351753711973225e+05  5.429674733451823e+05  -9.541438582278739e+05  4.168295037957399e+04  6.332374072300722e+04  -1.770186238939956e-01  9.756543406751340e-02  -2.254554464240050e-03
  1.864999999999982e+00  3.626149468161537e+06  9.248249606641603e+05  5.944577385425490e+05  -1.032666732323958e+06  5.290056942996916e+04  7.229132330802336e+04  -1.906796294997282e-01  1.024931834498558e-01  -2.526614000009799e-03
  1.869999999999982e+00  3.856364543336288e+06  1.023687455223756e+06  6.400722099562136e+05  -1.130646005404562e+06  5.433172683835018e+04  8.504973411271976e+04  -2.044819638933321e-01  1.108286328440248e-01  -2.903857042241385e-03
  1.874999999999982e+00  4.081979590559088e+06  1.093571021306605e+06  6.884868111874450e+05  -1.199363357353114e+06  6.231392491332121e+04  9.186744815999028e+04  -2.191056672408223e-01  1.134617955844653e-01  -2.919224378348237e-03
  1.879999999999982e+00  4.314313638190159e+06  1.149911852084638e+06  7.348844222917736e+05  -1.262203612067237e+06  6.919825299628488e+04  9.739146290955890e+04  -2.343267541548257e-01  1.148868553204647e-01  -2.823216559063824e-03
  1.884999999999982e+00  4.554011768329116e+06  1.192268605215403e+06  7.789976608808159e+05  -1.319807669223008e+06  7.460368137642278e+04  1.013785593011170e+05  -2.501297236309190e-01  1.152421144742520e-01  -2.669286435773685e-03
  1.889999999999982e+00  4.798082914823413e+06  1.243356527508673e+06  8.176279445616693e+05  -1.392838493498913e+06  6.720796933770081e+04  1.053524828532339e+05  -2.652103327169668e-01  1.182864786207077e-01  -2.427742266529324e-03
  1.894999999999982e+00  5.051608249477829e+06  1.254047534657505e+06  8.562139151711554e+05  -1.437214950605915e+06  6.937780488192430e+04  1.054595757098862e+05  -2.818928869302469e-01  1.160673183970144e-01  -2.280403286956246e-03
  1.899999999999981e+00  5.318398613982772e+06  1.250415131273935e+06  8.912820606570507e+05  -1.478903771100048e+06  6.944691164626928e+04  1.056382012145834e+05  -2.992107369930810e-01  1.131841272398724e-01  -2.309987160675562e-03
  1.904999999999981e+00  5.601131822841504e+06  1.233966592637394e+06  9.223809403686567e+05  -1.520089367050997e+06  6.712928879824583e+04  1.062164260202122e+05  -3.171917716288205e-01  1.099407621792736e-01  -2.468802978830423e-03
  1.909999999999981e+00  5.874519029914417e+06  1.213042827777878e+06  9.458839695702584e+05  -1.562568991808986e+06  5.706313597936349e+04  1.010429194787025e+05  -3.338279902421970e-01  1.065891891228333e-01  -2.169185896613263e-03
  1.914999999999981e+00  6.188564009391346e+06  1.168352849630981e+06  9.673092534553049e+05  -1.602229659683042e+06  5.334391601315561e+04  1.001218625778353e+05  -3.530786014388791e-01  1.021226210807147e-01  -2.406846439351714e-03
  1.919999999999981e+00  6.517659568649221e+06  1.114291376795038e+06  9.824612130312250e+05  -1.647976581700678e+06  4.773193525186718e+04  9.828286770243611e+04  -3.727113251834590e-01  9.802011161437854e-02  -2.544121096066603e-03
  1.924999999999981e+00  6.855250212033595e+06  1.050737982482010e+06  9.903355003564552e+05  -1.700596984677005e+06  4.038546855162345e+04  9.424791385261311e+04  -3.923092331459651e-01  9.438104240608265e-02  -2.490797747074600e-03
  1.929999999999981e+00  7.194987808532355e+06  9.776861836547675e+05  9.906444460388034e+05  -1.760479868650915e+06  3.143120726745968e+04  8.715848835999792e+04  -4.115209945879818e-01  9.128900309467544e-02  -2.210162454143419e-03
  1.934999999999981e+00  7.523044134992116e+06  8.795005393659936e+05  9.878523082050971e+05  -1.802614701589591e+06  3.170925783097929e+04  7.416396055668949e+04  -4.304697896909109e-01  8.401733488829718e-02  -1.881986986911971e-03
  1.939999999999981e+00  7.865936423245631e+06  7.878443931812415e+05  9.765161529853224e+05  -1.878071838737566e+06  2.454773380493623e+04  6.290631867260841e+04  -4.492540735658778e-01  8.186002463234224e-02  -1.245216557126745e-03
  1.944999999999981e+00  8.202288968327862e+06  6.924778380328073e+05  9.599893084099973e+05  -1.965833730825615e+06  1.645629792919526e+04  4.760740191640045e+04  -4.673804717773690e-01  8.097236487590817e-02  -2.887488402651852e-04
  1.949999999999980e+00  8.530356245697465e+06  5.956392044885759e+05  9.385952501935667e+05  -2.067568127095061e+06  7.729057596686431e+03  2.820144682157224e+04  -4.848659088189944e-01  8.149303642462662e-02  8.631527454815604e-04
  1.954999999999980e+00  8.869559140355796e+06  4.665843315284153e+05  9.175449666347024e+05  -2.148811339942059e+06  2.118339226801438e+04  1.229921577289924e+04  -5.038399522252710e-01  7.648300221971700e-02  1.703628895961046e-03
  1.959999999999980e+00  9.185629432656232e+06  3.705196247046762e+05  8.846598688310317e+05  -2.283417535138089e+06  1.468842290840810e+04  -1.032318224803415e+04  -5.203616417235417e-01  8.001291614555046e-02  2.901977302511923e-03
  1.964999999999980e+00  9.491982827817347e+06  2.802730832117713e+05  8.447810844245859e+05  -2.436690915860268e+06  7.231999360993509e+03  -3.380954011815168e+04  -5.361997964601745e-01  8.528856076114466e-02  3.806459207638768e-03
  1.969999999999980e+00  9.788242874334604e+06  1.977010279626320e+05  7.976429785842171e+05  -2.609092497606608e+06  -8.323834741048265e+02  -5.673320216620616e+04  -5.513328524403559e-01  9.225523703820547e-02  4.302013177091029e-03
  1.974999999999980e+00  1.010837172148598e+07  7.919043913854270e+04  7.449576112505747e+05  -2.765526964304187e+06  2.158684056566046e+04  -6.907659697943709e+04  -5.683227290227427e-01  9.442939114501278e-02  5.057942425125040e-03
  1.979999999999980e+00  1.038039095948565e+07  1.551776935834141e+04  6.805582718244090e+05  -2.980000160674585e+06  1.341256037023030e+04  -8.765202655180468e+04  -5.817914569887693e-01  1.053837935801955e-01  4.950480004681745e-03
  1.984999999999980e+00  1.063981242371784e+07  -3.461705270954271e+04  6.119439416428650e+05  -3.214061733255405e+06  4.748951477107067e+03  -1.030015291525038e+05  -5.946110024379381e-01  1.180617868090923e-01  4.453133514338508e-03
  1.989999999999980e+00  1.088951850077001e+07  -6.834491793972177e+04  5.419147874190488e+05  -3.468341242981506e+06  -3.432837987140006e+03  -1.153976510476196e+05  -6.071097449986917e-01  1.325426144982291e-01  3.784896396896942e-03
  1.994999999999979e+00  1.116499693861434e+07  -1.286229200571342e+05  4.581062259306997e+05  -3.721095782540184e+06  1.746861920054448e+04  -1.154889478660463e+05  -6.210180909705709e-01  1.454665638078811e-01  4.102592765537096e-03
  1.999999999999979e+00  1.139713604923975e+07  -1.187784193140448e+05  3.862116378961806e+05  -4.022534142198991e+06  8.551004932957690e+03  -1.240500583059278e+05  -6.329722765435074e-01  1.648333864101757e-01  3.577551301093453e-03
