TITLE = "Temporal Signal for receiver number 00004"
VARIABLES = "Time","s_xx","s_yy","s_zz","s_xy","s_yz","s_xz","v1","v2","v3"
# x1       4.900000000000e+02
# x2       4.900000000000e+02
# x3       -1.000000000000e-01
  0.000000000000000e+00  9.664313438406680e-08  -2.467761550661862e-10  -9.763024166886680e-08  0.000000000000000e+00  0.000000000000000e+00  1.225162726825602e-08  -3.444445795253159e-08  0.000000000000000e+00  -5.866697350143113e-09
  4.999999888241291e-03  9.311762695312500e+02  3.672987976074219e+02  2.434788665771484e+02  4.669029846191406e+02  2.862702941894531e+02  3.852005767822266e+01  -1.256388641195372e-04  -2.917936217272654e-05  -5.598736242973246e-05
  9.999999776482582e-03  1.601699218750000e+03  4.843400268554688e+02  2.016236572265625e+02  8.747180786132812e+02  5.400392456054688e+02  1.878413581848145e+01  -2.307963441126049e-04  -4.252308281138539e-05  -1.128070143749937e-04
  1.499999966472387e-02  2.341192871093750e+03  2.648298950195312e+02  -2.213734588623047e+02  1.453640747070312e+03  8.959373168945312e+02  6.591986656188965e+00  -3.697082283906639e-04  -4.274590901331976e-05  -2.140024880645797e-04
  1.999999955296516e-02  2.584723388671875e+03  6.691191101074219e+01  -5.482406616210938e+02  1.695271728515625e+03  1.007582397460938e+03  -8.312448120117188e+01  -4.226187011227012e-04  -3.719361848197877e-05  -2.526146126911044e-04
  2.500000037252903e-02  2.944008056640625e+03  -1.932791137695312e+02  -7.646749877929688e+02  1.986118774414062e+03  1.012441833496094e+03  -1.666124267578125e+02  -4.761086020153016e-04  -3.819254197878763e-05  -2.732865978032351e-04
  2.999999932944775e-02  3.099560058593750e+03  -2.916032714843750e+02  -9.026685180664062e+02  2.114863037109375e+03  9.613962402343750e+02  -2.813046875000000e+02  -4.957903292961419e-04  -4.026040915050544e-05  -2.700331679079682e-04
  3.500000014901161e-02  3.255411621093750e+03  -3.194818420410156e+02  -9.388888549804688e+02  2.214221435546875e+03  8.631524658203125e+02  -3.957120971679688e+02  -5.060192779637873e-04  -4.658396574086510e-05  -2.540144487284124e-04
  3.999999910593033e-02  3.441930419921875e+03  -2.622660217285156e+02  -6.955124511718750e+02  2.263179931640625e+03  5.901983032226562e+02  -4.668976135253906e+02  -4.854858852922916e-04  -6.356606900226325e-05  -1.960406225407496e-04
  4.500000178813934e-02  3.548471679687500e+03  -1.559469909667969e+02  -5.573586425781250e+02  2.290156250000000e+03  4.268348999023438e+02  -5.537495727539062e+02  -4.714796377811581e-04  -7.580331293866038e-05  -1.602477277629077e-04
  5.000000074505806e-02  3.490980712890625e+03  -7.379405212402344e+01  -3.622429809570312e+02  2.215458984375000e+03  1.704177093505859e+02  -5.477886962890625e+02  -4.090956936124712e-04  -8.308247925015166e-05  -1.046661927830428e-04
  5.499999970197678e-02  3.493502197265625e+03  6.659880065917969e+01  -1.973520812988281e+02  2.189148681640625e+03  2.085584068298340e+01  -5.825187988281250e+02  -3.761904663406312e-04  -9.380622213939205e-05  -7.059944618958980e-05
  5.999999865889549e-02  3.459264404296875e+03  2.097178497314453e+02  -3.243013381958008e+01  2.148800781250000e+03  -1.178599929809570e+02  -5.964454956054688e+02  -3.373049548827112e-04  -1.039960843627341e-04  -3.902046955772676e-05
  6.499999761581421e-02  3.083813964843750e+03  1.898690032958984e+02  -5.285696411132812e+01  1.969696777343750e+03  -2.271031188964844e+02  -4.747302856445312e+02  -2.415771450614557e-04  -9.121664334088564e-05  -1.359181896987138e-05
  7.000000029802322e-02  2.931162597656250e+03  2.809920043945312e+02  3.247474670410156e+01  1.895417236328125e+03  -3.026873779296875e+02  -4.316169433593750e+02  -1.920272770803422e-04  -9.572855196893215e-05  4.706019808509154e-06
  7.500000298023224e-02  2.442867675781250e+03  2.088776702880859e+02  -7.313626098632812e+01  1.682899780273438e+03  -3.080751953125000e+02  -2.694566650390625e+02  -9.225997928297147e-05  -7.475825259461999e-05  1.457064627174987e-05
  7.999999821186066e-02  2.218463623046875e+03  2.474513549804688e+02  -5.435683059692383e+01  1.588217529296875e+03  -3.278190002441406e+02  -1.856322326660156e+02  -3.838166958303191e-05  -7.443708454957232e-05  2.188754660892300e-05
  8.500000089406967e-02  1.967098510742188e+03  2.604657592773438e+02  -6.377850723266602e+01  1.485726196289062e+03  -3.269501953125000e+02  -8.292414855957031e+01  1.641205562918913e-05  -7.241993444040418e-05  2.491818304406479e-05
  9.000000357627869e-02  1.486488647460938e+03  1.870451660156250e+02  -1.476355743408203e+02  1.265644042968750e+03  -2.595699462890625e+02  7.849621582031250e+01  1.023463337332942e-04  -5.260703983367421e-05  2.785728247545194e-05
  9.499999880790710e-02  1.229977050781250e+03  1.732393341064453e+02  -1.728283233642578e+02  1.155387084960938e+03  -2.294960327148438e+02  1.974771728515625e+02  1.527877175249159e-04  -4.848597018280998e-05  2.608065551612526e-05
  1.000000014901161e-01  8.428352661132812e+02  1.498200531005859e+02  -1.737214508056641e+02  9.569163208007812e+02  -1.657192687988281e+02  3.083568115234375e+02  2.151050575776026e-04  -3.784520231420174e-05  3.205605025868863e-05
  1.049999967217445e-01  6.189694213867188e+02  1.315458831787109e+02  -1.808575897216797e+02  8.464237060546875e+02  -1.266042556762695e+02  4.244425354003906e+02  2.563452289905399e-04  -3.375894448254257e-05  2.941221282526385e-05
  1.099999994039536e-01  4.010651245117188e+02  1.042466201782227e+02  -1.893043060302734e+02  7.348085937500000e+02  -8.484175109863281e+01  5.434046630859375e+02  2.940338163170964e-04  -2.869264608307276e-05  2.701474295463413e-05
  1.150000020861626e-01  1.532460327148438e+02  1.342384490966797e+02  -1.078742675781250e+02  5.754016723632812e+02  -5.464677429199219e+01  5.733936157226562e+02  3.205245302524418e-04  -2.929510810645297e-05  3.665415351861157e-05
  1.199999973177910e-01  -6.023999691009521e+00  1.203183212280273e+02  -7.796936798095703e+01  4.724843444824219e+02  -2.358301734924316e+01  6.674836425781250e+02  3.455924452282488e-04  -2.517073153285310e-05  3.657179331639782e-05
  1.250000000000000e-01  -1.715759429931641e+02  1.684067077636719e+02  1.362753582000732e+01  3.494389648437500e+02  -2.358701896667480e+01  6.349694213867188e+02  3.471715899650007e-04  -3.198991180397570e-05  4.539091969490983e-05
  1.299999952316284e-01  -2.843615112304688e+02  1.595026550292969e+02  6.110774993896484e+01  2.584995117187500e+02  -6.562860012054443e+00  7.004688110351562e+02  3.593140281736851e-04  -2.852325633284636e-05  4.801027534995228e-05
  1.350000053644180e-01  -3.723861389160156e+02  1.573574981689453e+02  1.268384094238281e+02  1.710692596435547e+02  4.961431503295898e+00  7.517304077148438e+02  3.676140913739800e-04  -2.456764559610747e-05  5.204779517953284e-05
  1.400000005960464e-01  -4.583442687988281e+02  2.004289550781250e+02  1.897643127441406e+02  9.078682708740234e+01  -2.233382415771484e+01  6.531161499023438e+02  3.447259950917214e-04  -3.337354064569809e-05  5.686807344318368e-05
  1.449999958276749e-01  -5.095798950195312e+02  1.989605865478516e+02  2.580433959960938e+02  1.703188705444336e+01  -2.241320800781250e+01  6.718563232421875e+02  3.430238284636289e-04  -2.940574449894484e-05  6.172273424454033e-05
  1.500000059604645e-01  -5.619928588867188e+02  2.215328369140625e+02  2.757772216796875e+02  -3.814560317993164e+01  -5.316280364990234e+01  5.508416748046875e+02  3.119052562396973e-04  -3.578868199838325e-05  6.073135955375619e-05
  1.550000011920929e-01  -5.865256958007812e+02  2.144450836181641e+02  3.305162963867188e+02  -9.841645050048828e+01  -6.092874908447266e+01  5.408685913085938e+02  3.036222187802196e-04  -3.093630220973864e-05  6.510837556561455e-05
  1.599999964237213e-01  -5.991254882812500e+02  2.079849395751953e+02  3.875618591308594e+02  -1.550582885742188e+02  -7.063085174560547e+01  5.181738281250000e+02  2.927200694102794e-04  -2.605785084597301e-05  6.935898272786289e-05
  1.650000065565109e-01  -6.191711425781250e+02  2.023022918701172e+02  3.492335815429688e+02  -1.847538299560547e+02  -9.550836944580078e+01  3.874122009277344e+02  2.581837470643222e-04  -2.775175926217344e-05  6.243200914468616e-05
  1.700000017881393e-01  -6.231063232421875e+02  1.807859649658203e+02  3.724414672851562e+02  -2.294275665283203e+02  -1.065607528686523e+02  3.478821105957031e+02  2.438086812617257e-04  -2.190839586546645e-05  6.525852950289845e-05
  1.749999970197678e-01  -6.191500244140625e+02  1.636239013671875e+02  3.182256774902344e+02  -2.479129943847656e+02  -1.206079025268555e+02  2.356830444335938e+02  2.125520550180227e-04  -1.975359555217437e-05  5.736849561799318e-05
  1.800000071525574e-01  -6.134114379882812e+02  1.331265411376953e+02  3.206228942871094e+02  -2.827551269531250e+02  -1.284827117919922e+02  1.863810424804688e+02  1.965846458915621e-04  -1.346275166724809e-05  5.826771666761488e-05
  1.850000023841858e-01  -6.095339965820312e+02  9.415040588378906e+01  3.041068420410156e+02  -3.131086730957031e+02  -1.368681945800781e+02  1.321036682128906e+02  1.793468691175804e-04  -7.109720172593370e-06  5.889822932658717e-05
  1.899999976158142e-01  -5.752924194335938e+02  7.116247558593750e+01  2.463016967773438e+02  -3.180807800292969e+02  -1.378173370361328e+02  4.925102996826172e+01  1.534887269372120e-04  -1.859597659858991e-06  5.291392881190404e-05
  1.949999928474426e-01  -5.647703857421875e+02  2.549549865722656e+01  2.140303344726562e+02  -3.392962341308594e+02  -1.413772735595703e+02  -6.148835182189941e+00  1.363400078844279e-04  4.526097200141521e-06  5.261662226985209e-05
  2.000000029802322e-01  -5.039306640625000e+02  8.574607849121094e+00  1.789611968994141e+02  -3.383534545898438e+02  -1.356332244873047e+02  -5.934342575073242e+01  1.161349573521875e-04  1.112002337322338e-05  5.087228782940656e-05
  2.049999982118607e-01  -4.900044250488281e+02  -4.253585815429688e+01  1.350780792236328e+02  -3.504164428710938e+02  -1.357799987792969e+02  -1.108675308227539e+02  9.968935046344995e-05  1.740409607009497e-05  5.075497392681427e-05
  2.099999934434891e-01  -4.742181701660156e+02  -9.593643188476562e+01  8.461951446533203e+01  -3.586753540039062e+02  -1.343505096435547e+02  -1.642220458984375e+02  8.331167191499844e-05  2.339167076570448e-05  5.018637966713868e-05
  2.150000035762787e-01  -3.876170349121094e+02  -1.043009185791016e+02  7.958693695068359e+01  -3.487282104492188e+02  -1.227200164794922e+02  -1.848809967041016e+02  7.029654807411134e-05  3.015664151462261e-05  5.317977775121108e-05
  2.199999988079071e-01  -3.667841491699219e+02  -1.562515716552734e+02  3.250058364868164e+01  -3.490714416503906e+02  -1.183613967895508e+02  -2.312876892089844e+02  5.570216308115050e-05  3.568844476831146e-05  5.311103086569346e-05
  2.249999940395355e-01  -2.692641601562500e+02  -1.598737030029297e+02  4.768502426147461e+01  -3.359669189453125e+02  -1.056239929199219e+02  -2.307910614013672e+02  4.813266423298046e-05  4.194645953248255e-05  5.846110798302107e-05
  2.300000041723251e-01  -2.434882507324219e+02  -2.080511169433594e+02  7.180276870727539e+00  -3.296914978027344e+02  -9.917756652832031e+01  -2.703538818359375e+02  3.595127418520860e-05  4.682965663960204e-05  5.904993304284289e-05
  2.349999994039536e-01  -2.174732513427734e+02  -2.542869720458984e+02  -3.104726982116699e+01  -3.204029541015625e+02  -9.177326965332031e+01  -3.072957458496094e+02  2.417694850009866e-05  5.135310857440345e-05  5.935196531936526e-05
  2.399999946355820e-01  -1.187893066406250e+02  -2.529857635498047e+02  1.586968183517456e+00  -3.029035644531250e+02  -7.892498779296875e+01  -2.847343444824219e+02  2.295414014952257e-05  5.618797149509192e-05  6.581406341865659e-05
  2.450000047683716e-01  -8.987231445312500e+01  -2.916190490722656e+02  -2.523330116271973e+01  -2.886816406250000e+02  -7.110819244384766e+01  -3.132107849121094e+02  1.363660430797609e-05  5.994901584926993e-05  6.646856490988284e-05
  2.500000000000000e-01  -1.269915461540222e+00  -2.911402893066406e+02  6.891525745391846e+00  -2.706129150390625e+02  -5.968275070190430e+01  -2.804684143066406e+02  1.540874472993892e-05  6.349750765366480e-05  7.191312761278823e-05
  2.549999952316284e-01  2.470558929443359e+01  -3.226131286621094e+02  -1.098595905303955e+01  -2.528822784423828e+02  -5.170098114013672e+01  -2.984281005859375e+02  7.693931365793105e-06  6.630633288295940e-05  7.241383718792349e-05
  2.599999904632568e-01  5.387252807617188e+01  -3.474926757812500e+02  -2.147429847717285e+01  -2.329912414550781e+02  -4.418013000488281e+01  -3.137463989257812e+02  6.842650464022881e-07  6.882845627842471e-05  7.260131678776816e-05
  2.649999856948853e-01  1.236115570068359e+02  -3.448316345214844e+02  7.014148235321045e+00  -2.139413909912109e+02  -3.527647018432617e+01  -2.698059387207031e+02  4.395772066345671e-06  7.053063018247485e-05  7.604854181408882e-05
  2.700000107288361e-01  1.478331146240234e+02  -3.617827758789062e+02  2.677018404006958e+00  -1.918407287597656e+02  -2.831281280517578e+01  -2.750884704589844e+02  -1.771431016095448e-06  7.209421164589003e-05  7.559777441201732e-05
  2.750000059604645e-01  1.992314910888672e+02  -3.606388549804688e+02  1.917891693115234e+01  -1.729521942138672e+02  -2.146726226806641e+01  -2.300950164794922e+02  1.166296897281427e-06  7.266232569236308e-05  7.684925367357209e-05
  2.800000011920929e-01  2.232410125732422e+02  -3.662764892578125e+02  2.433099555969238e+01  -1.488742218017578e+02  -1.615921211242676e+01  -2.290852508544922e+02  -4.279353561287280e-06  7.352349348366261e-05  7.525331602664664e-05
  2.849999964237213e-01  2.457395782470703e+02  -3.679838867187500e+02  3.071434783935547e+01  -1.238807296752930e+02  -1.055742168426514e+01  -2.239789123535156e+02  -9.615037924959324e-06  7.395000284304842e-05  7.334846304729581e-05
  2.899999916553497e-01  2.768801574707031e+02  -3.638079833984375e+02  3.684175109863281e+01  -1.049253005981445e+02  -6.729985237121582e+00  -1.791318664550781e+02  -8.376391633646563e-06  7.336265116464347e-05  7.160989480325952e-05
  2.949999868869781e-01  2.982208557128906e+02  -3.563635864257812e+02  4.791510772705078e+01  -7.892366790771484e+01  -2.548661708831787e+00  -1.701123809814453e+02  -1.331086241407320e-05  7.324239413719624e-05  6.855602259747684e-05
  3.000000119209290e-01  3.147185058593750e+02  -3.524537963867188e+02  4.419357299804688e+01  -6.023286056518555e+01  -7.780258059501648e-01  -1.309902343750000e+02  -1.398948097630637e-05  7.223263673949987e-05  6.485707126557827e-05
  3.050000071525574e-01  3.327874450683594e+02  -3.389356079101562e+02  5.563672256469727e+01  -3.436973953247070e+01  3.130856752395630e+00  -1.191234893798828e+02  -1.861584860307630e-05  7.153223123168573e-05  6.095296339481138e-05
  3.100000023841858e-01  3.505501403808594e+02  -3.224775390625000e+02  6.674653625488281e+01  -8.212854385375977e+00  6.617962837219238e+00  -1.056121215820312e+02  -2.280302760482300e-05  7.065564568620175e-05  5.704261639039032e-05
  3.149999976158142e-01  3.526889343261719e+02  -3.167900695800781e+02  5.573868179321289e+01  9.038756370544434e+00  5.722979545593262e+00  -7.418380737304688e+01  -2.460355790390167e-05  6.935399142093956e-05  5.155179314897396e-05
  3.199999928474426e-01  3.674555053710938e+02  -2.964425964355469e+02  6.603142547607422e+01  3.366574478149414e+01  9.118610382080078e+00  -6.018815231323242e+01  -2.802128437906504e-05  6.804310396546498e-05  4.742352757602930e-05
  3.249999880790710e-01  3.611341857910156e+02  -2.900625000000000e+02  5.329243087768555e+01  4.941580963134766e+01  6.242479801177979e+00  -3.659484863281250e+01  -3.014004141732585e-05  6.676611519651487e-05  4.143650221521966e-05
  3.300000131130219e-01  3.697273864746094e+02  -2.700974121093750e+02  5.715546798706055e+01  7.203958129882812e+01  8.582419395446777e+00  -2.223288726806641e+01  -3.257239586673677e-05  6.527609366457909e-05  3.788675167015754e-05
  3.350000083446503e-01  3.560407104492188e+02  -2.633355407714844e+02  4.410331344604492e+01  8.566143798828125e+01  3.991375684738159e+00  -5.397914409637451e+00  -3.436154656810686e-05  6.402991857612506e-05  3.229660433134995e-05
  3.400000035762787e-01  3.616688232421875e+02  -2.417721557617188e+02  4.798887252807617e+01  1.049953231811523e+02  6.128538608551025e+00  8.215559005737305e+00  -3.548193853930570e-05  6.223325181053951e-05  2.940088415925857e-05
  3.449999988079071e-01  3.633899841308594e+02  -2.220287475585938e+02  4.710859298706055e+01  1.231169052124023e+02  7.310972690582275e+00  2.356246185302734e+01  -3.603121513151564e-05  6.043376561137848e-05  2.724914338614326e-05
  3.499999940395355e-01  3.405587463378906e+02  -2.158571472167969e+02  3.331285476684570e+01  1.319560394287109e+02  1.053561687469482e+00  3.353114700317383e+01  -3.654598913271911e-05  5.911312473472208e-05  2.320998282812070e-05
  3.549999892711639e-01  3.390956115722656e+02  -1.958516693115234e+02  3.308074188232422e+01  1.458935852050781e+02  1.839503645896912e+00  4.838199996948242e+01  -3.585157173802145e-05  5.707968739443459e-05  2.190695158788003e-05
  3.600000143051147e-01  3.123768615722656e+02  -1.889746093750000e+02  2.142596435546875e+01  1.517429962158203e+02  -4.910435199737549e+00  5.387726593017578e+01  -3.574072252376936e-05  5.568476990447380e-05  1.923317904584110e-05
  3.650000095367432e-01  3.049392089843750e+02  -1.719908905029297e+02  1.657855796813965e+01  1.619045715332031e+02  -5.683537960052490e+00  6.947226715087891e+01  -3.421162182348780e-05  5.368157508200966e-05  1.892972977657337e-05
  3.700000047683716e-01  2.978150634765625e+02  -1.539739990234375e+02  1.470186614990234e+01  1.698269042968750e+02  -6.452202320098877e+00  8.570736694335938e+01  -3.214645403204486e-05  5.155594772077166e-05  1.865188460214995e-05
  3.750000000000000e-01  2.674572448730469e+02  -1.471370697021484e+02  3.818820476531982e+00  1.707298278808594e+02  -1.316097164154053e+01  8.669270324707031e+01  -3.164813824696466e-05  5.001743920729496e-05  1.753141623339616e-05
  3.799999952316284e-01  2.575413208007812e+02  -1.307277984619141e+02  6.051781773567200e-01  1.749751739501953e+02  -1.520417404174805e+01  1.031407012939453e+02  -2.919020153058227e-05  4.798538793693297e-05  1.748324029904325e-05
  3.849999904632568e-01  2.285686492919922e+02  -1.223158187866211e+02  -8.301978111267090e+00  1.735369415283203e+02  -2.082685852050781e+01  1.009350738525391e+02  -2.905507426476106e-05  4.631252522813156e-05  1.696670733508654e-05
  3.899999856948853e-01  2.196434631347656e+02  -1.054867858886719e+02  -9.253142356872559e+00  1.739173126220703e+02  -2.273938560485840e+01  1.165391235351562e+02  -2.647464680194389e-05  4.421763878781348e-05  1.652485116210300e-05
  3.950000107288361e-01  2.111018981933594e+02  -8.858039855957031e+01  -9.267605781555176e+00  1.727794036865234e+02  -2.527279663085938e+01  1.324433288574219e+02  -2.376871452725027e-05  4.222202915116213e-05  1.566896025906317e-05
  4.000000059604645e-01  1.876131744384766e+02  -7.794716644287109e+01  -1.601929664611816e+01  1.680610351562500e+02  -2.921413803100586e+01  1.257198562622070e+02  -2.463423152221367e-05  4.042825821670704e-05  1.480666105635464e-05
  4.050000011920929e-01  1.824412689208984e+02  -6.017425537109375e+01  -1.410832214355469e+01  1.637980041503906e+02  -3.123789596557617e+01  1.396490020751953e+02  -2.220178248535376e-05  3.841912257485092e-05  1.310334391746437e-05
  4.099999964237213e-01  1.652525482177734e+02  -4.758852386474609e+01  -1.960347938537598e+01  1.579764709472656e+02  -3.351401519775391e+01  1.298575897216797e+02  -2.390992449363694e-05  3.651609222288243e-05  1.156134203483816e-05
  4.149999916553497e-01  1.652085571289062e+02  -2.803503417968750e+01  -1.519392585754395e+01  1.513826446533203e+02  -3.522529220581055e+01  1.411050720214844e+02  -2.187379323004279e-05  3.454490433796309e-05  8.837082532409113e-06
  4.199999868869781e-01  1.667285308837891e+02  -8.492466926574707e+00  -1.085553455352783e+01  1.434944152832031e+02  -3.665353012084961e+01  1.511095428466797e+02  -1.987900213862304e-05  3.258393553551286e-05  5.726861218136037e-06
  4.250000119209290e-01  1.606984710693359e+02  7.096326828002930e+00  -1.407861232757568e+01  1.362094879150391e+02  -3.701022720336914e+01  1.365320739746094e+02  -2.256614607176743e-05  3.054364060517401e-05  2.800851916617830e-06
  4.300000071525574e-01  1.683135986328125e+02  2.862145042419434e+01  -8.015679359436035e+00  1.266070785522461e+02  -3.768828201293945e+01  1.427483673095703e+02  -2.095268973789643e-05  2.852042780432384e-05  -1.072629174814210e-06
  4.350000023841858e-01  1.693663177490234e+02  4.520804595947266e+01  -1.075894832611084e+01  1.189806060791016e+02  -3.670336151123047e+01  1.262720642089844e+02  -2.379077159275766e-05  2.632405448821373e-05  -4.801452178071486e-06
  4.399999976158142e-01  1.825434417724609e+02  6.798635864257812e+01  -4.497326850891113e+00  1.082278594970703e+02  -3.705435943603516e+01  1.284364166259766e+02  -2.238607157778461e-05  2.427218896627892e-05  -9.013639100885484e-06
  4.449999928474426e-01  1.973102569580078e+02  9.098937225341797e+01  1.292301535606384e+00  9.661937713623047e+01  -3.673739624023438e+01  1.285839691162109e+02  -2.101663994835690e-05  2.209458943980280e-05  -1.321054514846765e-05
  4.499999880790710e-01  2.076004486083984e+02  1.088542709350586e+02  -1.007874846458435e+00  8.869947052001953e+01  -3.467598724365234e+01  1.094540481567383e+02  -2.347908957744949e-05  1.966948912013322e-05  -1.746196176100057e-05
  4.550000131130219e-01  2.267836456298828e+02  1.326787414550781e+02  4.174183368682861e+00  7.662892913818359e+01  -3.440685272216797e+01  1.056706085205078e+02  -2.204189331678208e-05  1.741843698255252e-05  -2.142317680409178e-05
  4.600000083446503e-01  2.412599945068359e+02  1.503293609619141e+02  1.945549368858337e+00  6.880571746826172e+01  -3.185545349121094e+01  8.715116882324219e+01  -2.348085945413914e-05  1.482733296143124e-05  -2.558016967668664e-05
  4.650000035762787e-01  2.627487487792969e+02  1.739847717285156e+02  4.914498805999756e+00  5.622981643676758e+01  -3.087295341491699e+01  8.038421630859375e+01  -2.180474803026300e-05  1.229210647579748e-05  -2.898020647990052e-05
  4.699999988079071e-01  2.850939025878906e+02  1.976251983642578e+02  7.457973003387451e+00  4.364696884155273e+01  -3.036392402648926e+01  7.161759948730469e+01  -1.999664891627617e-05  9.758618944033515e-06  -3.198938065906987e-05
  4.749999940395355e-01  3.031434631347656e+02  2.146675567626953e+02  4.403853416442871e+00  3.620553207397461e+01  -2.749272537231445e+01  5.429178237915039e+01  -1.971507481357548e-05  6.885417860758025e-06  -3.523976556607522e-05
  4.799999892711639e-01  3.253615417480469e+02  2.370583953857422e+02  3.663242816925049e+00  2.355213546752930e+01  -2.649997329711914e+01  4.390598678588867e+01  -1.746250381984282e-05  4.048673872603104e-06  -3.741286855074577e-05
  4.850000143051147e-01  3.440741882324219e+02  2.531960449218750e+02  7.596297860145569e-01  1.642843055725098e+01  -2.337783813476562e+01  2.950901031494141e+01  -1.557781070005149e-05  1.005574517876084e-06  -3.966883377870545e-05
  4.900000095367432e-01  3.663102111816406e+02  2.750364685058594e+02  -1.130588173866272e+00  4.397092819213867e+00  -2.307633781433105e+01  1.803914260864258e+01  -1.271213295694906e-05  -1.928912524817861e-06  -4.105519110453315e-05
  4.950000047683716e-01  3.863100585937500e+02  2.949186706542969e+02  -6.037792205810547e+00  -7.718233108520508e+00  -2.233745956420898e+01  6.179261207580566e+00  -9.767189112608321e-06  -5.044341833126964e-06  -4.200322291580960e-05
  5.000000000000000e-01  4.046969909667969e+02  3.103025512695312e+02  -8.297121047973633e+00  -1.399496746063232e+01  -1.911415481567383e+01  -4.255832195281982e+00  -5.935875378781930e-06  -8.306467861984856e-06  -4.271901707397774e-05
  5.049999952316284e-01  4.232025146484375e+02  3.290045776367188e+02  -1.417004203796387e+01  -2.521854209899902e+01  -1.901391792297363e+01  -1.580528545379639e+01  -2.422243142063962e-06  -1.148750106949592e-05  -4.301458830013871e-05
  5.099999904632568e-01  4.412029418945312e+02  3.443396301269531e+02  -1.426512813568115e+01  -3.093338966369629e+01  -1.559533882141113e+01  -2.299814605712891e+01  2.645210543050780e-06  -1.483762935095001e-05  -4.262588117853738e-05
  5.149999856948853e-01  4.558551940917969e+02  3.603345336914062e+02  -2.276651382446289e+01  -4.153517532348633e+01  -1.517646694183350e+01  -3.286249160766602e+01  6.458042207668768e-06  -1.819160388549790e-05  -4.228848411003128e-05
  5.199999809265137e-01  4.689785156250000e+02  3.750478515625000e+02  -3.193398475646973e+01  -5.155401229858398e+01  -1.517854881286621e+01  -4.271232604980469e+01  1.036506273521809e-05  -2.150529326172546e-05  -4.184101271675900e-05
  5.249999761581421e-01  4.854810791015625e+02  3.901701049804688e+02  -2.856533622741699e+01  -5.608971023559570e+01  -1.159331321716309e+01  -4.579332351684570e+01  1.640289519855287e-05  -2.490805673005525e-05  -4.018874824396335e-05
  5.299999713897705e-01  4.943654479980469e+02  4.020730895996094e+02  -3.895284271240234e+01  -6.526671600341797e+01  -1.123114109039307e+01  -5.324078369140625e+01  2.031338044616859e-05  -2.828167089319322e-05  -3.933534753741696e-05
  5.350000262260437e-01  5.098585205078125e+02  4.170741271972656e+02  -3.249011611938477e+01  -6.900550079345703e+01  -7.533568859100342e+00  -5.425205993652344e+01  2.657672848727088e-05  -3.164607551298104e-05  -3.698472210089676e-05
  5.400000214576721e-01  5.160652465820312e+02  4.270854187011719e+02  -4.177132034301758e+01  -7.697367858886719e+01  -7.367065429687500e+00  -5.998705673217773e+01  3.038952308997978e-05  -3.488499714876525e-05  -3.589037078199908e-05
  5.450000166893005e-01  5.189328002929688e+02  4.345994567871094e+02  -5.230817413330078e+01  -8.445030212402344e+01  -6.814057350158691e+00  -6.449977111816406e+01  3.394017039681785e-05  -3.811003989540040e-05  -3.474968980299309e-05
  5.500000119209290e-01  5.318496093750000e+02  4.484597167968750e+02  -4.145706176757812e+01  -8.675389862060547e+01  -3.054381132125854e+00  -6.291999053955078e+01  3.975521394750103e-05  -4.129095759708434e-05  -3.182888758601621e-05
  5.550000071525574e-01  5.320155029296875e+02  4.538290100097656e+02  -4.992862701416016e+01  -9.291512298583984e+01  -2.524325370788574e+00  -6.582113647460938e+01  4.287966658012010e-05  -4.427051680977456e-05  -3.052480678888969e-05
  5.600000023841858e-01  5.422315673828125e+02  4.658878173828125e+02  -3.756568527221680e+01  -9.422325134277344e+01  1.098903179168701e+00  -6.355998229980469e+01  4.798070222022943e-05  -4.726725819637068e-05  -2.752669934125151e-05
  5.649999976158142e-01  5.381855468750000e+02  4.681803894042969e+02  -4.440409851074219e+01  -9.918839263916016e+01  2.104382991790771e+00  -6.429054260253906e+01  5.031452747061849e-05  -5.002500256523490e-05  -2.611765739857219e-05
  5.699999928474426e-01  5.326885375976562e+02  4.689055480957031e+02  -5.037714385986328e+01  -1.033101043701172e+02  3.136064052581787e+00  -6.476304626464844e+01  5.238093945081346e-05  -5.257484735921025e-05  -2.468550337653141e-05
  5.749999880790710e-01  5.376852416992188e+02  4.770448913574219e+02  -3.620895004272461e+01  -1.029372634887695e+02  6.463581085205078e+00  -6.128327178955078e+01  5.599271025857888e-05  -5.517169483937323e-05  -2.185372977692168e-05
  5.799999833106995e-01  5.280595092773438e+02  4.744870605468750e+02  -4.026040649414062e+01  -1.057114410400391e+02  7.961179256439209e+00  -6.002489852905273e+01  5.708938260795549e-05  -5.740401320508681e-05  -2.039535320363939e-05
  5.849999785423279e-01  5.280476684570312e+02  4.785731201171875e+02  -2.766411590576172e+01  -1.041417160034180e+02  1.073532295227051e+01  -5.638265228271484e+01  5.947452518739738e-05  -5.970023630652577e-05  -1.801147845981177e-05
  5.899999737739563e-01  5.156537475585938e+02  4.732427978515625e+02  -2.914190292358398e+01  -1.053656845092773e+02  1.230330371856689e+01  -5.444223403930664e+01  5.969495032331906e-05  -6.150003173388541e-05  -1.661583519307896e-05
  5.950000286102295e-01  5.009960632324219e+02  4.658774414062500e+02  -3.018248939514160e+01  -1.057467727661133e+02  1.425357246398926e+01  -5.176011276245117e+01  5.943551150267012e-05  -6.310197932180017e-05  -1.521621652500471e-05
  6.000000238418579e-01  4.935424499511719e+02  4.637147521972656e+02  -1.972173118591309e+01  -1.022153167724609e+02  1.626227188110352e+01  -4.751660919189453e+01  5.994733874103986e-05  -6.487916834885255e-05  -1.355701806460274e-05
  6.050000190734863e-01  4.764132385253906e+02  4.536146545410156e+02  -1.860029220581055e+01  -1.009486618041992e+02  1.821813964843750e+01  -4.443658447265625e+01  5.879212403669953e-05  -6.602140638278797e-05  -1.234245974046644e-05
  6.100000143051147e-01  4.635362548828125e+02  4.469219665527344e+02  -1.135099983215332e+01  -9.605323791503906e+01  1.940689659118652e+01  -4.012314987182617e+01  5.797117046313360e-05  -6.745686550857499e-05  -1.139256346505135e-05
  6.150000095367432e-01  4.427076110839844e+02  4.330422363281250e+02  -1.065952110290527e+01  -9.312355804443359e+01  2.146138000488281e+01  -3.623188400268555e+01  5.583196616498753e-05  -6.817385292379186e-05  -1.038613027048996e-05
  6.200000047683716e-01  4.218964538574219e+02  4.186085510253906e+02  -7.963552951812744e+00  -8.923943328857422e+01  2.359729576110840e+01  -3.237936401367188e+01  5.337159745977260e-05  -6.863904127385467e-05  -9.493209290667437e-06
  6.250000000000000e-01  4.027409057617188e+02  4.061956176757812e+02  -4.676249504089355e+00  -8.217938232421875e+01  2.368330574035645e+01  -2.794357490539551e+01  5.073829015600495e-05  -6.950948591111228e-05  -9.402860996488016e-06
  6.299999952316284e-01  3.792051696777344e+02  3.883966369628906e+02  -3.458491563796997e+00  -7.656842803955078e+01  2.568259048461914e+01  -2.363287544250488e+01  4.739664291264489e-05  -6.954066338948905e-05  -8.769768101046793e-06
  6.349999904632568e-01  3.571979370117188e+02  3.732712402343750e+02  -2.734030723571777e+00  -6.812681579589844e+01  2.479394149780273e+01  -1.947707557678223e+01  4.355949931778014e-05  -6.999355537118390e-05  -9.193414371111430e-06
  6.399999856948853e-01  3.331399841308594e+02  3.539027709960938e+02  -1.077680468559265e+00  -6.084624862670898e+01  2.660062026977539e+01  -1.530877780914307e+01  3.946845390601084e-05  -6.960801692912355e-05  -8.891710422176402e-06
  6.449999809265137e-01  3.088166809082031e+02  3.333787841796875e+02  -3.156370222568512e-01  -5.263121032714844e+01  2.823961830139160e+01  -1.097704124450684e+01  3.507087239995599e-05  -6.896806007716805e-05  -8.632796379970387e-06
  6.499999761581421e-01  2.852728576660156e+02  3.158895874023438e+02  -2.241890192031860e+00  -4.221995544433594e+01  2.621608924865723e+01  -7.560071468353271e+00  2.973424125229940e-05  -6.875050166854635e-05  -9.527409019938204e-06
  6.549999713897705e-01  2.617465820312500e+02  2.947433166503906e+02  -1.584173321723938e+00  -3.250604629516602e+01  2.756201553344727e+01  -3.670092344284058e+00  2.468870297889225e-05  -6.770787877030671e-05  -9.506176866125315e-06
  6.600000262260437e-01  2.394383697509766e+02  2.775483703613281e+02  -3.786012172698975e+00  -2.113738250732422e+01  2.484480094909668e+01  -9.207318425178528e-01  1.844629878178239e-05  -6.693923205602914e-05  -1.048813101078849e-05
  6.650000214576721e-01  2.169785156250000e+02  2.555718231201172e+02  -5.060620784759521e+00  -1.000766563415527e+01  2.553168678283691e+01  2.282609224319458e+00  1.286825408897130e-05  -6.540995673276484e-05  -1.050071114150342e-05
  6.700000166893005e-01  1.975488739013672e+02  2.398742370605469e+02  -6.496357917785645e+00  2.013748884201050e+00  2.218797874450684e+01  4.257960796356201e+00  5.945116754446644e-06  -6.398294499376789e-05  -1.138967127189972e-05
  6.750000119209290e-01  1.775887603759766e+02  2.186216430664062e+02  -8.116629600524902e+00  1.415661525726318e+01  2.267100715637207e+01  6.627020359039307e+00  -7.855664563294340e-08  -6.204497913131490e-05  -1.139741925726412e-05
  6.800000071525574e-01  1.594968719482422e+02  1.979467010498047e+02  -9.843197822570801e+00  2.688853645324707e+01  2.257341384887695e+01  8.494672775268555e+00  -6.221851890586549e-06  -5.982604125165381e-05  -1.136707578552887e-05
  6.850000023841858e-01  1.452560424804688e+02  1.848586425781250e+02  -1.086895656585693e+01  3.940369415283203e+01  1.870287895202637e+01  9.106499671936035e+00  -1.368874836771283e-05  -5.741083441535011e-05  -1.189589056593832e-05
  6.899999976158142e-01  1.305452117919922e+02  1.657754669189453e+02  -1.297167301177979e+01  5.263448333740234e+01  1.844063377380371e+01  9.883358001708984e+00  -2.007059629249852e-05  -5.476947626448236e-05  -1.171540498035029e-05
  6.949999928474426e-01  1.208715744018555e+02  1.553894805908203e+02  -1.291925334930420e+01  6.476612854003906e+01  1.448141002655029e+01  1.013819694519043e+01  -2.756634603429120e-05  -5.156487168278545e-05  -1.185721521324012e-05
  6.999999880790710e-01  1.104683609008789e+02  1.385617980957031e+02  -1.456787395477295e+01  7.823439788818359e+01  1.356245326995850e+01  9.429625511169434e+00  -3.391378413653001e-05  -4.837906089960597e-05  -1.147383227362297e-05
  7.049999833106995e-01  1.020794143676758e+02  1.229715576171875e+02  -1.635655975341797e+01  9.167356872558594e+01  1.264848709106445e+01  8.273447990417480e+00  -4.029227784485556e-05  -4.504497701418586e-05  -1.102586156775942e-05
  7.099999785423279e-01  9.872206878662109e+01  1.163077850341797e+02  -1.563166427612305e+01  1.026844329833984e+02  8.828856468200684e+00  7.914448261260986e+00  -4.730482760351151e-05  -4.079107384313829e-05  -1.062332557921764e-05
  7.149999737739563e-01  9.503003692626953e+01  1.036925582885742e+02  -1.602989387512207e+01  1.157119140625000e+02  7.488040924072266e+00  5.296489238739014e+00  -5.335001333151013e-05  -3.696231942740269e-05  -1.000482825475046e-05
  7.200000286102295e-01  9.600738525390625e+01  9.977754974365234e+01  -1.446369647979736e+01  1.252975158691406e+02  3.962910652160645e+00  5.401978015899658e+00  -5.962005525361747e-05  -3.200263381586410e-05  -9.323863196186721e-06
  7.250000238418579e-01  9.549964141845703e+01  8.915702819824219e+01  -1.567170238494873e+01  1.373991088867188e+02  2.914654016494751e+00  2.008400917053223e+00  -6.520094757433981e-05  -2.785111428238451e-05  -8.529003025614657e-06
  7.300000190734863e-01  9.812232971191406e+01  8.097354125976562e+01  -1.445868110656738e+01  1.490853118896484e+02  1.502550959587097e+00  -2.266505479812622e+00  -7.049710984574631e-05  -2.351736111450009e-05  -7.816614925104659e-06
  7.350000143051147e-01  1.038157424926758e+02  7.990174102783203e+01  -1.306299591064453e+01  1.561720733642578e+02  -1.240069150924683e+00  -1.457663416862488e+00  -7.527856359956786e-05  -1.787378641893156e-05  -6.873951861052774e-06
  7.400000095367432e-01  1.089089431762695e+02  7.336794281005859e+01  -1.278537082672119e+01  1.664409332275391e+02  -2.184223651885986e+00  -6.095533370971680e+00  -7.979586371220648e-05  -1.335408796876436e-05  -6.142231086414540e-06
  7.450000047683716e-01  1.167682723999023e+02  7.333509826660156e+01  -1.232137584686279e+01  1.714930114746094e+02  -4.280146121978760e+00  -4.108686447143555e+00  -8.328801777679473e-05  -7.459517746610800e-06  -5.118621629662812e-06
  7.500000000000000e-01  1.256939544677734e+02  6.986788177490234e+01  -9.145715713500977e+00  1.801498718261719e+02  -4.970459461212158e+00  -9.256100654602051e+00  -8.675637218402699e-05  -2.840017259586602e-06  -4.624510893336264e-06
  7.549999952316284e-01  1.349922332763672e+02  6.658150482177734e+01  -7.526084423065186e+00  1.880049285888672e+02  -5.453018665313721e+00  -1.440802860260010e+01  -8.981864084489644e-05  1.752709181346290e-06  -4.191981133772060e-06
  7.599999904632568e-01  1.450586242675781e+02  6.747390747070312e+01  -7.809539318084717e+00  1.900115203857422e+02  -6.435102462768555e+00  -1.097518444061279e+01  -9.122438495978713e-05  7.534841188316932e-06  -3.338817577969166e-06
  7.649999856948853e-01  1.571438751220703e+02  6.648500061035156e+01  -3.411520481109619e+00  1.960304718017578e+02  -6.429715156555176e+00  -1.608640289306641e+01  -9.304744162363932e-05  1.196123594127130e-05  -3.264520046286634e-06
  7.699999809265137e-01  1.678039550781250e+02  6.708085632324219e+01  -4.603810787200928e+00  1.960510253906250e+02  -6.661796569824219e+00  -1.171179389953613e+01  -9.300837700720876e-05  1.732229975459632e-05  -2.633405301821767e-06
  7.749999761581421e-01  1.797949523925781e+02  6.564957427978516e+01  -1.778319478034973e+00  2.002476043701172e+02  -6.071990013122559e+00  -1.600552558898926e+01  -9.361221600556746e-05  2.138896707037929e-05  -2.789131713143433e-06
  7.799999713897705e-01  1.932066802978516e+02  6.560499572753906e+01  3.301153421401978e+00  2.035504913330078e+02  -5.260002613067627e+00  -2.028898048400879e+01  -9.362087439512834e-05  2.525369018258061e-05  -3.215147444279864e-06
  7.850000262260437e-01  2.037482910156250e+02  6.487039184570312e+01  1.523915529251099e+00  2.009203643798828e+02  -4.452455043792725e+00  -1.488678455352783e+01  -9.151971607934684e-05  2.958064760605339e-05  -2.980199724333943e-06
  7.900000214576721e-01  2.160368194580078e+02  6.344795227050781e+01  5.092528820037842e+00  2.025404968261719e+02  -3.188853025436401e+00  -1.799183273315430e+01  -9.030849469127133e-05  3.285665661678649e-05  -3.632347443272010e-06
  7.950000166893005e-01  2.254187011718750e+02  6.059792709350586e+01  2.215695142745972e+00  1.985080413818359e+02  -1.791005492210388e+00  -1.262237834930420e+01  -8.704348147148266e-05  3.618518894654699e-05  -3.622927579272073e-06
  8.000000119209290e-01  2.381843414306641e+02  5.941692352294922e+01  8.448395729064941e+00  1.985948028564453e+02  -8.070465922355652e-02  -1.494718360900879e+01  -8.462671394227073e-05  3.870295768138021e-05  -4.634002834791318e-06
  8.050000071525574e-01  2.490373535156250e+02  5.646408843994141e+01  1.245357036590576e+01  1.979905090332031e+02  1.668257355690002e+00  -1.637774848937988e+01  -8.173858805093914e-05  4.090550646651536e-05  -5.623895503958920e-06
  8.100000023841858e-01  2.563151245117188e+02  5.027394866943359e+01  9.653941154479980e+00  1.923059539794922e+02  3.650049448013306e+00  -1.119733333587646e+01  -7.699181878706440e-05  4.260964124114253e-05  -5.956793302175356e-06
  8.149999976158142e-01  2.665508117675781e+02  4.660141754150391e+01  1.596553516387939e+01  1.905281524658203e+02  5.620567321777344e+00  -1.174623012542725e+01  -7.310896035050973e-05  4.393205017549917e-05  -7.142612957977690e-06
  8.199999928474426e-01  2.713954772949219e+02  3.715915679931641e+01  1.256113147735596e+01  1.841987609863281e+02  7.956652641296387e+00  -7.664980888366699e+00  -6.774805660825223e-05  4.442324643605389e-05  -7.672820174775552e-06
  8.249999880790710e-01  2.784333190917969e+02  3.035942077636719e+01  1.774691581726074e+01  1.815701599121094e+02  9.696741104125977e+00  -6.972318172454834e+00  -6.314316124189645e-05  4.491530489758588e-05  -8.782639270066284e-06
  8.299999833106995e-01  2.847571716308594e+02  2.315232276916504e+01  2.406495857238770e+01  1.785147094726562e+02  1.152543449401855e+01  -5.666357517242432e+00  -5.819651050842367e-05  4.499783608480357e-05  -9.893249625747558e-06
  8.349999785423279e-01  2.855267333984375e+02  8.983246803283691e+00  2.091852951049805e+01  1.716587982177734e+02  1.382809734344482e+01  -2.884502887725830e+00  -5.226514622336254e-05  4.389466994325630e-05  -1.058974339684937e-05
  8.399999737739563e-01  2.880180358886719e+02  -1.650286555290222e+00  2.634418296813965e+01  1.681564331054688e+02  1.517355442047119e+01  -4.739460647106171e-01  -4.693960363510996e-05  4.321302185417153e-05  -1.150613024947233e-05
  8.450000286102295e-01  2.852695312500000e+02  -1.942089080810547e+01  2.287571907043457e+01  1.613596191406250e+02  1.741874885559082e+01  6.509585976600647e-01  -4.103871469851583e-05  4.116200580028817e-05  -1.232798695127713e-05
  8.500000238418579e-01  2.850617065429688e+02  -3.208048248291016e+01  2.956056785583496e+01  1.576622161865234e+02  1.838497352600098e+01  3.645650148391724e+00  -3.553773785824887e-05  3.976895459345542e-05  -1.314175369770965e-05
  8.550000190734863e-01  2.821716003417969e+02  -4.677900695800781e+01  3.510856246948242e+01  1.538784179687500e+02  1.902332115173340e+01  7.542601585388184e+00  -3.003361416631378e-05  3.812081558862701e-05  -1.373181112285238e-05
  8.600000143051147e-01  2.739169616699219e+02  -6.919799804687500e+01  3.167788314819336e+01  1.474955596923828e+02  2.068862915039062e+01  6.937977790832520e+00  -2.454722925904207e-05  3.508155714371242e-05  -1.466258345317328e-05
  8.650000095367432e-01  2.678018188476562e+02  -8.593019104003906e+01  3.791399383544922e+01  1.438893280029297e+02  2.076586532592773e+01  1.120681858062744e+01  -1.925222386489622e-05  3.294964699307457e-05  -1.512568996986374e-05
  8.700000047683716e-01  2.554839324951172e+02  -1.111838912963867e+02  3.424956130981445e+01  1.380662994384766e+02  2.208146667480469e+01  9.111164093017578e+00  -1.439603056496708e-05  2.951657188532408e-05  -1.619715112610720e-05
  8.750000000000000e-01  2.449859008789062e+02  -1.306210021972656e+02  3.957624435424805e+01  1.348169250488281e+02  2.139886283874512e+01  1.387790393829346e+01  -9.594171388016548e-06  2.712513924052473e-05  -1.647820499783847e-05
  8.799999952316284e-01  2.329164276123047e+02  -1.507107238769531e+02  4.511487579345703e+01  1.317585144042969e+02  2.051506042480469e+01  1.899200439453125e+01  -5.030434749642154e-06  2.461394251440652e-05  -1.667951073613949e-05
  8.849999904632568e-01  2.148402404785156e+02  -1.787462005615234e+02  4.117682647705078e+01  1.270052337646484e+02  2.092312622070312e+01  1.540436267852783e+01  -1.419595037077670e-06  2.105551175191067e-05  -1.795130629034247e-05
  8.899999856948853e-01  1.986676635742188e+02  -2.006882934570312e+02  4.563327026367188e+01  1.245274505615234e+02  1.937739372253418e+01  2.069306945800781e+01  2.344297172385268e-06  1.853577123256400e-05  -1.808807246561628e-05
  8.949999809265137e-01  1.772299804687500e+02  -2.293500213623047e+02  4.206996917724609e+01  1.206726913452148e+02  1.917187881469727e+01  1.617532157897949e+01  4.922881089441944e-06  1.518177123216446e-05  -1.957284257514402e-05
  8.999999761581421e-01  1.577790069580078e+02  -2.519771423339844e+02  4.573263549804688e+01  1.189197082519531e+02  1.711293220520020e+01  2.127006149291992e+01  7.751590601401404e-06  1.280117430724204e-05  -1.978369800781365e-05
  9.049999713897705e-01  1.366943969726562e+02  -2.749679260253906e+02  4.891268539428711e+01  1.174686813354492e+02  1.488194370269775e+01  2.651243972778320e+01  1.011930817185203e-05  1.049873571901117e-05  -1.999015876208432e-05
  9.100000262260437e-01  1.106760101318359e+02  -3.032004394531250e+02  4.505718231201172e+01  1.150308914184570e+02  1.374098014831543e+01  2.109791374206543e+01  1.099355540645774e-05  7.751169505354483e-06  -2.179290822823532e-05
  9.150000214576721e-01  8.696449279785156e+01  -3.257691040039062e+02  4.716360855102539e+01  1.143943862915039e+02  1.114801502227783e+01  2.583184814453125e+01  1.227411212312290e-05  5.789336682937574e-06  -2.220496935478877e-05
  9.200000166893005e-01  5.874463272094727e+01  -3.522615051269531e+02  4.399951171875000e+01  1.129674911499023e+02  9.380479812622070e+00  2.022284698486328e+01  1.201544637297047e-05  3.633558208093746e-06  -2.420702367089689e-05
  9.250000119209290e-01  3.269363403320312e+01  -3.738443603515625e+02  4.466019058227539e+01  1.131061782836914e+02  6.588073253631592e+00  2.443437385559082e+01  1.217891895066714e-05  2.099272705891053e-06  -2.483953358023427e-05
  9.300000071525574e-01  6.104592800140381e+00  -3.945508117675781e+02  4.506602096557617e+01  1.136015014648438e+02  3.783936977386475e+00  2.820972061157227e+01  1.183391486847540e-05  7.540884325862862e-07  -2.562805821071379e-05
  9.350000023841858e-01  -2.464384078979492e+01  -4.172782897949219e+02  4.189934921264648e+01  1.135873489379883e+02  1.350265502929688e+00  2.242010116577148e+01  9.954830602509901e-06  -4.375458502181573e-07  -2.792795748973731e-05
  9.399999976158142e-01  -5.261208724975586e+01  -4.358663024902344e+02  4.078742980957031e+01  1.147911682128906e+02  -1.415210604667664e+00  2.538907051086426e+01  8.563712071918417e-06  -1.291698254135554e-06  -2.898322418332100e-05
  9.449999928474426e-01  -8.411260986328125e+01  -4.549392089843750e+02  3.854497146606445e+01  1.156704940795898e+02  -4.294955730438232e+00  2.012154388427734e+01  5.837232947669690e-06  -1.787857740964682e-06  -3.136844316031784e-05
  9.499999880790710e-01  -1.125999908447266e+02  -4.705051574707031e+02  3.653973007202148e+01  1.175069732666016e+02  -6.909370899200439e+00  2.212446594238281e+01  3.525364263623487e-06  -2.142830908269389e-06  -3.272382673458196e-05
  9.549999833106995e-01  -1.410386505126953e+02  -4.846532592773438e+02  3.378568649291992e+01  1.195722045898438e+02  -9.350452423095703e+00  2.344480514526367e+01  8.220894756050257e-07  -2.300252617715159e-06  -3.421109795453958e-05
  9.599999785423279e-01  -1.731075744628906e+02  -4.979162292480469e+02  3.176553535461426e+01  1.214795913696289e+02  -1.238734149932861e+01  1.876721000671387e+01  -2.882933131331811e-06  -1.877194563348894e-06  -3.666284101200290e-05
  9.649999737739563e-01  -2.011675109863281e+02  -5.083031616210938e+02  2.846321487426758e+01  1.239678344726562e+02  -1.448622035980225e+01  1.906488609313965e+01  -6.235355158423772e-06  -1.584923893460655e-06  -3.838900738628581e-05
  9.700000286102295e-01  -2.330288391113281e+02  -5.173619995117188e+02  2.721388053894043e+01  1.263904647827148e+02  -1.754889678955078e+01  1.548521232604980e+01  -1.020255785988411e-05  -6.138689627732674e-07  -4.069683564011939e-05
  9.750000238418579e-01  -2.604945678710938e+02  -5.241112670898438e+02  2.275588035583496e+01  1.291451110839844e+02  -1.920856475830078e+01  1.492065334320068e+01  -1.395284380123485e-05  5.831085658769553e-08  -4.251112477504648e-05
  9.800000190734863e-01  -2.870825195312500e+02  -5.287843017578125e+02  1.846829223632812e+01  1.319270629882812e+02  -2.058709144592285e+01  1.351902484893799e+01  -1.785203312465455e-05  8.761481353758427e-07  -4.444134174264036e-05
  9.850000143051147e-01  -3.181056823730469e+02  -5.318948364257812e+02  1.754738426208496e+01  1.347103424072266e+02  -2.321314239501953e+01  1.122447681427002e+01  -2.180937735829502e-05  2.452297849231400e-06  -4.644119326258078e-05
  9.900000095367432e-01  -3.435577392578125e+02  -5.329498291015625e+02  1.239083576202393e+01  1.375041503906250e+02  -2.406841468811035e+01  9.156012535095215e+00  -2.571783988969401e-05  3.540352054187679e-06  -4.830387115362100e-05
  9.950000047683716e-01  -3.737674865722656e+02  -5.325928344726562e+02  1.186364555358887e+01  1.403126068115234e+02  -2.631961250305176e+01  8.222735404968262e+00  -2.926614797615912e-05  5.402842361945659e-06  -4.989469380234368e-05
  1.000000000000000e+00  -4.013933410644531e+02  -5.307227172851562e+02  9.169427871704102e+00  1.429911346435547e+02  -2.743159675598145e+01  7.186213016510010e+00  -3.264801853219979e-05  7.095987257343950e-06  -5.141018118592910e-05
  1.004999995231628e+00  -4.243172912597656e+02  -5.264252929687500e+02  4.214811801910400e+00  1.454512176513672e+02  -2.741255569458008e+01  4.616149902343750e+00  -3.607594771892764e-05  8.425148735113908e-06  -5.297463576425798e-05
  1.009999990463257e+00  -4.461425476074219e+02  -5.204464721679688e+02  -4.474678933620453e-01  1.476845397949219e+02  -2.705458259582520e+01  1.525408744812012e+00  -3.928560545318760e-05  9.787755516299512e-06  -5.449162199511193e-05
  1.014999985694885e+00  -4.739242858886719e+02  -5.145548095703125e+02  -3.740730285644531e-01  1.499579925537109e+02  -2.816131591796875e+01  2.859796285629272e+00  -4.143861951888539e-05  1.186685403808951e-05  -5.507702371687628e-05
  1.019999980926514e+00  -4.940833129882812e+02  -5.062281494140625e+02  -5.450597286224365e+00  1.517501983642578e+02  -2.729876899719238e+01  -1.889490038156509e-01  -4.392417031340301e-05  1.327766403846908e-05  -5.621368836727925e-05
  1.024999976158142e+00  -5.205299072265625e+02  -4.987816162109375e+02  -5.547120094299316e+00  1.535557250976562e+02  -2.771348762512207e+01  2.094084739685059e+00  -4.514204556471668e-05  1.533185240987223e-05  -5.617638089461252e-05
  1.029999971389771e+00  -5.386846923828125e+02  -4.883930969238281e+02  -1.011684513092041e+01  1.547326354980469e+02  -2.619577789306641e+01  -6.235266923904419e-01  -4.675107993534766e-05  1.669671109993942e-05  -5.686761869583279e-05
  1.034999966621399e+00  -5.558768310546875e+02  -4.772565002441406e+02  -1.474211597442627e+01  1.556237182617188e+02  -2.456859397888184e+01  -3.424299001693726e+00  -4.789659942616709e-05  1.804757266654633e-05  -5.731928831664845e-05
  1.039999961853027e+00  -5.793259887695312e+02  -4.680439147949219e+02  -1.425569438934326e+01  1.565525054931641e+02  -2.401839447021484e+01  -4.333204403519630e-02  -4.758801878779195e-05  1.992818033613730e-05  -5.631176463793963e-05
  1.044999957084656e+00  -5.944726562500000e+02  -4.558941040039062e+02  -1.837820243835449e+01  1.567307128906250e+02  -2.184457397460938e+01  -2.160893917083740e+00  -4.768733560922556e-05  2.116066571034025e-05  -5.620719093712978e-05
  1.049999952316284e+00  -6.157775268554688e+02  -4.465066833496094e+02  -1.797512817382812e+01  1.570359497070312e+02  -2.070120620727539e+01  1.397593021392822e+00  -4.640177576220594e-05  2.283590401930269e-05  -5.453064295579679e-05
  1.054999947547913e+00  -6.285205078125000e+02  -4.337661743164062e+02  -2.119817733764648e+01  1.565638122558594e+02  -1.833029747009277e+01  -5.426732450723648e-02  -4.541492671705782e-05  2.394630791968666e-05  -5.382843664847314e-05
  1.059999942779541e+00  -6.406411132812500e+02  -4.213104858398438e+02  -2.472939109802246e+01  1.556927337646484e+02  -1.573937129974365e+01  -1.072718262672424e+00  -4.389170499052852e-05  2.497233981557656e-05  -5.282293932395987e-05
  1.065000057220459e+00  -6.578504028320312e+02  -4.121509399414062e+02  -2.371942138671875e+01  1.550650482177734e+02  -1.406947994232178e+01  2.638742923736572e+00  -4.121050369576551e-05  2.631306415423751e-05  -5.019362288294360e-05
  1.070000052452087e+00  -6.673518676757812e+02  -3.998166809082031e+02  -2.603735923767090e+01  1.535633239746094e+02  -1.147034835815430e+01  2.406191110610962e+00  -3.865322287310846e-05  2.718335417739581e-05  -4.857793828705326e-05
  1.075000047683716e+00  -6.814692993164062e+02  -3.912997131347656e+02  -2.491899299621582e+01  1.523963165283203e+02  -9.568673133850098e+00  5.397138118743896e+00  -3.527954686433077e-05  2.825802403094713e-05  -4.540423105936497e-05
  1.080000042915344e+00  -6.887171020507812e+02  -3.800728149414062e+02  -2.717714118957520e+01  1.502365264892578e+02  -6.900582313537598e+00  6.000927448272705e+00  -3.179891064064577e-05  2.893901364586782e-05  -4.315517071518116e-05
  1.085000038146973e+00  -6.947988891601562e+02  -3.691071472167969e+02  -2.846916389465332e+01  1.477956695556641e+02  -4.359727382659912e+00  7.085203647613525e+00  -2.785781543934718e-05  2.954488627437968e-05  -4.065409666509368e-05
  1.090000033378601e+00  -7.036923217773438e+02  -3.618631286621094e+02  -2.688984489440918e+01  1.459076690673828e+02  -2.489418506622314e+00  9.179153442382812e+00  -2.364834290347062e-05  3.026545891771093e-05  -3.674354229588062e-05
  1.095000028610229e+00  -7.073551025390625e+02  -3.524609069824219e+02  -2.824468421936035e+01  1.428991546630859e+02  -9.695674479007721e-02  1.092226886749268e+01  -1.899729795695748e-05  3.068508885917254e-05  -3.367506360518746e-05
  1.100000023841858e+00  -7.124946899414062e+02  -3.461790771484375e+02  -2.685729598999023e+01  1.406588897705078e+02  1.650803089141846e+00  1.171865367889404e+01  -1.454395533073694e-05  3.117215601378120e-05  -2.942696664831601e-05
  1.105000019073486e+00  -7.129713134765625e+02  -3.376327514648438e+02  -2.668137168884277e+01  1.371786651611328e+02  3.666579961776733e+00  1.380403518676758e+01  -9.379189577884972e-06  3.142213972751051e-05  -2.595302976260427e-05
  1.110000014305115e+00  -7.128218994140625e+02  -3.303279113769531e+02  -2.710575103759766e+01  1.334366912841797e+02  5.536555767059326e+00  1.636967277526855e+01  -3.943961473851232e-06  3.158645995426923e-05  -2.221931390522514e-05
  1.115000009536743e+00  -7.119971923828125e+02  -3.253220825195312e+02  -2.560514450073242e+01  1.307113189697266e+02  6.825151920318604e+00  1.555714797973633e+01  6.460774670813407e-07  3.179021587129682e-05  -1.759184851835016e-05
  1.120000004768372e+00  -7.085826416015625e+02  -3.188437805175781e+02  -2.462153053283691e+01  1.265395202636719e+02  8.221747398376465e+00  1.814763450622559e+01  6.296688752627233e-06  3.179023042321205e-05  -1.358490317215910e-05
  1.125000000000000e+00  -7.036153564453125e+02  -3.143223571777344e+02  -2.332071495056152e+01  1.235796890258789e+02  9.235651016235352e+00  1.599122619628906e+01  1.071982387657044e-05  3.182623913744465e-05  -8.885453098628204e-06
  1.129999995231628e+00  -6.975847778320312e+02  -3.093898010253906e+02  -2.283940696716309e+01  1.189925155639648e+02  1.009628868103027e+01  1.842191314697266e+01  1.640965820115525e-05  3.168311741319485e-05  -4.596407507051481e-06
  1.134999990463257e+00  -6.902730712890625e+02  -3.046855468750000e+02  -2.125972747802734e+01  1.141646270751953e+02  1.074260139465332e+01  2.099985313415527e+01  2.210451202699915e-05  3.144958100165240e-05  -2.606790303616435e-07
  1.139999985694885e+00  -6.793099365234375e+02  -3.005749816894531e+02  -2.015480804443359e+01  1.107824707031250e+02  1.118028831481934e+01  1.718653488159180e+01  2.608438262541313e-05  3.129086690023541e-05  4.468820407055318e-06
  1.144999980926514e+00  -6.694928588867188e+02  -2.970272216796875e+02  -1.918721389770508e+01  1.055369491577148e+02  1.123902320861816e+01  1.927082443237305e+01  3.154225123580545e-05  3.093167106271721e-05  8.945938134274911e-06
  1.149999976158142e+00  -6.545538330078125e+02  -2.925308837890625e+02  -1.819958114624023e+01  1.018992385864258e+02  1.137623214721680e+01  1.459519958496094e+01  3.510592796374112e-05  3.068090154556558e-05  1.356405573460506e-05
  1.154999971389771e+00  -6.419652099609375e+02  -2.891061096191406e+02  -1.652301979064941e+01  9.615161895751953e+01  1.103992938995361e+01  1.604326438903809e+01  4.015488229924813e-05  3.017138806171715e-05  1.799757046683226e-05
  1.159999966621399e+00  -6.287796020507812e+02  -2.862999572753906e+02  -1.539088630676270e+01  9.017803192138672e+01  1.032986545562744e+01  1.734647941589355e+01  4.500690556596965e-05  2.961537575174589e-05  2.247640259156469e-05
  1.164999961853027e+00  -6.087110595703125e+02  -2.808968505859375e+02  -1.461423587799072e+01  8.596759033203125e+01  1.007938575744629e+01  1.161726284027100e+01  4.780485323863104e-05  2.923481406469364e-05  2.687957749003544e-05
  1.169999957084656e+00  -5.932633666992188e+02  -2.777966308593750e+02  -1.312910556793213e+01  7.941021728515625e+01  9.077420234680176e+00  1.211363887786865e+01  5.206244895816781e-05  2.854113154171500e-05  3.121426198049448e-05
  1.174999952316284e+00  -5.700836791992188e+02  -2.711233520507812e+02  -1.230185031890869e+01  7.477828979492188e+01  8.767770767211914e+00  6.345280170440674e+00  5.437252548290417e-05  2.809382203849964e-05  3.541999831213616e-05
  1.179999947547913e+00  -5.532222900390625e+02  -2.679776000976562e+02  -1.158700275421143e+01  6.767183685302734e+01  7.291890621185303e+00  6.058971881866455e+00  5.796980985905975e-05  2.732254324655514e-05  3.964678035117686e-05
  1.184999942779541e+00  -5.357946166992188e+02  -2.645167236328125e+02  -1.062874126434326e+01  6.019345855712891e+01  5.782979488372803e+00  5.424677371978760e+00  6.121406477177516e-05  2.647455403348431e-05  4.375647768029012e-05
  1.190000057220459e+00  -5.093009338378906e+02  -2.557779235839844e+02  -9.805577278137207e+00  5.474189758300781e+01  5.427680969238281e+00  -4.156472682952881e-01  6.269818550208583e-05  2.592467899376061e-05  4.765192716149613e-05
  1.195000052452087e+00  -4.912350158691406e+02  -2.518378295898438e+02  -9.671421051025391e+00  4.665134048461914e+01  3.593831062316895e+00  -1.753630161285400e+00  6.519937596749514e-05  2.501778544683475e-05  5.159539068699814e-05
  1.200000047683716e+00  -4.630472412109375e+02  -2.412202453613281e+02  -8.427692413330078e+00  4.062273788452148e+01  3.321359634399414e+00  -6.845712184906006e+00  6.625713285757229e-05  2.441712604195345e-05  5.528462861548178e-05
  1.205000042915344e+00  -4.445711059570312e+02  -2.362003021240234e+02  -8.533275604248047e+00  3.178687477111816e+01  1.597276329994202e+00  -8.814351081848145e+00  6.802134157624096e-05  2.340771607123315e-05  5.897528171772137e-05
  1.210000038146973e+00  -4.265144653320312e+02  -2.310050354003906e+02  -9.225054740905762e+00  2.265759468078613e+01  -3.600004017353058e-01  -1.106867980957031e+01  6.937685975572094e-05  2.240705543954391e-05  6.257970380829647e-05
  1.215000033378601e+00  -3.975397644042969e+02  -2.178307952880859e+02  -7.711057662963867e+00  1.566489410400391e+01  -3.743457496166229e-01  -1.525075435638428e+01  6.972632399993017e-05  2.170683546864893e-05  6.597455649171025e-05
  1.220000028610229e+00  -3.799029235839844e+02  -2.113663024902344e+02  -8.707118034362793e+00  5.807384490966797e+00  -2.090499162673950e+00  -1.793986892700195e+01  7.038471812848002e-05  2.063683677988593e-05  6.931240932317451e-05
  1.225000023841858e+00  -3.511105041503906e+02  -1.964172973632812e+02  -6.742023944854736e+00  -1.802963733673096e+00  -1.873695850372314e+00  -2.087977981567383e+01  7.042152719805017e-05  1.986913594009820e-05  7.255210221046582e-05
  1.230000019073486e+00  -3.349295959472656e+02  -1.890002441406250e+02  -8.409317970275879e+00  -1.223958015441895e+01  -3.578808069229126e+00  -2.362767601013184e+01  7.040384662104771e-05  1.879856063169427e-05  7.568392175016925e-05
  1.235000014305115e+00  -3.192956237792969e+02  -1.809512481689453e+02  -1.029504966735840e+01  -2.301206207275391e+01  -5.078115940093994e+00  -2.669519615173340e+01  7.005836960161105e-05  1.772336872818414e-05  7.865742372814566e-05
  1.240000009536743e+00  -2.923829345703125e+02  -1.638341979980469e+02  -7.885594844818115e+00  -3.144790649414062e+01  -4.488726139068604e+00  -2.811020469665527e+01  6.958164158277214e-05  1.686200448602904e-05  8.165265171555802e-05
  1.245000004768372e+00  -2.789603576660156e+02  -1.549011993408203e+02  -1.037294578552246e+01  -4.267330551147461e+01  -5.839488983154297e+00  -3.093119049072266e+01  6.866449257358909e-05  1.581291326147038e-05  8.442583930445835e-05
  1.250000000000000e+00  -2.540103759765625e+02  -1.366949157714844e+02  -7.614695549011230e+00  -5.153359603881836e+01  -5.063932895660400e+00  -3.103395080566406e+01  6.797879177611321e-05  1.488639099989086e-05  8.728352986508980e-05
  1.254999995231628e+00  -2.425538635253906e+02  -1.266070098876953e+02  -1.011065101623535e+01  -6.314451217651367e+01  -6.004927635192871e+00  -3.369836044311523e+01  6.663177191512659e-05  1.384742699883645e-05  8.980243001133204e-05
  1.259999990463257e+00  -2.326020355224609e+02  -1.163446502685547e+02  -1.323877716064453e+01  -7.486066436767578e+01  -6.869841575622559e+00  -3.623438644409180e+01  6.502125324914232e-05  1.287531085836235e-05  9.221602522302419e-05
  1.264999985694885e+00  -2.115995788574219e+02  -9.710614776611328e+01  -1.010532283782959e+01  -8.406494903564453e+01  -5.797197341918945e+00  -3.474989700317383e+01  6.401873542927206e-05  1.187380712508457e-05  9.484015754424036e-05
  1.269999980926514e+00  -2.038538970947266e+02  -8.590059661865234e+01  -1.300424385070801e+01  -9.589099121093750e+01  -6.261297702789307e+00  -3.693562316894531e+01  6.213027518242598e-05  1.094820072466973e-05  9.699477959657088e-05
  1.274999976158142e+00  -1.859779357910156e+02  -6.661592102050781e+01  -9.812603950500488e+00  -1.051097640991211e+02  -5.126318454742432e+00  -3.451478958129883e+01  6.099965321482159e-05  9.891698937281035e-06  9.945344936568290e-05
  1.279999971389771e+00  -1.811884613037109e+02  -5.514783096313477e+01  -1.302494525909424e+01  -1.168175659179688e+02  -5.322072505950928e+00  -3.597475433349609e+01  5.886748476768844e-05  9.040530130732805e-06  1.014047957141884e-04
  1.284999966621399e+00  -1.771454010009766e+02  -4.321759033203125e+01  -1.604366683959961e+01  -1.284088287353516e+02  -5.279847145080566e+00  -3.745175170898438e+01  5.667882578563876e-05  8.263386007456575e-06  1.031808060361072e-04
  1.289999961853027e+00  -1.639765625000000e+02  -2.429088020324707e+01  -1.266830825805664e+01  -1.372304229736328e+02  -4.072079658508301e+00  -3.390061950683594e+01  5.540137135540135e-05  7.161322173487861e-06  1.053358791978098e-04
  1.294999957084656e+00  -1.626067199707031e+02  -1.239788532257080e+01  -1.583775138854980e+01  -1.483896179199219e+02  -3.766325712203979e+00  -3.461430358886719e+01  5.312123175826855e-05  6.464242233050754e-06  1.068903075065464e-04
  1.299999952316284e+00  -1.527224884033203e+02  5.552557945251465e+00  -1.277139282226562e+01  -1.567048797607422e+02  -2.634086847305298e+00  -3.070406913757324e+01  5.177556886337698e-05  5.322184733813629e-06  1.087977798306383e-04
  1.304999947547913e+00  -1.529577026367188e+02  1.768269538879395e+01  -1.520973777770996e+01  -1.671926422119141e+02  -2.131253004074097e+00  -3.098667335510254e+01  4.954476753482595e-05  4.712376721727196e-06  1.100436275009997e-04
  1.309999942779541e+00  -1.541723327636719e+02  2.961154556274414e+01  -1.801725196838379e+01  -1.773091888427734e+02  -1.398548364639282e+00  -3.094971084594727e+01  4.733622336061671e-05  4.168242412561085e-06  1.111647652578540e-04
  1.315000057220459e+00  -1.481612396240234e+02  4.607828140258789e+01  -1.497274112701416e+01  -1.844403381347656e+02  -4.458049833774567e-01  -2.665350914001465e+01  4.599053863785230e-05  2.998330728587462e-06  1.126351853599772e-04
  1.320000052452087e+00  -1.502779693603516e+02  5.795587921142578e+01  -1.694859886169434e+01  -1.935684814453125e+02  3.723713159561157e-01  -2.625677108764648e+01  4.394265852170065e-05  2.530852498239256e-06  1.134204649133608e-04
  1.325000047683716e+00  -1.466179504394531e+02  7.284529876708984e+01  -1.438450050354004e+01  -1.997197265625000e+02  1.099275231361389e+00  -2.216411781311035e+01  4.259506749804132e-05  1.339081222795357e-06  1.145276983152144e-04
  1.330000042915344e+00  -1.495464324951172e+02  8.418190002441406e+01  -1.617276382446289e+01  -2.077429046630859e+02  2.042082786560059e+00  -2.133477020263672e+01  4.072370938956738e-05  9.082135079552245e-07  1.150127136497758e-04
  1.335000038146973e+00  -1.476213989257812e+02  9.740958404541016e+01  -1.411512565612793e+01  -2.127876129150391e+02  2.568529844284058e+00  -1.760340690612793e+01  3.940359601983801e-05  -3.078544352774770e-07  1.157135266112164e-04
  1.340000033378601e+00  -1.502592163085938e+02  1.084094848632812e+02  -1.510569572448730e+01  -2.195032653808594e+02  3.404413700103760e+00  -1.663183212280273e+01  3.778696918743663e-05  -6.894574653415475e-07  1.158190716523677e-04
  1.345000028610229e+00  -1.525801239013672e+02  1.191823959350586e+02  -1.605801010131836e+01  -2.255768432617188e+02  4.437246799468994e+00  -1.549545097351074e+01  3.631508661783300e-05  -1.065246124198893e-06  1.157672959379852e-04
  1.350000023841858e+00  -1.513262176513672e+02  1.304158325195312e+02  -1.417397022247314e+01  -2.287388153076172e+02  4.574739933013916e+00  -1.224082374572754e+01  3.517119694151916e-05  -2.318575752724428e-06  1.158282029791735e-04
  1.355000019073486e+00  -1.524379119873047e+02  1.407070770263672e+02  -1.445037174224854e+01  -2.333665924072266e+02  5.395041465759277e+00  -1.109890460968018e+01  3.398853732505813e-05  -2.689096390895429e-06  1.153822158812545e-04
  1.360000014305115e+00  -1.511068115234375e+02  1.503925170898438e+02  -1.306493949890137e+01  -2.352823791503906e+02  5.300335407257080e+00  -8.375479698181152e+00  3.295160786365159e-05  -3.959193236369174e-06  1.149576128227636e-04
  1.365000009536743e+00  -1.504274597167969e+02  1.602316436767578e+02  -1.280618858337402e+01  -2.385193176269531e+02  6.079094886779785e+00  -7.295476436614990e+00  3.205221219104715e-05  -4.396839813125553e-06  1.141340253525414e-04
  1.370000004768372e+00  -1.485724792480469e+02  1.698241577148438e+02  -1.233804225921631e+01  -2.409681396484375e+02  6.738283157348633e+00  -6.184138774871826e+00  3.131678386125714e-05  -4.836670086660888e-06  1.131208846345544e-04
  1.375000000000000e+00  -1.452270355224609e+02  1.778949127197266e+02  -1.115226173400879e+01  -2.410103607177734e+02  6.274522304534912e+00  -4.141579151153564e+00  3.054284752579406e-05  -6.168975232867524e-06  1.119828666560352e-04
  1.379999995231628e+00  -1.406413879394531e+02  1.872008209228516e+02  -1.003128337860107e+01  -2.420997772216797e+02  6.814880847930908e+00  -3.229054689407349e+00  3.007504892593715e-05  -6.720471901644487e-06  1.105816700146534e-04
  1.384999990463257e+00  -1.354417266845703e+02  1.942667846679688e+02  -9.145343780517578e+00  -2.410763397216797e+02  6.268011569976807e+00  -1.625686049461365e+00  2.946308450191282e-05  -8.076984158833511e-06  1.089308934751898e-04
  1.389999985694885e+00  -1.279472122192383e+02  2.030367126464844e+02  -7.903178691864014e+00  -2.408041534423828e+02  6.422878742218018e+00  -9.221197366714478e-01  2.923937790910713e-05  -8.711109330761246e-06  1.071543083526194e-04
  1.394999980926514e+00  -1.185024414062500e+02  2.119483184814453e+02  -6.011760711669922e+00  -2.398926849365234e+02  6.615448474884033e+00  -2.673951387405396e-01  2.912418312916998e-05  -9.440466783416923e-06  1.051996659953147e-04
  1.399999976158142e+00  -1.092504348754883e+02  2.181185455322266e+02  -5.328351020812988e+00  -2.374232940673828e+02  5.869878768920898e+00  8.017262220382690e-01  2.878266059269663e-05  -1.086336305888835e-05  1.028554688673466e-04
  1.404999971389771e+00  -9.652922821044922e+01  2.265628509521484e+02  -3.536393642425537e+00  -2.353297729492188e+02  5.665534496307373e+00  1.236134767532349e+00  2.884195600927342e-05  -1.170115956483642e-05  1.005601370707154e-04
  1.409999966621399e+00  -8.430661773681641e+01  2.323251647949219e+02  -3.107179403305054e+00  -2.321871643066406e+02  4.969672679901123e+00  2.120235681533813e+00  2.865672649932094e-05  -1.312036602030275e-05  9.776586375664920e-05
  1.414999961853027e+00  -6.773388671875000e+01  2.409544525146484e+02  -5.899271368980408e-01  -2.291453399658203e+02  4.649335861206055e+00  2.317539215087891e+00  2.883680099330377e-05  -1.411866742273560e-05  9.512403630651534e-05
  1.419999957084656e+00  -4.947927093505859e+01  2.492929840087891e+02  1.653990030288696e+00  -2.255444793701172e+02  4.055567741394043e+00  2.505578517913818e+00  2.904000211856328e-05  -1.517657892691204e-05  9.237445920007303e-05
  1.424999952316284e+00  -3.232337188720703e+01  2.549015960693359e+02  1.861610293388367e+00  -2.216215209960938e+02  3.427267313003540e+00  3.174005270004272e+00  2.903102540585678e-05  -1.662093745835591e-05  8.900710236048326e-05
  1.429999947547913e+00  -1.027053165435791e+01  2.635662841796875e+02  4.754976272583008e+00  -2.173102722167969e+02  2.741636037826538e+00  3.196434974670410e+00  2.925595435954165e-05  -1.782284016371705e-05  8.596563566243276e-05
  1.434999942779541e+00  1.015832424163818e+01  2.693266601562500e+02  4.839842319488525e+00  -2.131921386718750e+02  2.363334417343140e+00  3.944953441619873e+00  2.931610288214870e-05  -1.922831324918661e-05  8.225287456298247e-05
  1.440000057220459e+00  3.538790512084961e+01  2.777896423339844e+02  7.270911216735840e+00  -2.082622070312500e+02  1.392846822738647e+00  3.855453729629517e+00  2.950891393993516e-05  -2.049915747193154e-05  7.901578646851704e-05
  1.445000052452087e+00  6.255440139770508e+01  2.866650695800781e+02  1.040423774719238e+01  -2.030388031005859e+02  4.026132524013519e-01  3.797442197799683e+00  2.961843347293325e-05  -2.186034362239297e-05  7.567540887976065e-05
  1.450000047683716e+00  8.753932952880859e+01  2.927749023437500e+02  1.016411399841309e+01  -1.987854461669922e+02  3.390980958938599e-01  4.623674869537354e+00  2.966981992358342e-05  -2.320347812201362e-05  7.158362132031471e-05
  1.455000042915344e+00  1.175131912231445e+02  3.015868530273438e+02  1.283215618133545e+01  -1.931732482910156e+02  -8.339735269546509e-01  4.514882087707520e+00  2.965061321447138e-05  -2.458750168443657e-05  6.811982893850654e-05
  1.460000038146973e+00  1.453168029785156e+02  3.081868286132812e+02  1.247734260559082e+01  -1.890735626220703e+02  -6.058974266052246e-01  5.494728565216064e+00  2.963661609101109e-05  -2.582919114502147e-05  6.383387517416850e-05
  1.465000033378601e+00  1.779635925292969e+02  3.174317932128906e+02  1.544957065582275e+01  -1.832619323730469e+02  -1.647280931472778e+00  5.482529640197754e+00  2.940693957498297e-05  -2.724481237237342e-05  6.024826870998368e-05
  1.470000028610229e+00  2.119080505371094e+02  3.267436523437500e+02  1.831851959228516e+01  -1.772505493164062e+02  -2.890573978424072e+00  5.432080268859863e+00  2.903748827520758e-05  -2.865190253942274e-05  5.666991637554020e-05
  1.475000023841858e+00  2.429701385498047e+02  3.339054870605469e+02  1.751175498962402e+01  -1.734208374023438e+02  -2.225902318954468e+00  6.605004787445068e+00  2.879546809708700e-05  -2.972934453282505e-05  5.221777246333659e-05
  1.480000019073486e+00  2.788798828125000e+02  3.436300659179688e+02  2.050789833068848e+01  -1.673431243896484e+02  -3.246005535125732e+00  6.706190586090088e+00  2.814005711115897e-05  -3.109854878857732e-05  4.859336331719533e-05
  1.485000014305115e+00  3.116905822753906e+02  3.512986755371094e+02  1.941618728637695e+01  -1.638227233886719e+02  -2.332253932952881e+00  8.031999588012695e+00  2.767656224023085e-05  -3.203688902431168e-05  4.409312896314077e-05
  1.490000009536743e+00  3.491579589843750e+02  3.612639160156250e+02  2.218990707397461e+01  -1.576704864501953e+02  -3.287925720214844e+00  8.113672256469727e+00  2.673159542609937e-05  -3.328271850477904e-05  4.050308780279011e-05
  1.495000004768372e+00  3.873851013183594e+02  3.715584411621094e+02  2.520525169372559e+01  -1.514705047607422e+02  -4.129056453704834e+00  8.325556755065918e+00  2.557019797677640e-05  -3.450582880759612e-05  3.693360486067832e-05
  1.500000000000000e+00  4.216859130859375e+02  3.797267456054688e+02  2.347053909301758e+01  -1.482965087890625e+02  -2.856972932815552e+00  9.771636962890625e+00  2.470188883307856e-05  -3.520569225656800e-05  3.245222978875972e-05
  1.504999995231628e+00  4.608669738769531e+02  3.903500366210938e+02  2.638724136352539e+01  -1.420663757324219e+02  -3.530260801315308e+00  9.944581031799316e+00  2.321851752640214e-05  -3.625287354225293e-05  2.896661499107722e-05
  1.509999990463257e+00  4.957924194335938e+02  3.990172729492188e+02  2.441480255126953e+01  -1.391222991943359e+02  -2.230754375457764e+00  1.135710144042969e+01  2.203731128247455e-05  -3.679835208458826e-05  2.453229717502836e-05
  1.514999985694885e+00  5.351536254882812e+02  4.098323059082031e+02  2.695463180541992e+01  -1.328984527587891e+02  -2.520349502563477e+00  1.169436645507812e+01  2.018997656705324e-05  -3.768237365875393e-05  2.113578739226796e-05
  1.519999980926514e+00  5.750889282226562e+02  4.211252746582031e+02  2.998778343200684e+01  -1.266031341552734e+02  -2.790458917617798e+00  1.188852977752686e+01  1.816116491681896e-05  -3.846055187750608e-05  1.780885759217199e-05
  1.524999976158142e+00  6.097031860351562e+02  4.300867614746094e+02  2.723567008972168e+01  -1.238246002197266e+02  -1.379860639572144e+00  1.325000095367432e+01  1.650799822527915e-05  -3.875458060065284e-05  1.350778802589048e-05
  1.529999971389771e+00  6.491624755859375e+02  4.414971313476562e+02  2.976308441162109e+01  -1.174947280883789e+02  -1.250170588493347e+00  1.353432750701904e+01  1.413894824509043e-05  -3.933996777050197e-05  1.028662245516898e-05
  1.534999966621399e+00  6.831752319335938e+02  4.506893005371094e+02  2.659669494628906e+01  -1.147627258300781e+02  -7.293068617582321e-02  1.475021553039551e+01  1.216000873682788e-05  -3.950694735976867e-05  6.109057721914724e-06
  1.539999961853027e+00  7.222328491210938e+02  4.625132751464844e+02  2.927903747558594e+01  -1.083273696899414e+02  3.014286458492279e-01  1.486338615417480e+01  9.508225048193708e-06  -3.987067248090170e-05  3.003938900292269e-06
  1.544999957084656e+00  7.609069213867188e+02  4.744501342773438e+02  3.175675582885742e+01  -1.018378906250000e+02  8.904531598091125e-01  1.499075412750244e+01  6.684839718218427e-06  -4.014010846731253e-05  -4.179442214535811e-08
  1.549999952316284e+00  7.930211791992188e+02  4.836768188476562e+02  2.783564376831055e+01  -9.900171661376953e+01  1.849101901054382e+00  1.598625564575195e+01  4.309596533857984e-06  -4.010105840279721e-05  -4.043524768349016e-06
  1.554999947547913e+00  8.306764526367188e+02  4.959222412109375e+02  3.041428375244141e+01  -9.236797332763672e+01  2.673570394515991e+00  1.591227626800537e+01  1.262512910216174e-06  -4.016302773379721e-05  -6.979384124861099e-06
  1.559999942779541e+00  8.612408447265625e+02  5.052347106933594e+02  2.633340835571289e+01  -8.939800262451172e+01  3.178927183151245e+00  1.666621589660645e+01  -1.344040470030450e-06  -4.004396032541990e-05  -1.085801523004193e-05
  1.565000057220459e+00  8.970445556640625e+02  5.172942504882812e+02  2.815731430053711e+01  -8.260150146484375e+01  4.264323234558105e+00  1.651290130615234e+01  -4.576168066705577e-06  -3.993194695794955e-05  -1.370513746223878e-05
  1.570000052452087e+00  9.323876953125000e+02  5.297120971679688e+02  3.048122978210449e+01  -7.572960662841797e+01  5.483040332794189e+00  1.618875503540039e+01  -7.894993359514046e-06  -3.972385093220510e-05  -1.650840567890555e-05
  1.575000047683716e+00  9.596575927734375e+02  5.387050781250000e+02  2.583760261535645e+01  -7.247817230224609e+01  5.502893447875977e+00  1.665458679199219e+01  -1.070007328962674e-05  -3.947393270209432e-05  -2.021579530264717e-05
  1.580000042915344e+00  9.926237182617188e+02  5.507800903320312e+02  2.742653083801270e+01  -6.542581939697266e+01  6.888064861297607e+00  1.619949722290039e+01  -1.410369713994442e-05  -3.912315150955692e-05  -2.296862658113241e-05
  1.585000038146973e+00  1.017452880859375e+03  5.595433959960938e+02  2.284423828125000e+01  -6.196598815917969e+01  6.334488391876221e+00  1.641697502136230e+01  -1.697476182016544e-05  -3.882758028339595e-05  -2.653979026945308e-05
  1.590000033378601e+00  1.047911376953125e+03  5.714069213867188e+02  2.430936813354492e+01  -5.476116943359375e+01  7.821497440338135e+00  1.579209613800049e+01  -2.039853643509559e-05  -3.835976531263441e-05  -2.923834654211532e-05
  1.595000028610229e+00  1.077083007812500e+03  5.830697631835938e+02  2.551822280883789e+01  -4.748391723632812e+01  9.387173652648926e+00  1.505615997314453e+01  -2.382188540650532e-05  -3.782806743402034e-05  -3.194501914549619e-05
  1.600000023841858e+00  1.097359375000000e+03  5.910366821289062e+02  2.079881095886230e+01  -4.374564361572266e+01  8.233896255493164e+00  1.501435756683350e+01  -2.662515180418268e-05  -3.745963113033213e-05  -3.536423537298106e-05
  1.605000019073486e+00  1.123308105468750e+03  6.020887451171875e+02  2.168194770812988e+01  -3.636917114257812e+01  9.822774887084961e+00  1.418093490600586e+01  -2.996955117851030e-05  -3.685130650410429e-05  -3.803181971306913e-05
  1.610000014305115e+00  1.140277099609375e+03  6.094025878906250e+02  1.733212280273438e+01  -3.248247146606445e+01  8.186506271362305e+00  1.396246528625488e+01  -3.265482519054785e-05  -3.645260585471988e-05  -4.132302638026886e-05
  1.615000009536743e+00  1.162663696289062e+03  6.195631103515625e+02  1.777570343017578e+01  -2.501452827453613e+01  9.673158645629883e+00  1.299915885925293e+01  -3.583444413379766e-05  -3.577497409423813e-05  -4.400322723085992e-05
  1.620000004768372e+00  1.183107910156250e+03  6.291968383789062e+02  1.795349502563477e+01  -1.757064056396484e+01  1.122302532196045e+01  1.205794525146484e+01  -3.894654219038785e-05  -3.507672590785660e-05  -4.667244866141118e-05
  1.625000000000000e+00  1.194291625976562e+03  6.349948120117188e+02  1.390773200988770e+01  -1.356660175323486e+01  9.062544822692871e+00  1.167823791503906e+01  -4.130653906031512e-05  -3.461634696577676e-05  -4.980725861969404e-05
  1.629999995231628e+00  1.210652832031250e+03  6.434001464843750e+02  1.381719875335693e+01  -6.118035316467285e+00  1.042695426940918e+01  1.067034244537354e+01  -4.415934017742984e-05  -3.387151446077041e-05  -5.250315734883770e-05
  1.634999990463257e+00  1.217808715820312e+03  6.480552978515625e+02  1.053795433044434e+01  -2.076406717300415e+00  7.923884868621826e+00  1.013244533538818e+01  -4.623726636054926e-05  -3.334391658427194e-05  -5.549975321628153e-05
  1.639999985694885e+00  1.229360107421875e+03  6.547155761718750e+02  9.740752220153809e+00  5.249561309814453e+00  9.214768409729004e+00  9.287782669067383e+00  -4.881113272858784e-05  -3.258346623624675e-05  -5.814936230308376e-05
  1.644999980926514e+00  1.238778442382812e+03  6.606599121093750e+02  9.061988830566406e+00  1.253443813323975e+01  1.035314655303955e+01  8.392503738403320e+00  -5.121217691339552e-05  -3.179573468514718e-05  -6.085558197810315e-05
  1.649999976158142e+00  1.239079833984375e+03  6.629228515625000e+02  6.477684974670410e+00  1.648661041259766e+01  7.539242267608643e+00  7.786414623260498e+00  -5.277993113850243e-05  -3.116716834483668e-05  -6.366628804244101e-05
  1.654999971389771e+00  1.243154541015625e+03  6.666332397460938e+02  5.005999088287354e+00  2.355335807800293e+01  8.569238662719727e+00  7.159927845001221e+00  -5.483570930664428e-05  -3.036558882740792e-05  -6.630698044318706e-05
  1.659999966621399e+00  1.238691528320312e+03  6.670219726562500e+02  3.128903150558472e+00  2.742917823791504e+01  5.688189983367920e+00  6.450204849243164e+00  -5.603776662610471e-05  -2.963160477520432e-05  -6.894551916047931e-05
  1.664999961853027e+00  1.237863525390625e+03  6.687598876953125e+02  2.022419691085815e+00  3.429325485229492e+01  6.426169872283936e+00  5.902414321899414e+00  -5.768149640061893e-05  -2.877649239962921e-05  -7.159003871493042e-05
  1.669999957084656e+00  1.228571044921875e+03  6.671400756835938e+02  1.017619967460632e+00  3.809342193603516e+01  3.529009342193604e+00  5.037917137145996e+00  -5.849582885275595e-05  -2.790615508274641e-05  -7.406519580399618e-05
  1.674999952316284e+00  1.221904907226562e+03  6.660080566406250e+02  -1.051064491271973e+00  4.462831115722656e+01  4.215100765228271e+00  4.887635231018066e+00  -5.975219028186984e-05  -2.703138488868717e-05  -7.659045513719320e-05
  1.679999947547913e+00  1.212847045898438e+03  6.638638916015625e+02  -2.572187662124634e+00  5.103503799438477e+01  4.656664848327637e+00  4.761420726776123e+00  -6.076588033465669e-05  -2.612009120639414e-05  -7.915927562862635e-05
  1.684999942779541e+00  1.195945678710938e+03  6.586475219726562e+02  -2.753806352615356e+00  5.460669708251953e+01  1.815204739570618e+00  3.852013111114502e+00  -6.099617894506082e-05  -2.506532837287523e-05  -8.138130215229467e-05
  1.690000057220459e+00  1.180996826171875e+03  6.533494873046875e+02  -5.190430641174316e+00  6.063960266113281e+01  2.213504314422607e+00  4.160642147064209e+00  -6.160218617878854e-05  -2.411926834611222e-05  -8.380164217669517e-05
  1.695000052452087e+00  1.159080566406250e+03  6.455104980468750e+02  -4.871434211730957e+00  6.414257049560547e+01  -4.297348260879517e-01  3.098925828933716e+00  -6.146820669528097e-05  -2.291000964760315e-05  -8.581760630477220e-05
  1.700000047683716e+00  1.139293701171875e+03  6.377720336914062e+02  -6.389163017272949e+00  6.986598968505859e+01  -2.953993380069733e-01  3.549791336059570e+00  -6.162858335301280e-05  -2.187546851928346e-05  -8.818081550998613e-05
  1.705000042915344e+00  1.116261718750000e+03  6.280493164062500e+02  -9.025038719177246e+00  7.534687042236328e+01  -1.525865048170090e-01  4.347990989685059e+00  -6.157181633170694e-05  -2.084425977955107e-05  -9.044649777933955e-05
  1.710000038146973e+00  1.087182128906250e+03  6.161470336914062e+02  -8.010427474975586e+00  7.867549133300781e+01  -2.563792705535889e+00  3.187020063400269e+00  -6.091762770665810e-05  -1.942880226124544e-05  -9.217007755069062e-05
  1.715000033378601e+00  1.059652221679688e+03  6.039041748046875e+02  -9.651515007019043e+00  8.383078002929688e+01  -2.633652925491333e+00  4.121783256530762e+00  -6.043267057975754e-05  -1.830780456657521e-05  -9.433970262762159e-05
  1.720000028610229e+00  1.026225830078125e+03  5.893211059570312e+02  -8.194327354431152e+00  8.719124603271484e+01  -4.789907932281494e+00  2.739560365676880e+00  -5.947355384705588e-05  -1.674150007602293e-05  -9.586956730345264e-05
  1.725000023841858e+00  9.936386718750000e+02  5.737360229492188e+02  -1.070426559448242e+01  9.196112823486328e+01  -4.803689956665039e+00  4.063829898834229e+00  -5.862030593561940e-05  -1.557983523525763e-05  -9.782099368749186e-05
  1.730000019073486e+00  9.591958007812500e+02  5.570905151367188e+02  -1.232979393005371e+01  9.654401397705078e+01  -5.019322872161865e+00  5.415858268737793e+00  -5.751967910327949e-05  -1.437902483303333e-05  -9.975506691262126e-05
  1.735000014305115e+00  9.200126953125000e+02  5.385048217773438e+02  -1.045097923278809e+01  9.985473632812500e+01  -6.848669052124023e+00  3.857701539993286e+00  -5.615826739813201e-05  -1.264952970814193e-05  -1.009774496196769e-04
  1.740000009536743e+00  8.813312988281250e+02  5.187673950195312e+02  -1.278862380981445e+01  1.040719833374023e+02  -6.986608028411865e+00  5.509256839752197e+00  -5.472271732287481e-05  -1.142056316894013e-05  -1.026878017000854e-04
  1.745000004768372e+00  8.388976440429688e+02  4.976038513183594e+02  -1.091343116760254e+01  1.075000610351562e+02  -8.509047508239746e+00  3.743809461593628e+00  -5.314512600307353e-05  -9.606375897419639e-06  -1.036985631799325e-04
  1.750000000000000e+00  7.974925537109375e+02  4.757986145019531e+02  -1.211332893371582e+01  1.114153976440430e+02  -8.769303321838379e+00  5.368836402893066e+00  -5.137172411195934e-05  -8.326732313435059e-06  -1.052741790772416e-04
  1.754999995231628e+00  7.540671997070312e+02  4.523788757324219e+02  -1.416079711914062e+01  1.150853729248047e+02  -8.975258827209473e+00  7.210247039794922e+00  -4.941510633216240e-05  -7.069646926538553e-06  -1.067223711288534e-04
  1.759999990463257e+00  7.081284179687500e+02  4.278716430664062e+02  -1.211387443542480e+01  1.185560226440430e+02  -1.015663909912109e+01  5.209741115570068e+00  -4.756173439091071e-05  -5.197621703700861e-06  -1.074377432814799e-04
  1.764999985694885e+00  6.629438476562500e+02  4.027261352539062e+02  -1.311192512512207e+01  1.219188613891602e+02  -1.044273662567139e+01  6.936553955078125e+00  -4.531940430752002e-05  -3.930383627448464e-06  -1.087334821932018e-04
  1.769999980926514e+00  6.154671020507812e+02  3.762989807128906e+02  -1.114655876159668e+01  1.255307464599609e+02  -1.133777809143066e+01  4.750993728637695e+00  -4.331941090640612e-05  -2.065082526314654e-06  -1.092702368623577e-04
  1.774999976158142e+00  5.684539794921875e+02  3.490370483398438e+02  -1.269921016693115e+01  1.285487518310547e+02  -1.151986598968506e+01  6.544999599456787e+00  -4.085940236109309e-05  -8.535121764907672e-07  -1.103442191379145e-04
  1.779999971389771e+00  5.210847167968750e+02  3.212742004394531e+02  -1.345687580108643e+01  1.313370208740234e+02  -1.180100917816162e+01  8.213647842407227e+00  -3.822825237875804e-05  3.374973402969772e-07  -1.113574617193080e-04
  1.784999966621399e+00  4.727545471191406e+02  2.925977478027344e+02  -1.152624511718750e+01  1.349537353515625e+02  -1.236842823028564e+01  5.797519207000732e+00  -3.606229802244343e-05  2.116642690452863e-06  -1.116217681556009e-04
  1.789999961853027e+00  4.246826477050781e+02  2.633107910156250e+02  -1.271140766143799e+01  1.373758239746094e+02  -1.255622005462646e+01  7.429892539978027e+00  -3.326933074276894e-05  3.207468125765445e-06  -1.124311165767722e-04
  1.794999957084656e+00  3.765387268066406e+02  2.334786376953125e+02  -1.103115940093994e+01  1.410359344482422e+02  -1.285012054443359e+01  4.932271480560303e+00  -3.101650872849859e-05  4.876192178926431e-06  -1.125146372942254e-04
  1.799999952316284e+00  3.290955505371094e+02  2.035906982421875e+02  -1.140418052673340e+01  1.430702972412109e+02  -1.307281303405762e+01  6.264616012573242e+00  -2.806637712637894e-05  5.861934369022492e-06  -1.131724784499966e-04
  1.804999947547913e+00  2.814508972167969e+02  1.730842895507812e+02  -1.226604270935059e+01  1.448257141113281e+02  -1.325949573516846e+01  7.612483024597168e+00  -2.503396717656869e-05  6.764386853319593e-06  -1.137209837906994e-04
  1.809999942779541e+00  2.350027465820312e+02  1.423408355712891e+02  -1.067065525054932e+01  1.482931671142578e+02  -1.324871063232422e+01  4.957146644592285e+00  -2.270522054459434e-05  8.211425665649585e-06  -1.135530328610912e-04
  1.815000057220459e+00  1.888219146728516e+02  1.116998901367188e+02  -1.090945434570312e+01  1.495908813476562e+02  -1.345828151702881e+01  5.962760448455811e+00  -1.957737731572706e-05  8.966442692326382e-06  -1.139422674896196e-04
  1.820000052452087e+00  1.441168060302734e+02  8.072355651855469e+01  -9.518311500549316e+00  1.528910217285156e+02  -1.316448783874512e+01  3.337598085403442e+00  -1.720776890579145e-05  1.021950174617814e-05  -1.136074861278757e-04
  1.825000047683716e+00  9.937887573242188e+01  4.989214324951172e+01  -1.002351665496826e+01  1.536875915527344e+02  -1.334160137176514e+01  4.188355922698975e+00  -1.405600323778344e-05  1.079108369594906e-05  -1.138172592618503e-04
  1.830000042915344e+00  5.556270980834961e+01  1.924214363098145e+01  -1.022094345092773e+01  1.541412353515625e+02  -1.354912948608398e+01  4.812689781188965e+00  -1.085259555111406e-05  1.127343057305552e-05  -1.139395171776414e-04
  1.835000038146973e+00  1.446637725830078e+01  -1.135330486297607e+01  -8.886360168457031e+00  1.569290771484375e+02  -1.295748233795166e+01  2.159763336181641e+00  -8.496041118633002e-06  1.221844377141679e-05  -1.133508922066540e-04
  1.840000033378601e+00  -2.729708480834961e+01  -4.168638229370117e+01  -9.269794464111328e+00  1.568045959472656e+02  -1.315509891510010e+01  2.615724325180054e+00  -5.333807166607585e-06  1.250489731319249e-05  -1.133008117903955e-04
  1.845000028610229e+00  -6.561761474609375e+01  -7.169052124023438e+01  -8.032898902893066e+00  1.591679382324219e+02  -1.230277729034424e+01  1.149238795042038e-01  -2.993504267578828e-06  1.322415209870087e-05  -1.125272101489827e-04
  1.850000023841858e+00  -1.047426452636719e+02  -1.012404479980469e+02  -8.212265968322754e+00  1.583742523193359e+02  -1.248766899108887e+01  2.556268870830536e-01  1.189445200111550e-07  1.332156807620777e-05  -1.122954781749286e-04
  1.855000019073486e+00  -1.429837493896484e+02  -1.305176544189453e+02  -8.601346015930176e+00  1.572155151367188e+02  -1.271216678619385e+01  3.359560668468475e-01  3.183356511726743e-06  1.332646570517682e-05  -1.119715743698180e-04
  1.860000014305115e+00  -1.766808013916016e+02  -1.590560150146484e+02  -7.300071716308594e+00  1.587211761474609e+02  -1.157210159301758e+01  -2.044964075088501e+00  5.403598152042832e-06  1.372909900965169e-05  -1.109175791498274e-04
  1.865000009536743e+00  -2.121616210937500e+02  -1.872944641113281e+02  -7.676218986511230e+00  1.568176879882812e+02  -1.177272319793701e+01  -2.227457046508789e+00  8.349433301191311e-06  1.356335178570589e-05  -1.103900722227991e-04
  1.870000004768372e+00  -2.427339630126953e+02  -2.146401367187500e+02  -6.440290927886963e+00  1.576499176025391e+02  -1.035669422149658e+01  -4.356494426727295e+00  1.047393197950441e-05  1.375041847495595e-05  -1.091238154913299e-04
  1.875000000000000e+00  -2.756035766601562e+02  -2.416748199462891e+02  -6.765046596527100e+00  1.550105133056641e+02  -1.060452461242676e+01  -4.641450881958008e+00  1.322958723903866e-05  1.344257907476276e-05  -1.084067262127064e-04
  1.879999995231628e+00  -3.074206237792969e+02  -2.682501525878906e+02  -7.431477546691895e+00  1.519235229492188e+02  -1.081588935852051e+01  -5.076122760772705e+00  1.590075407875702e-05  1.306971080339281e-05  -1.075574837159365e-04
  1.884999990463257e+00  -3.333059082031250e+02  -2.933796997070312e+02  -6.031276226043701e+00  1.516322479248047e+02  -9.141971588134766e+00  -6.949508190155029e+00  1.777067882358097e-05  1.300874828302767e-05  -1.059600108419545e-04
  1.889999985694885e+00  -3.626016235351562e+02  -3.185279846191406e+02  -6.559327602386475e+00  1.477772521972656e+02  -9.398958206176758e+00  -7.443421363830566e+00  2.018696432060096e-05  1.254501694347709e-05  -1.049038983182982e-04
  1.894999980926514e+00  -3.854797363281250e+02  -3.419795837402344e+02  -5.043906688690186e+00  1.466718902587891e+02  -7.530754566192627e+00  -9.017876625061035e+00  2.186540768889245e-05  1.233751936524641e-05  -1.030663261190057e-04
  1.899999976158142e+00  -4.125071716308594e+02  -3.658302917480469e+02  -5.968961715698242e+00  1.419775543212891e+02  -7.702258110046387e+00  -9.591760635375977e+00  2.400957237114199e-05  1.180962590296986e-05  -1.017378381220624e-04
  1.904999971389771e+00  -4.385863647460938e+02  -3.889360961914062e+02  -6.763337135314941e+00  1.369032897949219e+02  -7.942432880401611e+00  -1.020812606811523e+01  2.599031722638756e-05  1.128417898144107e-05  -1.003065626719035e-04
  1.909999966621399e+00  -4.574062500000000e+02  -4.097249450683594e+02  -5.010033130645752e+00  1.345692749023438e+02  -5.886641979217529e+00  -1.143303966522217e+01  2.726703678490594e-05  1.095156767405570e-05  -9.808508184505627e-05
  1.914999961853027e+00  -4.815827026367188e+02  -4.315053710937500e+02  -6.310057163238525e+00  1.286802062988281e+02  -6.027367591857910e+00  -1.205542755126953e+01  2.891879557864740e-05  1.043070187733974e-05  -9.635559399612248e-05
  1.919999957084656e+00  -4.980362548828125e+02  -4.504794921875000e+02  -4.582898139953613e+00  1.255019226074219e+02  -3.825595617294312e+00  -1.294286823272705e+01  2.989701533806510e-05  1.002959015750093e-05  -9.385601151734591e-05
  1.924999952316284e+00  -5.202301635742188e+02  -4.704785461425781e+02  -5.392101764678955e+00  1.189025268554688e+02  -4.028546810150146e+00  -1.354770946502686e+01  3.117751839454286e-05  9.577388482284732e-06  -9.188269905280322e-05
  1.929999947547913e+00  -5.420332641601562e+02  -4.901385803222656e+02  -7.051332473754883e+00  1.119023971557617e+02  -4.108007907867432e+00  -1.414807128906250e+01  3.226742410333827e-05  9.170975317829289e-06  -8.972469368018210e-05
  1.934999942779541e+00  -5.553795166015625e+02  -5.062451782226562e+02  -5.090402126312256e+00  1.075813064575195e+02  -1.834376215934753e+00  -1.464073944091797e+01  3.271371315349825e-05  8.784614692558534e-06  -8.680565224494785e-05
  1.940000057220459e+00  -5.754807128906250e+02  -5.240781860351562e+02  -6.167056083679199e+00  9.994910430908203e+01  -1.958806037902832e+00  -1.520412826538086e+01  3.340098919579759e-05  8.510713087162003e-06  -8.438986697001383e-05
  1.945000052452087e+00  -5.869909667968750e+02  -5.381625366210938e+02  -4.095302104949951e+00  9.490116119384766e+01  3.198107481002808e-01  -1.538980865478516e+01  3.347460005898029e-05  8.150508620019536e-06  -8.120453276205808e-05
  1.950000047683716e+00  -6.061240844726562e+02  -5.547766113281250e+02  -5.958166599273682e+00  8.664265441894531e+01  3.221001327037811e-01  -1.582057952880859e+01  3.374633524799719e-05  8.023523150768597e-06  -7.844481297070161e-05
  1.955000042915344e+00  -6.245073242187500e+02  -5.704384765625000e+02  -7.261010646820068e+00  7.813775634765625e+01  3.030512332916260e-01  -1.630416679382324e+01  3.381192436791025e-05  8.017455911613069e-06  -7.557847857242450e-05
  1.960000038146973e+00  -6.337691650390625e+02  -5.815720825195312e+02  -5.015921115875244e+00  7.219947814941406e+01  2.515948057174683e+00  -1.609922027587891e+01  3.327825470478274e-05  7.790030394971836e-06  -7.198213279480115e-05
  1.965000033378601e+00  -6.513887329101562e+02  -5.960050659179688e+02  -7.100102901458740e+00  6.320422744750977e+01  2.610333442687988e+00  -1.642514991760254e+01  3.292302790214308e-05  7.978398571140133e-06  -6.878121348563582e-05
  1.970000028610229e+00  -6.594210205078125e+02  -6.051981811523438e+02  -5.007588863372803e+00  5.673600387573242e+01  4.748095512390137e+00  -1.592069244384766e+01  3.197812111466192e-05  7.836968507035635e-06  -6.492780084954575e-05
  1.975000023841858e+00  -6.756192626953125e+02  -6.176226806640625e+02  -6.192463397979736e+00  4.740326690673828e+01  4.779097557067871e+00  -1.623550987243652e+01  3.122226189589128e-05  8.259703463409096e-06  -6.149865657789633e-05
  1.980000019073486e+00  -6.918101806640625e+02  -6.298222045898438e+02  -8.401435852050781e+00  3.788579940795898e+01  4.970966815948486e+00  -1.645547294616699e+01  3.026115518878214e-05  8.811620318738278e-06  -5.788455746369436e-05
  1.985000014305115e+00  -6.980621948242188e+02  -6.360076904296875e+02  -6.216705799102783e+00  3.088863372802734e+01  6.906596660614014e+00  -1.560660266876221e+01  2.871682409022469e-05  8.873563274391927e-06  -5.368550046114251e-05
  1.990000009536743e+00  -7.128074340820312e+02  -6.461639404296875e+02  -7.504007816314697e+00  2.118058967590332e+01  7.038342952728271e+00  -1.583305263519287e+01  2.738632610999048e-05  9.669861356087495e-06  -4.986866770195775e-05
  1.995000004768372e+00  -7.179100952148438e+02  -6.502775268554688e+02  -5.369184017181396e+00  1.391182994842529e+01  8.799551963806152e+00  -1.475091934204102e+01  2.546779796830378e-05  9.859064448392019e-06  -4.550119410851039e-05
  2.000000000000000e+00  -7.319564819335938e+02  -6.591676635742188e+02  -7.508432388305664e+00  4.085029125213623e+00  8.987556457519531e+00  -1.480949974060059e+01  2.377659257035702e-05  1.087757300410885e-05  -4.141386671108194e-05
