TITLE = "Temporal Signal for receiver number 00007"
VARIABLES = "Time","s_xx","s_yy","s_zz","s_xy","s_yz","s_xz","v1","v2","v3"
# x1       5.770000000000e+02
# x2       3.840000000000e+02
# x3       -1.000000000000e-01
  0.000000000000000e+00  -5.213710707607788e-08  1.331307980523277e-10  5.266970148909422e-08  0.000000000000000e+00  0.000000000000000e+00  5.714037598636423e-08  1.858207632210451e-08  0.000000000000000e+00  -2.736202908693031e-08
  4.999999888241291e-03  7.555950927734375e+02  2.644861755371094e+02  8.194314575195312e+01  3.996835327148438e+02  3.941434936523438e+02  1.317444152832031e+02  -1.054595850291662e-04  -2.097821561619639e-05  -8.404064283240587e-05
  9.999999776482582e-03  1.341372436523438e+03  3.463206787109375e+02  -1.551416301727295e+01  7.175668334960938e+02  7.334666137695312e+02  2.364174652099609e+02  -1.898370974231511e-04  -3.014311914739665e-05  -1.595437643118203e-04
  1.499999966472387e-02  1.963330932617188e+03  1.301912536621094e+02  -4.887855224609375e+02  1.170038452148438e+03  1.213799072265625e+03  3.551429443359375e+02  -3.058028814848512e-04  -3.164884401485324e-05  -2.832190075423568e-04
  1.999999955296516e-02  2.243287109375000e+03  -3.494981002807617e+01  -8.038750000000000e+02  1.311581298828125e+03  1.360175048828125e+03  3.768463745117188e+02  -3.493890690151602e-04  -3.240180740249343e-05  -3.312583430670202e-04
  2.500000037252903e-02  2.665989501953125e+03  -2.271251983642578e+02  -1.036839233398438e+03  1.524101562500000e+03  1.394129272460938e+03  2.807120971679688e+02  -4.119416989851743e-04  -4.969518340658396e-05  -3.628028207458556e-04
  2.999999932944775e-02  2.954862792968750e+03  -2.637965698242188e+02  -1.160901123046875e+03  1.577507812500000e+03  1.330743530273438e+03  1.935286407470703e+02  -4.371436953078955e-04  -6.461248267441988e-05  -3.633296873886138e-04
  3.500000014901161e-02  3.261341308593750e+03  -2.301959991455078e+02  -1.197747680664062e+03  1.613747924804688e+03  1.209215698242188e+03  6.994062805175781e+01  -4.582646361086518e-04  -8.490200707456097e-05  -3.481583844404668e-04
  3.999999910593033e-02  3.701324218750000e+03  -5.245063400268555e+01  -8.871626586914062e+02  1.663914916992188e+03  8.624286499023438e+02  -1.760118255615234e+02  -4.760167212225497e-04  -1.244339073309675e-04  -2.800817310344428e-04
  4.500000178813934e-02  3.993213134765625e+03  1.209900512695312e+02  -7.289278564453125e+02  1.664219848632812e+03  6.496458740234375e+02  -3.436983947753906e+02  -4.826503864023834e-04  -1.491381990490481e-04  -2.380354271735996e-04
  5.000000074505806e-02  4.197209472656250e+03  2.875915832519531e+02  -4.462682800292969e+02  1.622391723632812e+03  2.961970520019531e+02  -5.170554199218750e+02  -4.565626149997115e-04  -1.703880116110668e-04  -1.635271182749420e-04
  5.499999970197678e-02  4.365285156250000e+03  4.728276062011719e+02  -2.580715026855469e+02  1.596547607421875e+03  9.354042816162109e+01  -6.612282104492188e+02  -4.450021369848400e-04  -1.880366326076910e-04  -1.184960492537357e-04
  5.999999865889549e-02  4.482692871093750e+03  6.533325195312500e+02  -6.251304626464844e+01  1.567257080078125e+03  -9.560763549804688e+01  -7.938562011718750e+02  -4.277383268345147e-04  -2.029860188486055e-04  -7.489241397706792e-05
  6.499999761581421e-02  4.248599121093750e+03  6.071733398437500e+02  -4.344242095947266e+01  1.432524414062500e+03  -2.741891479492188e+02  -7.731392822265625e+02  -3.457686107140034e-04  -1.859682524809614e-04  -3.075335189350881e-05
  7.000000029802322e-02  4.190288574218750e+03  6.983432617187500e+02  6.642633056640625e+01  1.382143920898438e+03  -3.850032958984375e+02  -8.293394165039062e+02  -3.099488676525652e-04  -1.885060191852972e-04  -8.372130650968757e-07
  7.500000298023224e-02  3.731957275390625e+03  5.196384887695312e+02  -5.064915847778320e+01  1.199956420898438e+03  -4.212090454101562e+02  -6.807113647460938e+02  -2.018561644945294e-04  -1.517952914582565e-04  2.209944614151027e-05
  7.999999821186066e-02  3.533957275390625e+03  5.201064453125000e+02  -1.944985961914062e+01  1.133565551757812e+03  -4.558297729492188e+02  -6.595291748046875e+02  -1.529167202534154e-04  -1.445690868422389e-04  3.851687506539747e-05
  8.500000089406967e-02  3.288328369140625e+03  4.840335083007812e+02  -1.513905906677246e+01  1.062579467773438e+03  -4.639024963378906e+02  -6.079608154296875e+02  -9.990361286327243e-05  -1.340960734523833e-04  4.937279300065711e-05
  9.000000357627869e-02  2.715515136718750e+03  2.446827545166016e+02  -1.436010131835938e+02  8.543673706054688e+02  -3.859955749511719e+02  -3.705201110839844e+02  1.515515759820119e-05  -9.107653022510931e-05  5.825567131978460e-05
  9.499999880790710e-02  2.405528320312500e+03  1.531694488525391e+02  -1.690026550292969e+02  7.742537231445312e+02  -3.494270019531250e+02  -2.640969543457031e+02  7.077684131218120e-05  -7.639504474354908e-05  6.124205538071692e-05
  1.000000014901161e-01  1.885650146484375e+03  -3.113470840454102e+01  -2.042991180419922e+02  5.763535156250000e+02  -2.633840332031250e+02  -5.005400466918945e+01  1.670338242547587e-04  -4.334541517891921e-05  7.062081567710266e-05
  1.049999967217445e-01  1.571594116210938e+03  -1.387633666992188e+02  -2.143971099853516e+02  4.941434631347656e+02  -2.094342041015625e+02  7.957521820068359e+01  2.178697031922638e-04  -2.852324359992053e-05  7.028863910818473e-05
  1.099999994039536e-01  1.247788330078125e+03  -2.627850952148438e+02  -2.310906829833984e+02  4.106036987304688e+02  -1.507919616699219e+02  2.236388702392578e+02  2.667316584847867e-04  -1.271541350433836e-05  6.954284617677331e-05
  1.150000020861626e-01  8.529052124023438e+02  -3.553914489746094e+02  -1.526195220947266e+02  2.465406951904297e+02  -9.916693115234375e+01  3.607747192382812e+02  3.242304956074804e-04  3.521220605762210e-06  8.118366531562060e-05
  1.199999973177910e-01  5.745377197265625e+02  -4.609551391601562e+02  -1.279246139526367e+02  1.696895904541016e+02  -5.055267715454102e+01  4.923045959472656e+02  3.612336295191199e-04  1.665850504650734e-05  8.201956370612606e-05
  1.250000000000000e-01  2.828303527832031e+02  -4.870655822753906e+02  -1.101476860046387e+01  4.472552490234375e+01  -3.913411331176758e+01  5.433326416015625e+02  3.852158843073994e-04  2.034357385127805e-05  9.277446952182800e-05
  1.299999952316284e-01  5.454396438598633e+01  -5.723395996093750e+02  3.741738510131836e+01  -2.144525909423828e+01  -7.791055679321289e+00  6.490181274414062e+02  4.084898973815143e-04  3.051305429835338e-05  9.636663162382320e-05
  1.350000053644180e-01  -1.496026611328125e+02  -6.465244140625000e+02  1.045250320434570e+02  -8.531315612792969e+01  1.662812805175781e+01  7.449757080078125e+02  4.278860287740827e-04  4.037890175823122e-05  1.016328533296473e-04
  1.400000005960464e-01  -3.242677307128906e+02  -6.185855712890625e+02  2.110998382568359e+02  -1.622261199951172e+02  -1.216553688049316e+01  6.962443847656250e+02  4.155702481511980e-04  3.424034730414860e-05  1.081619120668620e-04
  1.449999958276749e-01  -4.732465820312500e+02  -6.683672485351562e+02  2.874008789062500e+02  -2.138690948486328e+02  -4.695185184478760e+00  7.542943115234375e+02  4.229825572110713e-04  4.159012678428553e-05  1.148722949437797e-04
  1.500000059604645e-01  -5.891180419921875e+02  -6.286923828125000e+02  3.429663696289062e+02  -2.600415344238281e+02  -4.316267013549805e+01  6.565758056640625e+02  3.935822460334748e-04  3.316668880870566e-05  1.146482536569238e-04
  1.550000011920929e-01  -6.953552246093750e+02  -6.624416503906250e+02  4.079875183105469e+02  -2.997507019042969e+02  -4.858099746704102e+01  6.812644653320312e+02  3.915317938663065e-04  3.923756958101876e-05  1.214208969031461e-04
  1.599999964237213e-01  -7.786461791992188e+02  -6.843556518554688e+02  4.785322570800781e+02  -3.373137817382812e+02  -5.820000457763672e+01  6.910536499023438e+02  3.868079802487046e-04  4.460694253793918e-05  1.283420424442738e-04
  1.650000065565109e-01  -8.337654418945312e+02  -6.430494995117188e+02  4.579075622558594e+02  -3.539003906250000e+02  -9.461513519287109e+01  5.575848999023438e+02  3.452413657214493e-04  3.694486804306507e-05  1.209604379255325e-04
  1.700000017881393e-01  -8.924503784179688e+02  -6.609202880859375e+02  4.935542297363281e+02  -3.810533142089844e+02  -1.094505691528320e+02  5.444979858398438e+02  3.342622076161206e-04  4.189322135061957e-05  1.263308950001374e-04
  1.749999970197678e-01  -9.118914184570312e+02  -6.229599609375000e+02  4.370180664062500e+02  -3.835555114746094e+02  -1.329185638427734e+02  4.172657470703125e+02  2.917380188591778e-04  3.704971095430665e-05  1.165900612249970e-04
  1.800000071525574e-01  -9.422974243164062e+02  -6.329028320312500e+02  4.491993713378906e+02  -4.024548645019531e+02  -1.465234069824219e+02  3.859554748535156e+02  2.775277534965426e-04  4.167070801486261e-05  1.192991257994436e-04
  1.850000023841858e-01  -9.696692504882812e+02  -6.443425903320312e+02  4.426201171875000e+02  -4.178937683105469e+02  -1.616180877685547e+02  3.488560180664062e+02  2.611163654364645e-04  4.603110210155137e-05  1.213255454786122e-04
  1.899999976158142e-01  -9.428001098632812e+02  -6.045679321289062e+02  3.643899841308594e+02  -4.053342285156250e+02  -1.675684814453125e+02  2.401155700683594e+02  2.207120996899903e-04  4.447155879461206e-05  1.112767859012820e-04
  1.949999928474426e-01  -9.492959594726562e+02  -6.119833984375000e+02  3.373332519531250e+02  -4.126327819824219e+02  -1.775608978271484e+02  1.944482879638672e+02  2.030552859650925e-04  4.874675869359635e-05  1.108666110667400e-04
  2.000000029802322e-01  -8.883761596679688e+02  -5.671299438476562e+02  2.771182250976562e+02  -3.929794311523438e+02  -1.720330352783203e+02  1.140532684326172e+02  1.677653199294582e-04  4.953790266881697e-05  1.037138208630495e-04
  2.049999982118607e-01  -8.832418212890625e+02  -5.747670288085938e+02  2.325963897705078e+02  -3.919747009277344e+02  -1.768704376220703e+02  6.771243286132812e+01  1.493012969149277e-04  5.374942338676192e-05  1.019400733639486e-04
  2.099999934434891e-01  -8.715620727539062e+02  -5.817943725585938e+02  1.789032287597656e+02  -3.874606628417969e+02  -1.797467651367188e+02  1.662965965270996e+01  1.304245961364359e-04  5.763633089372888e-05  9.898885764414445e-05
  2.150000035762787e-01  -7.744268188476562e+02  -5.314352416992188e+02  1.480691223144531e+02  -3.580901489257812e+02  -1.632119445800781e+02  -3.195503807067871e+01  1.022095020744018e-04  5.996028994559310e-05  9.512924589216709e-05
  2.199999988079071e-01  -7.520091552734375e+02  -5.368733520507812e+02  9.222766876220703e+01  -3.461566162109375e+02  -1.605001678466797e+02  -8.027993011474609e+01  8.399570651818067e-05  6.346216105157509e-05  9.152494021691382e-05
  2.249999940395355e-01  -6.390593872070312e+02  -4.872401428222656e+02  8.812266540527344e+01  -3.133825378417969e+02  -1.408244781494141e+02  -1.041995620727539e+02  6.231668521650136e-05  6.616437167394906e-05  9.026379848364741e-05
  2.300000041723251e-01  -6.077520141601562e+02  -4.917968750000000e+02  3.394721221923828e+01  -2.947334289550781e+02  -1.347556610107422e+02  -1.495628967285156e+02  4.571239333017729e-05  6.921793828951195e-05  8.685509965289384e-05
  2.349999994039536e-01  -5.736546020507812e+02  -4.947775878906250e+02  -1.918782997131348e+01  -2.735411376953125e+02  -1.262489318847656e+02  -1.950959625244141e+02  2.911525189119857e-05  7.171206380007789e-05  8.284105570055544e-05
  2.399999946355820e-01  -4.550690612792969e+02  -4.502601013183594e+02  1.598348736763000e+00  -2.367461242675781e+02  -1.061339263916016e+02  -1.939093627929688e+02  1.525748757558176e-05  7.372434629360214e-05  8.406306005781516e-05
  2.450000047683716e-01  -4.167055053710938e+02  -4.514996643066406e+02  -4.266606140136719e+01  -2.106928100585938e+02  -9.685890197753906e+01  -2.339829254150391e+02  6.824629394941439e-07  7.556539640063420e-05  8.085745503194630e-05
  2.500000000000000e-01  -3.075804443359375e+02  -4.160331420898438e+02  -1.515470790863037e+01  -1.746664886474609e+02  -7.983322906494141e+01  -2.180333709716797e+02  -8.083180546236690e-06  7.665110024390742e-05  8.288311801152304e-05
  2.549999952316284e-01  -2.676481018066406e+02  -4.136583251953125e+02  -4.640703964233398e+01  -1.460623168945312e+02  -6.976760101318359e+01  -2.514017181396484e+02  -2.072374991257675e-05  7.743126479908824e-05  7.997116335900500e-05
  2.599999904632568e-01  -2.259541015625000e+02  -4.084612426757812e+02  -7.247711181640625e+01  -1.156110076904297e+02  -6.021407699584961e+01  -2.832292480468750e+02  -3.296770591987297e-05  7.791772077325732e-05  7.718249980825931e-05
  2.649999856948853e-01  -1.348131408691406e+02  -3.814974365234375e+02  -3.956872177124023e+01  -8.180074310302734e+01  -4.835160064697266e+01  -2.518745574951172e+02  -3.657034176285379e-05  7.747667405055836e-05  7.943093805806711e-05
  2.700000107288361e-01  -9.351600646972656e+01  -3.712503356933594e+02  -5.228918838500977e+01  -5.088965988159180e+01  -3.941540908813477e+01  -2.762341308593750e+02  -4.696274481830187e-05  7.695052045164630e-05  7.650022598681971e-05
  2.750000059604645e-01  -2.131084060668945e+01  -3.522267456054688e+02  -2.653846549987793e+01  -2.092282867431641e+01  -3.145956993103027e+01  -2.392063446044922e+02  -4.827374141314067e-05  7.563544932054356e-05  7.759573054499924e-05
  2.800000011920929e-01  1.810303878784180e+01  -3.371282653808594e+02  -2.891410827636719e+01  9.709579467773438e+00  -2.459968757629395e+01  -2.562246398925781e+02  -5.711757694371045e-05  7.445700612151995e-05  7.437531166942790e-05
  2.849999964237213e-01  5.954999923706055e+01  -3.177128906250000e+02  -2.514092826843262e+01  4.013675689697266e+01  -1.734069633483887e+01  -2.705518798828125e+02  -6.530885002575815e-05  7.282784645212814e-05  7.076113979564980e-05
  2.899999916553497e-01  1.105948562622070e+02  -3.031452026367188e+02  -5.467455863952637e+00  6.396088790893555e+01  -1.341072273254395e+01  -2.275564117431641e+02  -6.435097748180851e-05  7.065619865898043e-05  6.940907769603655e-05
  2.949999868869781e-01  1.482057037353516e+02  -2.805015563964844e+02  2.324438333511353e+00  9.238612365722656e+01  -7.698359489440918e+00  -2.345828704833984e+02  -7.109752186806872e-05  6.857835978735238e-05  6.523539195768535e-05
  3.000000119209290e-01  1.832874298095703e+02  -2.700794372558594e+02  1.155441284179688e+01  1.110869064331055e+02  -5.607866764068604e+00  -1.930010833740234e+02  -6.949173257453367e-05  6.618120096391067e-05  6.170919368742034e-05
  3.050000071525574e-01  2.197804565429688e+02  -2.427802734375000e+02  2.417882919311523e+01  1.362341918945312e+02  -1.108878552913666e-01  -1.947499542236328e+02  -7.453267608070746e-05  6.365053559420630e-05  5.657218935084529e-05
  3.100000023841858e-01  2.531818237304688e+02  -2.159361572265625e+02  3.341053390502930e+01  1.603730773925781e+02  4.963274002075195e+00  -1.923716125488281e+02  -7.899926276877522e-05  6.100732207414694e-05  5.180019797990099e-05
  3.149999976158142e-01  2.718650817871094e+02  -2.080373687744141e+02  3.285891342163086e+01  1.715781250000000e+02  5.154139518737793e+00  -1.529005737304688e+02  -7.607862062286586e-05  5.854906339664012e-05  4.614980571204796e-05
  3.199999928474426e-01  3.031888122558594e+02  -1.783948974609375e+02  4.358175659179688e+01  1.914358215332031e+02  1.011399650573730e+01  -1.466158905029297e+02  -7.874513539718464e-05  5.565205356106162e-05  4.102007369510829e-05
  3.249999880790710e-01  3.123581237792969e+02  -1.711857299804688e+02  3.826078796386719e+01  1.980094451904297e+02  8.837931632995605e+00  -1.134981307983398e+02  -7.535106851719320e-05  5.332454384188168e-05  3.470292722340673e-05
  3.300000131130219e-01  3.341782226562500e+02  -1.456840667724609e+02  3.879097366333008e+01  2.137002105712891e+02  1.267064571380615e+01  -1.024416961669922e+02  -7.662129792151973e-05  5.043152850703336e-05  3.047913560294546e-05
  3.350000083446503e-01  3.354653015136719e+02  -1.384573364257812e+02  3.061747169494629e+01  2.162752532958984e+02  9.818412780761719e+00  -7.623039245605469e+01  -7.277960685314611e-05  4.820033063879237e-05  2.463433884258848e-05
  3.400000035762787e-01  3.547373657226562e+02  -1.114884719848633e+02  3.297119903564453e+01  2.273636627197266e+02  1.292878818511963e+01  -6.359235763549805e+01  -7.234967779368162e-05  4.523702955339104e-05  2.098965160257649e-05
  3.449999988079071e-01  3.683984069824219e+02  -8.807143402099609e+01  2.867447090148926e+01  2.367308349609375e+02  1.497821521759033e+01  -4.762993240356445e+01  -7.130248559406027e-05  4.236907625454478e-05  1.824718674470205e-05
  3.499999940395355e-01  3.599010009765625e+02  -8.111873626708984e+01  1.829874992370605e+01  2.337521514892578e+02  9.727185249328613e+00  -2.899982261657715e+01  -6.652158481301740e-05  4.023200744995847e-05  1.424009224137990e-05
  3.549999892711639e-01  3.707151489257812e+02  -5.703852081298828e+01  1.702289009094238e+01  2.386647338867188e+02  1.063066101074219e+01  -1.259919834136963e+01  -6.407467299140990e-05  3.738136729225516e-05  1.223263188876444e-05
  3.600000143051147e-01  3.583869934082031e+02  -4.808781814575195e+01  8.772083282470703e+00  2.334253845214844e+02  4.000068187713623e+00  -8.064917325973511e-01  -5.919588147662580e-05  3.526043292367831e-05  9.737525942909997e-06
  3.650000095367432e-01  3.618864135742188e+02  -2.784281730651855e+01  3.022808790206909e+00  2.346545257568359e+02  2.978926897048950e+00  1.694239234924316e+01  -5.589398642769083e-05  3.260223093093373e-05  8.756834176892880e-06
  3.700000047683716e-01  3.659788818359375e+02  -6.305253028869629e+00  2.032660484313965e+00  2.338162841796875e+02  1.525280833244324e+00  3.523683547973633e+01  -5.192068420001306e-05  2.998000127263367e-05  7.628964795003412e-06
  3.750000000000000e-01  3.494499816894531e+02  4.241814613342285e+00  -3.595704317092896e+00  2.252275848388672e+02  -6.219542980194092e+00  4.011206054687500e+01  -4.706954496214166e-05  2.787364974210504e-05  6.539223250001669e-06
  3.799999952316284e-01  3.494949645996094e+02  2.366123962402344e+01  -4.938438892364502e+00  2.211292877197266e+02  -9.078610420227051e+00  5.841326522827148e+01  -4.260456262272783e-05  2.545583083701786e-05  5.526241238840157e-06
  3.849999904632568e-01  3.331734313964844e+02  3.667804718017578e+01  -7.725906848907471e+00  2.114713134765625e+02  -1.624023246765137e+01  5.865393829345703e+01  -3.829662819043733e-05  2.327370748389512e-05  4.680339770857245e-06
  3.899999856948853e-01  3.332112426757812e+02  5.634104156494141e+01  -4.815565109252930e+00  2.041379547119141e+02  -1.942697334289551e+01  7.572846984863281e+01  -3.350661063450389e-05  2.097939614031930e-05  3.013499735970981e-06
  3.950000107288361e-01  3.326087646484375e+02  7.529162597656250e+01  -1.088671088218689e+00  1.952846221923828e+02  -2.297093963623047e+01  9.310138702392578e+01  -2.847711039066780e-05  1.879944284155499e-05  9.280988138016255e-07
  4.000000059604645e-01  3.183900451660156e+02  9.023287963867188e+01  -1.082263708114624e+00  1.835391998291016e+02  -2.850872993469238e+01  8.841597747802734e+01  -2.511302591301501e-05  1.655803316680249e-05  -8.737188181839883e-07
  4.050000011920929e-01  3.191338806152344e+02  1.090151824951172e+02  5.230887413024902e+00  1.719801483154297e+02  -3.172786712646484e+01  1.039551467895508e+02  -2.014341225731187e-05  1.450887521059485e-05  -3.951049620809499e-06
  4.099999964237213e-01  3.076124877929688e+02  1.247750625610352e+02  5.420715332031250e+00  1.595334625244141e+02  -3.522567367553711e+01  9.665501403808594e+01  -1.764357875799760e-05  1.216171767737251e-05  -6.853852482890943e-06
  4.149999916553497e-01  3.107693786621094e+02  1.436044616699219e+02  1.355556869506836e+01  1.456232299804688e+02  -3.763210296630859e+01  1.101254501342773e+02  -1.291192802455043e-05  1.016277383314446e-05  -1.090643218049081e-05
  4.199999868869781e-01  3.142640991210938e+02  1.614945220947266e+02  2.139679527282715e+01  1.305354766845703e+02  -3.997008132934570e+01  1.227265243530273e+02  -8.157146112353075e-06  8.295458428619895e-06  -1.527493259345647e-05
  4.250000119209290e-01  3.081918029785156e+02  1.775014801025391e+02  2.146908760070801e+01  1.166377410888672e+02  -4.071398544311523e+01  1.118387222290039e+02  -6.798150934628211e-06  5.804029115097364e-06  -1.972327845578548e-05
  4.300000071525574e-01  3.149284362792969e+02  1.953415527343750e+02  2.970030593872070e+01  9.968014526367188e+01  -4.177889633178711e+01  1.215966186523438e+02  -2.415687276879908e-06  3.898127033608034e-06  -2.461330586811528e-05
  4.350000023841858e-01  3.119971923828125e+02  2.102253723144531e+02  2.803172683715820e+01  8.527824401855469e+01  -4.056828308105469e+01  1.093428955078125e+02  -1.654026050346147e-06  1.249651404577889e-06  -2.974433482449967e-05
  4.399999976158142e-01  3.216099548339844e+02  2.273537750244141e+02  3.522941589355469e+01  6.722976684570312e+01  -4.128321838378906e+01  1.159785614013672e+02  2.362224677199265e-06  -5.459627914206067e-07  -3.465198824414983e-05
  4.449999928474426e-01  3.319187927246094e+02  2.438777923583984e+02  4.152646636962891e+01  4.825991821289062e+01  -4.106990432739258e+01  1.210788726806641e+02  6.283096809056588e-06  -2.428879497529124e-06  -3.935906715923920e-05
  4.499999880790710e-01  3.338132629394531e+02  2.571910705566406e+02  3.741136169433594e+01  3.349039077758789e+01  -3.819360351562500e+01  1.062966613769531e+02  6.519635007862234e-06  -5.257449629425537e-06  -4.441082273842767e-05
  4.550000131130219e-01  3.465912475585938e+02  2.730101928710938e+02  4.219426727294922e+01  1.428609085083008e+01  -3.805249786376953e+01  1.080521621704102e+02  1.013330256682821e-05  -7.052912224025931e-06  -4.849116885452531e-05
  4.600000083446503e-01  3.507200927734375e+02  2.847208251953125e+02  3.661634445190430e+01  -1.993948221206665e-01  -3.457989501953125e+01  9.304701995849609e+01  1.047065597958863e-05  -9.978649359254632e-06  -5.289935870678164e-05
  4.650000035762787e-01  3.648206787109375e+02  2.994130554199219e+02  3.868406677246094e+01  -1.966275215148926e+01  -3.339833450317383e+01  9.183396911621094e+01  1.386803887726273e-05  -1.196855555463117e-05  -5.604039688478224e-05
  4.699999988079071e-01  3.792422485351562e+02  3.136821289062500e+02  4.038841247558594e+01  -3.883884429931641e+01  -3.283777618408203e+01  8.890929412841797e+01  1.716521546768490e-05  -1.381917900289409e-05  -5.866594801773317e-05
  4.749999940395355e-01  3.858869018554688e+02  3.237492065429688e+02  3.282662200927734e+01  -5.213532257080078e+01  -2.919919395446777e+01  7.326057434082031e+01  1.790214446373284e-05  -1.687759686319623e-05  -6.141091580502689e-05
  4.799999892711639e-01  4.000750732421875e+02  3.365836181640625e+02  3.146051216125488e+01  -7.083875274658203e+01  -2.789052391052246e+01  6.813705444335938e+01  2.107904401782434e-05  -1.893177250167355e-05  -6.295469938777387e-05
  4.850000143051147e-01  4.075279846191406e+02  3.455620117187500e+02  2.371794700622559e+01  -8.297695922851562e+01  -2.438990974426270e+01  5.371275329589844e+01  2.248210148536600e-05  -2.201762254117057e-05  -6.428487540688366e-05
  4.900000095367432e-01  4.216010131835938e+02  3.578504028320312e+02  2.143480110168457e+01  -1.001644210815430e+02  -2.395488929748535e+01  4.682882690429688e+01  2.564558417361695e-05  -2.399215554760303e-05  -6.486264464911073e-05
  4.950000047683716e-01  4.336184082031250e+02  3.684331359863281e+02  1.668588638305664e+01  -1.171409530639648e+02  -2.281595420837402e+01  3.929365539550781e+01  2.864107045752462e-05  -2.609823422972113e-05  -6.503439362859353e-05
  5.000000000000000e-01  4.414710693359375e+02  3.770045166015625e+02  9.689108848571777e+00  -1.268566360473633e+02  -1.975553131103516e+01  2.651096725463867e+01  3.087631557718851e-05  -2.918515019700862e-05  -6.452124944189563e-05
  5.049999952316284e-01  4.519151306152344e+02  3.867047119140625e+02  4.153567314147949e+00  -1.418837432861328e+02  -1.945145797729492e+01  1.840541076660156e+01  3.383915100130253e-05  -3.119543907814659e-05  -6.400291022146121e-05
  5.099999904632568e-01  4.598258056640625e+02  3.953849792480469e+02  -6.874165534973145e-01  -1.499044952392578e+02  -1.660700798034668e+01  7.666569232940674e+00  3.673220271593891e-05  -3.417992775212042e-05  -6.234346801647916e-05
  5.149999856948853e-01  4.666209716796875e+02  4.031030273437500e+02  -8.113526344299316e+00  -1.633444061279297e+02  -1.585586071014404e+01  2.476399540901184e-01  3.948826633859426e-05  -3.627105252235197e-05  -6.133591523393989e-05
  5.199999809265137e-01  4.714150085449219e+02  4.095117492675781e+02  -1.657913589477539e+01  -1.756937713623047e+02  -1.562334346771240e+01  -7.354433536529541e+00  4.208056270726956e-05  -3.823041333816946e-05  -6.023958485457115e-05
  5.249999761581421e-01  4.777937316894531e+02  4.182234497070312e+02  -1.787217521667480e+01  -1.808271636962891e+02  -1.296600341796875e+01  -1.519320297241211e+01  4.533833271125332e-05  -4.100913065485656e-05  -5.748400508309714e-05
  5.299999713897705e-01  4.781283874511719e+02  4.224789428710938e+02  -2.705998802185059e+01  -1.913388366699219e+02  -1.230094242095947e+01  -2.120965766906738e+01  4.752736640512012e-05  -4.294071914046071e-05  -5.621524542220868e-05
  5.350000262260437e-01  4.830372924804688e+02  4.307749023437500e+02  -2.528701019287109e+01  -1.946642761230469e+02  -9.645706176757812e+00  -2.711778831481934e+01  5.082155621494167e-05  -4.545856791082770e-05  -5.293498543323949e-05
  5.400000214576721e-01  4.795328063964844e+02  4.330358276367188e+02  -3.418439865112305e+01  -2.029190521240234e+02  -9.292657852172852e+00  -3.185939598083496e+01  5.256036820355803e-05  -4.713585803983733e-05  -5.155795952305198e-05
  5.450000166893005e-01  4.725385742187500e+02  4.331791687011719e+02  -4.402544403076172e+01  -2.102810974121094e+02  -8.507662773132324e+00  -3.570207595825195e+01  5.389693978941068e-05  -4.876592720393091e-05  -5.028831583331339e-05
  5.500000119209290e-01  4.735425415039062e+02  4.398031616210938e+02  -3.783529281616211e+01  -2.107445678710938e+02  -5.758329868316650e+00  -3.892539215087891e+01  5.657456131302752e-05  -5.082610368845053e-05  -4.671648639487103e-05
  5.550000071525574e-01  4.623551330566406e+02  4.373451232910156e+02  -4.680183410644531e+01  -2.158484649658203e+02  -5.075042724609375e+00  -4.138021850585938e+01  5.726319432142191e-05  -5.211430834606290e-05  -4.538810389931314e-05
  5.600000023841858e-01  4.597256164550781e+02  4.414555969238281e+02  -3.881660842895508e+01  -2.145803222656250e+02  -2.248070240020752e+00  -4.336757278442383e+01  5.927596794208512e-05  -5.378869900596328e-05  -4.185574289294891e-05
  5.649999976158142e-01  4.436663513183594e+02  4.361090698242188e+02  -4.581998062133789e+01  -2.176342468261719e+02  -1.148503661155701e+00  -4.397000122070312e+01  5.907573722652160e-05  -5.477529703057371e-05  -4.063848246005364e-05
  5.699999928474426e-01  4.252117309570312e+02  4.285814514160156e+02  -5.335498809814453e+01  -2.195076904296875e+02  -1.967554725706577e-02  -4.438310241699219e+01  5.855091876583174e-05  -5.554415838560089e-05  -3.935637505492195e-05
  5.749999880790710e-01  4.162195434570312e+02  4.279364624023438e+02  -4.275311660766602e+01  -2.155137481689453e+02  2.719419956207275e+00  -4.449751281738281e+01  5.919214163441211e-05  -5.659097951138392e-05  -3.608893166529015e-05
  5.799999833106995e-01  3.933684692382812e+02  4.172430419921875e+02  -4.781233978271484e+01  -2.153082733154297e+02  4.224978446960449e+00  -4.344049453735352e+01  5.773871816927567e-05  -5.699143730453216e-05  -3.491989991744049e-05
  5.849999785423279e-01  3.792236633300781e+02  4.120171203613281e+02  -3.764126968383789e+01  -2.096400146484375e+02  6.609153747558594e+00  -4.277678680419922e+01  5.734536534873769e-05  -5.759443956776522e-05  -3.206927067367360e-05
  5.899999737739563e-01  3.527507324218750e+02  3.976875610351562e+02  -4.123136520385742e+01  -2.073103485107422e+02  8.186557769775391e+00  -4.104147338867188e+01  5.510252958629280e-05  -5.755558231612667e-05  -3.086161086685024e-05
  5.950000286102295e-01  3.244788818359375e+02  3.816253967285156e+02  -4.381749343872070e+01  -2.038900299072266e+02  1.007221317291260e+01  -3.887812423706055e+01  5.248223897069693e-05  -5.733621947001666e-05  -2.970768946397584e-05
  6.000000238418579e-01  3.034869995117188e+02  3.697485961914062e+02  -3.392308044433594e+01  -1.956358489990234e+02  1.180479717254639e+01  -3.700383377075195e+01  5.055497240391560e-05  -5.731021883548237e-05  -2.747599319263827e-05
  6.050000190734863e-01  2.726228637695312e+02  3.501536560058594e+02  -3.517864227294922e+01  -1.901896972656250e+02  1.369997501373291e+01  -3.445449447631836e+01  4.725022517959587e-05  -5.667643563356251e-05  -2.630953713378403e-05
  6.100000143051147e-01  2.473945617675781e+02  3.337039489746094e+02  -2.698253440856934e+01  -1.803695678710938e+02  1.471663379669189e+01  -3.201694869995117e+01  4.429301043273881e-05  -5.627569407806732e-05  -2.468407910782844e-05
  6.150000095367432e-01  2.142994689941406e+02  3.107105102539062e+02  -2.727237701416016e+01  -1.729722290039062e+02  1.659902572631836e+01  -2.891377067565918e+01  4.032318247482181e-05  -5.527863322640769e-05  -2.367634260735940e-05
  6.200000047683716e-01  1.812114257812500e+02  2.864958496093750e+02  -2.678900527954102e+01  -1.645830688476562e+02  1.864700508117676e+01  -2.588838005065918e+01  3.618498521973379e-05  -5.411736128735356e-05  -2.257704363728408e-05
  6.250000000000000e-01  1.522871246337891e+02  2.646023864746094e+02  -2.048900985717773e+01  -1.524331512451172e+02  1.854893112182617e+01  -2.285335922241211e+01  3.193498559994623e-05  -5.320196578395553e-05  -2.165866135328542e-05
  6.299999952316284e-01  1.185803451538086e+02  2.375555572509766e+02  -1.995751762390137e+01  -1.422403564453125e+02  2.040629768371582e+01  -1.956117439270020e+01  2.730561936914455e-05  -5.173029057914391e-05  -2.072411371045746e-05
  6.349999904632568e-01  8.905046844482422e+01  2.133792114257812e+02  -1.504849720001221e+01  -1.287559204101562e+02  1.933872985839844e+01  -1.640231895446777e+01  2.223044975835364e-05  -5.048122329753824e-05  -2.028181370405946e-05
  6.399999856948853e-01  5.630813598632812e+01  1.843788146972656e+02  -1.468612670898438e+01  -1.169767913818359e+02  2.109842681884766e+01  -1.320360565185547e+01  1.723926834529266e-05  -4.877836909145117e-05  -1.937784691108391e-05
  6.449999809265137e-01  2.467306900024414e+01  1.547453613281250e+02  -1.422810363769531e+01  -1.043223876953125e+02  2.271873664855957e+01  -9.988780021667480e+00  1.215820975630777e-05  -4.692982111009769e-05  -1.848981992225163e-05
  6.499999761581421e-01  -2.678835630416870e+00  1.289761657714844e+02  -1.083757209777832e+01  -8.905506134033203e+01  2.051625061035156e+01  -7.130777359008789e+00  6.169660537125310e-06  -4.524414907791652e-05  -1.846659324655775e-05
  6.549999713897705e-01  -3.164726448059082e+01  9.855610656738281e+01  -1.120425128936768e+01  -7.511421966552734e+01  2.200811767578125e+01  -4.248547077178955e+00  8.365516919184302e-07  -4.323304528952576e-05  -1.753629112499766e-05
  6.600000262260437e-01  -5.513422393798828e+01  7.383704376220703e+01  -7.781420707702637e+00  -5.905014419555664e+01  1.914339065551758e+01  -1.724385142326355e+00  -5.690694251825335e-06  -4.122258178540505e-05  -1.767121284501627e-05
  6.650000214576721e-01  -8.032257080078125e+01  4.344023895263672e+01  -9.074102401733398e+00  -4.391331481933594e+01  2.003881835937500e+01  4.833339154720306e-01  -1.116819203161867e-05  -3.896703856298700e-05  -1.671905556577258e-05
  6.700000166893005e-01  -9.833243560791016e+01  2.110870742797852e+01  -4.880081653594971e+00  -2.732422256469727e+01  1.653484535217285e+01  2.511017322540283e+00  -1.803989289328456e-05  -3.657501656562090e-05  -1.686037103354465e-05
  6.750000119209290e-01  -1.190135269165039e+02  -8.418052673339844e+00  -7.625633716583252e+00  -1.146531772613525e+01  1.750070381164551e+01  4.017163276672363e+00  -2.362231680308469e-05  -3.422409645281732e-05  -1.569865889905486e-05
  6.800000071525574e-01  -1.364344787597656e+02  -3.663993453979492e+01  -9.630414962768555e+00  4.898991107940674e+00  1.789904594421387e+01  5.015928745269775e+00  -2.916353696491569e-05  -3.172136712237261e-05  -1.452053675166098e-05
  6.850000023841858e-01  -1.455804138183594e+02  -5.493108749389648e+01  -5.569603443145752e+00  2.177058792114258e+01  1.387582397460938e+01  5.935288906097412e+00  -3.614679735619575e-05  -2.882457738451194e-05  -1.440931464458117e-05
  6.899999976158142e-01  -1.576655731201172e+02  -8.107380676269531e+01  -9.186736106872559e+00  3.835668563842773e+01  1.441132450103760e+01  5.948708534240723e+00  -4.166051803622395e-05  -2.624257831485011e-05  -1.295161746384110e-05
  6.949999928474426e-01  -1.600012359619141e+02  -9.536441802978516e+01  -4.543146133422852e+00  5.480456542968750e+01  1.026300144195557e+01  6.628074645996094e+00  -4.845038347411901e-05  -2.294050318596419e-05  -1.258286465599667e-05
  6.999999880790710e-01  -1.654747619628906e+02  -1.178541183471680e+02  -7.398056030273438e+00  7.150147247314453e+01  1.007223320007324e+01  5.180581092834473e+00  -5.372630039346404e-05  -2.008736191783100e-05  -1.099328437703662e-05
  7.049999833106995e-01  -1.681741485595703e+02  -1.387679748535156e+02  -1.118100261688232e+01  8.802214050292969e+01  1.019170093536377e+01  3.296141386032104e+00  -5.894511559745297e-05  -1.728388087940402e-05  -9.272192983189598e-06
  7.099999785423279e-01  -1.612852325439453e+02  -1.471534271240234e+02  -6.892963886260986e+00  1.032607192993164e+02  6.056192398071289e+00  3.424374341964722e+00  -6.501997268060222e-05  -1.347585566691123e-05  -8.503579920215998e-06
  7.149999737739563e-01  -1.573533477783203e+02  -1.633995513916016e+02  -9.122672080993652e+00  1.193152999877930e+02  5.546080112457275e+00  5.185319483280182e-02  -6.980107718845829e-05  -1.042161511577433e-05  -6.729925189574715e-06
  7.200000286102295e-01  -1.446006317138672e+02  -1.672362518310547e+02  -4.593605518341064e+00  1.331279754638672e+02  1.548121571540833e+00  6.949549317359924e-01  -7.503593224100769e-05  -6.268812285270542e-06  -5.788457201560959e-06
  7.250000238418579e-01  -1.360497436523438e+02  -1.799933319091797e+02  -8.630037307739258e+00  1.480290985107422e+02  1.538107275962830e+00  -3.555765628814697e+00  -7.929427374619991e-05  -3.206024530300056e-06  -3.871309218084207e-06
  7.300000190734863e-01  -1.236361007690430e+02  -1.892607574462891e+02  -9.753528594970703e+00  1.625945587158203e+02  8.829833865165710e-01  -8.711511611938477e+00  -8.327384421136230e-05  -1.753762823852867e-08  -2.136810508091003e-06
  7.350000143051147e-01  -1.044615554809570e+02  -1.873130035400391e+02  -6.338910579681396e+00  1.737122650146484e+02  -2.570693731307983e+00  -7.330323219299316e+00  -8.697556040715426e-05  4.406697826198069e-06  -1.071637598215602e-06
  7.400000095367432e-01  -8.845574951171875e+01  -1.930325775146484e+02  -9.030325889587402e+00  1.866079711914062e+02  -2.657288789749146e+00  -1.303274631500244e+01  -9.019639401230961e-05  7.540718797827139e-06  5.918492433920619e-07
  7.450000047683716e-01  -6.653387451171875e+01  -1.879229125976562e+02  -6.953179836273193e+00  1.954467926025391e+02  -5.563929080963135e+00  -1.033857059478760e+01  -9.261113154934719e-05  1.201425493491115e-05  1.656884705880657e-06
  7.500000000000000e-01  -4.604478073120117e+01  -1.884751739501953e+02  -6.749612331390381e+00  2.066466674804688e+02  -5.894923210144043e+00  -1.659063911437988e+01  -9.488595969742164e-05  1.518721637694398e-05  2.935348902610713e-06
  7.549999952316284e-01  -2.469354438781738e+01  -1.877611541748047e+02  -7.963875770568848e+00  2.168902893066406e+02  -5.883199214935303e+00  -2.304929542541504e+01  -9.679098002379760e-05  1.824060200306121e-05  4.066772362421034e-06
  7.599999904632568e-01  -3.715573549270630e-01  -1.785662231445312e+02  -7.269196510314941e+00  2.220449676513672e+02  -7.841414451599121e+00  -1.868729400634766e+01  -9.722320100991055e-05  2.250421857752372e-05  4.850989625992952e-06
  7.649999856948853e-01  2.372511672973633e+01  -1.736045684814453e+02  -5.798325061798096e+00  2.302600097656250e+02  -7.870976448059082e+00  -2.508245468139648e+01  -9.806059097172692e-05  2.543495247664396e-05  5.491493539011572e-06
  7.699999809265137e-01  4.809588241577148e+01  -1.628293914794922e+02  -6.368154048919678e+00  2.327703094482422e+02  -8.999401092529297e+00  -1.942048645019531e+01  -9.714315092423931e-05  2.933336872956716e-05  6.022728939569788e-06
  7.749999761581421e-01  7.224303436279297e+01  -1.561809234619141e+02  -6.088946819305420e+00  2.386814880371094e+02  -8.511927604675293e+00  -2.521677017211914e+01  -9.690150181995705e-05  3.193861266481690e-05  6.268492143135518e-06
  7.799999713897705e-01  9.726393127441406e+01  -1.475559082031250e+02  -3.676157474517822e+00  2.436705932617188e+02  -8.172797203063965e+00  -3.088286781311035e+01  -9.620640776120126e-05  3.442328670644201e-05  6.190578460518736e-06
  7.850000262260437e-01  1.201623306274414e+02  -1.356847076416016e+02  -5.180127143859863e+00  2.423520355224609e+02  -8.157289505004883e+00  -2.375810241699219e+01  -9.344761929241940e-05  3.755403668037616e-05  6.280745765252504e-06
  7.900000214576721e-01  1.437402191162109e+02  -1.266123275756836e+02  -3.536434412002563e+00  2.450868988037109e+02  -7.463660240173340e+00  -2.841520500183105e+01  -9.170005796477199e-05  3.960441244998947e-05  5.805551609228132e-06
  7.950000166893005e-01  1.640932159423828e+02  -1.157541656494141e+02  -6.240391731262207e+00  2.414032745361328e+02  -6.605600357055664e+00  -2.092501449584961e+01  -8.794076711637899e-05  4.202779018669389e-05  5.696393145626644e-06
  8.000000119209290e-01  1.864719085693359e+02  -1.057375030517578e+02  -2.323892831802368e+00  2.420986022949219e+02  -5.737750530242920e+00  -2.452176666259766e+01  -8.525245357304811e-05  4.357293801149353e-05  4.826042641070671e-06
  8.050000071525574e-01  2.069204101562500e+02  -9.665019226074219e+01  4.503257870674133e-01  2.418867950439453e+02  -4.940095424652100e+00  -2.741174125671387e+01  -8.216559217544273e-05  4.491028084885329e-05  3.828800345218042e-06
  8.100000023841858e-01  2.226728668212891e+02  -8.827333831787109e+01  -2.252154827117920e+00  2.351500091552734e+02  -3.139406681060791e+00  -1.967841529846191e+01  -7.721793372184038e-05  4.621409243554808e-05  3.443162768235197e-06
  8.149999976158142e-01  2.403169403076172e+02  -7.995706939697266e+01  2.355762004852295e+00  2.331952362060547e+02  -2.214864492416382e+00  -2.132361793518066e+01  -7.340365118579939e-05  4.696126779890619e-05  2.265958755742759e-06
  8.199999928474426e-01  2.517532501220703e+02  -7.495969390869141e+01  -1.002359867095947e+00  2.248661193847656e+02  3.158439993858337e-01  -1.443970489501953e+01  -6.804541771998629e-05  4.741483644465916e-05  1.800751533664879e-06
  8.249999880790710e-01  2.650286865234375e+02  -6.935248565673828e+01  3.814604997634888e+00  2.215014038085938e+02  9.673771858215332e-01  -1.490216350555420e+01  -6.366988964146003e-05  4.764176264870912e-05  5.785801135971269e-07
  8.299999833106995e-01  2.760751342773438e+02  -6.481819152832031e+01  9.109208106994629e+00  2.174933929443359e+02  1.712160587310791e+00  -1.441342926025391e+01  -5.910321851843037e-05  4.757304850500077e-05  -5.949000296823215e-07
  8.349999785423279e-01  2.805540771484375e+02  -6.550712585449219e+01  6.205731868743896e+00  2.075380249023438e+02  4.660565376281738e+00  -8.674065589904785e+00  -5.346135003492236e-05  4.692343281931244e-05  -1.049300749400572e-06
  8.399999737739563e-01  2.864215087890625e+02  -6.465401458740234e+01  1.201651477813721e+01  2.026263732910156e+02  4.940142154693604e+00  -7.082914829254150e+00  -4.864477887167595e-05  4.638460086425766e-05  -2.109764864144381e-06
  8.450000286102295e-01  2.856039428710938e+02  -7.015474700927734e+01  8.836248397827148e+00  1.922069396972656e+02  8.073193550109863e+00  -3.095613718032837e+00  -4.320779771660455e-05  4.505098331719637e-05  -2.522259137549554e-06
  8.500000238418579e-01  2.862783203125000e+02  -7.294000244140625e+01  1.548036289215088e+01  1.866730499267578e+02  8.291102409362793e+00  -5.131831765174866e-01  -3.839860801235773e-05  4.398977762321010e-05  -3.352967041791999e-06
  8.550000190734863e-01  2.838841247558594e+02  -7.791016387939453e+01  2.211760139465332e+01  1.809510345458984e+02  8.062806129455566e+00  2.961497068405151e+00  -3.360501068527810e-05  4.280350185581483e-05  -4.051998075738084e-06
  8.600000143051147e-01  2.751117248535156e+02  -9.038877105712891e+01  1.926070976257324e+01  1.705430603027344e+02  1.098000526428223e+01  4.998610019683838e+00  -2.877165752579458e-05  4.071139119332656e-05  -4.354485554358689e-06
  8.650000095367432e-01  2.672884216308594e+02  -9.933908081054688e+01  2.623083305358887e+01  1.647146453857422e+02  1.060619258880615e+01  9.228207588195801e+00  -2.429841515549924e-05  3.913182808901183e-05  -4.773675755131990e-06
  8.700000047683716e-01  2.532592315673828e+02  -1.164694061279297e+02  2.309628295898438e+01  1.549005889892578e+02  1.328522586822510e+01  9.346518516540527e+00  -2.017943188548088e-05  3.665853364509530e-05  -5.077950390841579e-06
  8.750000000000000e-01  2.400693664550781e+02  -1.293547363281250e+02  3.043185997009277e+01  1.493989105224609e+02  1.223563957214355e+01  1.415528392791748e+01  -1.620124749024399e-05  3.490610106382519e-05  -5.326647624315228e-06
  8.799999952316284e-01  2.242610931396484e+02  -1.440271606445312e+02  3.739113235473633e+01  1.439531707763672e+02  1.127540206909180e+01  1.961363410949707e+01  -1.247808540938422e-05  3.301282049505971e-05  -5.390961632656399e-06
  8.849999904632568e-01  2.031736297607422e+02  -1.666779174804688e+02  3.412354660034180e+01  1.355631408691406e+02  1.322324657440186e+01  1.773037338256836e+01  -9.634052730689291e-06  3.026489139301702e-05  -5.755315669375705e-06
  8.899999856948853e-01  1.827273712158203e+02  -1.844792785644531e+02  4.106882858276367e+01  1.308329925537109e+02  1.169971752166748e+01  2.348085975646973e+01  -6.648353974014753e-06  2.833081271091942e-05  -5.759977284469642e-06
  8.949999809265137e-01  1.579475250244141e+02  -2.095249023437500e+02  3.783648681640625e+01  1.238472213745117e+02  1.297356986999512e+01  2.006037521362305e+01  -4.809976871911203e-06  2.554540151322726e-05  -6.297505024122074e-06
  8.999999761581421e-01  1.335260925292969e+02  -2.297462768554688e+02  4.374539947509766e+01  1.199511871337891e+02  1.134637928009033e+01  2.588923072814941e+01  -2.685756498976843e-06  2.357110497541726e-05  -6.261613634706009e-06
  9.049999713897705e-01  1.075717926025391e+02  -2.507002716064453e+02  4.969976043701172e+01  1.164469909667969e+02  9.506139755249023e+00  3.198654174804688e+01  -9.431961416339618e-07  2.164805846405216e-05  -6.251979357330129e-06
  9.100000262260437e-01  7.846895599365234e+01  -2.774926452636719e+02  4.597294998168945e+01  1.117225341796875e+02  9.841273307800293e+00  2.704437446594238e+01  -6.813858135501505e-07  1.900312599900644e-05  -7.134456609492190e-06
  9.150000214576721e-01  5.001750183105469e+01  -2.993365173339844e+02  5.056644439697266e+01  1.092666625976562e+02  7.954573154449463e+00  3.284683990478516e+01  1.145211712128003e-07  1.716462611511815e-05  -7.256275239342358e-06
  9.200000166893005e-01  1.941269302368164e+01  -3.255274963378906e+02  4.702558898925781e+01  1.062484512329102e+02  7.530131340026855e+00  2.706076240539551e+01  -6.346722329908516e-07  1.471836731070653e-05  -8.439680641458835e-06
  9.250000119209290e-01  -1.042516994476318e+01  -3.469949951171875e+02  5.060552215576172e+01  1.049604568481445e+02  5.432119369506836e+00  3.248388671875000e+01  -7.799146715115057e-07  1.307352704316145e-05  -8.846252057992388e-06
  9.300000071525574e-01  -4.040945816040039e+01  -3.680036621093750e+02  5.348019790649414e+01  1.040853652954102e+02  3.488227367401123e+00  3.760188293457031e+01  -1.322564116890135e-06  1.149215404439019e-05  -9.352730558020994e-06
  9.350000023841858e-01  -7.173286437988281e+01  -3.914774780273438e+02  4.941455078125000e+01  1.034190063476562e+02  2.249413251876831e+00  3.103173828125000e+01  -3.461546612015809e-06  9.440936082683038e-06  -1.103019894799218e-05
  9.399999976158142e-01  -1.014879760742188e+02  -4.105260009765625e+02  5.097259521484375e+01  1.036754302978516e+02  2.643323540687561e-01  3.545306396484375e+01  -4.853049176745117e-06  8.096427336568013e-06  -1.190642888104776e-05
  9.449999928474426e-01  -1.320791778564453e+02  -4.307499084472656e+02  4.719245529174805e+01  1.044942321777344e+02  -1.581657171249390e+00  2.884887695312500e+01  -7.670402737858240e-06  6.377262252499349e-06  -1.385294672218151e-05
  9.499999880790710e-01  -1.605020904541016e+02  -4.468758544921875e+02  4.738897323608398e+01  1.057216415405273e+02  -3.396635770797729e+00  3.236380767822266e+01  -9.773531019163784e-06  5.263436833047308e-06  -1.507301931269467e-05
  9.549999833106995e-01  -1.878144683837891e+02  -4.613732604980469e+02  4.687474822998047e+01  1.073419265747070e+02  -5.124976158142090e+00  3.526848602294922e+01  -1.215885731653543e-05  4.266334599378752e-06  -1.648562465561554e-05
  9.599999785423279e-01  -2.160977020263672e+02  -4.757487182617188e+02  4.269667053222656e+01  1.098741149902344e+02  -7.368324279785156e+00  2.873959922790527e+01  -1.569078449392691e-05  3.050720351893688e-06  -1.877724207588471e-05
  9.649999737739563e-01  -2.407420501708984e+02  -4.861835937500000e+02  4.108953475952148e+01  1.122289352416992e+02  -8.851521492004395e+00  3.060762977600098e+01  -1.852879177022260e-05  2.299543439221452e-06  -2.050174953183159e-05
  9.700000286102295e-01  -2.669847717285156e+02  -4.962105102539062e+02  3.720816802978516e+01  1.155750732421875e+02  -1.127506542205811e+01  2.477990150451660e+01  -2.214744017692283e-05  1.460012981624459e-06  -2.284387846884783e-05
  9.750000238418579e-01  -2.885158691406250e+02  -5.023262329101562e+02  3.432520294189453e+01  1.184953079223633e+02  -1.255028343200684e+01  2.574014472961426e+01  -2.521181340853218e-05  9.675910632722662e-07  -2.480988223396707e-05
  9.800000190734863e-01  -3.079996337890625e+02  -5.061287536621094e+02  3.115446853637695e+01  1.215432128906250e+02  -1.359696102142334e+01  2.585467147827148e+01  -2.834136466844939e-05  5.731863552682626e-07  -2.689972643565852e-05
  9.850000143051147e-01  -3.303860778808594e+02  -5.096192932128906e+02  2.712253189086914e+01  1.254856262207031e+02  -1.585620498657227e+01  2.093608665466309e+01  -3.170941636199132e-05  2.573565893726482e-07  -2.917075653385837e-05
  9.900000095367432e-01  -3.462238159179688e+02  -5.089786987304688e+02  2.295180130004883e+01  1.287444915771484e+02  -1.663270378112793e+01  2.025449943542480e+01  -3.471658419584855e-05  1.102752165138554e-07  -3.134453072561882e-05
  9.950000047683716e-01  -3.662688293457031e+02  -5.087627868652344e+02  1.906776809692383e+01  1.326591339111328e+02  -1.866102027893066e+01  1.649985694885254e+01  -3.751778785954230e-05  1.754312961566029e-07  -3.331822153995745e-05
  1.000000000000000e+00  -3.827461853027344e+02  -5.059717712402344e+02  1.472648143768311e+01  1.361180114746094e+02  -1.974628448486328e+01  1.440370178222656e+01  -3.998475585831329e-05  3.910039936272369e-07  -3.522049519233406e-05
  1.004999995231628e+00  -3.928023986816406e+02  -4.989041442871094e+02  1.029639339447021e+01  1.391486816406250e+02  -1.995503234863281e+01  1.293822574615479e+01  -4.237353641656227e-05  5.812851782138750e-07  -3.724651469383389e-05
  1.009999990463257e+00  -4.009591369628906e+02  -4.899754943847656e+02  5.667370796203613e+00  1.419812469482422e+02  -1.989239692687988e+01  1.092304611206055e+01  -4.453539804671891e-05  8.454459248241619e-07  -3.924002521671355e-05
  1.014999985694885e+00  -4.162433471679688e+02  -4.838460083007812e+02  2.119700670242310e+00  1.449522857666016e+02  -2.106404304504395e+01  9.253017425537109e+00  -4.569064913084731e-05  1.564422404953802e-06  -4.032487413496710e-05
  1.019999980926514e+00  -4.210585021972656e+02  -4.718886413574219e+02  -2.930897235870361e+00  1.472882690429688e+02  -2.070700073242188e+01  7.038537025451660e+00  -4.708695269073360e-05  2.055472805295722e-06  -4.201508636469953e-05
  1.024999976158142e+00  -4.344496154785156e+02  -4.641432189941406e+02  -6.327511787414551e+00  1.494101257324219e+02  -2.132824134826660e+01  6.417034149169922e+00  -4.718727359431796e-05  3.093396571784979e-06  -4.244535375619307e-05
  1.029999971389771e+00  -4.363191528320312e+02  -4.497427978515625e+02  -1.107484912872314e+01  1.509634094238281e+02  -2.040465164184570e+01  4.385904312133789e+00  -4.772433385369368e-05  3.747895561900805e-06  -4.371082468423992e-05
  1.034999966621399e+00  -4.367259216308594e+02  -4.343804931640625e+02  -1.591435146331787e+01  1.522040100097656e+02  -1.943608093261719e+01  2.101611137390137e+00  -4.782254109159112e-05  4.489637831284199e-06  -4.477734182728454e-05
  1.039999961853027e+00  -4.470610961914062e+02  -4.249784240722656e+02  -1.846828079223633e+01  1.528332824707031e+02  -1.926029968261719e+01  2.693560600280762e+00  -4.628469105227850e-05  5.885049631615402e-06  -4.417248783283867e-05
  1.044999957084656e+00  -4.453728637695312e+02  -4.085063476562500e+02  -2.290833282470703e+01  1.530957641601562e+02  -1.775166893005371e+01  9.673199653625488e-01  -4.540437294053845e-05  6.757675237167859e-06  -4.468499901122414e-05
  1.049999952316284e+00  -4.542867736816406e+02  -3.992662963867188e+02  -2.512158584594727e+01  1.526140136718750e+02  -1.710339736938477e+01  2.044642448425293e+00  -4.281521614757366e-05  8.341396096511744e-06  -4.332599564804696e-05
  1.054999947547913e+00  -4.505703735351562e+02  -3.822799377441406e+02  -2.877167320251465e+01  1.519421844482422e+02  -1.541312599182129e+01  7.469706535339355e-01  -4.090242146048695e-05  9.355931979371235e-06  -4.322156382841058e-05
  1.059999942779541e+00  -4.466070556640625e+02  -3.655883483886719e+02  -3.261378860473633e+01  1.507468566894531e+02  -1.342740249633789e+01  -1.530314981937408e-01  -3.855213435599580e-05  1.038640220940579e-05  -4.283784437575378e-05
  1.065000057220459e+00  -4.532269897460938e+02  -3.571056213378906e+02  -3.366207504272461e+01  1.486514587402344e+02  -1.235965824127197e+01  1.415501594543457e+00  -3.452985401963815e-05  1.213883206219180e-05  -4.037957114633173e-05
  1.070000052452087e+00  -4.479042663574219e+02  -3.409081420898438e+02  -3.644387817382812e+01  1.464962615966797e+02  -1.029761028289795e+01  1.109045743942261e+00  -3.122501584584825e-05  1.325221728620818e-05  -3.932960316888057e-05
  1.075000047683716e+00  -4.531302795410156e+02  -3.334640502929688e+02  -3.681207656860352e+01  1.434573822021484e+02  -9.110004425048828e+00  2.396349906921387e+00  -2.649435191415250e-05  1.502771647210466e-05  -3.621530049713328e-05
  1.080000042915344e+00  -4.473273925781250e+02  -3.186794738769531e+02  -3.913334655761719e+01  1.402922973632812e+02  -6.817094326019287e+00  2.898240566253662e+00  -2.239337663922925e-05  1.614518805581611e-05  -3.451926386333071e-05
  1.085000038146973e+00  -4.413405456542969e+02  -3.045249633789062e+02  -4.083556365966797e+01  1.367210998535156e+02  -4.566072940826416e+00  3.745349645614624e+00  -1.790280657587573e-05  1.726524715195410e-05  -3.253170871175826e-05
  1.090000033378601e+00  -4.445256958007812e+02  -2.989520263671875e+02  -4.003723526000977e+01  1.324634704589844e+02  -3.464280843734741e+00  4.636963844299316e+00  -1.237480773852440e-05  1.896947287605144e-05  -2.854645936167799e-05
  1.095000028610229e+00  -4.384187316894531e+02  -2.867276916503906e+02  -4.121892929077148e+01  1.280067749023438e+02  -1.164444446563721e+00  6.154221057891846e+00  -7.299180197151145e-06  2.002805376832839e-05  -2.599180334073026e-05
  1.100000023841858e+00  -4.400314025878906e+02  -2.822785034179688e+02  -3.991797637939453e+01  1.232215576171875e+02  -2.919213175773621e-01  6.220773696899414e+00  -1.574396037540282e-06  2.158701317966916e-05  -2.161621523555368e-05
  1.105000019073486e+00  -4.335404052734375e+02  -2.717606506347656e+02  -4.004474258422852e+01  1.180455856323242e+02  1.804365277290344e+00  8.082862854003906e+00  3.918245056411251e-06  2.254196442663670e-05  -1.855801747296937e-05
  1.110000014305115e+00  -4.275325927734375e+02  -2.624882812500000e+02  -4.004358291625977e+01  1.124950256347656e+02  3.891309261322021e+00  1.037797069549561e+01  9.601576493878383e-06  2.343306914553978e-05  -1.530102053948212e-05
  1.115000009536743e+00  -4.269169921875000e+02  -2.596514587402344e+02  -3.797270202636719e+01  1.070949478149414e+02  4.267611026763916e+00  9.395867347717285e+00  1.534908551548142e-05  2.468867387506180e-05  -1.049865932145622e-05
  1.120000004768372e+00  -4.207415771484375e+02  -2.521388092041016e+02  -3.719369125366211e+01  1.009637374877930e+02  6.046188831329346e+00  1.180860233306885e+01  2.115902134391945e-05  2.539426714065485e-05  -6.869614935567370e-06
  1.125000000000000e+00  -4.182129211425781e+02  -2.496609802246094e+02  -3.483772277832031e+01  9.545719146728516e+01  6.087076187133789e+00  9.913931846618652e+00  2.661519829416648e-05  2.635351302160416e-05  -2.017149654420791e-06
  1.129999995231628e+00  -4.119500732421875e+02  -2.438823547363281e+02  -3.364126586914062e+01  8.883966827392578e+01  7.471307754516602e+00  1.223501300811768e+01  3.237810597056523e-05  2.684454193513375e-05  1.826141101446410e-06
  1.134999990463257e+00  -4.061235961914062e+02  -2.390410461425781e+02  -3.219070434570312e+01  8.195639038085938e+01  8.749486923217773e+00  1.475710487365723e+01  3.809816189459525e-05  2.720249176491052e-05  5.801181941933464e-06
  1.139999985694885e+00  -4.010275573730469e+02  -2.369055480957031e+02  -2.959830093383789e+01  7.633671569824219e+01  8.190722465515137e+00  1.169163894653320e+01  4.291544246370904e-05  2.768079502857290e-05  1.061851435224526e-05
  1.144999980926514e+00  -3.949708557128906e+02  -2.332876129150391e+02  -2.778783988952637e+01  6.909904479980469e+01  8.969657897949219e+00  1.379050636291504e+01  4.833542334381491e-05  2.777248664642684e-05  1.463908483856358e-05
  1.149999976158142e+00  -3.876010131835938e+02  -2.303009185791016e+02  -2.497458839416504e+01  6.364219284057617e+01  8.092844009399414e+00  1.011475276947021e+01  5.254493225947954e-05  2.788734127534553e-05  1.923841591633391e-05
  1.154999971389771e+00  -3.816633911132812e+02  -2.277244262695312e+02  -2.347151947021484e+01  5.606764602661133e+01  8.541903495788574e+00  1.182638072967529e+01  5.747339309891686e-05  2.764200507954229e-05  2.328336813661736e-05
  1.159999966621399e+00  -3.757752990722656e+02  -2.255249633789062e+02  -2.145445442199707e+01  4.833232498168945e+01  8.650465011596680e+00  1.330723667144775e+01  6.220630893949419e-05  2.727733226493001e-05  2.727067658270244e-05
  1.164999961853027e+00  -3.657582397460938e+02  -2.212532653808594e+02  -1.875060844421387e+01  4.297768402099609e+01  7.392762184143066e+00  8.853161811828613e+00  6.537990702781826e-05  2.683655657165218e-05  3.149836629745550e-05
  1.169999957084656e+00  -3.600906677246094e+02  -2.196070404052734e+02  -1.746969223022461e+01  3.495080566406250e+01  7.197095870971680e+00  9.794784545898438e+00  6.943882908672094e-05  2.611875788716134e-05  3.538976307027042e-05
  1.174999952316284e+00  -3.480180664062500e+02  -2.135489807128906e+02  -1.472594928741455e+01  2.975654792785645e+01  5.962184906005859e+00  5.361244201660156e+00  7.187673327280208e-05  2.530070742068347e-05  3.927529178326949e-05
  1.179999947547913e+00  -3.419878845214844e+02  -2.116092376708984e+02  -1.321958446502686e+01  2.152234077453613e+01  5.225198745727539e+00  5.477633476257324e+00  7.524254760937765e-05  2.429589403618593e-05  4.290702418074943e-05
  1.184999942779541e+00  -3.366833190917969e+02  -2.100783691406250e+02  -1.252416610717773e+01  1.307870769500732e+01  4.427816867828369e+00  5.441532135009766e+00  7.822643965482712e-05  2.312198012077715e-05  4.649518086807802e-05
  1.190000057220459e+00  -3.225194091796875e+02  -2.014827880859375e+02  -9.954173088073730e+00  7.898712635040283e+00  3.204518795013428e+00  9.207974672317505e-01  7.952826126711443e-05  2.179881630581804e-05  4.987380089005455e-05
  1.195000052452087e+00  -3.170409851074219e+02  -1.991579132080078e+02  -9.151407241821289e+00  -7.594687938690186e-01  1.964117884635925e+00  7.376082241535187e-02  8.174251706805080e-05  2.036909791058861e-05  5.313922520144843e-05
  1.200000047683716e+00  -3.014303588867188e+02  -1.882443389892578e+02  -6.329493999481201e+00  -5.948410034179688e+00  9.833860993385315e-01  -3.866096973419189e+00  8.237110159825534e-05  1.876419992186129e-05  5.616663838736713e-05
  1.205000042915344e+00  -2.967386779785156e+02  -1.854917297363281e+02  -6.845064640045166e+00  -1.491579723358154e+01  -3.026812672615051e-01  -5.166660308837891e+00  8.375946345040575e-05  1.706044713500887e-05  5.919346585869789e-05
  1.210000038146973e+00  -2.921829528808594e+02  -1.822267303466797e+02  -7.012804031372070e+00  -2.401466751098633e+01  -1.900032520294189e+00  -6.916066646575928e+00  8.477704977849498e-05  1.529632936581038e-05  6.203327939147130e-05
  1.215000033378601e+00  -2.757831115722656e+02  -1.684066619873047e+02  -4.233139038085938e+00  -2.945430374145508e+01  -2.491333723068237e+00  -1.022373294830322e+01  8.441035606665537e-05  1.335317119810497e-05  6.459127325797454e-05
  1.220000028610229e+00  -2.722513732910156e+02  -1.644068450927734e+02  -5.645686149597168e+00  -3.886491394042969e+01  -4.050456047058105e+00  -1.230758094787598e+01  8.464444545097649e-05  1.140628410212230e-05  6.717180804116651e-05
  1.225000023841858e+00  -2.556501159667969e+02  -1.486140594482422e+02  -2.672566175460815e+00  -4.456744384765625e+01  -4.162684440612793e+00  -1.464636707305908e+01  8.377205813303590e-05  9.316792784375139e-06  6.947130896151066e-05
  1.230000019073486e+00  -2.528094482421875e+02  -1.432811126708984e+02  -3.988463878631592e+00  -5.424092483520508e+01  -5.870869636535645e+00  -1.708582878112793e+01  8.331739081768319e-05  7.297163392649963e-06  7.172032201196998e-05
  1.235000014305115e+00  -2.508488006591797e+02  -1.377908630371094e+02  -6.239979267120361e+00  -6.407941436767578e+01  -7.524598121643066e+00  -1.971209716796875e+01  8.250670362031087e-05  5.255393261904828e-06  7.385881326626986e-05
  1.240000009536743e+00  -2.351428070068359e+02  -1.196693191528320e+02  -3.095243215560913e+00  -7.026429748535156e+01  -7.053122997283936e+00  -2.094136047363281e+01  8.093210635706782e-05  3.073773768846877e-06  7.580115925520658e-05
  1.245000004768372e+00  -2.342803497314453e+02  -1.129284286499023e+02  -5.295431137084961e+00  -8.035034179687500e+01  -8.697181701660156e+00  -2.366309928894043e+01  7.954566535772756e-05  1.056803967003361e-06  7.764509791741148e-05
  1.250000000000000e+00  -2.197070922851562e+02  -9.374852752685547e+01  -2.066732645034790e+00  -8.693839263916016e+01  -7.752960681915283e+00  -2.384770393371582e+01  7.767930219415575e-05  -1.094125423151127e-06  7.940524665173143e-05
  1.254999995231628e+00  -2.202942504882812e+02  -8.608673858642578e+01  -4.750987052917480e+00  -9.724374389648438e+01  -9.175271987915039e+00  -2.648326873779297e+01  7.581119280075654e-05  -3.034789187950082e-06  8.101487037492916e-05
  1.259999990463257e+00  -2.216227416992188e+02  -7.802262115478516e+01  -7.599225044250488e+00  -1.076274642944336e+02  -1.058892536163330e+01  -2.919431877136230e+01  7.371573155978695e-05  -4.886191618425073e-06  8.248473022831604e-05
  1.264999985694885e+00  -2.094235839843750e+02  -5.778809356689453e+01  -4.161403656005859e+00  -1.147058105468750e+02  -9.077710151672363e+00  -2.815876960754395e+01  7.149344310164452e-05  -6.879161901451880e-06  8.397491183131933e-05
  1.269999980926514e+00  -2.121160736083984e+02  -4.886431121826172e+01  -7.042295932769775e+00  -1.251769790649414e+02  -1.023555183410645e+01  -3.063870239257812e+01  6.909308285685256e-05  -8.546255230612587e-06  8.521676500095055e-05
  1.274999976158142e+00  -2.019366455078125e+02  -2.866241073608398e+01  -3.642252683639526e+00  -1.325904541015625e+02  -8.383567810058594e+00  -2.880764389038086e+01  6.678749195998535e-05  -1.036584762914572e-05  8.654095290694386e-05
  1.279999971389771e+00  -2.061779632568359e+02  -1.919482040405273e+01  -6.535845756530762e+00  -1.430731964111328e+02  -9.295482635498047e+00  -3.088539695739746e+01  6.418373959604651e-05  -1.179933769890340e-05  8.757326577324420e-05
  1.284999966621399e+00  -2.107550201416016e+02  -9.300879478454590e+00  -9.313982009887695e+00  -1.534633026123047e+02  -1.006547832489014e+01  -3.298632049560547e+01  6.151976413093507e-05  -1.307093498326140e-05  8.846899436321110e-05
  1.289999961853027e+00  -2.034942779541016e+02  1.058368492126465e+01  -5.769415378570557e+00  -1.610456390380859e+02  -7.874672412872314e+00  -3.019991302490234e+01  5.918204260524362e-05  -1.455473829992115e-05  8.951466588769108e-05
  1.294999957084656e+00  -2.094049530029297e+02  2.068756103515625e+01  -8.574122428894043e+00  -1.712512512207031e+02  -8.337822914123535e+00  -3.180060386657715e+01  5.648500155075453e-05  -1.554255504743196e-05  9.021526057040319e-05
  1.299999952316284e+00  -2.043431701660156e+02  3.952943801879883e+01  -5.435114860534668e+00  -1.788580017089844e+02  -6.039746761322021e+00  -2.859768295288086e+01  5.422250978881493e-05  -1.678285480011255e-05  9.105456410907209e-05
  1.304999947547913e+00  -2.106883850097656e+02  5.012313079833984e+01  -7.346946716308594e+00  -1.886566467285156e+02  -6.296407699584961e+00  -2.988944625854492e+01  5.162266461411491e-05  -1.744532892189454e-05  9.149477409664541e-05
  1.309999942779541e+00  -2.174947204589844e+02  6.055163192749023e+01  -9.779787063598633e+00  -1.982247772216797e+02  -6.277248859405518e+00  -3.095271682739258e+01  4.907930269837379e-05  -1.794601121218875e-05  9.185143426293507e-05
  1.315000057220459e+00  -2.146395568847656e+02  7.808900451660156e+01  -6.629516601562500e+00  -2.053981781005859e+02  -3.988359451293945e+00  -2.729039192199707e+01  4.703468584921211e-05  -1.880680611066055e-05  9.231852891389281e-05
  1.320000052452087e+00  -2.212163085937500e+02  8.881493377685547e+01  -7.987851619720459e+00  -2.142962799072266e+02  -3.808294057846069e+00  -2.808925437927246e+01  4.472424916457385e-05  -1.898686241474934e-05  9.239155042450875e-05
  1.325000047683716e+00  -2.196663665771484e+02  1.049436569213867e+02  -5.187611579895020e+00  -2.210296783447266e+02  -1.717881321907043e+00  -2.443724441528320e+01  4.286877083359286e-05  -1.962013084266800e-05  9.254217002307996e-05
  1.330000042915344e+00  -2.262864074707031e+02  1.152012405395508e+02  -6.760644912719727e+00  -2.291603698730469e+02  -1.269772887229919e+00  -2.483120918273926e+01  4.082029045093805e-05  -1.954393701453228e-05  9.240083454642445e-05
  1.335000038146973e+00  -2.255825958251953e+02  1.298484802246094e+02  -4.419388294219971e+00  -2.352622528076172e+02  5.538936257362366e-01  -2.128928947448730e+01  3.917399590136483e-05  -1.998670086322818e-05  9.221002255799249e-05
  1.340000033378601e+00  -2.308948974609375e+02  1.402378997802734e+02  -4.800170898437500e+00  -2.423810729980469e+02  1.014143586158752e+00  -2.159952735900879e+01  3.747687514987774e-05  -1.965075171028730e-05  9.173174476018175e-05
  1.345000028610229e+00  -2.358585815429688e+02  1.502286987304688e+02  -5.749301433563232e+00  -2.489880981445312e+02  1.778624415397644e+00  -2.168755722045898e+01  3.594899317249656e-05  -1.922081537486520e-05  9.116997534874827e-05
  1.350000023841858e+00  -2.346914825439453e+02  1.632781677246094e+02  -3.473848819732666e+00  -2.537130432128906e+02  3.102579832077026e+00  -1.832522583007812e+01  3.470285810180940e-05  -1.944366886164062e-05  9.043577301781625e-05
  1.355000019073486e+00  -2.376171569824219e+02  1.732530822753906e+02  -3.348053455352783e+00  -2.591038208007812e+02  3.794004917144775e+00  -1.843981933593750e+01  3.356580782565288e-05  -1.884103221527766e-05  8.952071220846847e-05
  1.360000014305115e+00  -2.356919555664062e+02  1.850987243652344e+02  -1.317110180854797e+00  -2.628092346191406e+02  4.641831874847412e+00  -1.536164760589600e+01  3.257115531596355e-05  -1.897398578876164e-05  8.836675260681659e-05
  1.365000009536743e+00  -2.368810729980469e+02  1.944035491943359e+02  -1.524511337280273e+00  -2.669585266113281e+02  5.430934906005859e+00  -1.534507369995117e+01  3.177942198817618e-05  -1.831476583902258e-05  8.719578909222037e-05
  1.370000004768372e+00  -2.364028778076172e+02  2.038417510986328e+02  -9.905178546905518e-01  -2.703928527832031e+02  6.215012073516846e+00  -1.539638900756836e+01  3.120592009508982e-05  -1.759912629495375e-05  8.583059388911352e-05
  1.375000000000000e+00  -2.318874664306641e+02  2.144139099121094e+02  9.780113101005554e-01  -2.723268127441406e+02  6.390302658081055e+00  -1.268869113922119e+01  3.062379619223066e-05  -1.770300877979025e-05  8.408603025600314e-05
  1.379999995231628e+00  -2.290573730468750e+02  2.232075958251953e+02  1.202007770538330e+00  -2.744294738769531e+02  7.167635917663574e+00  -1.268987846374512e+01  3.036065754713491e-05  -1.703269299468957e-05  8.246113429777324e-05
  1.384999990463257e+00  -2.224739685058594e+02  2.329559783935547e+02  3.041501283645630e+00  -2.752185363769531e+02  6.902210235595703e+00  -1.020831584930420e+01  3.000526885443833e-05  -1.716449696687050e-05  8.030545723158866e-05
  1.389999985694885e+00  -2.163318328857422e+02  2.415639190673828e+02  3.909975767135620e+00  -2.759199218750000e+02  7.380286216735840e+00  -1.046253395080566e+01  3.007149825862143e-05  -1.654743755352683e-05  7.833793642930686e-05
  1.394999980926514e+00  -2.089195098876953e+02  2.497868347167969e+02  4.420457839965820e+00  -2.759550170898438e+02  7.994715690612793e+00  -1.054690647125244e+01  3.023594035767019e-05  -1.601727126399055e-05  7.628790626768023e-05
  1.399999976158142e+00  -1.982909698486328e+02  2.586900939941406e+02  6.250657081604004e+00  -2.749967041015625e+02  7.119716644287109e+00  -8.376939773559570e+00  3.020348049176391e-05  -1.627375786483753e-05  7.359531446127221e-05
  1.404999971389771e+00  -1.873890533447266e+02  2.666642456054688e+02  7.202168464660645e+00  -2.737037658691406e+02  7.384776592254639e+00  -8.742686271667480e+00  3.061292227357626e-05  -1.587974838912487e-05  7.124365947674960e-05
  1.409999966621399e+00  -1.739043579101562e+02  2.751142883300781e+02  9.065336227416992e+00  -2.717500915527344e+02  6.181787014007568e+00  -6.678611278533936e+00  3.073752304771915e-05  -1.621044975763652e-05  6.821388524258509e-05
  1.414999961853027e+00  -1.601705932617188e+02  2.824939880371094e+02  9.665228843688965e+00  -2.692850646972656e+02  6.359065055847168e+00  -6.969063758850098e+00  3.124790964648128e-05  -1.604154022061266e-05  6.567788659594953e-05
  1.419999957084656e+00  -1.444872436523438e+02  2.898241577148438e+02  1.061743354797363e+01  -2.661873779296875e+02  6.315132141113281e+00  -7.429927349090576e+00  3.183537410222925e-05  -1.596151923877187e-05  6.301770190475509e-05
  1.424999952316284e+00  -1.265865631103516e+02  2.976878967285156e+02  1.249251842498779e+01  -2.629023742675781e+02  4.791367053985596e+00  -5.485965251922607e+00  3.210717113688588e-05  -1.646770215302240e-05  5.960417911410332e-05
  1.429999947547913e+00  -1.082581100463867e+02  3.044261474609375e+02  1.308466720581055e+01  -2.588165283203125e+02  4.648723602294922e+00  -5.807392120361328e+00  3.267615829827264e-05  -1.663582952460274e-05  5.682230403181165e-05
  1.434999942779541e+00  -8.759326171875000e+01  3.119471740722656e+02  1.499796772003174e+01  -2.549232330322266e+02  3.111516714096069e+00  -3.783806324005127e+00  3.296795330243185e-05  -1.721367698337417e-05  5.320240234141238e-05
  1.440000057220459e+00  -6.606898498535156e+01  3.184231872558594e+02  1.586150264739990e+01  -2.499436035156250e+02  2.642150402069092e+00  -4.362639904022217e+00  3.354315413162112e-05  -1.756475285219494e-05  5.027486258768477e-05
  1.445000052452087e+00  -4.360383224487305e+01  3.245238647460938e+02  1.641196250915527e+01  -2.445610198974609e+02  2.184314250946045e+00  -4.650017261505127e+00  3.399064371478744e-05  -1.807015723898076e-05  4.735786569654010e-05
  1.450000047683716e+00  -1.919431304931641e+01  3.314577941894531e+02  1.825595092773438e+01  -2.399546051025391e+02  7.213763594627380e-01  -2.568796873092651e+00  3.420072607696056e-05  -1.876289752544835e-05  4.355966666480526e-05
  1.455000042915344e+00  6.088447093963623e+00  3.373258972167969e+02  1.911319160461426e+01  -2.339209442138672e+02  1.772831752896309e-02  -3.070910215377808e+00  3.454638499533758e-05  -1.942084236361552e-05  4.057657861267217e-05
  1.460000038146973e+00  3.268616867065430e+01  3.439358215332031e+02  2.098497390747070e+01  -2.291001586914062e+02  -1.263776659965515e+00  -9.261121153831482e-01  3.463252869551070e-05  -2.011174365179613e-05  3.670946171041578e-05
  1.465000033378601e+00  5.948791122436523e+01  3.491095275878906e+02  2.134305381774902e+01  -2.226337432861328e+02  -1.846398711204529e+00  -1.059799909591675e+00  3.469495641184039e-05  -2.094388582918327e-05  3.378515611984767e-05
  1.470000028610229e+00  8.785706329345703e+01  3.544539489746094e+02  2.227952766418457e+01  -2.158856201171875e+02  -2.680874586105347e+00  -1.427086353302002e+00  3.465970803517848e-05  -2.182856951549184e-05  3.086014839936979e-05
  1.475000023841858e+00  1.168936538696289e+02  3.603400573730469e+02  2.389809036254883e+01  -2.109111022949219e+02  -3.556874752044678e+00  8.224036097526550e-01  3.443593232077546e-05  -2.251192563562654e-05  2.700718323467299e-05
  1.480000019073486e+00  1.462533874511719e+02  3.650101318359375e+02  2.431334304809570e+01  -2.039291992187500e+02  -4.175734043121338e+00  8.531724214553833e-01  3.403857408557087e-05  -2.349602618778590e-05  2.420501732558478e-05
  1.485000014305115e+00  1.764503021240234e+02  3.703898620605469e+02  2.564461517333984e+01  -1.990401306152344e+02  -4.722782611846924e+00  3.139828681945801e+00  3.354087675688788e-05  -2.411870991636533e-05  2.040345134446397e-05
  1.490000009536743e+00  2.076080932617188e+02  3.750556640625000e+02  2.664204978942871e+01  -1.918629455566406e+02  -5.340954303741455e+00  2.977668046951294e+00  3.286436549387872e-05  -2.509239129722118e-05  1.768471156537998e-05
  1.495000004768372e+00  2.388791809082031e+02  3.794027099609375e+02  2.723741149902344e+01  -1.846145477294922e+02  -5.842427253723145e+00  3.160114049911499e+00  3.192078656866215e-05  -2.611099262139760e-05  1.508247805759311e-05
  1.500000000000000e+00  2.700621032714844e+02  3.839586486816406e+02  2.801737785339355e+01  -1.798721313476562e+02  -5.874881744384766e+00  5.448758125305176e+00  3.094823478022590e-05  -2.661180769791827e-05  1.142461951531004e-05
  1.504999995231628e+00  3.026825866699219e+02  3.884201049804688e+02  2.924911499023438e+01  -1.725491180419922e+02  -6.259538173675537e+00  5.445821762084961e+00  2.968446096929256e-05  -2.754930210357998e-05  8.947193236963358e-06
  1.509999990463257e+00  3.341651611328125e+02  3.925307617187500e+02  2.965144348144531e+01  -1.679460754394531e+02  -6.079493522644043e+00  7.574253559112549e+00  2.836136081896257e-05  -2.794735701172613e-05  5.387437795434380e-06
  1.514999985694885e+00  3.666632690429688e+02  3.964276733398438e+02  3.017756843566895e+01  -1.606471710205078e+02  -6.040825843811035e+00  7.931445121765137e+00  2.665986721694935e-05  -2.881758882722352e-05  3.109616272922722e-06
  1.519999980926514e+00  4.001808471679688e+02  4.009052734375000e+02  3.168147277832031e+01  -1.532886962890625e+02  -6.062335491180420e+00  8.031318664550781e+00  2.479406794009265e-05  -2.961573954962660e-05  8.976200547294866e-07
  1.524999976158142e+00  4.313631896972656e+02  4.042527465820312e+02  3.121360015869141e+01  -1.488290710449219e+02  -5.507050991058350e+00  9.992233276367188e+00  2.294039586558938e-05  -2.984048296639230e-05  -2.474556822562590e-06
  1.529999971389771e+00  4.644730834960938e+02  4.083416137695312e+02  3.204286193847656e+01  -1.415048370361328e+02  -5.086105823516846e+00  1.035206890106201e+01  2.066274100798182e-05  -3.051674866583198e-05  -4.506756340560969e-06
  1.534999966621399e+00  4.951456604003906e+02  4.112787475585938e+02  3.094396209716797e+01  -1.370831298828125e+02  -4.531017780303955e+00  1.203319931030273e+01  1.845642145781312e-05  -3.065100099775009e-05  -7.755422302579973e-06
  1.539999961853027e+00  5.286072998046875e+02  4.157461547851562e+02  3.229983139038086e+01  -1.297269134521484e+02  -3.889939546585083e+00  1.217703342437744e+01  1.587043880135752e-05  -3.114735591225326e-05  -9.662610864324961e-06
  1.544999957084656e+00  5.618582763671875e+02  4.202450866699219e+02  3.341762542724609e+01  -1.223687515258789e+02  -3.043514728546143e+00  1.245554256439209e+01  1.307241564063588e-05  -3.157558239763603e-05  -1.148749470303301e-05
  1.549999952316284e+00  5.912161865234375e+02  4.226506042480469e+02  3.129987716674805e+01  -1.178842315673828e+02  -2.434429168701172e+00  1.380542373657227e+01  1.041281757352408e-05  -3.154931982862763e-05  -1.457142934668809e-05
  1.554999947547913e+00  6.243197021484375e+02  4.275171508789062e+02  3.269268035888672e+01  -1.104660034179688e+02  -1.368610739707947e+00  1.389201259613037e+01  7.348409326368710e-06  -3.179085251758806e-05  -1.629020698601380e-05
  1.559999942779541e+00  6.525193481445312e+02  4.297059020996094e+02  3.001056480407715e+01  -1.058376007080078e+02  -1.006047725677490e+00  1.488754653930664e+01  4.426506620802684e-06  -3.170648051309399e-05  -1.927536504808813e-05
  1.565000057220459e+00  6.846655273437500e+02  4.345541992187500e+02  3.084186935424805e+01  -9.833981323242188e+01  3.418472409248352e-01  1.498920631408691e+01  1.107350499296444e-06  -3.178949555149302e-05  -2.092245631502010e-05
  1.570000052452087e+00  7.168256835937500e+02  4.398566284179688e+02  3.210354614257812e+01  -9.080081939697266e+01  1.771451950073242e+00  1.497386741638184e+01  -2.328146365471184e-06  -3.177469625370577e-05  -2.252551166748162e-05
  1.575000047683716e+00  7.427385253906250e+02  4.416916198730469e+02  2.844222259521484e+01  -8.589033508300781e+01  1.868120789527893e+00  1.557846546173096e+01  -5.514564691111445e-06  -3.157403261866421e-05  -2.538649096095469e-05
  1.580000042915344e+00  7.736901855468750e+02  4.470870971679688e+02  2.930354690551758e+01  -7.821780395507812e+01  3.463619947433472e+00  1.549170970916748e+01  -9.106493962462991e-06  -3.140995977446437e-05  -2.698769822018221e-05
  1.585000038146973e+00  7.978598632812500e+02  4.488221130371094e+02  2.537657928466797e+01  -7.304048156738281e+01  3.132872343063354e+00  1.571518421173096e+01  -1.238942877535010e-05  -3.116523657809012e-05  -2.975343886646442e-05
  1.590000033378601e+00  8.271964721679688e+02  4.542052307128906e+02  2.573501205444336e+01  -6.523880004882812e+01  4.824419975280762e+00  1.558779048919678e+01  -1.608720958756749e-05  -3.086659853579476e-05  -3.131330959149636e-05
  1.595000028610229e+00  8.561644897460938e+02  4.599406127929688e+02  2.643847274780273e+01  -5.735823822021484e+01  6.539440155029297e+00  1.534106254577637e+01  -1.981610876100603e-05  -3.048676080652513e-05  -3.293959525763057e-05
  1.600000023841858e+00  8.769708862304688e+02  4.612936401367188e+02  2.190237998962402e+01  -5.181365966796875e+01  5.755437850952148e+00  1.520476245880127e+01  -2.310434865648858e-05  -3.014705907844473e-05  -3.560315599315800e-05
  1.605000019073486e+00  9.035571899414062e+02  4.666633605957031e+02  2.173986816406250e+01  -4.381431579589844e+01  7.495957374572754e+00  1.502146148681641e+01  -2.685368599486537e-05  -2.966084321087692e-05  -3.720441236509942e-05
  1.610000014305115e+00  9.217034301757812e+02  4.676803894042969e+02  1.711546516418457e+01  -3.802470779418945e+01  6.339326381683350e+00  1.461033821105957e+01  -3.005968937941361e-05  -2.926955676230136e-05  -3.975084837293252e-05
  1.615000009536743e+00  9.462838134765625e+02  4.731241149902344e+02  1.722506141662598e+01  -2.985846519470215e+01  7.913601875305176e+00  1.424995803833008e+01  -3.370918057044037e-05  -2.866402246581856e-05  -4.146517676417716e-05
  1.620000004768372e+00  9.691508789062500e+02  4.780324707031250e+02  1.642095756530762e+01  -2.169489860534668e+01  9.561528205871582e+00  1.409301185607910e+01  -3.736239523277618e-05  -2.802261769829784e-05  -4.315186743042432e-05
  1.625000000000000e+00  9.826282348632812e+02  4.782446899414062e+02  1.167570304870605e+01  -1.564570617675781e+01  7.977202415466309e+00  1.342262935638428e+01  -4.030755007988773e-05  -2.750959356490057e-05  -4.556840940495022e-05
  1.629999995231628e+00  1.002981933593750e+03  4.830119934082031e+02  1.139836215972900e+01  -7.359361171722412e+00  9.362833976745605e+00  1.311322307586670e+01  -4.375920252641663e-05  -2.675943869689945e-05  -4.738679490401410e-05
  1.634999990463257e+00  1.013065185546875e+03  4.826329956054688e+02  7.179128170013428e+00  -1.178195953369141e+00  7.498904705047607e+00  1.217167091369629e+01  -4.643722786568105e-05  -2.612892058095895e-05  -4.966440610587597e-05
  1.639999985694885e+00  1.029113281250000e+03  4.859127502441406e+02  5.366562366485596e+00  7.066833019256592e+00  8.861449241638184e+00  1.222903347015381e+01  -4.971635644324124e-05  -2.532008329581004e-05  -5.143010275787674e-05
  1.644999980926514e+00  1.044193359375000e+03  4.893657531738281e+02  4.632434844970703e+00  1.536773109436035e+01  9.971125602722168e+00  1.209973812103271e+01  -5.283491918817163e-05  -2.444226265652105e-05  -5.334366505849175e-05
  1.649999976158142e+00  1.048289062500000e+03  4.874667053222656e+02  8.060833811759949e-01  2.156737709045410e+01  7.869394779205322e+00  1.100126361846924e+01  -5.503319698618725e-05  -2.362302984693088e-05  -5.543268343899399e-05
  1.654999971389771e+00  1.058400878906250e+03  4.889830627441406e+02  -1.527434110641479e+00  2.973206710815430e+01  8.945827484130859e+00  1.133093070983887e+01  -5.789935676148161e-05  -2.268880234623794e-05  -5.727303141611628e-05
  1.659999966621399e+00  1.058110229492188e+03  4.857603759765625e+02  -4.910273551940918e+00  3.586608123779297e+01  6.843968868255615e+00  1.006123638153076e+01  -5.972135113552213e-05  -2.170578954974189e-05  -5.915633664699271e-05
  1.664999961853027e+00  1.064733154296875e+03  4.865785217285156e+02  -5.883376121520996e+00  4.396771240234375e+01  7.530634403228760e+00  1.029444694519043e+01  -6.218638009158894e-05  -2.064180262095761e-05  -6.110560207162052e-05
  1.669999957084656e+00  1.059997924804688e+03  4.819784545898438e+02  -8.508090019226074e+00  4.999243545532227e+01  5.450098037719727e+00  8.795747756958008e+00  -6.358977407217026e-05  -1.946080919879023e-05  -6.280218076426536e-05
  1.674999952316284e+00  1.060928222656250e+03  4.802344970703125e+02  -1.124318599700928e+01  5.780160140991211e+01  6.205391883850098e+00  9.610473632812500e+00  -6.573183782165870e-05  -1.834580143622588e-05  -6.461369775934145e-05
  1.679999947547913e+00  1.060504638671875e+03  4.783952026367188e+02  -1.247272586822510e+01  6.558406829833984e+01  6.606494426727295e+00  1.025539398193359e+01  -6.761369149899110e-05  -1.715210601105355e-05  -6.655501783825457e-05
  1.684999942779541e+00  1.048642333984375e+03  4.711944274902344e+02  -1.434523773193359e+01  7.127809906005859e+01  4.629467010498047e+00  8.655122756958008e+00  -6.837778346380219e-05  -1.570604035805445e-05  -6.798352842452005e-05
  1.690000057220459e+00  1.042383056640625e+03  4.665877685546875e+02  -1.715042304992676e+01  7.867894744873047e+01  5.127094745635986e+00  9.885876655578613e+00  -6.988377572270110e-05  -1.445819452783326e-05  -6.976672011660412e-05
  1.695000052452087e+00  1.025708007812500e+03  4.573879699707031e+02  -1.861655998229980e+01  8.412500762939453e+01  3.375437736511230e+00  8.105812072753906e+00  -7.021432247711346e-05  -1.282054381590569e-05  -7.096422632457688e-05
  1.700000047683716e+00  1.015643615722656e+03  4.516110229492188e+02  -1.956264686584473e+01  9.126120758056641e+01  3.513744354248047e+00  9.266636848449707e+00  -7.121417729649693e-05  -1.142762630479410e-05  -7.278211705852300e-05
  1.705000042915344e+00  1.002178100585938e+03  4.439035644531250e+02  -2.223024940490723e+01  9.812965393066406e+01  3.807549953460693e+00  1.090749645233154e+01  -7.202210690593347e-05  -1.005574904411333e-05  -7.448739052051678e-05
  1.710000038146973e+00  9.786309204101562e+02  4.317183837890625e+02  -2.293032836914062e+01  1.031015625000000e+02  2.293365716934204e+00  8.999396324157715e+00  -7.170772005338222e-05  -8.175517905328888e-06  -7.540007209172472e-05
  1.715000033378601e+00  9.614734497070312e+02  4.226833190917969e+02  -2.380637550354004e+01  1.096272583007812e+02  2.288847923278809e+00  1.057296276092529e+01  -7.199735409813002e-05  -6.676701104879612e-06  -7.708965858910233e-05
  1.720000028610229e+00  9.337413330078125e+02  4.085095825195312e+02  -2.405750465393066e+01  1.143223114013672e+02  9.965837597846985e-01  8.441725730895996e+00  -7.127100980142131e-05  -4.646773504646262e-06  -7.781714521115646e-05
  1.725000023841858e+00  9.114122924804688e+02  3.966854858398438e+02  -2.613120079040527e+01  1.203129653930664e+02  1.200799345970154e+00  1.049431419372559e+01  -7.114231266314164e-05  -3.133542122668587e-06  -7.930692663649097e-05
  1.730000019073486e+00  8.877669677734375e+02  3.844778442382812e+02  -2.679071235656738e+01  1.261359786987305e+02  1.118700027465820e+00  1.239866161346436e+01  -7.070427818689495e-05  -1.566944433761819e-06  -8.083172724582255e-05
  1.735000014305115e+00  8.544402465820312e+02  3.674186401367188e+02  -2.650430488586426e+01  1.303106536865234e+02  9.217655658721924e-02  1.009910678863525e+01  -6.940001912880689e-05  5.956793529549032e-07  -8.129581692628562e-05
  1.740000009536743e+00  8.264094848632812e+02  3.527492980957031e+02  -2.802451896667480e+01  1.355685882568359e+02  2.212271392345428e-01  1.236189746856689e+01  -6.854468665551394e-05  2.143702886314713e-06  -8.263596828328446e-05
  1.745000004768372e+00  7.899616088867188e+02  3.338076171875000e+02  -2.771820259094238e+01  1.394623413085938e+02  -5.852601528167725e-01  9.884539604187012e+00  -6.690333975711837e-05  4.338644885137910e-06  -8.292502025142312e-05
  1.750000000000000e+00  7.595171508789062e+02  3.180389099121094e+02  -2.765819358825684e+01  1.442684020996094e+02  -6.729877591133118e-01  1.196702384948730e+01  -6.556860171258450e-05  5.919731847825460e-06  -8.419978985330090e-05
  1.754999995231628e+00  7.269093017578125e+02  3.009206848144531e+02  -2.852453041076660e+01  1.487329101562500e+02  -5.821529030799866e-01  1.430564594268799e+01  -6.401557038770989e-05  7.431708581862040e-06  -8.537636313121766e-05
  1.759999990463257e+00  6.870219726562500e+02  2.797180480957031e+02  -2.793892097473145e+01  1.521128082275391e+02  -1.192624092102051e+00  1.162866020202637e+01  -6.190732528921217e-05  9.586061423760839e-06  -8.545197488274425e-05
  1.764999985694885e+00  6.527300415039062e+02  2.616862487792969e+02  -2.749450874328613e+01  1.560829620361328e+02  -1.280591487884521e+00  1.373470878601074e+01  -5.991982834530063e-05  1.106709805753781e-05  -8.653794066049159e-05
  1.769999980926514e+00  6.113682861328125e+02  2.391897277832031e+02  -2.701556396484375e+01  1.591928710937500e+02  -1.744247674942017e+00  1.092817592620850e+01  -5.755805614171550e-05  1.311997039010748e-05  -8.649636583868414e-05
  1.774999976158142e+00  5.750177612304688e+02  2.197074737548828e+02  -2.695940971374512e+01  1.625689849853516e+02  -1.681537747383118e+00  1.310986232757568e+01  -5.523166328202933e-05  1.445722500648117e-05  -8.743815124034882e-05
  1.779999971389771e+00  5.382462768554688e+02  1.999931640625000e+02  -2.610393905639648e+01  1.656579284667969e+02  -1.773368000984192e+00  1.509517765045166e+01  -5.266338484943844e-05  1.574949055793695e-05  -8.833924948703498e-05
  1.784999966621399e+00  4.959406433105469e+02  1.761494903564453e+02  -2.561915397644043e+01  1.682407836914062e+02  -2.121822834014893e+00  1.210956478118896e+01  -4.997347787139006e-05  1.756789242790546e-05  -8.812751184450462e-05
  1.789999961853027e+00  4.581756591796875e+02  1.555229034423828e+02  -2.492194747924805e+01  1.707289733886719e+02  -2.121023416519165e+00  1.404970073699951e+01  -4.712185545940883e-05  1.866272577899508e-05  -8.891348261386156e-05
  1.794999957084656e+00  4.160278015136719e+02  1.310053710937500e+02  -2.471570396423340e+01  1.730116424560547e+02  -2.374112367630005e+00  1.103490352630615e+01  -4.427647218108177e-05  2.025558205787092e-05  -8.859072113409638e-05
  1.799999952316284e+00  3.784564819335938e+02  1.101428375244141e+02  -2.329965209960938e+01  1.749213714599609e+02  -2.519029140472412e+00  1.263853073120117e+01  -4.114536568522453e-05  2.116435643984005e-05  -8.927069575292990e-05
  1.804999947547913e+00  3.405140991210938e+02  8.893427276611328e+01  -2.205575180053711e+01  1.764780883789062e+02  -2.613333702087402e+00  1.423540878295898e+01  -3.788014873862267e-05  2.193763066316023e-05  -8.990114292828366e-05
  1.809999942779541e+00  2.997242431640625e+02  6.407378387451172e+01  -2.196832275390625e+01  1.781659393310547e+02  -2.807493209838867e+00  1.110809612274170e+01  -3.486205241642892e-05  2.314424818905536e-05  -8.942704153014347e-05
  1.815000057220459e+00  2.625979614257812e+02  4.287018203735352e+01  -2.030206489562988e+01  1.791018524169922e+02  -3.036971092224121e+00  1.235594463348389e+01  -3.140473927487619e-05  2.368235436733812e-05  -8.993407391244546e-05
  1.820000052452087e+00  2.232879791259766e+02  1.797987556457520e+01  -2.052197837829590e+01  1.803997039794922e+02  -3.107639551162720e+00  9.314564704895020e+00  -2.833569487847853e-05  2.458147901052143e-05  -8.935137157095596e-05
  1.825000047683716e+00  1.871371917724609e+02  -3.101015806198120e+00  -1.871967124938965e+01  1.807146148681641e+02  -3.411363363265991e+00  1.034940052032471e+01  -2.476978988852352e-05  2.484380274836440e-05  -8.977126708487049e-05
  1.830000042915344e+00  1.513310546875000e+02  -2.419001579284668e+01  -1.691832351684570e+01  1.806355285644531e+02  -3.768360376358032e+00  1.119623851776123e+01  -2.112495167239103e-05  2.497352397767827e-05  -9.009821951622143e-05
  1.835000038146973e+00  1.149626922607422e+02  -4.858442687988281e+01  -1.727709770202637e+01  1.812146301269531e+02  -3.768676996231079e+00  8.147604942321777e+00  -1.805524516385049e-05  2.541961839597207e-05  -8.934050129028037e-05
  1.840000033378601e+00  8.064015197753906e+01  -6.923078918457031e+01  -1.525178527832031e+01  1.805019531250000e+02  -4.254665851593018e+00  8.748885154724121e+00  -1.439196330466075e-05  2.527319338696543e-05  -8.958045509643853e-05
  1.845000028610229e+00  4.657055282592773e+01  -9.310907745361328e+01  -1.577588844299316e+01  1.805907440185547e+02  -4.129442691802979e+00  5.875984668731689e+00  -1.138053630711511e-05  2.541166759328917e-05  -8.867912401910871e-05
  1.850000023841858e+00  1.381007862091064e+01  -1.133887710571289e+02  -1.391886997222900e+01  1.791551971435547e+02  -4.678709030151367e+00  6.196060657501221e+00  -7.749406904622447e-06  2.499586844351143e-05  -8.874783088685945e-05
  1.855000019073486e+00  -1.833833694458008e+01  -1.333627014160156e+02  -1.184783935546875e+01  1.773808746337891e+02  -5.364769458770752e+00  6.381114482879639e+00  -4.140425062360009e-06  2.446220787533093e-05  -8.877841173671186e-05
  1.860000014305115e+00  -4.879213333129883e+01  -1.561416625976562e+02  -1.239421176910400e+01  1.766161041259766e+02  -5.115006923675537e+00  3.614459037780762e+00  -1.310716584157490e-06  2.418788790237159e-05  -8.764783706283197e-05
  1.865000009536743e+00  -7.938288116455078e+01  -1.757019653320312e+02  -1.070837593078613e+01  1.740899047851562e+02  -5.831993579864502e+00  3.573814392089844e+00  2.166273361581261e-06  2.341598337807227e-05  -8.747671381570399e-05
  1.870000004768372e+00  -1.074474487304688e+02  -1.976654968261719e+02  -1.137856006622314e+01  1.727221221923828e+02  -5.357188224792480e+00  1.077149510383606e+00  4.816567525267601e-06  2.288345058332197e-05  -8.615539991296828e-05
  1.875000000000000e+00  -1.361642150878906e+02  -2.163374938964844e+02  -9.256715774536133e+00  1.695551605224609e+02  -6.298211574554443e+00  7.935663461685181e-01  8.107944267976563e-06  2.193789441662375e-05  -8.585794421378523e-05
  1.879999995231628e+00  -1.646791992187500e+02  -2.350981445312500e+02  -7.870300292968750e+00  1.659304351806641e+02  -7.168997287750244e+00  4.448914825916290e-01  1.128767871705350e-05  2.089331064780708e-05  -8.540786802768707e-05
  1.884999990463257e+00  -1.893132171630859e+02  -2.556119842529297e+02  -8.412642478942871e+00  1.636174774169922e+02  -6.503929615020752e+00  -1.838850736618042e+00  1.357596192974597e-05  2.007973125728313e-05  -8.378740312764421e-05
  1.889999985694885e+00  -2.160855255126953e+02  -2.734322204589844e+02  -6.553822040557861e+00  1.593613586425781e+02  -7.592714309692383e+00  -2.407670974731445e+00  1.648886063776445e-05  1.893559601739980e-05  -8.318325853906572e-05
  1.894999980926514e+00  -2.385405273437500e+02  -2.927994079589844e+02  -6.921380519866943e+00  1.564152832031250e+02  -6.726271629333496e+00  -4.398341178894043e+00  1.849432555900421e-05  1.798247285478283e-05  -8.134058589348570e-05
  1.899999976158142e+00  -2.643980407714844e+02  -3.103331298828125e+02  -5.903017044067383e+00  1.513808135986328e+02  -7.691542148590088e+00  -5.011859416961670e+00  2.107258296746295e-05  1.674410850682762e-05  -8.045430149650201e-05
  1.904999971389771e+00  -2.895976257324219e+02  -3.273377075195312e+02  -4.420540809631348e+00  1.460599822998047e+02  -8.870719909667969e+00  -5.799311637878418e+00  2.349289934500121e-05  1.552491085021757e-05  -7.949883729452267e-05
  1.909999966621399e+00  -3.093199157714844e+02  -3.450358581542969e+02  -4.497947692871094e+00  1.421678314208984e+02  -7.779171943664551e+00  -7.491937160491943e+00  2.498395406291820e-05  1.447413978894474e-05  -7.730355719104409e-05
  1.914999961853027e+00  -3.339347229003906e+02  -3.618017272949219e+02  -3.957879543304443e+00  1.360959320068359e+02  -8.783400535583496e+00  -8.258616447448730e+00  2.700761433516163e-05  1.324683034908958e-05  -7.604254642501473e-05
  1.919999957084656e+00  -3.521178283691406e+02  -3.782798156738281e+02  -3.916120052337646e+00  1.315878448486328e+02  -7.455472946166992e+00  -9.603384017944336e+00  2.812343336699996e-05  1.216777218360221e-05  -7.359340816037729e-05
  1.924999952316284e+00  -3.754510498046875e+02  -3.939750671386719e+02  -2.655766963958740e+00  1.249731674194336e+02  -8.659191131591797e+00  -1.054913806915283e+01  2.975869210786186e-05  1.105239334719954e-05  -7.213079516077414e-05
  1.929999947547913e+00  -3.991921997070312e+02  -4.099974670410156e+02  -2.624938011169434e+00  1.179322738647461e+02  -9.630833625793457e+00  -1.141478729248047e+01  3.116208608844317e-05  9.969454367819708e-06  -7.046717655612156e-05
  1.934999942779541e+00  -4.154307556152344e+02  -4.246096496582031e+02  -2.188903570175171e+00  1.125890350341797e+02  -8.104122161865234e+00  -1.240018653869629e+01  3.166634633089416e-05  8.976175195130054e-06  -6.764880527043715e-05
  1.940000057220459e+00  -4.380866699218750e+02  -4.395526733398438e+02  -1.422678828239441e+00  1.050617980957031e+02  -9.230748176574707e+00  -1.342325782775879e+01  3.265827399445698e-05  8.084419278020505e-06  -6.576671876246110e-05
  1.945000052452087e+00  -4.530937500000000e+02  -4.526014099121094e+02  -5.804112553596497e-01  9.922799682617188e+01  -7.577523708343506e+00  -1.408293342590332e+01  3.275384733569808e-05  7.180403827078408e-06  -6.273142935242504e-05
  1.950000047683716e+00  -4.758556823730469e+02  -4.674209289550781e+02  -1.039098978042603e+00  9.107968139648438e+01  -8.404412269592285e+00  -1.494013595581055e+01  3.328189268358983e-05  6.450894488807535e-06  -6.051276432117447e-05
  1.955000042915344e+00  -4.980079956054688e+02  -4.815710754394531e+02  -7.773055434226990e-01  8.274471282958984e+01  -9.381307601928711e+00  -1.599983882904053e+01  3.362168354215100e-05  5.889171461603837e-06  -5.820812293677591e-05
  1.960000038146973e+00  -5.115579528808594e+02  -4.924766845703125e+02  4.954413771629333e-01  7.628527069091797e+01  -7.607614040374756e+00  -1.626442718505859e+01  3.308616942376830e-05  5.206628884479869e-06  -5.484279245138168e-05
  1.965000033378601e+00  -5.338322753906250e+02  -5.064038696289062e+02  -4.353440999984741e-01  6.742162322998047e+01  -8.270721435546875e+00  -1.713049888610840e+01  3.297547300462611e-05  4.862164587393636e-06  -5.222226172918454e-05
  1.970000028610229e+00  -5.464531860351562e+02  -5.156310424804688e+02  1.052233576774597e+00  6.062983703613281e+01  -6.425290584564209e+00  -1.704335975646973e+01  3.203568485332653e-05  4.326384896558011e-06  -4.867286406806670e-05
  1.975000023841858e+00  -5.675942993164062e+02  -5.281952514648438e+02  1.029284596443176e+00  5.147765731811523e+01  -7.206478595733643e+00  -1.805295944213867e+01  3.155267404508777e-05  4.293732217774959e-06  -4.586581781040877e-05
  1.980000019073486e+00  -5.891994628906250e+02  -5.410490112304688e+02  -3.154731094837189e-01  4.203787612915039e+01  -7.665237426757812e+00  -1.890814208984375e+01  3.085135176661424e-05  4.389677997096442e-06  -4.287832780391909e-05
  1.985000014305115e+00  -6.003170166015625e+02  -5.477384033203125e+02  1.590695858001709e+00  3.489794540405273e+01  -5.819214344024658e+00  -1.842375755310059e+01  2.934621625172440e-05  4.138199983572122e-06  -3.909517909050919e-05
  1.990000009536743e+00  -6.206194458007812e+02  -5.591214599609375e+02  1.087644934654236e+00  2.526193237304688e+01  -6.368457794189453e+00  -1.940532302856445e+01  2.831820347637404e-05  4.555369741865434e-06  -3.594367080950178e-05
  1.995000004768372e+00  -6.304908447265625e+02  -5.637131347656250e+02  3.385037660598755e+00  1.799605941772461e+01  -4.570512294769287e+00  -1.861595726013184e+01  2.648386544024106e-05  4.477522907109233e-06  -3.209020724170841e-05
  2.000000000000000e+00  -6.504833374023438e+02  -5.745184936523438e+02  1.689872980117798e+00  8.091068267822266e+00  -4.826929569244385e+00  -1.936277770996094e+01  2.510848935344256e-05  5.139810582477367e-06  -2.870720709324814e-05
