TITLE = "Temporal Signal for receiver number 00009"
VARIABLES = "Time","s_xx","s_yy","s_zz","s_xy","s_yz","s_xz","v1","v2","v3"
# x1       8.647000000000e+03
# x2       5.764000000000e+03
# x3       -1.000000000000e-01
  0.000000000000000e+00  0.000000000000000e+00  0.000000000000000e+00  0.000000000000000e+00  0.000000000000000e+00  0.000000000000000e+00  0.000000000000000e+00  0.000000000000000e+00  0.000000000000000e+00  0.000000000000000e+00
  4.999999888241291e-03  -8.896262817382812e+02  -9.434018554687500e+02  -1.779348999023438e+03  2.176687479019165e+00  6.898739624023438e+02  -3.974020385742188e+02  -3.631318759289570e-05  7.058023766148835e-05  -2.151784719899297e-04
  9.999999776482582e-03  -1.909430297851562e+03  -2.107279785156250e+03  -3.372622558593750e+03  1.396563262939453e+02  1.331941040039062e+03  -7.736743774414062e+02  -9.266144479624927e-05  1.663835573708639e-04  -3.858135314658284e-04
  1.499999966472387e-02  -1.228225708007812e+03  -1.663561767578125e+03  -1.280229370117188e+03  3.652304992675781e+02  1.277911499023438e+03  -6.549376831054688e+02  -6.036497870809399e-05  1.360717142233625e-04  -2.085963060380891e-04
  1.999999955296516e-02  -1.031933227539062e+03  -1.676580322265625e+03  -8.121842193603516e+01  6.232722778320312e+02  1.158017456054688e+03  -5.717005615234375e+02  -7.146492862375453e-05  1.557280338602141e-04  -7.619847747264430e-05
  2.500000037252903e-02  -4.666104431152344e+02  -1.404442871093750e+03  2.036322753906250e+03  9.452553100585938e+02  3.787138061523438e+02  -1.341359329223633e+01  -4.309792529966217e-06  7.315377297345549e-05  1.390503457514569e-04
  2.999999932944775e-02  1.464923095703125e+02  -9.283499145507812e+02  3.850659912109375e+03  1.149524169921875e+03  -7.716181945800781e+01  2.852822265625000e+02  1.914881067932583e-05  3.734424171852879e-05  3.253019822295755e-04
  3.500000014901161e-02  9.579854125976562e+02  -1.956016387939453e+02  5.864097656250000e+03  1.296925781250000e+03  -6.200679931640625e+02  6.517091674804688e+02  6.167847459437326e-05  -2.804766882036347e-05  5.224401829764247e-04
  3.999999910593033e-02  -1.601965637207031e+02  -1.465210449218750e+03  4.205480468750000e+03  1.506575561523438e+03  -9.325773925781250e+02  8.856812133789062e+02  7.023891521384940e-05  -3.581940836738795e-05  3.632869629655033e-04
  4.500000178813934e-02  2.868324890136719e+02  -9.697533569335938e+02  5.066712402343750e+03  1.525796020507812e+03  -1.322526855468750e+03  1.172061401367188e+03  1.155248901341110e-04  -1.089866855181754e-04  4.341358144301921e-04
  5.000000074505806e-02  -1.063238647460938e+03  -2.299898681640625e+03  2.470279785156250e+03  1.587808715820312e+03  -1.149925903320312e+03  1.041938110351562e+03  7.610317697981372e-05  -7.256615936057642e-05  1.708458439679816e-04
  5.499999970197678e-02  -9.172733154296875e+02  -2.003752197265625e+03  2.389219482421875e+03  1.499279907226562e+03  -1.331115600585938e+03  1.198770751953125e+03  1.146855647675693e-04  -1.411412813467905e-04  1.406413357472047e-04
  5.999999865889549e-02  -9.591463012695312e+02  -1.869323486328125e+03  1.834195190429688e+03  1.378102783203125e+03  -1.440445068359375e+03  1.314473510742188e+03  1.510715228505433e-04  -2.058279060292989e-04  6.278604996623471e-05
  6.499999761581421e-02  -1.560399536132812e+03  -2.251289062500000e+03  1.559512939453125e+02  1.253288574218750e+03  -1.010407836914062e+03  9.483625488281250e+02  9.474555554334074e-05  -1.772174000507221e-04  -1.257559197256342e-04
  7.000000029802322e-02  -1.679913085937500e+03  -2.158118896484375e+03  -6.897205200195312e+02  1.086162719726562e+03  -9.861817626953125e+02  9.597423706054688e+02  1.194448195747100e-04  -2.295931917615235e-04  -2.328619448235258e-04
  7.500000298023224e-02  -1.413901977539062e+03  -1.594626831054688e+03  -8.822199096679688e+02  8.786919555664062e+02  -6.442850952148438e+02  6.148617553710938e+02  7.781312160659581e-05  -2.355702454224229e-04  -2.810464065987617e-04
  7.999999821186066e-02  -1.477994873046875e+03  -1.450294433593750e+03  -1.633271972656250e+03  7.037188110351562e+02  -5.670294189453125e+02  5.685216674804688e+02  9.301960380980745e-05  -2.767255646176636e-04  -3.746146685443819e-04
  8.500000089406967e-02  -1.575889770507812e+03  -1.352225097656250e+03  -2.425426757812500e+03  5.351148071289062e+02  -4.595495910644531e+02  4.920057678222656e+02  1.014204244711436e-04  -3.082837793044746e-04  -4.687776090577245e-04
  9.000000357627869e-02  -7.375117797851562e+02  -2.373983764648438e+02  -1.491982666015625e+03  3.180050354003906e+02  -2.723148803710938e+02  2.340560607910156e+02  7.678375550312921e-05  -3.360614355187863e-04  -3.992912534158677e-04
  9.499999880790710e-02  -7.022014770507812e+02  -4.610057449340820e+01  -1.926049316406250e+03  1.760437469482422e+02  -1.744180297851562e+02  1.413954772949219e+02  7.783321052556857e-05  -3.571767301764339e-04  -4.498848575167358e-04
  1.000000014901161e-01  1.074135360717773e+02  9.715971679687500e+02  -9.362142944335938e+02  -8.102421760559082e+00  -9.317281341552734e+01  -1.721104812622070e+01  6.749763997504488e-05  -3.887717612087727e-04  -3.646484983619303e-04
  1.049999967217445e-01  2.215654907226562e+02  1.190493652343750e+03  -1.081835449218750e+03  -1.118931655883789e+02  -1.599631404876709e+01  -1.114389572143555e+02  6.238979403860867e-05  -3.987375239375979e-04  -3.784514556173235e-04
  1.099999994039536e-01  3.797042541503906e+02  1.432580932617188e+03  -1.075968627929688e+03  -1.981792755126953e+02  6.020796966552734e+01  -2.163400268554688e+02  5.253320705378428e-05  -4.023624642286450e-04  -3.749590250663459e-04
  1.150000020861626e-01  9.036139526367188e+02  2.043716796875000e+03  -3.938229370117188e+02  -3.049373474121094e+02  6.530671691894531e+01  -2.796667175292969e+02  5.052830601925962e-05  -4.188277234788984e-04  -3.043635515496135e-04
  1.199999973177910e-01  1.060287597656250e+03  2.234233886718750e+03  -2.436248321533203e+02  -3.502805786132812e+02  1.197371749877930e+02  -3.763099365234375e+02  3.651330553111620e-05  -4.117863136343658e-04  -2.814279287122190e-04
  1.250000000000000e-01  1.249114135742188e+03  2.428286376953125e+03  -3.580868911743164e+01  -4.018584594726562e+02  1.056421279907227e+02  -3.811773071289062e+02  3.978283348260447e-05  -4.115612246096134e-04  -2.493304782547057e-04
  1.299999952316284e-01  1.347670410156250e+03  2.518212402343750e+03  1.391762695312500e+02  -4.104396667480469e+02  1.463193511962891e+02  -4.684062805175781e+02  2.280404805787839e-05  -3.941931063309312e-04  -2.208800287917256e-04
  1.350000053644180e-01  1.440259399414062e+03  2.587415527343750e+03  3.612162170410156e+02  -4.045525207519531e+02  1.837282562255859e+02  -5.583162841796875e+02  3.379135023351409e-06  -3.726596187334508e-04  -1.871689892141148e-04
  1.400000005960464e-01  1.304603393554688e+03  2.376690917968750e+03  1.632319488525391e+02  -3.939232482910156e+02  1.585929412841797e+02  -5.078721618652344e+02  1.105219962482806e-05  -3.514261916279793e-04  -1.887999969767407e-04
  1.449999958276749e-01  1.293298217773438e+03  2.312903564453125e+03  2.942148437500000e+02  -3.613158264160156e+02  1.907266387939453e+02  -5.848382568359375e+02  -9.155104635283351e-06  -3.217885387130082e-04  -1.622100826352835e-04
  1.500000059604645e-01  1.042462158203125e+03  1.952929077148438e+03  -1.168680429458618e+00  -3.206849670410156e+02  1.640268707275391e+02  -5.056035461425781e+02  1.558647113597544e-06  -2.891251642722636e-04  -1.713082019705325e-04
  1.550000011920929e-01  9.366565551757812e+02  1.774978027343750e+03  3.350025177001953e+01  -2.697029724121094e+02  1.945994873046875e+02  -5.678148803710938e+02  -1.824833270802628e-05  -2.536721003707498e-04  -1.525707630207762e-04
  1.599999964237213e-01  7.909209594726562e+02  1.549900024414062e+03  2.344677734375000e+01  -2.119748229980469e+02  2.259558715820312e+02  -6.270803833007812e+02  -3.855925024254248e-05  -2.160594740416855e-04  -1.372764090774581e-04
  1.650000065565109e-01  4.909764404296875e+02  1.120205200195312e+03  -2.419207611083984e+02  -1.493785705566406e+02  1.956597137451172e+02  -5.164414062500000e+02  -2.421219687676057e-05  -1.756125566316769e-04  -1.419623295078054e-04
  1.700000017881393e-01  2.802145690917969e+02  8.207467041015625e+02  -3.283819580078125e+02  -8.446504211425781e+01  2.273395843505859e+02  -5.578187255859375e+02  -4.257072214386426e-05  -1.356514985673130e-04  -1.328376820310950e-04
  1.749999970197678e-01  3.680392074584961e+01  4.483326416015625e+02  -4.325500488281250e+02  -1.683305168151855e+01  1.935420532226562e+02  -4.407362670898438e+02  -2.800523725454696e-05  -9.428524208487943e-05  -1.216935852426104e-04
  1.800000071525574e-01  -2.048772430419922e+02  1.142908172607422e+02  -5.546905517578125e+02  4.873749160766602e+01  2.248850708007812e+02  -4.649196777343750e+02  -4.389083187561482e-05  -5.430917371995747e-05  -1.155130521510728e-04
  1.850000023841858e-01  -4.681104431152344e+02  -2.429329528808594e+02  -7.142254638671875e+02  1.140698928833008e+02  2.572312927246094e+02  -4.829377136230469e+02  -5.876219438505359e-05  -1.424221773049794e-05  -1.129383890656754e-04
  1.899999976158142e-01  -6.272777099609375e+02  -5.200803833007812e+02  -6.377166748046875e+02  1.763373565673828e+02  2.180397644042969e+02  -3.609416809082031e+02  -4.386196451378055e-05  2.304628105775919e-05  -8.540952694602311e-05
  1.949999928474426e-01  -8.809695434570312e+02  -8.651489257812500e+02  -7.875873413085938e+02  2.354615936279297e+02  2.482917327880859e+02  -3.643412780761719e+02  -5.553194205276668e-05  6.060395753593184e-05  -8.311840065289289e-05
  2.000000029802322e-01  -9.768036499023438e+02  -1.063459472656250e+03  -6.070535888671875e+02  2.903523559570312e+02  2.067940216064453e+02  -2.574099731445312e+02  -4.333736796979792e-05  9.297169890487567e-05  -4.754817200591788e-05
  2.049999982118607e-01  -1.203315551757812e+03  -1.375278076171875e+03  -7.313715820312500e+02  3.405372314453125e+02  2.338682403564453e+02  -2.501583709716797e+02  -5.173296813154593e-05  1.268693158635870e-04  -4.514899410423823e-05
  2.099999934434891e-01  -1.424106201171875e+03  -1.678988769531250e+03  -8.616553344726562e+02  3.865550537109375e+02  2.602003784179688e+02  -2.373005065917969e+02  -5.814812175231054e-05  1.594085333636031e-04  -4.459816773305647e-05
  2.150000035762787e-01  -1.445301513671875e+03  -1.777827758789062e+03  -6.019838256835938e+02  4.254284057617188e+02  2.144881134033203e+02  -1.490230102539062e+02  -4.764922050526366e-05  1.828688691603020e-04  -6.118440978752915e-06
  2.199999988079071e-01  -1.622967651367188e+03  -2.028409545898438e+03  -6.951479492187500e+02  4.604293518066406e+02  2.363397521972656e+02  -1.300787048339844e+02  -5.069032340543345e-05  2.107114705722779e-04  -5.177161710889777e-06
  2.249999940395355e-01  -1.617567138671875e+03  -2.079662353515625e+03  -4.457701110839844e+02  4.883442687988281e+02  1.908609924316406e+02  -6.545256042480469e+01  -4.313492900109850e-05  2.278255415149033e-04  2.873453740903642e-05
  2.300000041723251e-01  -1.751285400390625e+03  -2.274649169921875e+03  -5.075107727050781e+02  5.123089599609375e+02  2.081081848144531e+02  -4.332748413085938e+01  -4.308757706894539e-05  2.507389872334898e-04  2.971226604131516e-05
  2.349999994039536e-01  -1.867621459960938e+03  -2.447358642578125e+03  -5.618203735351562e+02  5.313679809570312e+02  2.235120086669922e+02  -1.702383995056152e+01  -4.105084371985868e-05  2.716329181566834e-04  3.050761915801559e-05
  2.399999946355820e-01  -1.820211914062500e+03  -2.427876953125000e+03  -3.300554504394531e+02  5.427568969726562e+02  1.768890228271484e+02  2.273592567443848e+01  -3.530006142682396e-05  2.795692998915911e-04  5.790893192170188e-05
  2.450000047683716e-01  -1.894478515625000e+03  -2.545519287109375e+03  -3.594654235839844e+02  5.518863525390625e+02  1.878233642578125e+02  4.951530838012695e+01  -3.096005457337014e-05  2.954398223664612e-04  5.931569467065856e-05
  2.500000000000000e-01  -1.837805541992188e+03  -2.497253173828125e+03  -1.777803649902344e+02  5.535109863281250e+02  1.443849182128906e+02  6.973982238769531e+01  -2.750775274762418e-05  2.976710384245962e-04  7.950538565637544e-05
  2.549999952316284e-01  -1.875484130859375e+03  -2.565313964843750e+03  -1.900798950195312e+02  5.541488647460938e+02  1.513997955322266e+02  9.548897552490234e+01  -2.163801036658697e-05  3.087022050749511e-04  8.172725210897624e-05
  2.599999904632568e-01  -1.895664672851562e+03  -2.610354248046875e+03  -1.926829986572266e+02  5.510637207031250e+02  1.564957275390625e+02  1.237453155517578e+02  -1.467409310862422e-05  3.176360623911023e-04  8.495141082676128e-05
  2.649999856948853e-01  -1.818554321289062e+03  -2.517888916015625e+03  -5.736177444458008e+01  5.410361328125000e+02  1.160885848999023e+02  1.233401641845703e+02  -1.361934664600994e-05  3.122550551779568e-04  9.884721657726914e-05
  2.700000107288361e-01  -1.810329467773438e+03  -2.522262695312500e+03  -5.025390243530273e+01  5.318328247070312e+02  1.179365615844727e+02  1.482646179199219e+02  -6.458342340920353e-06  3.167462127748877e-04  1.029817576636560e-04
  2.750000059604645e-01  -1.731708007812500e+03  -2.415230957031250e+03  3.945544433593750e+01  5.157662353515625e+02  8.341740417480469e+01  1.353832855224609e+02  -7.477519375242991e-06  3.071060054935515e-04  1.116430285037495e-04
  2.800000011920929e-01  -1.701970703125000e+03  -2.387013916015625e+03  5.063426971435547e+01  5.021144409179688e+02  8.250338745117188e+01  1.557592163085938e+02  -9.125049587055400e-07  3.076175926253200e-04  1.161607506219298e-04
  2.849999964237213e-01  -1.659703002929688e+03  -2.341153076171875e+03  6.974976348876953e+01  4.863595886230469e+02  7.978253173828125e+01  1.758620910644531e+02  5.612405402644072e-06  3.063175245188177e-04  1.211791386594996e-04
  2.899999916553497e-01  -1.578342895507812e+03  -2.216911865234375e+03  1.137890014648438e+02  4.648865356445312e+02  5.109738540649414e+01  1.488896942138672e+02  1.715445023364737e-06  2.915349323302507e-04  1.245811436092481e-04
  2.949999868869781e-01  -1.523980468750000e+03  -2.149630371093750e+03  1.302696990966797e+02  4.466453552246094e+02  4.597837829589844e+01  1.624752044677734e+02  6.702691734972177e-06  2.870043390430510e-04  1.285728358197957e-04
  3.000000119209290e-01  -1.446193481445312e+03  -2.023328369140625e+03  1.446983184814453e+02  4.227457885742188e+02  2.416351318359375e+01  1.308303070068359e+02  1.488234943280986e-06  2.699780161492527e-04  1.280327123822644e-04
  3.050000071525574e-01  -1.385239257812500e+03  -1.941630371093750e+03  1.552495117187500e+02  4.029248657226562e+02  1.688391685485840e+01  1.377400207519531e+02  4.711379460786702e-06  2.628401853144169e-04  1.301298761973158e-04
  3.100000023841858e-01  -1.319020996093750e+03  -1.850843872070312e+03  1.681701202392578e+02  3.821311645507812e+02  7.909945487976074e+00  1.419510345458984e+02  7.224500222946517e-06  2.544626186136156e-04  1.313328248215839e-04
  3.149999976158142e-01  -1.247288940429688e+03  -1.725458862304688e+03  1.535593719482422e+02  3.568114013671875e+02  -7.385776996612549e+00  1.060427322387695e+02  2.858263883354084e-07  2.354465250391513e-04  1.261359284399077e-04
  3.199999928474426e-01  -1.181169555664062e+03  -1.629293823242188e+03  1.572657623291016e+02  3.352610473632812e+02  -1.810775756835938e+01  1.038236312866211e+02  1.015169573292951e-06  2.254047867609188e-04  1.246822212124243e-04
  3.249999880790710e-01  -1.112267944335938e+03  -1.507362548828125e+03  1.349290161132812e+02  3.092301025390625e+02  -2.685695457458496e+01  7.196119689941406e+01  -5.712958227377385e-06  2.064107102341950e-04  1.175503275590017e-04
  3.300000131130219e-01  -1.048519042968750e+03  -1.409827514648438e+03  1.306989440917969e+02  2.871553039550781e+02  -3.888516235351562e+01  6.476916503906250e+01  -6.433088856283575e-06  1.953736937139183e-04  1.137797589763068e-04
  3.350000083446503e-01  -9.816183471679688e+02  -1.292482910156250e+03  1.083534011840820e+02  2.606543273925781e+02  -4.161837005615234e+01  3.965829086303711e+01  -1.237730702996487e-05  1.772061368683353e-04  1.060085851349868e-04
  3.400000035762787e-01  -9.212425537109375e+02  -1.196257568359375e+03  9.896585083007812e+01  2.380895385742188e+02  -5.440401458740234e+01  2.924430274963379e+01  -1.409312972100452e-05  1.657803804846480e-04  1.007724858936854e-04
  3.449999988079071e-01  -8.620665283203125e+02  -1.099920898437500e+03  8.825124359130859e+01  2.150106048583984e+02  -6.808573913574219e+01  1.644215583801270e+01  -1.627788333280478e-05  1.540028606541455e-04  9.510046220384538e-05
  3.499999940395355e-01  -8.000615844726562e+02  -9.922606201171875e+02  6.943811035156250e+01  1.881433410644531e+02  -6.475438690185547e+01  4.247466325759888e-01  -2.108514308929443e-05  1.377835287712514e-04  8.805375546216965e-05
  3.549999892711639e-01  -7.449852294921875e+02  -9.001785278320312e+02  5.785815048217773e+01  1.646246795654297e+02  -7.819009399414062e+01  -1.314477157592773e+01  -2.356781442358624e-05  1.263572048628703e-04  8.270472608273849e-05
  3.600000143051147e-01  -6.863547973632812e+02  -8.014702758789062e+02  4.599844360351562e+01  1.373535766601562e+02  -7.018330383300781e+01  -2.002268218994141e+01  -2.675456198630854e-05  1.122348839999177e-04  7.782441389281303e-05
  3.650000095367432e-01  -6.351204223632812e+02  -7.145288696289062e+02  3.664787673950195e+01  1.134096221923828e+02  -8.274942016601562e+01  -3.287777328491211e+01  -2.907808629970532e-05  1.015261077554896e-04  7.398004527203739e-05
  3.700000047683716e-01  -5.852964477539062e+02  -6.293314208984375e+02  2.906462860107422e+01  8.917282867431641e+01  -9.519328308105469e+01  -4.622801589965820e+01  -3.139110413030721e-05  9.094068809645250e-05  7.118735084077343e-05
  3.750000000000000e-01  -5.345450439453125e+02  -5.462354125976562e+02  2.398204994201660e+01  6.159899139404297e+01  -8.230482482910156e+01  -4.308041381835938e+01  -3.251230009482242e-05  7.990888843778521e-05  7.023503712844104e-05
  3.799999952316284e-01  -4.880610046386719e+02  -4.670582275390625e+02  2.166170883178711e+01  3.716779327392578e+01  -9.292937469482422e+01  -5.398289871215820e+01  -3.416905019548722e-05  7.040624768706039e-05  7.011186244199052e-05
  3.849999904632568e-01  -4.453255920410156e+02  -3.977847595214844e+02  1.690972518920898e+01  9.590076446533203e+00  -7.765457916259766e+01  -4.531693267822266e+01  -3.382672730367631e-05  6.157517054816708e-05  7.188469317043200e-05
  3.899999856948853e-01  -4.022292175292969e+02  -3.252735595703125e+02  1.976057434082031e+01  -1.477417182922363e+01  -8.609156799316406e+01  -5.335930252075195e+01  -3.467982242000289e-05  5.324393714545295e-05  7.450258999597281e-05
  3.950000107288361e-01  -3.598192138671875e+02  -2.548039093017578e+02  2.615070152282715e+01  -3.907139968872070e+01  -9.346127319335938e+01  -6.037731170654297e+01  -3.524472413118929e-05  4.525195618043654e-05  7.854834984755144e-05
  4.000000059604645e-01  -3.290331726074219e+02  -2.049937896728516e+02  1.882627868652344e+01  -6.597626495361328e+01  -7.582627105712891e+01  -4.697759246826172e+01  -3.323463897686452e-05  3.915062188752927e-05  8.342041837750003e-05
  4.050000011920929e-01  -2.901883544921875e+02  -1.420308074951172e+02  2.831518173217773e+01  -8.970801544189453e+01  -8.057214355468750e+01  -5.087162399291992e+01  -3.297675357316621e-05  3.231216032872908e-05  8.946688467403874e-05
  4.099999964237213e-01  -2.681278381347656e+02  -1.055921630859375e+02  1.574000740051270e+01  -1.155776977539062e+02  -6.334749221801758e+01  -3.745482635498047e+01  -3.029495928785764e-05  2.766365105344448e-05  9.536553261568770e-05
  4.149999916553497e-01  -2.329318389892578e+02  -5.041732406616211e+01  2.591028594970703e+01  -1.383968658447266e+02  -6.556149291992188e+01  -3.865217208862305e+01  -2.936893906735349e-05  2.182012940465938e-05  1.024568409775384e-04
  4.199999868869781e-01  -1.987486267089844e+02  1.718052029609680e+00  3.691125106811523e+01  -1.606666259765625e+02  -6.625334930419922e+01  -3.838198471069336e+01  -2.823048998834565e-05  1.631311533856206e-05  1.098698994610459e-04
  4.250000119209290e-01  -1.856755981445312e+02  2.268166160583496e+01  1.803393363952637e+01  -1.842146911621094e+02  -4.977349090576172e+01  -2.604651260375977e+01  -2.503071300452575e-05  1.316371253778925e-05  1.156594153144397e-04
  4.300000071525574e-01  -1.551872100830078e+02  6.663777923583984e+01  2.588477897644043e+01  -2.050318450927734e+02  -4.823031234741211e+01  -2.372860145568848e+01  -2.355623109906446e-05  8.397260899073444e-06  1.224779844051227e-04
  4.350000023841858e-01  -1.445756835937500e+02  8.127028656005859e+01  6.094258785247803e+00  -2.263219299316406e+02  -3.440924453735352e+01  -1.465610790252686e+01  -2.055097502307035e-05  5.725354185415199e-06  1.273989619221538e-04
  4.399999976158142e-01  -1.171874008178711e+02  1.175275650024414e+02  9.464966773986816e+00  -2.453564758300781e+02  -3.111516761779785e+01  -1.091872024536133e+01  -1.901637369883247e-05  1.483074015595776e-06  1.327233185293153e-04
  4.449999928474426e-01  -9.138485717773438e+01  1.499155578613281e+02  9.769461631774902e+00  -2.634849853515625e+02  -2.659969711303711e+01  -6.123685359954834e+00  -1.752964271872770e-05  -2.561541577961179e-06  1.370228710584342e-04
  4.499999880790710e-01  -8.008236694335938e+01  1.591765594482422e+02  -8.670424461364746e+00  -2.809743652343750e+02  -1.593430519104004e+01  -7.592849731445312e-01  -1.511561367806280e-05  -4.942391115037026e-06  1.395723811583593e-04
  4.550000131130219e-01  -5.634495544433594e+01  1.849284973144531e+02  -1.374608898162842e+01  -2.969683227539062e+02  -1.051246833801270e+01  4.638050079345703e+00  -1.392634385410929e-05  -8.718563549336977e-06  1.414793223375455e-04
  4.600000083446503e-01  -3.991480255126953e+01  1.956840515136719e+02  -2.503876876831055e+01  -3.113955688476562e+02  -3.351555585861206e+00  6.526159763336182e+00  -1.222749506268883e-05  -1.123239962907974e-05  1.424994406988844e-04
  4.650000035762787e-01  -1.693816947937012e+01  2.163531951904297e+02  -3.413029861450195e+01  -3.250986328125000e+02  2.385809421539307e+00  1.209828662872314e+01  -1.151905053120572e-05  -1.487611007178202e-05  1.419253094354644e-04
  4.699999988079071e-01  4.512836456298828e+00  2.334467468261719e+02  -4.742589950561523e+01  -3.377103881835938e+02  8.562064170837402e+00  1.798170661926270e+01  -1.106173385778675e-05  -1.842307574406732e-05  1.399417378706858e-04
  4.749999940395355e-01  2.935666847229004e+01  2.472639770507812e+02  -4.838015365600586e+01  -3.476703186035156e+02  1.189957427978516e+01  1.655634498596191e+01  -1.046022953232750e-05  -2.115661482093856e-05  1.386328804073855e-04
  4.799999892711639e-01  5.143564224243164e+01  2.613629455566406e+02  -6.322449111938477e+01  -3.578781433105469e+02  1.760372543334961e+01  2.202066230773926e+01  -1.062184855982196e-05  -2.465201396262273e-05  1.345849013887346e-04
  4.850000143051147e-01  8.332250976562500e+01  2.793766174316406e+02  -5.512528610229492e+01  -3.646616210937500e+02  1.820880699157715e+01  1.852768898010254e+01  -1.075362888514064e-05  -2.752913860604167e-05  1.322185125900432e-04
  4.900000095367432e-01  1.066789321899414e+02  2.918199157714844e+02  -6.954452514648438e+01  -3.724713134765625e+02  2.317102813720703e+01  2.337450408935547e+01  -1.152649201685563e-05  -3.095699503319338e-05  1.266978943021968e-04
  4.950000047683716e-01  1.292691802978516e+02  3.022946166992188e+02  -8.585038757324219e+01  -3.791478881835938e+02  2.791395759582520e+01  2.790313148498535e+01  -1.256735686183674e-05  -3.428448690101504e-05  1.204469881486148e-04
  5.000000000000000e-01  1.687534179687500e+02  3.247752685546875e+02  -6.720694732666016e+01  -3.816652526855469e+02  2.592045783996582e+01  2.269159126281738e+01  -1.357576184091158e-05  -3.714017657330260e-05  1.172172051155940e-04
  5.049999952316284e-01  1.930052337646484e+02  3.352641906738281e+02  -8.030056762695312e+01  -3.859933166503906e+02  2.972495651245117e+01  2.632927894592285e+01  -1.510677611804567e-05  -4.030747004435398e-05  1.105740666389465e-04
  5.099999904632568e-01  2.348994750976562e+02  3.591425781250000e+02  -5.846992874145508e+01  -3.857587890625000e+02  2.666939735412598e+01  2.057241821289062e+01  -1.647012140892912e-05  -4.295429607736878e-05  1.070988801075146e-04
  5.149999856948853e-01  2.602747802734375e+02  3.700310363769531e+02  -6.761796569824219e+01  -3.877870788574219e+02  2.967921447753906e+01  2.330420112609863e+01  -1.834655085986014e-05  -4.585758506436832e-05  1.007056271191686e-04
  5.199999809265137e-01  2.853460693359375e+02  3.804878845214844e+02  -7.585084533691406e+01  -3.887278747558594e+02  3.236619186401367e+01  2.538721275329590e+01  -2.033408236457035e-05  -4.857400199398398e-05  9.454960672883317e-05
  5.249999761581421e-01  3.273478088378906e+02  4.045884704589844e+02  -5.134104156494141e+01  -3.848825683593750e+02  2.868321609497070e+01  1.938471412658691e+01  -2.190131635870785e-05  -5.068132668384351e-05  9.158616012427956e-05
  5.299999713897705e-01  3.525546264648438e+02  4.157013549804688e+02  -5.507756805419922e+01  -3.836076965332031e+02  3.090944099426270e+01  2.055606460571289e+01  -2.397194839431904e-05  -5.298302130540833e-05  8.645070192869753e-05
  5.350000262260437e-01  3.906318359375000e+02  4.369055480957031e+02  -3.475694274902344e+01  -3.775986633300781e+02  2.745545768737793e+01  1.500212383270264e+01  -2.538516127970070e-05  -5.456703001982532e-05  8.377157791983336e-05
  5.400000214576721e-01  4.148727722167969e+02  4.482232055664062e+02  -3.486869812011719e+01  -3.741882934570312e+02  2.951337242126465e+01  1.537065315246582e+01  -2.734832378337160e-05  -5.636472997139208e-05  7.988014840520918e-05
  5.450000166893005e-01  4.384580993652344e+02  4.595286560058594e+02  -3.312602996826172e+01  -3.697068481445312e+02  3.154570579528809e+01  1.504770088195801e+01  -2.920868973887991e-05  -5.787130794487894e-05  7.670134800719097e-05
  5.500000119209290e-01  4.695070190429688e+02  4.762870178222656e+02  -1.797708511352539e+01  -3.607562866210938e+02  2.858610916137695e+01  1.017238616943359e+01  -3.010943146364298e-05  -5.859183147549629e-05  7.499921048292890e-05
  5.550000071525574e-01  4.907801208496094e+02  4.870129699707031e+02  -1.406916904449463e+01  -3.542125854492188e+02  3.081788635253906e+01  9.217024803161621e+00  -3.160343112540431e-05  -5.949495243839920e-05  7.309186912607402e-05
  5.600000023841858e-01  5.149183349609375e+02  4.989264526367188e+02  -5.815250873565674e+00  -3.435932922363281e+02  2.824267959594727e+01  5.224182605743408e+00  -3.195033059455454e-05  -5.960803900961764e-05  7.178232044680044e-05
  5.649999976158142e-01  5.330640258789062e+02  5.083309631347656e+02  -1.113346576690674e+00  -3.350374755859375e+02  3.079441642761230e+01  3.776215076446533e+00  -3.293449117336422e-05  -5.987102122162469e-05  7.095433102222160e-05
  5.699999928474426e-01  5.499549560546875e+02  5.172410888671875e+02  4.470785617828369e+00  -3.254682617187500e+02  3.362084197998047e+01  1.823032140731812e+00  -3.363374707987532e-05  -5.978929766570218e-05  7.065736281219870e-05
  5.749999880790710e-01  5.653039550781250e+02  5.233348999023438e+02  5.776754856109619e+00  -3.124396362304688e+02  3.125953292846680e+01  -1.090710520744324e+00  -3.299407399026677e-05  -5.902039265492931e-05  7.003244536463171e-05
  5.799999833106995e-01  5.785252075195312e+02  5.300861206054688e+02  1.049340343475342e+01  -3.009679565429688e+02  3.448112487792969e+01  -3.284296751022339e+00  -3.302186814835295e-05  -5.828995563206263e-05  7.036495662759990e-05
  5.849999785423279e-01  5.883489990234375e+02  5.323255004882812e+02  7.454885959625244e+00  -2.866486816406250e+02  3.187391471862793e+01  -5.284076690673828e+00  -3.165384987369180e-05  -5.699485700461082e-05  7.000951882218942e-05
  5.899999737739563e-01  5.980982055664062e+02  5.366846923828125e+02  1.079913425445557e+01  -2.733854370117188e+02  3.541035079956055e+01  -7.556412220001221e+00  -3.095060310442932e-05  -5.564637831412256e-05  7.066053512971848e-05
  5.950000286102295e-01  6.062580566406250e+02  5.397544555664062e+02  1.347511959075928e+01  -2.592129211425781e+02  3.929716491699219e+01  -1.003802871704102e+01  -2.987960760947317e-05  -5.396603228291497e-05  7.138329965528101e-05
  6.000000238418579e-01  6.104841308593750e+02  5.378810424804688e+02  7.139652729034424e+00  -2.429883575439453e+02  3.602388381958008e+01  -1.095893192291260e+01  -2.741239040915389e-05  -5.196086567593738e-05  7.123323302948847e-05
  6.050000190734863e-01  6.157613525390625e+02  5.383430786132812e+02  7.966560363769531e+00  -2.272302093505859e+02  4.007884979248047e+01  -1.325112152099609e+01  -2.559468157414813e-05  -4.974292460246943e-05  7.184552669059485e-05
  6.100000143051147e-01  6.177424316406250e+02  5.346307373046875e+02  1.351988673210144e+00  -2.100746002197266e+02  3.604165267944336e+01  -1.349189949035645e+01  -2.248232885904144e-05  -4.736074697575532e-05  7.179154636105523e-05
  6.150000095367432e-01  6.209022827148438e+02  5.326895141601562e+02  6.407976150512695e-01  -1.929156188964844e+02  4.013325881958008e+01  -1.547601604461670e+01  -1.996557330130599e-05  -4.469067425816320e-05  7.211373304016888e-05
  6.200000047683716e-01  6.229024658203125e+02  5.292216796875000e+02  -1.296013236045837e+00  -1.750656127929688e+02  4.448339462280273e+01  -1.732215309143066e+01  -1.712318953650538e-05  -4.178049857728183e-05  7.218176324386150e-05
  6.250000000000000e-01  6.236665039062500e+02  5.237414550781250e+02  -6.845529079437256e+00  -1.566346282958984e+02  3.935045242309570e+01  -1.678135108947754e+01  -1.319264629273675e-05  -3.898351133102551e-05  7.199096580734476e-05
  6.299999952316284e-01  6.247237548828125e+02  5.183227539062500e+02  -9.682744026184082e+00  -1.377250823974609e+02  4.357335662841797e+01  -1.811233711242676e+01  -9.795985533855855e-06  -3.578483301680535e-05  7.159942470025271e-05
  6.349999904632568e-01  6.256162109375000e+02  5.122287597656250e+02  -1.348995590209961e+01  -1.188050155639648e+02  3.776898956298828e+01  -1.728253555297852e+01  -5.548470653593540e-06  -3.282981560914777e-05  7.130721496650949e-05
  6.399999856948853e-01  6.265108032226562e+02  5.053060913085938e+02  -1.659379768371582e+01  -9.909751892089844e+01  4.179588699340820e+01  -1.804811286926270e+01  -1.747915121086407e-06  -2.947208668047097e-05  7.041981734801084e-05
  6.449999809265137e-01  6.270372924804688e+02  4.972610168457031e+02  -2.053873634338379e+01  -7.904115295410156e+01  4.592107391357422e+01  -1.842782974243164e+01  2.215145286754705e-06  -2.603499524411745e-05  6.920617306604981e-05
  6.499999761581421e-01  6.292058105468750e+02  4.907326354980469e+02  -2.169945144653320e+01  -5.967986679077148e+01  3.933540725708008e+01  -1.730888748168945e+01  6.657934591203230e-06  -2.309491537744179e-05  6.851845682831481e-05
  6.549999713897705e-01  6.304354248046875e+02  4.818925476074219e+02  -2.519018173217773e+01  -3.928464889526367e+01  4.315597534179688e+01  -1.708221435546875e+01  1.075373984349426e-05  -1.971681922441348e-05  6.681268132524565e-05
  6.600000262260437e-01  6.332969360351562e+02  4.750514221191406e+02  -2.505716323852539e+01  -2.000093841552734e+01  3.643526077270508e+01  -1.608239936828613e+01  1.502532541053370e-05  -1.692270416242536e-05  6.577725434908643e-05
  6.650000214576721e-01  6.355016479492188e+02  4.658339538574219e+02  -2.791044998168945e+01  3.941014111042023e-01  3.992936325073242e+01  -1.531859683990479e+01  1.904974669741932e-05  -1.375328338326653e-05  6.358385144267231e-05
  6.700000166893005e-01  6.389290771484375e+02  4.587464294433594e+02  -2.696401214599609e+01  1.935270881652832e+01  3.335141372680664e+01  -1.455413722991943e+01  2.295381091244053e-05  -1.123489437304670e-05  6.209305865922943e-05
  6.750000119209290e-01  6.421165771484375e+02  4.494846496582031e+02  -2.919183540344238e+01  3.940754318237305e+01  3.650137329101562e+01  -1.335773086547852e+01  2.670192952791695e-05  -8.412937859247904e-06  5.941315976087935e-05
  6.800000071525574e-01  6.455313720703125e+02  4.400528259277344e+02  -3.155212783813477e+01  5.920297622680664e+01  3.949264144897461e+01  -1.180949211120605e+01  3.028025093954057e-05  -5.765197329310467e-06  5.646787394653074e-05
  6.850000023841858e-01  6.499440307617188e+02  4.333521423339844e+02  -2.951155471801758e+01  7.712551116943359e+01  3.310018920898438e+01  -1.138925647735596e+01  3.334677603561431e-05  -3.945697699236916e-06  5.422186222858727e-05
  6.899999976158142e-01  6.540463256835938e+02  4.243558654785156e+02  -3.144587326049805e+01  9.604159545898438e+01  3.566498565673828e+01  -9.638293266296387e+00  3.637448389781639e-05  -1.825561412260868e-06  5.080029950477183e-05
  6.949999928474426e-01  6.584633178710938e+02  4.180166015625000e+02  -2.917941665649414e+01  1.129116134643555e+02  2.989362525939941e+01  -9.559341430664062e+00  3.868217027047649e-05  -5.588506155618234e-07  4.797911242349073e-05
  6.999999880790710e-01  6.627778320312500e+02  4.096247558593750e+02  -3.104362869262695e+01  1.305973663330078e+02  3.202421951293945e+01  -7.779234409332275e+00  4.101671584066935e-05  9.513539680483518e-07  4.408445238368586e-05
  7.049999833106995e-01  6.669166259765625e+02  4.014306335449219e+02  -3.317918014526367e+01  1.475791625976562e+02  3.382736968994141e+01  -5.942632198333740e+00  4.299743159208447e-05  2.171277174056740e-06  3.995169026893564e-05
  7.099999785423279e-01  6.709644775390625e+02  3.964010620117188e+02  -3.046280097961426e+01  1.622501678466797e+02  2.867721748352051e+01  -6.326170444488525e+00  4.403442289913073e-05  2.451366754030460e-06  3.637165718828328e-05
  7.149999737739563e-01  6.743931884765625e+02  3.889081420898438e+02  -3.304286193847656e+01  1.775140228271484e+02  3.000326347351074e+01  -4.773628711700439e+00  4.518643254414201e-05  3.000188371515833e-06  3.180638304911554e-05
  7.200000286102295e-01  6.777672119140625e+02  3.851274108886719e+02  -2.963191795349121e+01  1.904125671386719e+02  2.567446136474609e+01  -5.308857440948486e+00  4.535888001555577e-05  2.635491000546608e-06  2.778967973426916e-05
  7.250000238418579e-01  6.797879028320312e+02  3.782783508300781e+02  -3.291522598266602e+01  2.036781921386719e+02  2.653846740722656e+01  -4.197039127349854e+00  4.566229836200364e-05  2.524167712181224e-06  2.286106428073253e-05
  7.300000190734863e-01  6.807431640625000e+02  3.714854125976562e+02  -3.693040084838867e+01  2.158816223144531e+02  2.701719665527344e+01  -3.394342422485352e+00  4.555811392492615e-05  2.117255917255534e-06  1.775205782905687e-05
  7.350000143051147e-01  6.821632690429688e+02  3.696445922851562e+02  -3.250679779052734e+01  2.255967559814453e+02  2.344124984741211e+01  -4.159046649932861e+00  4.451435961527750e-05  8.207952078009839e-07  1.335553770331899e-05
  7.400000095367432e-01  6.806454467773438e+02  3.631532897949219e+02  -3.747494888305664e+01  2.354719543457031e+02  2.350215339660645e+01  -4.031255722045898e+00  4.361748869996518e-05  -1.637969688772500e-07  8.040915417950600e-06
  7.450000047683716e-01  6.805135498046875e+02  3.627895202636719e+02  -3.153557205200195e+01  2.428897857666016e+02  2.067636489868164e+01  -4.570091724395752e+00  4.192554115434177e-05  -1.966082436410943e-06  3.587272885852144e-06
  7.500000000000000e-01  6.759042968750000e+02  3.562309265136719e+02  -3.739834976196289e+01  2.503018951416016e+02  2.037291336059570e+01  -5.169096469879150e+00  4.033842196804471e-05  -3.425108388910303e-06  -1.778484943315561e-06
  7.549999952316284e-01  6.693349609375000e+02  3.491895446777344e+02  -4.421302032470703e+01  2.564657897949219e+02  1.976427841186523e+01  -6.331878662109375e+00  3.843338345177472e-05  -5.077778496342944e-06  -7.173981884989189e-06
  7.599999904632568e-01  6.655567626953125e+02  3.499789733886719e+02  -3.642518997192383e+01  2.601853027343750e+02  1.756967163085938e+01  -6.648728847503662e+00  3.601234129746445e-05  -7.439615274051903e-06  -1.136336868512444e-05
  7.649999856948853e-01  6.551291503906250e+02  3.421268920898438e+02  -4.389474487304688e+01  2.638097229003906e+02  1.670940971374512e+01  -8.577024459838867e+00  3.362292773090303e-05  -9.376120942761190e-06  -1.655684718571138e-05
  7.699999809265137e-01  6.486551513671875e+02  3.432190246582031e+02  -3.447058868408203e+01  2.650937500000000e+02  1.501827430725098e+01  -8.297574043273926e+00  3.096574437222444e-05  -1.193820389744360e-05  -2.039225000771694e-05
  7.749999761581421e-01  6.340504150390625e+02  3.340015258789062e+02  -4.231602096557617e+01  2.662186889648438e+02  1.396206569671631e+01  -1.092693710327148e+01  2.826195122906938e-05  -1.401426561642438e-05  -2.521426722523756e-05
  7.799999713897705e-01  6.170180664062500e+02  3.235490722656250e+02  -5.084456634521484e+01  2.661487731933594e+02  1.276400279998779e+01  -1.413321208953857e+01  2.541712456149980e-05  -1.611026164027862e-05  -2.987253355968278e-05
  7.850000262260437e-01  6.054108276367188e+02  3.232862243652344e+02  -3.956736755371094e+01  2.638939514160156e+02  1.143843841552734e+01  -1.318215656280518e+01  2.268920070491731e-05  -1.869999687187374e-05  -3.290659151389264e-05
  7.900000214576721e-01  5.840187377929688e+02  3.105787658691406e+02  -4.798319625854492e+01  2.615297241210938e+02  1.014610385894775e+01  -1.692008209228516e+01  1.977962710952852e-05  -2.071324161079247e-05  -3.699288572533987e-05
  7.950000166893005e-01  5.687728271484375e+02  3.083882141113281e+02  -3.589387130737305e+01  2.571743774414062e+02  9.066898345947266e+00  -1.517560577392578e+01  1.721615080896299e-05  -2.314951780135743e-05  -3.948646190110594e-05
  8.000000119209290e-01  5.431009521484375e+02  2.928384094238281e+02  -4.394960784912109e+01  2.527428588867188e+02  7.702953338623047e+00  -1.928334999084473e+01  1.439566949557047e-05  -2.493909414624795e-05  -4.293147503631189e-05
  8.050000071525574e-01  5.151858520507812e+02  2.755032348632812e+02  -5.214293289184570e+01  2.473793487548828e+02  6.335358142852783e+00  -2.376102828979492e+01  1.161467389465543e-05  -2.657796358107589e-05  -4.610252653947100e-05
  8.100000023841858e-01  4.943416137695312e+02  2.689091491699219e+02  -3.912754440307617e+01  2.403170471191406e+02  5.373515605926514e+00  -2.107464790344238e+01  9.501356544205919e-06  -2.853746809705626e-05  -4.770560190081596e-05
  8.149999976158142e-01  4.626614379882812e+02  2.481564331054688e+02  -4.658958816528320e+01  2.333187713623047e+02  3.968953371047974e+00  -2.562875747680664e+01  6.992809176153969e-06  -2.977554140670691e-05  -5.022926052333787e-05
  8.199999928474426e-01  4.382495727539062e+02  2.376948547363281e+02  -3.385083389282227e+01  2.248833007812500e+02  3.134533166885376e+00  -2.217905044555664e+01  5.262164449959528e-06  -3.129009928670712e-05  -5.143674570717849e-05
  8.249999880790710e-01  4.033274230957031e+02  2.133141784667969e+02  -4.054332351684570e+01  2.165897674560547e+02  1.676519155502319e+00  -2.663698196411133e+01  3.105255473201396e-06  -3.203900996595621e-05  -5.339040581020527e-05
  8.299999833106995e-01  3.669579772949219e+02  1.870823211669922e+02  -4.689908218383789e+01  2.077784881591797e+02  2.680762112140656e-01  -3.112774848937988e+01  1.096913592846249e-06  -3.252021633670665e-05  -5.512845382327214e-05
  8.349999785423279e-01  3.383185119628906e+02  1.706183471679688e+02  -3.431356811523438e+01  1.979105529785156e+02  -5.312021970748901e-01  -2.672971534729004e+01  5.772723632446741e-09  -3.322096381452866e-05  -5.583886377280578e-05
  8.399999737739563e-01  2.998504943847656e+02  1.409509429931641e+02  -3.981297302246094e+01  1.883514556884766e+02  -2.016230344772339e+00  -3.083260917663574e+01  -1.595266667209216e-06  -3.312794069643132e-05  -5.719634282286279e-05
  8.450000286102295e-01  2.691423034667969e+02  1.203040466308594e+02  -2.814183044433594e+01  1.780218658447266e+02  -2.614330291748047e+00  -2.590809249877930e+01  -2.323434728168650e-06  -3.322485281387344e-05  -5.786802285001613e-05
  8.500000238418579e-01  2.295053558349609e+02  8.765927124023438e+01  -3.282492828369141e+01  1.680820770263672e+02  -4.192995071411133e+00  -2.949431610107422e+01  -3.528548177200719e-06  -3.253818067605607e-05  -5.901076656300575e-05
  8.550000190734863e-01  1.895719757080078e+02  5.376135253906250e+01  -3.706014633178711e+01  1.580822906494141e+02  -5.742761135101318e+00  -3.280262756347656e+01  -4.574830199999269e-06  -3.155239392071962e-05  -6.011599907651544e-05
  8.600000143051147e-01  1.578368988037109e+02  2.834483146667480e+01  -2.608525466918945e+01  1.476910247802734e+02  -6.189589023590088e+00  -2.719594001770020e+01  -4.812969109480036e-06  -3.073470361414365e-05  -6.087471774662845e-05
  8.650000095367432e-01  1.182566070556641e+02  -7.369758605957031e+00  -2.959545898437500e+01  1.378379669189453e+02  -7.852863788604736e+00  -2.980813217163086e+01  -5.527425855689216e-06  -2.917584970418829e-05  -6.200680945767090e-05
  8.700000047683716e-01  8.695677947998047e+01  -3.522883224487305e+01  -1.961135101318359e+01  1.278406448364258e+02  -7.920371532440186e+00  -2.406364250183105e+01  -5.597765266429633e-06  -2.775839857349638e-05  -6.305111310211942e-05
  8.750000000000000e-01  4.873432159423828e+01  -7.175934600830078e+01  -2.251485252380371e+01  1.184609069824219e+02  -9.687299728393555e+00  -2.595087432861328e+01  -6.057690825400641e-06  -2.566794864833355e-05  -6.434453098336235e-05
  8.799999952316284e-01  1.148497009277344e+01  -1.082610549926758e+02  -2.504698181152344e+01  1.094111785888672e+02  -1.144472980499268e+01  -2.737082862854004e+01  -6.424600542231929e-06  -2.333530028408859e-05  -6.576634041266516e-05
  8.849999904632568e-01  -1.693280792236328e+01  -1.370417175292969e+02  -1.580786514282227e+01  1.005069351196289e+02  -1.115265941619873e+01  -2.143846321105957e+01  -6.351002866722411e-06  -2.114285780407954e-05  -6.728556036250666e-05
  8.899999856948853e-01  -5.139801406860352e+01  -1.725649566650391e+02  -1.785992431640625e+01  9.234149169921875e+01  -1.297546672821045e+01  -2.211730575561523e+01  -6.591787496290635e-06  -1.838406751630828e-05  -6.899924483150244e-05
  8.949999809265137e-01  -7.696782684326172e+01  -2.007399444580078e+02  -9.575788497924805e+00  8.446080017089844e+01  -1.218544292449951e+01  -1.651529502868652e+01  -6.594568731088657e-06  -1.575165697431657e-05  -7.089358405210078e-05
  8.999999761581421e-01  -1.078102569580078e+02  -2.339689788818359e+02  -1.116636466979980e+01  7.738832092285156e+01  -1.401342391967773e+01  -1.651877212524414e+01  -6.801108611398377e-06  -1.266058734472608e-05  -7.292624650290236e-05
  9.049999713897705e-01  -1.367849121093750e+02  -2.657502441406250e+02  -1.262596321105957e+01  7.092792510986328e+01  -1.580120277404785e+01  -1.603948020935059e+01  -7.011619345576037e-06  -9.436761502001900e-06  -7.512915180996060e-05
  9.100000262260437e-01  -1.565096588134766e+02  -2.900406799316406e+02  -5.128206729888916e+00  6.489606475830078e+01  -1.451494503021240e+01  -1.086831760406494e+01  -7.217483016574988e-06  -6.363980446622008e-06  -7.747201743768528e-05
  9.150000214576721e-01  -1.810380554199219e+02  -3.177962951660156e+02  -6.250997543334961e+00  5.976536941528320e+01  -1.620393753051758e+01  -9.848409652709961e+00  -7.515455308748642e-06  -2.963519818877103e-06  -7.995011401362717e-05
  9.200000166893005e-01  -1.966477966308594e+02  -3.384803771972656e+02  9.442348033189774e-02  5.508936691284180e+01  -1.447321891784668e+01  -5.458195686340332e+00  -7.968135832925327e-06  2.729343293594866e-07  -8.248267113231122e-05
  9.250000119209290e-01  -2.165090484619141e+02  -3.613109130859375e+02  -7.850376367568970e-01  5.139514923095703e+01  -1.598170471191406e+01  -4.030488967895508e+00  -8.421193342655897e-06  3.744461082533235e-06  -8.515615627402440e-05
  9.300000071525574e-01  -2.341555328369141e+02  -3.815181274414062e+02  -1.714081525802612e+00  4.841996383666992e+01  -1.734827995300293e+01  -2.253998517990112e+00  -8.949663424573373e-06  7.207884209492477e-06  -8.791535219643265e-05
  9.350000023841858e-01  -2.431096649169922e+02  -3.946312255859375e+02  3.563582420349121e+00  4.589378738403320e+01  -1.517069721221924e+01  1.130929589271545e+00  -9.792694072530139e-06  1.043744669004809e-05  -9.050421795109287e-05
  9.399999976158142e-01  -2.561722717285156e+02  -4.089737243652344e+02  2.732554435729980e+00  4.440286636352539e+01  -1.622538375854492e+01  3.093052625656128e+00  -1.053661890182411e-05  1.380773028358817e-05  -9.329874592367560e-05
  9.449999928474426e-01  -2.613150939941406e+02  -4.167431030273438e+02  6.544594764709473e+00  4.326865768432617e+01  -1.384527587890625e+01  5.396504402160645e+00  -1.164734203484841e-05  1.687418989604339e-05  -9.571952250553295e-05
  9.499999880790710e-01  -2.701212158203125e+02  -4.249125671386719e+02  5.756763935089111e+00  4.321844863891602e+01  -1.452061271667480e+01  7.399385452270508e+00  -1.261533634533407e-05  2.004211091843899e-05  -9.842812141869217e-05
  9.549999833106995e-01  -2.771585693359375e+02  -4.301965026855469e+02  4.682314395904541e+00  4.385896682739258e+01  -1.492906761169434e+01  9.529635429382324e+00  -1.367782260786043e-05  2.308210059709381e-05  -1.010819978546351e-04
  9.599999785423279e-01  -2.771125793457031e+02  -4.292249145507812e+02  7.184736251831055e+00  4.473617553710938e+01  -1.235244941711426e+01  1.050005626678467e+01  -1.512759627075866e-05  2.568820855231024e-05  -1.030229832394980e-04
  9.649999737739563e-01  -2.807967529296875e+02  -4.285352783203125e+02  6.010657787322998e+00  4.667963790893555e+01  -1.229556274414062e+01  1.245284080505371e+01  -1.638775574974716e-05  2.838969703589100e-05  -1.054168387781829e-04
  9.700000286102295e-01  -2.785004577636719e+02  -4.222974243164062e+02  6.992796897888184e+00  4.871760559082031e+01  -9.857965469360352e+00  1.230990982055664e+01  -1.796386459318455e-05  3.053862019442022e-05  -1.068258061422966e-04
  9.750000238418579e-01  -2.796421203613281e+02  -4.161639404296875e+02  5.668038368225098e+00  5.182809829711914e+01  -9.325171470642090e+00  1.398736572265625e+01  -1.937545494001824e-05  3.282952093286440e-05  -1.088567150873132e-04
  9.800000190734863e-01  -2.799219665527344e+02  -4.076855773925781e+02  3.895740032196045e+00  5.543027114868164e+01  -8.446545600891113e+00  1.557183265686035e+01  -2.083095023408532e-05  3.490213566692546e-05  -1.107164061977528e-04
  9.850000143051147e-01  -2.753246459960938e+02  -3.942577514648438e+02  3.788470029830933e+00  5.894876861572266e+01  -6.189096450805664e+00  1.416686439514160e+01  -2.247263182653114e-05  3.624574674176984e-05  -1.112004101742059e-04
  9.900000095367432e-01  -2.743432617187500e+02  -3.814816894531250e+02  1.842548847198486e+00  6.341905212402344e+01  -4.850901603698730e+00  1.534919643402100e+01  -2.397599746473134e-05  3.782753628911451e-05  -1.125792696257122e-04
  9.950000047683716e-01  -2.695688171386719e+02  -3.644842834472656e+02  5.927778482437134e-01  6.764526367187500e+01  -3.048978567123413e+00  1.311029815673828e+01  -2.549102464399766e-05  3.853566522593610e-05  -1.122991379816085e-04
  1.000000000000000e+00  -2.664021606445312e+02  -3.470837707519531e+02  -1.313690304756165e+00  7.240325164794922e+01  -1.535554170608521e+00  1.195872974395752e+01  -2.690448854991701e-05  3.919233495253138e-05  -1.122555768233724e-04
  1.004999995231628e+00  -2.650974121093750e+02  -3.296544189453125e+02  -3.368155002593994e+00  7.770364379882812e+01  3.199858367443085e-01  1.251300811767578e+01  -2.830353514582384e-05  3.997456224169582e-05  -1.128004150814377e-04
  1.009999990463257e+00  -2.641556396484375e+02  -3.113228454589844e+02  -5.884608268737793e+00  8.313156127929688e+01  2.487998962402344e+00  1.283527469635010e+01  -2.962994221888948e-05  4.050670031574555e-05  -1.130987366195768e-04
  1.014999985694885e+00  -2.609706115722656e+02  -2.899772033691406e+02  -8.004302978515625e+00  8.808166503906250e+01  3.372001171112061e+00  9.556841850280762e+00  -3.062055475311354e-05  3.992994970758446e-05  -1.112478421418928e-04
  1.019999980926514e+00  -2.610018310546875e+02  -2.703407287597656e+02  -1.028582668304443e+01  9.359385681152344e+01  5.752361774444580e+00  9.532997131347656e+00  -3.171872594975866e-05  3.994148573838174e-05  -1.109593213186599e-04
  1.024999976158142e+00  -2.597173156738281e+02  -2.485420227050781e+02  -1.278602695465088e+01  9.853648376464844e+01  6.026314735412598e+00  6.059844017028809e+00  -3.227273919037543e-05  3.875311449519359e-05  -1.083425740944222e-04
  1.029999971389771e+00  -2.612345886230469e+02  -2.285899810791016e+02  -1.468974494934082e+01  1.038400878906250e+02  8.499903678894043e+00  5.791110515594482e+00  -3.305221616756171e-05  3.827332329819910e-05  -1.074707324733026e-04
  1.034999966621399e+00  -2.637911682128906e+02  -2.089684753417969e+02  -1.692768859863281e+01  1.089271392822266e+02  1.113384819030762e+01  5.320368766784668e+00  -3.365662269061431e-05  3.758080856641755e-05  -1.063445815816522e-04
  1.039999961853027e+00  -2.657100219726562e+02  -1.880788726806641e+02  -1.885484886169434e+01  1.133490447998047e+02  1.066598129272461e+01  1.927227020263672e+00  -3.349177859490737e-05  3.562054553185590e-05  -1.027165199047886e-04
  1.044999957084656e+00  -2.702402954101562e+02  -1.694579010009766e+02  -2.052780342102051e+01  1.178203887939453e+02  1.321302318572998e+01  1.359412908554077e+00  -3.367273166077211e-05  3.451444717939012e-05  -1.010255946312100e-04
  1.049999952316284e+00  -2.749024963378906e+02  -1.505352020263672e+02  -2.252912902832031e+01  1.216198959350586e+02  1.222501182556152e+01  -1.773944020271301e+00  -3.294367706985213e-05  3.214322714484297e-05  -9.681114170234650e-05
  1.054999947547913e+00  -2.814963378906250e+02  -1.335876312255859e+02  -2.351260757446289e+01  1.252315292358398e+02  1.458666992187500e+01  -2.321141719818115e+00  -3.265744089731015e-05  3.069552622037008e-05  -9.458942804485559e-05
  1.059999942779541e+00  -2.892476806640625e+02  -1.177910461425781e+02  -2.461363983154297e+01  1.283273773193359e+02  1.693595504760742e+01  -2.943449974060059e+00  -3.213783929822966e-05  2.911395858973265e-05  -9.212599979946390e-05
  1.065000057220459e+00  -2.974963684082031e+02  -1.025659332275391e+02  -2.570801925659180e+01  1.307449035644531e+02  1.528977108001709e+01  -5.481419086456299e+00  -3.059696246054955e-05  2.632767063914798e-05  -8.719219476915896e-05
  1.070000052452087e+00  -3.071306457519531e+02  -8.910860443115234e+01  -2.597238540649414e+01  1.326828918457031e+02  1.731923866271973e+01  -5.911131381988525e+00  -2.958815821330063e-05  2.452666194585618e-05  -8.425855776295066e-05
  1.075000047683716e+00  -3.178182983398438e+02  -7.715628051757812e+01  -2.699081230163574e+01  1.340162658691406e+02  1.539196109771729e+01  -7.944182872772217e+00  -2.753617991402280e-05  2.162566306651570e-05  -7.901070785010234e-05
  1.080000042915344e+00  -3.290661926269531e+02  -6.629593658447266e+01  -2.644925498962402e+01  1.346605987548828e+02  1.706137466430664e+01  -8.092290878295898e+00  -2.606081943667959e-05  1.969884760910645e-05  -7.566806743852794e-05
  1.085000038146973e+00  -3.410781555175781e+02  -5.681113052368164e+01  -2.583545303344727e+01  1.346152954101562e+02  1.859517097473145e+01  -8.162482261657715e+00  -2.436686190776527e-05  1.773354779288638e-05  -7.212723721750081e-05
  1.090000033378601e+00  -3.542169189453125e+02  -4.950859451293945e+01  -2.604608535766602e+01  1.340567169189453e+02  1.628255653381348e+01  -9.412396430969238e+00  -2.168262108170893e-05  1.484366748627508e-05  -6.654559547314420e-05
  1.095000028610229e+00  -3.672156677246094e+02  -4.264508819580078e+01  -2.470262908935547e+01  1.326126708984375e+02  1.742614555358887e+01  -9.100656509399414e+00  -1.959956716746092e-05  1.288153453060659e-05  -6.269119330681860e-05
  1.100000023841858e+00  -3.815715026855469e+02  -3.857447814941406e+01  -2.484477424621582e+01  1.307846832275391e+02  1.511204147338867e+01  -9.874838829040527e+00  -1.662855174799915e-05  1.016211626847507e-05  -5.707548916689120e-05
  1.105000019073486e+00  -3.950299377441406e+02  -3.413158035278320e+01  -2.291313552856445e+01  1.279319381713867e+02  1.589943695068359e+01  -9.171687126159668e+00  -1.423849244019948e-05  8.279997018689755e-06  -5.298480027704500e-05
  1.110000014305115e+00  -4.086387939453125e+02  -3.088811492919922e+01  -2.092614555358887e+01  1.243993606567383e+02  1.652512359619141e+01  -8.303851127624512e+00  -1.171977692138171e-05  6.450748969655251e-06  -4.876820094068535e-05
  1.115000009536743e+00  -4.233238830566406e+02  -3.063675117492676e+01  -2.060424041748047e+01  1.206511764526367e+02  1.416354846954346e+01  -8.481546401977539e+00  -8.510661245964002e-06  4.089041794941295e-06  -4.318029823480174e-05
  1.120000004768372e+00  -4.365803527832031e+02  -2.935762214660645e+01  -1.827614402770996e+01  1.158122482299805e+02  1.450568580627441e+01  -7.248007297515869e+00  -5.836206128151389e-06  2.434935368000879e-06  -3.884054967784323e-05
  1.125000000000000e+00  -4.507805175781250e+02  -3.118968963623047e+01  -1.785301971435547e+01  1.109244766235352e+02  1.234973144531250e+01  -7.178172588348389e+00  -2.654038098626188e-06  4.213581235035235e-07  -3.343234857311472e-05
  1.129999995231628e+00  -4.631866760253906e+02  -3.151716232299805e+01  -1.541826820373535e+01  1.049219207763672e+02  1.248300933837891e+01  -5.653087615966797e+00  5.795104840444765e-08  -1.007208425107819e-06  -2.904482971644029e-05
  1.134999990463257e+00  -4.750408020019531e+02  -3.251813507080078e+01  -1.303346538543701e+01  9.838481140136719e+01  1.251737308502197e+01  -3.982889413833618e+00  2.767897058220115e-06  -2.331967152713332e-06  -2.462534939695615e-05
  1.139999985694885e+00  -4.871932067871094e+02  -3.618859481811523e+01  -1.239507389068604e+01  9.201000976562500e+01  1.056210899353027e+01  -3.710686683654785e+00  5.723284175473964e-06  -3.823072347586276e-06  -1.950929072336294e-05
  1.144999980926514e+00  -4.974670104980469e+02  -3.812748718261719e+01  -1.016286373138428e+01  8.457623291015625e+01  1.050219535827637e+01  -1.879565119743347e+00  8.297491149278358e-06  -4.883233032160206e-06  -1.515032272436656e-05
  1.149999976158142e+00  -5.075398559570312e+02  -4.225415802001953e+01  -9.289007186889648e+00  7.744949340820312e+01  8.809065818786621e+00  -1.614710211753845e+00  1.093394348572474e-05  -5.994274488330120e-06  -1.033847911457997e-05
  1.154999971389771e+00  -5.157818603515625e+02  -4.462764739990234e+01  -7.325651168823242e+00  6.931653594970703e+01  8.727577209472656e+00  2.728470265865326e-01  1.326716028415831e-05  -6.788427072024206e-06  -6.101362487243023e-06
  1.159999966621399e+00  -5.230162353515625e+02  -4.719611740112305e+01  -5.596078872680664e+00  6.092017364501953e+01  8.635878562927246e+00  2.192009687423706e+00  1.546159728604835e-05  -7.462138455593958e-06  -1.922511955854134e-06
  1.164999961853027e+00  -5.292005004882812e+02  -5.098576354980469e+01  -4.559178829193115e+00  5.303870010375977e+01  7.214461803436279e+00  2.301693916320801e+00  1.749368493619841e-05  -8.081525265879463e-06  2.446920234433492e-06
  1.169999957084656e+00  -5.339561157226562e+02  -5.338179779052734e+01  -3.242712497711182e+00  4.428318023681641e+01  7.187892913818359e+00  4.119557857513428e+00  1.930886537593324e-05  -8.504589459334966e-06  6.423557351808995e-06
  1.174999952316284e+00  -5.371072387695312e+02  -5.624209213256836e+01  -1.854477405548096e+00  3.616202163696289e+01  5.961699008941650e+00  4.078792572021484e+00  2.084055267914664e-05  -8.830177648633253e-06  1.043712563841837e-05
  1.179999947547913e+00  -5.392491455078125e+02  -5.816410827636719e+01  -1.016396522521973e+00  2.728874588012695e+01  6.029787063598633e+00  5.702205657958984e+00  2.220579699496739e-05  -9.026213774632197e-06  1.417583462171024e-05
  1.184999942779541e+00  -5.401311645507812e+02  -5.985173797607422e+01  -4.644978344440460e-01  1.841568183898926e+01  6.152527332305908e+00  7.226672172546387e+00  2.334148484806065e-05  -9.126346412813291e-06  1.778914884198457e-05
  1.190000057220459e+00  -5.386633911132812e+02  -6.087754821777344e+01  1.112495541572571e+00  1.034066009521484e+01  5.125047206878662e+00  6.873913288116455e+00  2.408198270131834e-05  -9.119194146478549e-06  2.130228858732153e-05
  1.195000052452087e+00  -5.368695678710938e+02  -6.173398208618164e+01  1.191374421119690e+00  1.666485309600830e+00  5.366441249847412e+00  8.091825485229492e+00  2.470248364261352e-05  -9.041235898621380e-06  2.463432610966265e-05
  1.200000047683716e+00  -5.323071899414062e+02  -6.116193008422852e+01  3.108562469482422e+00  -6.162674903869629e+00  4.424223899841309e+00  7.602909088134766e+00  2.490729821147397e-05  -8.875979801814537e-06  2.778361340460833e-05
  1.205000042915344e+00  -5.279038085937500e+02  -6.103818130493164e+01  2.776329755783081e+00  -1.446395492553711e+01  4.779693603515625e+00  8.483158111572266e+00  2.500366281310562e-05  -8.660086677991785e-06  3.082034527324140e-05
  1.210000038146973e+00  -5.223641357421875e+02  -6.053833770751953e+01  2.169693708419800e+00  -2.252534675598145e+01  5.192948818206787e+00  9.162579536437988e+00  2.483850585122127e-05  -8.384819921047892e-06  3.369882324477658e-05
  1.215000033378601e+00  -5.136871337890625e+02  -5.773451995849609e+01  4.260970592498779e+00  -2.965007019042969e+01  4.335223197937012e+00  8.428172111511230e+00  2.428122206765693e-05  -8.071551746979821e-06  3.634308814071119e-05
  1.220000028610229e+00  -5.058511352539062e+02  -5.622771453857422e+01  3.341545820236206e+00  -3.711226654052734e+01  4.832665920257568e+00  8.741909027099609e+00  2.361129008932039e-05  -7.711275429755915e-06  3.891484811902046e-05
  1.225000023841858e+00  -4.948184509277344e+02  -5.197147369384766e+01  5.632762432098389e+00  -4.364420700073242e+01  3.995466232299805e+00  7.988422870635986e+00  2.261467307107523e-05  -7.354370154644130e-06  4.120308221899904e-05
  1.230000019073486e+00  -4.850260314941406e+02  -4.956388092041016e+01  4.461625576019287e+00  -5.038686752319336e+01  4.545164585113525e+00  7.953252315521240e+00  2.147982195310760e-05  -6.940541879885131e-06  4.346970308688469e-05
  1.235000014305115e+00  -4.744145507812500e+02  -4.682342910766602e+01  3.130057334899902e+00  -5.675881195068359e+01  5.121875286102295e+00  7.689414501190186e+00  2.012503500736784e-05  -6.504414159280714e-06  4.557202555588447e-05
  1.240000009536743e+00  -4.607035827636719e+02  -4.094940185546875e+01  5.504972934722900e+00  -6.219268035888672e+01  4.306312561035156e+00  6.890312194824219e+00  1.857394272519741e-05  -6.129324901849031e-06  4.737095514428802e-05
  1.245000004768372e+00  -4.486906127929688e+02  -3.753793334960938e+01  4.043835639953613e+00  -6.773765563964844e+01  4.889809131622314e+00  6.322625637054443e+00  1.684730159468018e-05  -5.677336957887746e-06  4.917523983749561e-05
  1.250000000000000e+00  -4.338090209960938e+02  -3.091927528381348e+01  6.433980464935303e+00  -7.241838836669922e+01  4.100863933563232e+00  5.643893718719482e+00  1.504371084593004e-05  -5.316182068781927e-06  5.062926356913522e-05
  1.254999995231628e+00  -4.208070678710938e+02  -2.705911445617676e+01  4.904439449310303e+00  -7.710842895507812e+01  4.670913219451904e+00  4.828286647796631e+00  1.302900000155205e-05  -4.865813934884500e-06  5.214280463405885e-05
  1.259999990463257e+00  -4.074635009765625e+02  -2.307152938842773e+01  3.327596426010132e+00  -8.137488555908203e+01  5.222012996673584e+00  3.811475753784180e+00  1.088752651412506e-05  -4.417006493895315e-06  5.350281571736559e-05
  1.264999985694885e+00  -3.917126159667969e+02  -1.600268363952637e+01  5.674077510833740e+00  -8.484378051757812e+01  4.467933177947998e+00  3.297001123428345e+00  8.848945071804337e-06  -4.086768967681564e-06  5.448792944662273e-05
  1.269999980926514e+00  -3.780010986328125e+02  -1.191089916229248e+01  4.113643169403076e+00  -8.825138854980469e+01  4.975365638732910e+00  2.114430665969849e+00  6.560250312759308e-06  -3.656514763861196e-06  5.557162512559444e-05
  1.274999976158142e+00  -3.622970886230469e+02  -4.977569580078125e+00  6.323422908782959e+00  -9.097138977050781e+01  4.294153690338135e+00  1.810025811195374e+00  4.498027919908054e-06  -3.344852075315430e-06  5.622525350190699e-05
  1.279999971389771e+00  -3.486172790527344e+02  -1.019006848335266e+00  4.811253070831299e+00  -9.354299926757812e+01  4.748102664947510e+00  5.192371606826782e-01  2.163346152883605e-06  -2.938301122412668e-06  5.704219438484870e-05
  1.284999966621399e+00  -3.350418395996094e+02  2.838045835494995e+00  3.333102226257324e+00  -9.572089385986328e+01  5.160349369049072e+00  -9.059067368507385e-01  -1.699863076964903e-07  -2.544255039538257e-06  5.772196891484782e-05
  1.289999961853027e+00  -3.200764770507812e+02  9.070117950439453e+00  5.389624118804932e+00  -9.733093261718750e+01  4.556592941284180e+00  -9.142349958419800e-01  -2.107105729010073e-06  -2.255811295981403e-06  5.793214222649112e-05
  1.294999957084656e+00  -3.070306701660156e+02  1.250755977630615e+01  3.997752904891968e+00  -9.874214935302734e+01  4.909850120544434e+00  -2.364078044891357e+00  -4.328612249082653e-06  -1.889227974061214e-06  5.836166747030802e-05
  1.299999952316284e+00  -2.930117492675781e+02  1.793144798278809e+01  5.846638202667236e+00  -9.971767425537109e+01  4.406150817871094e+00  -2.143847227096558e+00  -6.061170097382274e-06  -1.600397240508755e-06  5.826303095091134e-05
  1.304999947547913e+00  -2.807675170898438e+02  2.078878402709961e+01  4.528062343597412e+00  -1.004244842529297e+02  4.704872608184814e+00  -3.575230836868286e+00  -8.069362593232654e-06  -1.260517251466808e-06  5.845257692271844e-05
  1.309999942779541e+00  -2.689347534179688e+02  2.340472602844238e+01  3.293969154357910e+00  -1.008082656860352e+02  4.957244396209717e+00  -5.062669277191162e+00  -9.945283636625390e-06  -9.378264849146944e-07  5.852365575265139e-05
  1.315000057220459e+00  -2.566637878417969e+02  2.743154525756836e+01  4.926839828491211e+00  -1.008978958129883e+02  4.540160655975342e+00  -4.522078037261963e+00  -1.121809964388376e-05  -6.498486868622422e-07  5.802225859952159e-05
  1.320000052452087e+00  -2.459024658203125e+02  2.934130477905273e+01  3.756436347961426e+00  -1.006812744140625e+02  4.744376182556152e+00  -5.929246902465820e+00  -1.273924044653540e-05  -3.542501190167968e-07  5.787236295873299e-05
  1.325000047683716e+00  -2.349880523681641e+02  3.230493545532227e+01  5.184169769287109e+00  -1.002997283935547e+02  4.398623943328857e+00  -5.203258037567139e+00  -1.361843442282407e-05  -5.138247161085019e-08  5.710373079637066e-05
  1.330000042915344e+00  -2.253780212402344e+02  3.349295043945312e+01  4.067615032196045e+00  -9.955985260009766e+01  4.558427810668945e+00  -6.506513595581055e+00  -1.470471215725411e-05  2.164409522720234e-07  5.674689236911945e-05
  1.335000038146973e+00  -2.158328247070312e+02  3.542499923706055e+01  5.322586059570312e+00  -9.877423858642578e+01  4.254610061645508e+00  -5.626383781433105e+00  -1.513553797849454e-05  5.358395469556854e-07  5.573683301918209e-05
  1.340000033378601e+00  -2.074065246582031e+02  3.590871429443359e+01  4.221397399902344e+00  -9.758521270751953e+01  4.369999408721924e+00  -6.813818454742432e+00  -1.572144356032368e-05  7.752277610961755e-07  5.518885518540628e-05
  1.345000028610229e+00  -1.994980163574219e+02  3.615485382080078e+01  3.186838626861572e+00  -9.620296478271484e+01  4.449543952941895e+00  -7.961347103118896e+00  -1.603718555998057e-05  9.942754104486085e-07  5.455117207020521e-05
  1.350000023841858e+00  -1.918668670654297e+02  3.676742935180664e+01  4.246592044830322e+00  -9.490239715576172e+01  4.145353794097900e+00  -6.873940467834473e+00  -1.569642881804612e-05  1.318566319241654e-06  5.324744415702298e-05
  1.355000019073486e+00  -1.850619354248047e+02  3.641723251342773e+01  3.185256481170654e+00  -9.318330383300781e+01  4.181270599365234e+00  -7.880804061889648e+00  -1.544046244816855e-05  1.507148567725380e-06  5.244603380560875e-05
  1.360000014305115e+00  -1.785440979003906e+02  3.631588745117188e+01  4.150445938110352e+00  -9.164601898193359e+01  3.847998380661011e+00  -6.718439579010010e+00  -1.457031885365723e-05  1.841435960159288e-06  5.097796747577377e-05
  1.365000009536743e+00  -1.727007141113281e+02  3.549404144287109e+01  3.051230669021606e+00  -8.966691589355469e+01  3.838792562484741e+00  -7.585344791412354e+00  -1.371864254906541e-05  1.997968638534076e-06  5.003417754778638e-05
  1.370000004768372e+00  -1.672609252929688e+02  3.453079986572266e+01  1.957744359970093e+00  -8.757981872558594e+01  3.795267343521118e+00  -8.360577583312988e+00  -1.256191080756253e-05  2.134773012585356e-06  4.902487489744090e-05
  1.375000000000000e+00  -1.620561065673828e+02  3.370919418334961e+01  2.802505970001221e+00  -8.577854156494141e+01  3.392075777053833e+00  -7.114950180053711e+00  -1.086658176063793e-05  2.462099246258731e-06  4.737786366604269e-05
  1.379999995231628e+00  -1.573210296630859e+02  3.245910263061523e+01  1.631446838378906e+00  -8.353401184082031e+01  3.299739599227905e+00  -7.744436264038086e+00  -9.114565727941226e-06  2.568193167462596e-06  4.625972724170424e-05
  1.384999990463257e+00  -1.526697540283203e+02  3.142997169494629e+01  2.486824512481689e+00  -8.164546203613281e+01  2.826856136322021e+00  -6.505542755126953e+00  -6.912526259839069e-06  2.895192437790683e-06  4.454220834304579e-05
  1.389999985694885e+00  -1.484423065185547e+02  3.001704597473145e+01  1.216083407402039e+00  -7.929977416992188e+01  2.680899143218994e+00  -7.004151344299316e+00  -4.593830453814007e-06  2.974134531541495e-06  4.333942706580274e-05
  1.394999980926514e+00  -1.443679504394531e+02  2.859398841857910e+01  -8.967377990484238e-02  -7.692884063720703e+01  2.504867553710938e+00  -7.373316764831543e+00  -1.996124183278880e-06  3.039014700334519e-06  4.209679536870681e-05
  1.399999976158142e+00  -1.401034393310547e+02  2.755912208557129e+01  7.702223062515259e-01  -7.499153900146484e+01  1.940884828567505e+00  -6.175479412078857e+00  9.171528745355317e-07  3.353155307195266e-06  4.032939614262432e-05
  1.404999971389771e+00  -1.361974487304688e+02  2.614130973815918e+01  -6.508885622024536e-01  -7.260176086425781e+01  1.713637828826904e+00  -6.423697948455811e+00  4.006346443929942e-06  3.400838522793492e-06  3.903624747181311e-05
  1.409999966621399e+00  -1.318081665039062e+02  2.537360382080078e+01  3.291675448417664e-01  -7.069962310791016e+01  1.093336939811707e+00  -5.295331954956055e+00  7.298458967852639e-06  3.711311364895664e-06  3.729017771547660e-05
  1.414999961853027e+00  -1.278126220703125e+02  2.407860946655273e+01  -1.184726953506470e+00  -6.834547424316406e+01  8.209723234176636e-01  -5.438051223754883e+00  1.080854963220190e-05  3.749575625988655e-06  3.596933311200701e-05
  1.419999957084656e+00  -1.237223205566406e+02  2.283551979064941e+01  -2.783573389053345e+00  -6.601676177978516e+01  5.257918834686279e-01  -5.441024303436279e+00  1.450879608455580e-05  3.789324637182290e-06  3.463032044237480e-05
  1.424999952316284e+00  -1.187316741943359e+02  2.261366462707520e+01  -1.651139855384827e+00  -6.422988128662109e+01  -1.413392722606659e-01  -4.449791431427002e+00  1.824616629164666e-05  4.097209512110567e-06  3.294647103757598e-05
  1.429999947547913e+00  -1.142143554687500e+02  2.159014320373535e+01  -3.328710556030273e+00  -6.199399948120117e+01  -4.680481255054474e-01  -4.367944717407227e+00  2.223221599706449e-05  4.145515504205832e-06  3.160645792377181e-05
  1.434999942779541e+00  -1.084734649658203e+02  2.191236686706543e+01  -2.001700639724731e+00  -6.032547378540039e+01  -1.128558993339539e+00  -3.483694076538086e+00  2.613669676065911e-05  4.456084297999041e-06  3.000800097652245e-05
  1.440000057220459e+00  -1.033320388793945e+02  2.113893318176270e+01  -3.735116720199585e+00  -5.820307922363281e+01  -1.476450204849243e+00  -3.337116479873657e+00  3.030294283234980e-05  4.526542852545390e-06  2.868078263418283e-05
  1.445000052452087e+00  -9.784375762939453e+01  2.044390296936035e+01  -5.566186904907227e+00  -5.614791107177734e+01  -1.824514389038086e+00  -3.063338279724121e+00  3.453331737546250e-05  4.616904334397987e-06  2.734880945354234e-05
  1.450000047683716e+00  -9.066447448730469e+01  2.155212211608887e+01  -3.962788343429565e+00  -5.469033050537109e+01  -2.449259996414185e+00  -2.365666866302490e+00  3.851588553516194e-05  4.945945875078905e-06  2.587630478956271e-05
  1.455000042915344e+00  -8.428452301025391e+01  2.111746406555176e+01  -5.816701889038086e+00  -5.277542877197266e+01  -2.794644355773926e+00  -2.056422710418701e+00  4.275955870980397e-05  5.078224148746813e-06  2.456863512634300e-05
  1.460000038146973e+00  -7.589465332031250e+01  2.280387115478516e+01  -3.996442794799805e+00  -5.146925354003906e+01  -3.340360641479492e+00  -1.467803955078125e+00  4.665596861741506e-05  5.418677574198227e-06  2.320162457181141e-05
  1.465000033378601e+00  -6.846208953857422e+01  2.263258552551270e+01  -5.837029457092285e+00  -4.970994949340820e+01  -3.668233394622803e+00  -1.138621211051941e+00  5.080229311715811e-05  5.601993507298175e-06  2.192069950979203e-05
  1.470000028610229e+00  -6.053739547729492e+01  2.248320960998535e+01  -7.788301467895508e+00  -4.801908874511719e+01  -3.968394994735718e+00  -7.223511934280396e-01  5.486885856953450e-05  5.823630544909975e-06  2.063521969830617e-05
  1.475000023841858e+00  -5.016306304931641e+01  2.488709640502930e+01  -5.627872467041016e+00  -4.693967056274414e+01  -4.406118869781494e+00  -3.166074752807617e-01  5.845087071065791e-05  6.198176834004698e-06  1.939581125043333e-05
  1.480000019073486e+00  -4.103799438476562e+01  2.494589042663574e+01  -7.537568569183350e+00  -4.540079116821289e+01  -4.666986942291260e+00  8.718737214803696e-02  6.225673132576048e-05  6.482692242570920e-06  1.813168819353450e-05
  1.485000014305115e+00  -2.922896194458008e+01  2.776110267639160e+01  -5.197805881500244e+00  -4.445058059692383e+01  -4.978267192840576e+00  4.101510345935822e-01  6.550994294229895e-05  6.869695880595827e-06  1.697501284070313e-05
  1.490000009536743e+00  -1.885890197753906e+01  2.796844673156738e+01  -7.046383380889893e+00  -4.304605102539062e+01  -5.192456722259521e+00  7.891207933425903e-01  6.895541446283460e-05  7.220806310215266e-06  1.572385554027278e-05
  1.495000004768372e+00  -7.938208103179932e+00  2.813332176208496e+01  -9.019356727600098e+00  -4.170293426513672e+01  -5.352631092071533e+00  1.200033664703369e+00  7.219648978207260e-05  7.615794856974389e-06  1.445802899979753e-05
  1.500000000000000e+00  6.032447338104248e+00  3.138892936706543e+01  -6.341180801391602e+00  -4.091937255859375e+01  -5.531533241271973e+00  1.391149520874023e+00  7.479900523321703e-05  8.031524885154795e-06  1.338289439445361e-05
  1.504999995231628e+00  1.819882965087891e+01  3.161242866516113e+01  -8.243419647216797e+00  -3.968382263183594e+01  -5.635131359100342e+00  1.748235702514648e+00  7.755350088700652e-05  8.489863830618560e-06  1.211452217830811e-05
  1.509999990463257e+00  3.356512069702148e+01  3.500780868530273e+01  -5.457028865814209e+00  -3.896326446533203e+01  -5.683945178985596e+00  1.903467655181885e+00  7.964488759171218e-05  8.904583410185296e-06  1.107734806282679e-05
  1.514999985694885e+00  4.693281555175781e+01  3.523255538940430e+01  -7.283278465270996e+00  -3.781582260131836e+01  -5.733144283294678e+00  2.202049255371094e+00  8.184956095647067e-05  9.417338333150838e-06  9.795349797059316e-06
  1.519999980926514e+00  6.076567459106445e+01  3.531820297241211e+01  -9.261157035827637e+00  -3.669720077514648e+01  -5.716493129730225e+00  2.474068641662598e+00  8.376289042644203e-05  9.966693141905125e-06  8.484889804094564e-06
  1.524999976158142e+00  7.806290435791016e+01  3.878440093994141e+01  -6.184197902679443e+00  -3.603227233886719e+01  -5.660913944244385e+00  2.576095819473267e+00  8.498912211507559e-05  1.037826586980373e-05  7.472068773495266e-06
  1.529999971389771e+00  9.293647003173828e+01  3.876744079589844e+01  -8.093049049377441e+00  -3.496120834350586e+01  -5.596880912780762e+00  2.771473646163940e+00  8.628592331660911e-05  1.096283176593715e-05  6.134781870059669e-06
  1.534999966621399e+00  1.113091888427734e+02  4.207170486450195e+01  -4.996785163879395e+00  -3.427158355712891e+01  -5.440907955169678e+00  2.884449243545532e+00  8.691167022334412e-05  1.134651665779529e-05  5.122341008245712e-06
  1.539999961853027e+00  1.270657958984375e+02  4.187763214111328e+01  -6.835873603820801e+00  -3.321731185913086e+01  -5.340259552001953e+00  3.007390737533569e+00  8.757095201872289e-05  1.195004642795539e-05  3.753659939320642e-06
  1.544999957084656e+00  1.430851440429688e+02  4.146137237548828e+01  -8.859254837036133e+00  -3.216182327270508e+01  -5.179713249206543e+00  3.058097600936890e+00  8.790741412667558e-05  1.256785253644921e-05  2.349568831050419e-06
  1.549999952316284e+00  1.627469635009766e+02  4.445597839355469e+01  -5.542713165283203e+00  -3.140504455566406e+01  -4.975537300109863e+00  3.196208953857422e+00  8.760897617321461e-05  1.289672945858911e-05  1.332636770712270e-06
  1.554999947547913e+00  1.793456115722656e+02  4.376389694213867e+01  -7.500418663024902e+00  -3.032762718200684e+01  -4.797520637512207e+00  3.172707557678223e+00  8.730888657737523e-05  1.350330057903193e-05  -1.009653161077040e-07
  1.559999942779541e+00  1.994937133789062e+02  4.631288528442383e+01  -4.263351440429688e+00  -2.946762657165527e+01  -4.532171726226807e+00  3.349069356918335e+00  8.642337343189865e-05  1.377060107188299e-05  -1.125582798522373e-06
  1.565000057220459e+00  2.164260406494141e+02  4.528124237060547e+01  -6.154426574707031e+00  -2.834487533569336e+01  -4.350738048553467e+00  3.262579202651978e+00  8.550902566639706e-05  1.434504883945920e-05  -2.581394483058830e-06
  1.570000052452087e+00  2.333181457519531e+02  4.395194625854492e+01  -8.237928390502930e+00  -2.719337844848633e+01  -4.129281997680664e+00  3.084266424179077e+00  8.429437002632767e-05  1.490499744249973e-05  -4.063871529069729e-06
  1.575000047683716e+00  2.537451324462891e+02  4.584320831298828e+01  -4.868016719818115e+00  -2.617132568359375e+01  -3.866558790206909e+00  3.334844589233398e+00  8.257617446361110e-05  1.506072203483200e-05  -5.071878604212543e-06
  1.580000042915344e+00  2.705586853027344e+02  4.409096145629883e+01  -6.869204521179199e+00  -2.494616699218750e+01  -3.663593053817749e+00  3.107862949371338e+00  8.080668339971453e-05  1.555668859509751e-05  -6.554985702678096e-06
  1.585000038146973e+00  2.906649475097656e+02  4.529777145385742e+01  -3.691100120544434e+00  -2.377529144287109e+01  -3.368629455566406e+00  3.389610052108765e+00  7.860250480007380e-05  1.561962199048139e-05  -7.543743777205236e-06
  1.590000033378601e+00  3.071021118164062e+02  4.307435607910156e+01  -5.595530033111572e+00  -2.246524620056152e+01  -3.194700717926025e+00  3.130296945571899e+00  7.633408677065745e-05  1.603324926691130e-05  -9.007032531371806e-06
  1.595000028610229e+00  3.231388244628906e+02  4.050738906860352e+01  -7.663684368133545e+00  -2.110926437377930e+01  -3.006769895553589e+00  2.787760019302368e+00  7.382984767900780e-05  1.640429945837241e-05  -1.047303794621257e-05
  1.600000023841858e+00  3.422609863281250e+02  4.078047561645508e+01  -4.464405536651611e+00  -1.973625946044922e+01  -2.738001346588135e+00  3.143909454345703e+00  7.099739013938233e-05  1.630959741305560e-05  -1.138012612500461e-05
  1.605000019073486e+00  3.574645080566406e+02  3.769783401489258e+01  -6.396159172058105e+00  -1.828591156005859e+01  -2.596356868743896e+00  2.794684410095215e+00  6.809261685702950e-05  1.657330176385585e-05  -1.278983290831093e-05
  1.610000014305115e+00  3.753460693359375e+02  3.712227630615234e+01  -3.517645597457886e+00  -1.676240348815918e+01  -2.302756071090698e+00  3.136146545410156e+00  6.493163527920842e-05  1.636542219785042e-05  -1.362875627819449e-05
  1.615000009536743e+00  3.893994445800781e+02  3.350240325927734e+01  -5.296875476837158e+00  -1.521487522125244e+01  -2.211989641189575e+00  2.793951034545898e+00  6.169755215523764e-05  1.651050479267724e-05  -1.495763081038604e-05
  1.620000004768372e+00  4.027041015625000e+02  2.954513168334961e+01  -7.165792942047119e+00  -1.362262821197510e+01  -2.130242347717285e+00  2.401516199111938e+00  5.831762246089056e-05  1.659315239521675e-05  -1.625415825401433e-05
  1.625000000000000e+00  4.182740478515625e+02  2.788756752014160e+01  -4.404293060302734e+00  -1.191686820983887e+01  -1.855468869209290e+00  2.766183376312256e+00  5.478947787196375e-05  1.620453258510679e-05  -1.692990008450579e-05
  1.629999995231628e+00  4.299960021972656e+02  2.340659523010254e+01  -6.071640014648438e+00  -1.023502635955811e+01  -1.831358551979065e+00  2.406578302383423e+00  5.119209890835918e-05  1.615659130038694e-05  -1.810689354897477e-05
  1.634999990463257e+00  4.434494323730469e+02  2.086057472229004e+01  -3.751105546951294e+00  -8.416281700134277e+00  -1.524249792098999e+00  2.687799930572510e+00  4.751133383251727e-05  1.565045386087149e-05  -1.866443744802382e-05
  1.639999985694885e+00  4.533198547363281e+02  1.588293647766113e+01  -5.204762935638428e+00  -6.659042358398438e+00  -1.555386066436768e+00  2.369090080261230e+00  4.377046934678219e-05  1.546989733469673e-05  -1.969938057300169e-05
  1.644999980926514e+00  4.621432800292969e+02  1.063212680816650e+01  -6.655291557312012e+00  -4.864518642425537e+00  -1.609727263450623e+00  2.040920972824097e+00  3.997482417616993e-05  1.521950525784632e-05  -2.066972774628084e-05
  1.649999976158142e+00  4.721242065429688e+02  7.048418521881104e+00  -4.595502853393555e+00  -2.929293394088745e+00  -1.293197512626648e+00  2.260467767715454e+00  3.618821210693568e-05  1.453834374842700e-05  -2.099834455293603e-05
  1.654999971389771e+00  4.787596130371094e+02  1.388605833053589e+00  -5.794268131256104e+00  -1.080243349075317e+00  -1.399098753929138e+00  1.989957451820374e+00  3.235212352592498e-05  1.415809219906805e-05  -2.179842704208568e-05
  1.659999966621399e+00  4.859518737792969e+02  -2.966566085815430e+00  -4.257818222045898e+00  9.086385965347290e-01  -1.034123897552490e+00  2.056115865707397e+00  2.857405161194038e-05  1.337318371952279e-05  -2.197630237787962e-05
  1.664999961853027e+00  4.902051696777344e+02  -8.963010787963867e+00  -5.211149692535400e+00  2.798301219940186e+00  -1.182497859001160e+00  1.839949250221252e+00  2.475711880833842e-05  1.287037412112113e-05  -2.259597749798559e-05
  1.669999957084656e+00  4.944368286132812e+02  -1.398360633850098e+01  -4.192495822906494e+00  4.813316345214844e+00  -7.674941420555115e-01  1.736168980598450e+00  2.104317718476523e-05  1.199133112095296e-05  -2.261583176732529e-05
  1.674999952316284e+00  4.961665649414062e+02  -2.022299957275391e+01  -4.910148620605469e+00  6.722641468048096e+00  -9.472934007644653e-01  1.568514823913574e+00  1.730031181068625e-05  1.137620074587176e-05  -2.304835652466863e-05
  1.679999947547913e+00  4.966182250976562e+02  -2.654301834106445e+01  -5.521144390106201e+00  8.641196250915527e+00  -1.148115038871765e+00  1.432293176651001e+00  1.360685837425990e-05  1.070167218131246e-05  -2.339033198950347e-05
  1.684999942779541e+00  4.964356994628906e+02  -3.215142822265625e+01  -4.883944988250732e+00  1.065115547180176e+01  -6.805958747863770e-01  1.159936070442200e+00  1.007628088700585e-05  9.699871952761896e-06  -2.315202436875552e-05
  1.690000057220459e+00  4.942484436035156e+02  -3.853591156005859e+01  -5.261403560638428e+00  1.256200790405273e+01  -8.946254253387451e-01  1.067117571830750e+00  6.524464879476000e-06  8.932214768719859e-06  -2.330483584955800e-05
  1.695000052452087e+00  4.909292602539062e+02  -4.447131729125977e+01  -5.107208728790283e+00  1.453997325897217e+01  -3.713526427745819e-01  6.084032058715820e-01  3.167437171214260e-06  7.869170985941309e-06  -2.291038435942028e-05
  1.700000047683716e+00  4.860799255371094e+02  -5.079364395141602e+01  -5.277640819549561e+00  1.642691612243652e+01  -5.833032727241516e-01  5.460761785507202e-01  -2.088768127350704e-07  7.023689704510616e-06  -2.288117320858873e-05
  1.705000042915344e+00  4.799526672363281e+02  -5.701406097412109e+01  -5.309451103210449e+00  1.829829788208008e+01  -7.992894053459167e-01  5.219503045082092e-01  -3.488819402264198e-06  6.136699539638357e-06  -2.276149098179303e-05
  1.710000038146973e+00  4.722031250000000e+02  -6.300487899780273e+01  -5.533419132232666e+00  2.019624328613281e+01  -2.059717476367950e-01  -1.258572787046432e-01  -6.532207862619543e-06  5.006757419323549e-06  -2.213448351540137e-05
  1.715000033378601e+00  4.634846801757812e+02  -6.895600128173828e+01  -5.389656543731689e+00  2.201690101623535e+01  -3.931541740894318e-01  -1.376329660415649e-01  -9.597521966497879e-06  4.066531801072415e-06  -2.184831464546733e-05
  1.720000028610229e+00  4.528198242187500e+02  -7.484844207763672e+01  -5.986553668975830e+00  2.383764839172363e+01  2.416193038225174e-01  -9.326496720314026e-01  -1.239905122929486e-05  2.912052195824799e-06  -2.108752778440248e-05
  1.725000023841858e+00  4.416214599609375e+02  -8.039374542236328e+01  -5.695075511932373e+00  2.558944129943848e+01  9.983841329813004e-02  -9.459550976753235e-01  -1.523157880001236e-05  1.935067757585784e-06  -2.065012813545763e-05
  1.730000019073486e+00  4.292797546386719e+02  -8.565632629394531e+01  -5.282146453857422e+00  2.730382537841797e+01  -1.745711825788021e-02  -9.353821277618408e-01  -1.794513809727505e-05  9.375764307151258e-07  -2.013808261835948e-05
  1.735000014305115e+00  4.147238464355469e+02  -9.101157379150391e+01  -6.177031993865967e+00  2.898723030090332e+01  6.779690384864807e-01  -1.874814987182617e+00  -2.036158002738375e-05  -2.289941960498254e-07  -1.919748501677532e-05
  1.740000009536743e+00  4.001531677246094e+02  -9.567122650146484e+01  -5.661487102508545e+00  3.060751152038574e+01  6.344413161277771e-01  -1.886988520622253e+00  -2.282623790961225e-05  -1.239569428435061e-06  -1.856199014582671e-05
  1.745000004768372e+00  3.832511291503906e+02  -1.005107650756836e+02  -6.777848243713379e+00  3.218204498291016e+01  1.332426071166992e+00  -2.886355638504028e+00  -2.496684101060964e-05  -2.399521690676920e-06  -1.752390744513832e-05
  1.750000000000000e+00  3.666760559082031e+02  -1.044474258422852e+02  -6.189604282379150e+00  3.369252014160156e+01  1.376439571380615e+00  -2.930336475372314e+00  -2.717744973779190e-05  -3.409739974813419e-06  -1.678656917647459e-05
  1.754999995231628e+00  3.492190246582031e+02  -1.079547042846680e+02  -5.522922992706299e+00  3.514138793945312e+01  1.476850152015686e+00  -2.976320981979370e+00  -2.926245724665932e-05  -4.420660388859687e-06  -1.599966344656423e-05
  1.759999990463257e+00  3.294298095703125e+02  -1.117261047363281e+02  -6.805846214294434e+00  3.653174591064453e+01  2.189608573913574e+00  -4.017059326171875e+00  -3.098979141213931e-05  -5.552183665713528e-06  -1.484956646891078e-05
  1.764999985694885e+00  3.103676757812500e+02  -1.143591003417969e+02  -6.109674930572510e+00  3.784442138671875e+01  2.398678541183472e+00  -4.109532833099365e+00  -3.281897807028145e-05  -6.544590178236831e-06  -1.399499433318852e-05
  1.769999980926514e+00  2.890549926757812e+02  -1.172869262695312e+02  -7.464271068572998e+00  3.909788131713867e+01  3.050068140029907e+00  -5.096949577331543e+00  -3.426096736802720e-05  -7.650271072634496e-06  -1.279173466173233e-05
  1.774999976158142e+00  2.687008666992188e+02  -1.189631042480469e+02  -6.748373508453369e+00  4.025739288330078e+01  3.371062994003296e+00  -5.234191894531250e+00  -3.583566649467684e-05  -8.615264960099012e-06  -1.189229442388751e-05
  1.779999971389771e+00  2.478173980712891e+02  -1.201198883056641e+02  -6.017448425292969e+00  4.132979583740234e+01  3.774936437606812e+00  -5.399511814117432e+00  -3.728816955117509e-05  -9.565711479808670e-06  -1.097438780561788e-05
  1.784999966621399e+00  2.249285430908203e+02  -1.216091079711914e+02  -7.395764350891113e+00  4.235063171386719e+01  4.360306262969971e+00  -6.296888351440430e+00  -3.831729191006161e-05  -1.062153205566574e-05  -9.733593287819531e-06
  1.789999961853027e+00  2.032481689453125e+02  -1.217273101806641e+02  -6.673795223236084e+00  4.324188613891602e+01  4.879914283752441e+00  -6.507365226745605e+00  -3.952119732275605e-05  -1.153316770796664e-05  -8.806377081782557e-06
  1.794999957084656e+00  1.797841339111328e+02  -1.221914978027344e+02  -8.012497901916504e+00  4.409435653686523e+01  5.328336715698242e+00  -7.247670173645020e+00  -4.027346221846528e-05  -1.255447205039673e-05  -7.561158781754784e-06
  1.799999952316284e+00  1.576620330810547e+02  -1.212369995117188e+02  -7.302676677703857e+00  4.478496551513672e+01  5.954976081848145e+00  -7.493082523345947e+00  -4.123350663576275e-05  -1.342276755167404e-05  -6.646765541518107e-06
  1.804999947547913e+00  1.354128265380859e+02  -1.197448425292969e+02  -6.629267215728760e+00  4.536435317993164e+01  6.672863006591797e+00  -7.779510498046875e+00  -4.207962410873733e-05  -1.426530525350245e-05  -5.745046109950636e-06
  1.809999942779541e+00  1.118008346557617e+02  -1.186172409057617e+02  -7.873129367828369e+00  4.592853927612305e+01  6.957024574279785e+00  -8.312293052673340e+00  -4.244056981406175e-05  -1.522756338090403e-05  -4.536482265393715e-06
  1.815000057220459e+00  8.963449859619141e+01  -1.160514450073242e+02  -7.220290184020996e+00  4.627981948852539e+01  7.764138698577881e+00  -8.619337081909180e+00  -4.305301990825683e-05  -1.601944131834898e-05  -3.679454266602988e-06
  1.820000052452087e+00  6.638924407958984e+01  -1.138863067626953e+02  -8.371708869934082e+00  4.664013671875000e+01  7.847489356994629e+00  -8.933556556701660e+00  -4.316166450735182e-05  -1.694037018751260e-05  -2.514767629691050e-06
  1.825000047683716e+00  4.465345001220703e+01  -1.102724990844727e+02  -7.726945400238037e+00  4.674873352050781e+01  8.722310066223145e+00  -9.243664741516113e+00  -4.354923657956533e-05  -1.767745925462805e-05  -1.720542968541849e-06
  1.830000042915344e+00  2.319035720825195e+01  -1.061730499267578e+02  -7.160336494445801e+00  4.672429656982422e+01  9.676210403442383e+00  -9.592241287231445e+00  -4.383349005365744e-05  -1.837987838371191e-05  -9.650618721934734e-07
  1.835000038146973e+00  1.146122694015503e+00  -1.024995117187500e+02  -8.142824172973633e+00  4.674304199218750e+01  9.512407302856445e+00  -9.633748054504395e+00  -4.359413287602365e-05  -1.922916271723807e-05  9.777957643564150e-08
  1.840000033378601e+00  -1.940625381469727e+01  -9.743795776367188e+01  -7.579336166381836e+00  4.645741271972656e+01  1.049934864044189e+01  -9.962504386901855e+00  -4.366924258647487e-05  -1.986834831768647e-05  7.673094160054461e-07
  1.845000028610229e+00  -4.026749801635742e+01  -9.287889099121094e+01  -8.469123840332031e+00  4.624373626708984e+01  1.010808086395264e+01  -9.783183097839355e+00  -4.321991946198978e-05  -2.065986518573482e-05  1.745764848237741e-06
  1.850000023841858e+00  -5.961136627197266e+01  -8.693193054199219e+01  -7.893279552459717e+00  4.568783950805664e+01  1.110253429412842e+01  -1.007680892944336e+01  -4.309876385377720e-05  -2.122933619830292e-05  2.318745373486308e-06
  1.855000019073486e+00  -7.834365081787109e+01  -8.062818145751953e+01  -7.419713020324707e+00  4.499314117431641e+01  1.214539718627930e+01  -1.039066505432129e+01  -4.289032585802488e-05  -2.175303961848840e-05  2.836785142790177e-06
  1.860000014305115e+00  -9.690352630615234e+01  -7.487019348144531e+01  -8.112513542175293e+00  4.441030502319336e+01  1.147257995605469e+01  -9.945040702819824e+00  -4.216255183564499e-05  -2.244137976958882e-05  3.668506451504072e-06
  1.865000009536743e+00  -1.140517272949219e+02  -6.784711456298828e+01  -7.612840652465820e+00  4.344568634033203e+01  1.248301601409912e+01  -1.020088768005371e+01  -4.178203016635962e-05  -2.288147516082972e-05  4.080444796272786e-06
  1.870000004768372e+00  -1.308301239013672e+02  -6.149933624267578e+01  -8.246582984924316e+00  4.262727355957031e+01  1.160965061187744e+01  -9.589440345764160e+00  -4.090586662641726e-05  -2.347862209717277e-05  4.803316642210120e-06
  1.875000000000000e+00  -1.461929168701172e+02  -5.389254379272461e+01  -7.712169170379639e+00  4.140268325805664e+01  1.256634616851807e+01  -9.777592658996582e+00  -4.037421604152769e-05  -2.382326601946261e-05  5.107422111905180e-06
  1.879999995231628e+00  -1.606962127685547e+02  -4.610923004150391e+01  -7.286227226257324e+00  4.005031967163086e+01  1.353497314453125e+01  -9.962187767028809e+00  -3.977708183811046e-05  -2.410803608654533e-05  5.354633685783483e-06
  1.884999990463257e+00  -1.744369659423828e+02  -3.906073760986328e+01  -7.728688240051270e+00  3.888719177246094e+01  1.241180133819580e+01  -9.155545234680176e+00  -3.872062006848864e-05  -2.454649438732304e-05  5.915976998949191e-06
  1.889999985694885e+00  -1.869253234863281e+02  -3.092434501647949e+01  -7.257456779479980e+00  3.730200576782227e+01  1.329648780822754e+01  -9.258825302124023e+00  -3.800709237111732e-05  -2.471601328579709e-05  6.061006843083305e-06
  1.894999980926514e+00  -1.985465698242188e+02  -2.368042755126953e+01  -7.680069446563721e+00  3.593985366821289e+01  1.204674434661865e+01  -8.374670982360840e+00  -3.688086871989071e-05  -2.501619565009605e-05  6.511216270155273e-06
  1.899999976158142e+00  -2.089153289794922e+02  -1.535213184356689e+01  -7.153200626373291e+00  3.414730834960938e+01  1.283754539489746e+01  -8.396373748779297e+00  -3.607799590099603e-05  -2.505607517377939e-05  6.562591806869023e-06
  1.904999971389771e+00  -2.183030853271484e+02  -7.072379589080811e+00  -6.740458011627197e+00  3.226441192626953e+01  1.361095809936523e+01  -8.393406867980957e+00  -3.524042404023930e-05  -2.501945709809661e-05  6.567733635165496e-06
  1.909999966621399e+00  -2.265536956787109e+02  2.568674683570862e-01  -6.992402553558350e+00  3.064823341369629e+01  1.219946098327637e+01  -7.421345233917236e+00  -3.405549796298146e-05  -2.509280966478400e-05  6.874683549540350e-06
  1.914999961853027e+00  -2.337449035644531e+02  8.468166351318359e+00  -6.518387794494629e+00  2.861219024658203e+01  1.286652565002441e+01  -7.334990501403809e+00  -3.317258961033076e-05  -2.490601036697626e-05  6.804945769545157e-06
  1.919999957084656e+00  -2.397946014404297e+02  1.556015777587891e+01  -6.775664806365967e+00  2.687693977355957e+01  1.142669105529785e+01  -6.377722263336182e+00  -3.200630453648046e-05  -2.479401518939994e-05  7.019469649094390e-06
  1.924999952316284e+00  -2.447930908203125e+02  2.352700996398926e+01  -6.250955581665039e+00  2.473147010803223e+01  1.199123668670654e+01  -6.217066764831543e+00  -3.111071055172943e-05  -2.444456367811654e-05  6.888968528073747e-06
  1.929999947547913e+00  -2.487934875488281e+02  3.122759628295898e+01  -5.828000545501709e+00  2.254985046386719e+01  1.252357482910156e+01  -6.019056797027588e+00  -3.021616248588543e-05  -2.400567427685019e-05  6.733061127306428e-06
  1.934999942779541e+00  -2.515043792724609e+02  3.777881240844727e+01  -5.934696197509766e+00  2.070870208740234e+01  1.103291893005371e+01  -5.080796241760254e+00  -2.912233503593598e-05  -2.361112638027407e-05  6.848341854492901e-06
  1.940000057220459e+00  -2.533670501708984e+02  4.499190139770508e+01  -5.464171886444092e+00  1.848952674865723e+01  1.146864795684814e+01  -4.818546772003174e+00  -2.826296440616716e-05  -2.299743391631637e-05  6.656861387455137e-06
  1.945000052452087e+00  -2.540003204345703e+02  5.091898727416992e+01  -5.576099872589111e+00  1.663712692260742e+01  1.003635597229004e+01  -3.962323904037476e+00  -2.727327955653891e-05  -2.239070636278484e-05  6.712994945701212e-06
  1.950000047683716e+00  -2.537977905273438e+02  5.750153732299805e+01  -5.059679031372070e+00  1.443012523651123e+01  1.038625621795654e+01  -3.647789955139160e+00  -2.648076952027623e-05  -2.159868199669290e-05  6.502958967757877e-06
  1.955000042915344e+00  -2.526785125732422e+02  6.363484573364258e+01  -4.645294666290283e+00  1.225045680999756e+01  1.070536041259766e+01  -3.296373844146729e+00  -2.572629273345228e-05  -2.071496601274703e-05  6.289573320827913e-06
  1.960000038146973e+00  -2.502756958007812e+02  6.850940704345703e+01  -4.618208885192871e+00  1.046555900573730e+01  9.314988136291504e+00  -2.535436630249023e+00  -2.492912608431652e-05  -1.981075729418080e-05  6.301408120634733e-06
  1.965000033378601e+00  -2.472395629882812e+02  7.383496093750000e+01  -4.166355609893799e+00  8.372385025024414e+00  9.562995910644531e+00  -2.148060798645020e+00  -2.428492189210374e-05  -1.875395719252992e-05  6.093545835028635e-06
  1.970000028610229e+00  -2.430184783935547e+02  7.782003021240234e+01  -4.124852180480957e+00  6.686250686645508e+00  8.281456947326660e+00  -1.498952984809875e+00  -2.366040644119494e-05  -1.764744774845894e-05  6.082255822548177e-06
  1.975000023841858e+00  -2.381918334960938e+02  8.224980163574219e+01  -3.655987977981567e+00  4.724250316619873e+00  8.471658706665039e+00  -1.090143799781799e+00  -2.315178244316485e-05  -1.642844836169388e-05  5.892679837415926e-06
  1.980000019073486e+00  -2.325834350585938e+02  8.612477111816406e+01  -3.273218631744385e+00  2.847785949707031e+00  8.637919425964355e+00  -6.524444222450256e-01  -2.271153061883524e-05  -1.513142069597961e-05  5.718693955714116e-06
  1.985000014305115e+00  -2.257907714843750e+02  8.876716613769531e+01  -3.098577976226807e+00  1.384224295616150e+00  7.444677829742432e+00  -1.302896887063980e-01  -2.236628097307403e-05  -1.377172520733438e-05  5.712590336770518e-06
  1.990000009536743e+00  -2.185930633544922e+02  9.167072296142578e+01  -2.709679603576660e+00  -3.021102547645569e-01  7.566236495971680e+00  3.112420737743378e-01  -2.209133708674926e-05  -1.233985494764056e-05  5.573301677941345e-06
  1.995000004768372e+00  -2.103092193603516e+02  9.333843994140625e+01  -2.492270946502686e+00  -1.584754824638367e+00  6.486848831176758e+00  7.284002900123596e-01  -2.195680826844182e-05  -1.083070947061060e-05  5.573771431954810e-06
  2.000000000000000e+00  -2.016708374023438e+02  9.525159454345703e+01  -2.105277299880981e+00  -3.048229694366455e+00  6.569326400756836e+00  1.164746761322021e+00  -2.186062920372933e-05  -9.288671208196320e-06  5.477298600453651e-06
