TITLE = "Temporal Signal for receiver number 00012"
VARIABLES = "Time","s_xx","s_yy","s_zz","s_xy","s_yz","s_xz","v1","v2","v3"
# x1       1.800000000000e+03
# x2       2.400000000000e+03
# x3       -1.000000000000e-01
  0.000000000000000e+00  -3.158716026518960e-06  8.065708989590803e-09  3.190978304701275e-06  0.000000000000000e+00  0.000000000000000e+00  4.250587153364904e-06  1.125793346545834e-06  0.000000000000000e+00  -2.035432544289506e-06
  4.999999888241291e-03  -1.653891563415527e+00  -2.171838045120239e+00  -4.983399868011475e+00  -1.377708613872528e-01  -7.035694271326065e-02  8.097515106201172e-01  1.058313159774116e-06  1.689843465157992e-08  -1.833828605413146e-06
  9.999999776482582e-03  -2.016247510910034e+00  -2.939614534378052e+00  -7.299238681793213e+00  -2.331552803516388e-01  -3.285587951540947e-02  1.370535969734192e+00  9.634151183490758e-07  3.513415691713817e-08  -1.548120849292900e-06
  1.499999966472387e-02  -5.716297030448914e-01  -7.786287665367126e-01  -4.608517646789551e+00  -4.327822029590607e-01  9.917304515838623e-01  1.364155530929565e+00  8.270677085420175e-07  5.162810978731613e-08  -7.107124702088186e-07
  1.999999955296516e-02  -9.141764044761658e-01  4.375381469726562e-01  -3.986202716827393e+00  -1.035201668739319e+00  2.032506704330444e+00  1.238129615783691e+00  7.409307158923184e-07  -7.406436797197102e-09  -1.937611955327156e-07
  2.500000037252903e-02  -4.834148406982422e+00  2.105816602706909e+00  -2.915485382080078e+00  -5.798247814178467e+00  4.143136024475098e+00  5.542825460433960e-01  -1.555776130146569e-08  -6.247742589948757e-07  7.777549058118893e-07
  2.999999932944775e-02  -7.720938205718994e+00  1.269094109535217e+00  -2.875959873199463e+00  -1.010795688629150e+01  5.102629661560059e+00  7.374277710914612e-01  -7.589819688291755e-07  -1.270378788831295e-06  1.262138084712205e-06
  3.500000014901161e-02  -1.090561962127686e+01  -8.464283943176270e-01  -4.631298065185547e+00  -1.601169013977051e+01  4.546004295349121e+00  8.650003075599670e-01  -1.751659624460444e-06  -1.909000047817244e-06  1.831853865041921e-06
  3.999999910593033e-02  -1.831427001953125e+01  -7.778840065002441e+00  -1.146808147430420e+01  -2.957242584228516e+01  9.830165505409241e-01  -7.748359441757202e-01  -3.625860927058966e-06  -3.860796823573764e-06  2.634314569149865e-06
  4.500000178813934e-02  -1.982689476013184e+01  -1.337983894348145e+01  -1.372652435302734e+01  -3.634319305419922e+01  -2.589323997497559e+00  -1.495738983154297e+00  -4.520386028161738e-06  -4.750498646899359e-06  3.013524064954254e-06
  5.000000074505806e-02  -1.774896812438965e+01  -2.031536865234375e+01  -1.793796348571777e+01  -4.571512222290039e+01  -8.967753410339355e+00  -2.281219244003296e+00  -5.339329163689399e-06  -5.785048870166065e-06  4.309922132961219e-06
  5.499999970197678e-02  -1.542211532592773e+01  -2.702358055114746e+01  -2.137396812438965e+01  -4.811592864990234e+01  -1.332145404815674e+01  -2.916779756546021e+00  -5.445624083222356e-06  -5.988364591758000e-06  5.083431005914463e-06
  5.999999865889549e-02  -8.948442459106445e+00  -2.938838958740234e+01  -1.841813087463379e+01  -4.868919372558594e+01  -1.796411514282227e+01  -3.090552091598511e+00  -5.284175131237134e-06  -5.659956514136866e-06  5.421161858976120e-06
  6.499999761581421e-02  3.404357671737671e+00  -2.995152473449707e+01  -1.454361915588379e+01  -4.228630447387695e+01  -2.042513656616211e+01  -8.024737238883972e-01  -4.072879164596088e-06  -3.430461219977587e-06  6.671708433714230e-06
  7.000000029802322e-02  9.476469039916992e+00  -3.030943107604980e+01  -1.172562408447266e+01  -3.668871307373047e+01  -2.151940727233887e+01  -4.871467649936676e-01  -3.183916987836710e-06  -2.120266344718402e-06  6.826321623520926e-06
  7.500000298023224e-02  1.881235885620117e+01  -2.768262481689453e+01  -6.409039974212646e+00  -2.128141212463379e+01  -1.926875495910645e+01  3.249309301376343e+00  -1.719248189147038e-06  2.175720737795928e-06  6.979929821682163e-06
  7.999999821186066e-02  2.534618186950684e+01  -2.108863067626953e+01  1.236658930778503e+00  -1.317084598541260e+01  -1.769425392150879e+01  4.975564002990723e+00  -9.817786121857353e-07  4.515017735684523e-06  6.416026735678315e-06
  8.500000089406967e-02  2.810412788391113e+01  -1.471461200714111e+01  5.982982158660889e+00  -4.437864303588867e+00  -1.384122085571289e+01  5.899572849273682e+00  -1.146402937024504e-07  6.776809641451109e-06  5.889423846383579e-06
  9.000000357627869e-02  2.836106681823730e+01  -6.910901546478271e+00  1.015020370483398e+01  1.267474269866943e+01  -7.101927757263184e+00  8.851254463195801e+00  3.424013641506463e-07  1.157674796559149e-05  4.741462817037245e-06
  9.499999880790710e-02  2.904344749450684e+01  4.386560440063477e+00  1.515926265716553e+01  1.981803512573242e+01  -1.449102640151978e+00  9.629742622375488e+00  7.320055033233075e-07  1.384081315336516e-05  4.258770786691457e-06
  1.000000014901161e-01  2.447543144226074e+01  1.547738552093506e+01  1.720076751708984e+01  3.238727188110352e+01  4.937640666961670e+00  9.412801742553711e+00  5.179773552299594e-07  1.712480116111692e-05  2.727404989855131e-06
  1.049999967217445e-01  2.235115623474121e+01  2.946771240234375e+01  2.155236244201660e+01  3.665777206420898e+01  1.112709236145020e+01  8.000878334045410e+00  8.536439963791054e-07  1.851958040788304e-05  2.387283529969864e-06
  1.099999994039536e-01  2.031263542175293e+01  4.429329681396484e+01  2.598688125610352e+01  3.987264633178711e+01  1.716968154907227e+01  6.352842807769775e+00  1.120722572522936e-06  1.954582512553316e-05  2.264631120851845e-06
  1.150000020861626e-01  1.305132198333740e+01  5.731285476684570e+01  2.429188156127930e+01  4.329021072387695e+01  1.934474182128906e+01  7.613365054130554e-01  1.085453163796046e-06  1.941346636158414e-05  3.960793151236430e-07
  1.199999973177910e-01  1.024849128723145e+01  7.197376251220703e+01  2.868559837341309e+01  4.307304382324219e+01  2.239009475708008e+01  -2.683099031448364e+00  1.537014895802713e-06  1.921087823575363e-05  -1.053057658850776e-07
  1.250000000000000e-01  1.633339643478394e+00  8.176293182373047e+01  2.321389579772949e+01  3.959819412231445e+01  2.051717948913574e+01  -1.122156620025635e+01  2.241828269688995e-06  1.633509236853570e-05  -2.635369810377597e-06
  1.299999952316284e-01  -3.336051225662231e+00  9.072970581054688e+01  2.337391662597656e+01  3.687054061889648e+01  2.056309318542480e+01  -1.518160820007324e+01  2.825758883773233e-06  1.467602123739198e-05  -3.578861424102797e-06
  1.350000053644180e-01  -9.443136215209961e+00  9.692465209960938e+01  2.210062789916992e+01  3.313636016845703e+01  1.802001190185547e+01  -1.921332740783691e+01  3.409212013139040e-06  1.283450183109380e-05  -4.890737727691885e-06
  1.400000005960464e-01  -2.142369842529297e+01  9.524855804443359e+01  1.156139564514160e+01  2.264269256591797e+01  1.205682659149170e+01  -2.800686836242676e+01  4.736988103104522e-06  7.388440280919895e-06  -8.138854354911018e-06
  1.449999958276749e-01  -3.164499473571777e+01  9.040755462646484e+01  2.752906322479248e+00  1.734520912170410e+01  7.012029647827148e+00  -3.123040580749512e+01  5.132530532137025e-06  4.557718057185411e-06  -9.558621059113648e-06
  1.500000059604645e-01  -4.430545425415039e+01  8.047194671630859e+01  -5.733152866363525e+00  3.450574636459351e+00  1.461531996726990e+00  -3.735126876831055e+01  6.351749107125215e-06  -1.379399691359140e-06  -1.212405732076149e-05
  1.550000011920929e-01  -5.697426223754883e+01  6.613983917236328e+01  -1.777728462219238e+01  -3.152957439422607e+00  -5.975574016571045e+00  -3.938659286499023e+01  6.352021500788396e-06  -4.294468908483395e-06  -1.319560124102281e-05
  1.599999964237213e-01  -7.119500732421875e+01  4.619890594482422e+01  -3.327294158935547e+01  -9.788128852844238e+00  -1.333999729156494e+01  -4.093952560424805e+01  6.084953838580986e-06  -7.458776963176206e-06  -1.389205954183126e-05
  1.650000065565109e-01  -8.260672760009766e+01  2.433247947692871e+01  -3.546327972412109e+01  -2.504149436950684e+01  -1.654581260681152e+01  -4.143031692504883e+01  6.288200438575586e-06  -1.251218691322720e-05  -1.399548818881158e-05
  1.700000017881393e-01  -9.499331665039062e+01  -1.192015647888184e+00  -4.724214553833008e+01  -3.173348045349121e+01  -2.334465026855469e+01  -4.136959075927734e+01  5.474700174090685e-06  -1.528586835775059e-05  -1.368427365378011e-05
  1.749999970197678e-01  -1.032193527221680e+02  -2.867334365844727e+01  -4.261947631835938e+01  -4.542079925537109e+01  -2.375882911682129e+01  -3.688507843017578e+01  4.772824468091130e-06  -1.884348603198305e-05  -1.178305046778405e-05
  1.800000071525574e-01  -1.134768066406250e+02  -5.911130142211914e+01  -5.153320312500000e+01  -5.107544708251953e+01  -2.818238067626953e+01  -3.548621749877930e+01  3.589002290027565e-06  -2.118345946655609e-05  -1.032114778354298e-05
  1.850000023841858e-01  -1.203003005981445e+02  -8.850117492675781e+01  -5.502198791503906e+01  -5.627821731567383e+01  -3.144784736633301e+01  -3.350301742553711e+01  2.280203261761926e-06  -2.334913187951315e-05  -8.734991752135102e-06
  1.899999976158142e-01  -1.230334091186523e+02  -1.201488723754883e+02  -4.423066711425781e+01  -6.474782562255859e+01  -2.830413818359375e+01  -2.395356178283691e+01  8.851487223182630e-07  -2.474230132065713e-05  -5.172276360099204e-06
  1.949999928474426e-01  -1.273088989257812e+02  -1.505165100097656e+02  -4.462282180786133e+01  -6.772286224365234e+01  -2.874266242980957e+01  -2.139968872070312e+01  -2.542313666253904e-07  -2.627417052281089e-05  -3.096332875429653e-06
  2.000000029802322e-01  -1.278294372558594e+02  -1.824225311279297e+02  -3.515390777587891e+01  -7.038402557373047e+01  -2.458253479003906e+01  -9.849379539489746e+00  -1.642169195292809e-06  -2.612934804346878e-05  6.459962378357886e-07
  2.049999982118607e-01  -1.262299041748047e+02  -2.080577239990234e+02  -2.955093955993652e+01  -7.033779144287109e+01  -2.253075981140137e+01  -5.867715358734131e+00  -2.568369609434740e-06  -2.695240436878521e-05  2.467614649503957e-06
  2.099999934434891e-01  -1.260706787109375e+02  -2.339093017578125e+02  -2.599878692626953e+01  -6.918405151367188e+01  -1.959014892578125e+01  -2.619914293289185e+00  -3.058974698433303e-06  -2.752480759227183e-05  4.325921509007458e-06
  2.150000035762787e-01  -1.227214508056641e+02  -2.583327636718750e+02  -1.888313484191895e+01  -6.329094696044922e+01  -1.439796352386475e+01  9.015426635742188e+00  -3.722828296304215e-06  -2.567376395745669e-05  7.403862127830507e-06
  2.199999988079071e-01  -1.178444290161133e+02  -2.764659729003906e+02  -1.320431518554688e+01  -5.870220565795898e+01  -1.011826705932617e+01  1.356150722503662e+01  -3.850570010399679e-06  -2.548326665419154e-05  8.737083589949179e-06
  2.249999940395355e-01  -1.114781951904297e+02  -2.906439514160156e+02  -7.880026340484619e+00  -4.710074615478516e+01  -5.489933967590332e+00  2.333154678344727e+01  -3.952095084969187e-06  -2.266128649353050e-05  1.118771979236044e-05
  2.300000041723251e-01  -1.074528961181641e+02  -3.021592407226562e+02  -6.211143493652344e+00  -3.930673599243164e+01  -6.353445053100586e-01  2.658175277709961e+01  -3.287777417426696e-06  -2.171252890548203e-05  1.225143842020771e-05
  2.349999994039536e-01  -9.997863006591797e+01  -3.081447753906250e+02  -3.338455438613892e+00  -3.040916633605957e+01  4.354881286621094e+00  3.142600059509277e+01  -2.708960209929501e-06  -2.040431718342006e-05  1.308403261646163e-05
  2.399999946355820e-01  -8.810377502441406e+01  -3.018105468750000e+02  1.802757859230042e+00  -1.330334949493408e+01  8.125265121459961e+00  3.761244583129883e+01  -2.191071871493477e-06  -1.641562084842008e-05  1.478790454711998e-05
  2.450000047683716e-01  -8.026163482666016e+01  -2.976496582031250e+02  1.733946204185486e+00  -2.113666296005249e+00  1.312596893310547e+01  4.104295730590820e+01  -1.127407585954643e-06  -1.434234218322672e-05  1.539494041935541e-05
  2.500000000000000e-01  -6.352808380126953e+01  -2.751189575195312e+02  7.934437274932861e+00  1.651878929138184e+01  1.583878231048584e+01  4.358973312377930e+01  -5.504190312421997e-07  -9.832912837737240e-06  1.662946851865854e-05
  2.549999952316284e-01  -4.977830505371094e+01  -2.571595458984375e+02  9.790858268737793e+00  2.875307464599609e+01  2.069992637634277e+01  4.787860870361328e+01  2.480783791725116e-07  -7.106092652975349e-06  1.691049510554876e-05
  2.599999904632568e-01  -3.615957641601562e+01  -2.346011810302734e+02  1.013560009002686e+01  4.135912322998047e+01  2.567250061035156e+01  5.119479751586914e+01  1.229443796546548e-06  -4.030885065731127e-06  1.714025711407885e-05
  2.649999856948853e-01  -1.231841087341309e+01  -1.900438537597656e+02  1.752673149108887e+01  5.919016647338867e+01  2.705850219726562e+01  4.973696899414062e+01  1.385046857649286e-06  9.033349215314956e-07  1.765651177265681e-05
  2.700000107288361e-01  7.062441349029541e+00  -1.547258453369141e+02  2.039786148071289e+01  7.119075775146484e+01  3.208376693725586e+01  5.320885848999023e+01  1.928656729432987e-06  4.353095846454380e-06  1.761469320626929e-05
  2.750000059604645e-01  3.480765151977539e+01  -9.882197570800781e+01  2.717015266418457e+01  8.634844207763672e+01  3.227533721923828e+01  4.881604003906250e+01  1.634108798498346e-06  8.993946721602697e-06  1.743010761856567e-05
  2.800000011920929e-01  5.636074829101562e+01  -5.456223297119141e+01  2.964047622680664e+01  9.668792724609375e+01  3.703668594360352e+01  5.059133148193359e+01  1.989041948036174e-06  1.265130231331568e-05  1.711795812298078e-05
  2.849999964237213e-01  8.062791442871094e+01  -5.751970767974854e+00  3.464432525634766e+01  1.062534179687500e+02  4.223307418823242e+01  5.245189666748047e+01  2.173433585994644e-06  1.629834878258407e-05  1.667477408773266e-05
  2.899999916553497e-01  1.111046218872070e+02  5.905407333374023e+01  3.862260818481445e+01  1.158871002197266e+02  4.050787734985352e+01  4.503772354125977e+01  1.284466407014406e-06  1.998866719077341e-05  1.551527930132579e-05
  2.949999868869781e-01  1.363376770019531e+02  1.122022094726562e+02  4.326951217651367e+01  1.225219650268555e+02  4.488470840454102e+01  4.526058959960938e+01  1.268325377168367e-06  2.341482650081161e-05  1.467636775487335e-05
  3.000000119209290e-01  1.657145996093750e+02  1.759802856445312e+02  4.313634490966797e+01  1.274439468383789e+02  4.134341430664062e+01  3.646608352661133e+01  2.159782042099323e-07  2.589860378066078e-05  1.274975147680379e-05
  3.050000071525574e-01  1.910821990966797e+02  2.299768371582031e+02  4.941207885742188e+01  1.308159942626953e+02  4.507211303710938e+01  3.551790618896484e+01  7.812224822600911e-08  2.863446752598975e-05  1.142684686783468e-05
  3.100000023841858e-01  2.161633453369141e+02  2.836296386718750e+02  5.542861175537109e+01  1.326197967529297e+02  4.779984283447266e+01  3.403430557250977e+01  -1.032954628499283e-07  3.127257878077216e-05  9.930169653671328e-06
  3.149999976158142e-01  2.399990539550781e+02  3.380975952148438e+02  5.034064483642578e+01  1.307443542480469e+02  4.158314514160156e+01  2.425988769531250e+01  -1.063399736267456e-06  3.183956141583622e-05  6.928507445991272e-06
  3.199999928474426e-01  2.615700378417969e+02  3.862814636230469e+02  5.663771438598633e+01  1.290577392578125e+02  4.269328308105469e+01  2.162165832519531e+01  -1.153697894551442e-06  3.356735032866709e-05  4.928925136482576e-06
  3.249999880790710e-01  2.788236999511719e+02  4.290284118652344e+02  4.820647430419922e+01  1.229558868408203e+02  3.528422164916992e+01  1.237504768371582e+01  -1.748185468386509e-06  3.285924321971834e-05  1.292799538532563e-06
  3.300000131130219e-01  2.957352294921875e+02  4.684576110839844e+02  5.281894302368164e+01  1.177618637084961e+02  3.362711334228516e+01  9.606235504150391e+00  -1.840728373281308e-06  3.387911783647723e-05  -1.072296981874388e-06
  3.350000083446503e-01  3.050567932128906e+02  4.971196289062500e+02  4.237078094482422e+01  1.081382522583008e+02  2.587024879455566e+01  1.756648778915405e+00  -2.008799356190138e-06  3.225329783163033e-05  -5.055035671830410e-06
  3.400000035762787e-01  3.144440612792969e+02  5.248339843750000e+02  4.575186538696289e+01  1.000906219482422e+02  2.224543190002441e+01  -1.635569691658020e+00  -1.871853783086408e-06  3.250291410950013e-05  -7.638489478267729e-06
  3.449999988079071e-01  3.216716003417969e+02  5.478037719726562e+02  4.849992370605469e+01  9.075784301757812e+01  1.690425109863281e+01  -4.474391937255859e+00  -1.866097136371536e-06  3.256429044995457e-05  -1.016862097458215e-05
  3.499999940395355e-01  3.176840820312500e+02  5.537719116210938e+02  3.640893554687500e+01  7.730837249755859e+01  9.267607688903809e+00  -1.015874481201172e+01  -1.569248411215085e-06  3.020400436071213e-05  -1.408319621987175e-05
  3.549999892711639e-01  3.157023620605469e+02  5.628245849609375e+02  3.692185211181641e+01  6.593116760253906e+01  2.437591552734375e+00  -1.319709205627441e+01  -1.399555685566156e-06  2.973936898342799e-05  -1.637844070501160e-05
  3.600000143051147e-01  3.024195556640625e+02  5.536805419921875e+02  2.498255920410156e+01  5.113981246948242e+01  -3.222772359848022e+00  -1.682990837097168e+01  -8.793751362645708e-07  2.743121876846999e-05  -1.972311292774975e-05
  3.650000095367432e-01  2.937981262207031e+02  5.504951782226562e+02  2.477173614501953e+01  3.831229019165039e+01  -1.113423728942871e+01  -1.856282424926758e+01  -9.043195632330026e-07  2.670797948667314e-05  -2.144976861018222e-05
  3.700000047683716e-01  2.802208862304688e+02  5.407392578125000e+02  2.266454124450684e+01  2.497725486755371e+01  -1.942604064941406e+01  -2.076978302001953e+01  -8.914989848562982e-07  2.576048609626014e-05  -2.281947854498867e-05
  3.750000000000000e-01  2.543353729248047e+02  5.115791320800781e+02  1.123667621612549e+01  9.512635231018066e+00  -2.216723632812500e+01  -2.205032157897949e+01  -4.125945451960433e-07  2.373190000071190e-05  -2.485180266376119e-05
  3.799999952316284e-01  2.351027832031250e+02  4.913075561523438e+02  9.311568260192871e+00  -4.248455524444580e+00  -2.998865699768066e+01  -2.301943588256836e+01  -6.984946026022953e-07  2.260928704345133e-05  -2.537202635721769e-05
  3.849999904632568e-01  2.023489379882812e+02  4.516765747070312e+02  -5.758125185966492e-01  -1.915269470214844e+01  -3.013086891174316e+01  -2.288550758361816e+01  -4.298562714666332e-07  2.093639159284066e-05  -2.634373231558129e-05
  3.899999856948853e-01  1.760671386718750e+02  4.210166015625000e+02  -4.346520900726318e+00  -3.271974945068359e+01  -3.670691299438477e+01  -2.395074653625488e+01  -8.483075362164527e-07  1.961131783900782e-05  -2.598043829493690e-05
  3.950000107288361e-01  1.487537536621094e+02  3.873189697265625e+02  -6.925754070281982e+00  -4.613162612915039e+01  -4.254547500610352e+01  -2.445258331298828e+01  -1.492192154728400e-06  1.808738488762174e-05  -2.528207551222295e-05
  4.000000059604645e-01  1.091697845458984e+02  3.366069030761719e+02  -1.515918159484863e+01  -5.938886260986328e+01  -3.981216812133789e+01  -2.325560951232910e+01  -1.642352913222567e-06  1.657675056776498e-05  -2.487797428329941e-05
  4.050000011920929e-01  7.754262542724609e+01  2.959620361328125e+02  -1.881844329833984e+01  -7.187541961669922e+01  -4.387388992309570e+01  -2.400075340270996e+01  -2.447814040351659e-06  1.480092760175467e-05  -2.357919220230542e-05
  4.099999964237213e-01  3.654730987548828e+01  2.419264984130859e+02  -2.487314033508301e+01  -8.352079010009766e+01  -4.021470642089844e+01  -2.233941650390625e+01  -2.899678975154529e-06  1.324879212916130e-05  -2.247516931674909e-05
  4.149999916553497e-01  4.242606163024902e+00  1.980799560546875e+02  -2.710355186462402e+01  -9.459642028808594e+01  -4.241129684448242e+01  -2.292030906677246e+01  -3.911057774530491e-06  1.113277448894223e-05  -2.092972863465548e-05
  4.199999868869781e-01  -2.909539031982422e+01  1.520936737060547e+02  -3.034103012084961e+01  -1.051083908081055e+02  -4.379940414428711e+01  -2.380875778198242e+01  -4.962694220012054e-06  8.830831575323828e-06  -1.935239379236009e-05
  4.250000119209290e-01  -6.792042541503906e+01  9.800668334960938e+01  -3.295788574218750e+01  -1.138375549316406e+02  -3.961586380004883e+01  -2.196189117431641e+01  -5.586309725913452e-06  6.944420874788193e-06  -1.793501360225491e-05
  4.300000071525574e-01  -9.984491729736328e+01  5.167800903320312e+01  -3.518993377685547e+01  -1.224570083618164e+02  -3.961336898803711e+01  -2.306793212890625e+01  -6.639624189119786e-06  4.293875463190489e-06  -1.656236781855114e-05
  4.350000023841858e-01  -1.338668518066406e+02  1.431482553482056e+00  -3.423110198974609e+01  -1.290198669433594e+02  -3.614941787719727e+01  -2.098277091979980e+01  -7.190734777395846e-06  2.152778051822679e-06  -1.523067749076290e-05
  4.399999976158142e-01  -1.632513122558594e+02  -4.369237136840820e+01  -3.665859222412109e+01  -1.356400299072266e+02  -3.559769058227539e+01  -2.236875915527344e+01  -8.101019375317264e-06  -7.067450269460096e-07  -1.425712525815470e-05
  4.449999928474426e-01  -1.917352600097656e+02  -8.853195190429688e+01  -3.940183258056641e+01  -1.412435760498047e+02  -3.446061325073242e+01  -2.406668472290039e+01  -8.906668881536461e-06  -3.718501830007881e-06  -1.357734799967147e-05
  4.499999880790710e-01  -2.160418090820312e+02  -1.299267883300781e+02  -3.367462921142578e+01  -1.441955413818359e+02  -3.190836143493652e+01  -2.154533195495605e+01  -8.992625225801021e-06  -6.032943474565400e-06  -1.281036475120345e-05
  4.550000131130219e-01  -2.400698089599609e+02  -1.709858703613281e+02  -3.658039474487305e+01  -1.475108795166016e+02  -3.086274337768555e+01  -2.333653259277344e+01  -9.471994417253882e-06  -9.040684744832106e-06  -1.267598690901650e-05
  4.600000083446503e-01  -2.563508605957031e+02  -2.045045623779297e+02  -2.756286430358887e+01  -1.480131225585938e+02  -2.899398422241211e+01  -2.016331672668457e+01  -9.085000783670694e-06  -1.126358711189823e-05  -1.233586590387858e-05
  4.650000035762787e-01  -2.753129882812500e+02  -2.404325103759766e+02  -2.984218597412109e+01  -1.487851715087891e+02  -2.786587333679199e+01  -2.208237457275391e+01  -9.093888365896419e-06  -1.417531530023552e-05  -1.275552222068654e-05
  4.699999988079071e-01  -2.924314880371094e+02  -2.746469116210938e+02  -3.347938156127930e+01  -1.484599761962891e+02  -2.699024200439453e+01  -2.399384307861328e+01  -8.925998372433241e-06  -1.694433376542293e-05  -1.338478614343330e-05
  4.749999940395355e-01  -2.973717651367188e+02  -2.960046386718750e+02  -2.131436157226562e+01  -1.450990142822266e+02  -2.543392753601074e+01  -1.995562553405762e+01  -7.706093128945213e-06  -1.866007914941292e-05  -1.364631589240162e-05
  4.799999892711639e-01  -3.087991638183594e+02  -3.236492004394531e+02  -2.396194267272949e+01  -1.421458129882812e+02  -2.458586311340332e+01  -2.166152000427246e+01  -7.023385023785522e-06  -2.106619649566710e-05  -1.465670811739983e-05
  4.850000143051147e-01  -3.070262451171875e+02  -3.373193664550781e+02  -1.093775749206543e+01  -1.363764953613281e+02  -2.276402664184570e+01  -1.702347946166992e+01  -5.317977866070578e-06  -2.227899312856607e-05  -1.524257186247269e-05
  4.900000095367432e-01  -3.136591796875000e+02  -3.589232482910156e+02  -1.476359748840332e+01  -1.309541931152344e+02  -2.214342308044434e+01  -1.843468856811523e+01  -4.164083293289877e-06  -2.410158595012035e-05  -1.631253689993173e-05
  4.950000047683716e-01  -3.174659118652344e+02  -3.770073852539062e+02  -1.727431869506836e+01  -1.242745285034180e+02  -2.147609519958496e+01  -1.954641532897949e+01  -2.838464979504352e-06  -2.568721538409591e-05  -1.753026481310371e-05
  5.000000000000000e-01  -3.083314514160156e+02  -3.809394226074219e+02  -4.964320659637451e+00  -1.150953826904297e+02  -1.899660110473633e+01  -1.441431427001953e+01  -5.774746227871219e-07  -2.599709296191577e-05  -1.822968442866113e-05
  5.049999952316284e-01  -3.084904785156250e+02  -3.934682922363281e+02  -9.273279190063477e+00  -1.061238937377930e+02  -1.834358787536621e+01  -1.525435733795166e+01  1.112209929488017e-06  -2.689615575945936e-05  -1.921222246892285e-05
  5.099999904632568e-01  -2.972129821777344e+02  -3.935864562988281e+02  1.278938353061676e-01  -9.517230987548828e+01  -1.534926700592041e+01  -1.038704872131348e+01  3.498193336781696e-06  -2.666941327333916e-05  -1.979869739443529e-05
  5.149999856948853e-01  -2.924710998535156e+02  -3.991723632812500e+02  -1.675883531570435e+00  -8.407736968994141e+01  -1.431726837158203e+01  -1.048332786560059e+01  5.330563453753712e-06  -2.697274612728506e-05  -2.071527705993503e-05
  5.199999809265137e-01  -2.874555969238281e+02  -4.033705749511719e+02  -6.115962028503418e+00  -7.204643249511719e+01  -1.340733623504639e+01  -1.066604614257812e+01  7.290509074664442e-06  -2.692358975764364e-05  -2.129430322383996e-05
  5.249999761581421e-01  -2.744851684570312e+02  -3.990671691894531e+02  -3.101196289062500e-01  -5.896294021606445e+01  -9.873732566833496e+00  -6.332092761993408e+00  9.565168511471711e-06  -2.602125823614188e-05  -2.141056029358879e-05
  5.299999713897705e-01  -2.656231994628906e+02  -3.973773193359375e+02  -1.881700634956360e+00  -4.535127639770508e+01  -8.566135406494141e+00  -5.787510871887207e+00  1.143585996032925e-05  -2.546665928093717e-05  -2.178810063924175e-05
  5.350000262260437e-01  -2.533583984375000e+02  -3.923858642578125e+02  1.028351783752441e+00  -3.150514221191406e+01  -4.943804264068604e+00  -2.369746923446655e+00  1.335438537353184e-05  -2.437308285152540e-05  -2.147428494936321e-05
  5.400000214576721e-01  -2.449950103759766e+02  -3.891901245117188e+02  -4.269695281982422e+00  -1.690190505981445e+01  -3.699603080749512e+00  -2.075729846954346e+00  1.513058759883279e-05  -2.335972931177821e-05  -2.115787538059521e-05
  5.450000166893005e-01  -2.338816223144531e+02  -3.823252563476562e+02  -5.649960994720459e+00  -1.735002994537354e+00  -2.194503068923950e+00  -1.100826978683472e+00  1.674571831244975e-05  -2.217622386524454e-05  -2.085373853333294e-05
  5.500000119209290e-01  -2.234964599609375e+02  -3.774367980957031e+02  -6.081539154052734e+00  1.244849681854248e+01  1.163329601287842e+00  1.105535507202148e+00  1.799512392608449e-05  -2.095704985549673e-05  -1.966598574654199e-05
  5.550000071525574e-01  -2.138116760253906e+02  -3.704285278320312e+02  -1.086126613616943e+01  2.784854698181152e+01  2.481562137603760e+00  1.743586897850037e+00  1.932966006279457e-05  -1.953342871274799e-05  -1.866732600319665e-05
  5.600000023841858e-01  -2.054443206787109e+02  -3.668809204101562e+02  -1.318056774139404e+01  4.158727264404297e+01  5.210417270660400e+00  2.828036308288574e+00  2.002560540859122e-05  -1.842815436248202e-05  -1.678627450019121e-05
  5.649999976158142e-01  -1.942860412597656e+02  -3.572623901367188e+02  -1.464891338348389e+01  5.682704162597656e+01  6.701197624206543e+00  3.889872074127197e+00  2.086830681946594e-05  -1.698641426628456e-05  -1.552877074573189e-05
  5.699999928474426e-01  -1.843311767578125e+02  -3.481302185058594e+02  -1.838093185424805e+01  7.185138702392578e+01  7.921305179595947e+00  4.744749546051025e+00  2.157866583729628e-05  -1.546491330373101e-05  -1.390280795021681e-05
  5.749999880790710e-01  -1.782210083007812e+02  -3.461581420898438e+02  -2.165781402587891e+01  8.417883300781250e+01  9.887978553771973e+00  4.798907279968262e+00  2.144476457033306e-05  -1.466625144530553e-05  -1.113172220357228e-05
  5.799999833106995e-01  -1.676611785888672e+02  -3.356393737792969e+02  -2.254444503784180e+01  9.826837921142578e+01  1.114639663696289e+01  5.896358013153076e+00  2.163630051654764e-05  -1.330064333160408e-05  -9.263034371542744e-06
  5.849999785423279e-01  -1.627543487548828e+02  -3.345225219726562e+02  -2.589462661743164e+01  1.092462234497070e+02  1.250064849853516e+01  5.249198436737061e+00  2.101954123645555e-05  -1.278569470741786e-05  -5.960408998362254e-06
  5.899999737739563e-01  -1.535388488769531e+02  -3.247953186035156e+02  -2.779789924621582e+01  1.218532791137695e+02  1.338808059692383e+01  6.205154895782471e+00  2.077240060316399e-05  -1.160321789939189e-05  -3.654308784462046e-06
  5.950000286102295e-01  -1.438374938964844e+02  -3.140919799804688e+02  -2.771448898315430e+01  1.337675628662109e+02  1.441074657440186e+01  7.292509555816650e+00  2.031841722782701e-05  -1.054397034749854e-05  -1.343831513622717e-06
  6.000000238418579e-01  -1.398964385986328e+02  -3.133551330566406e+02  -3.049532127380371e+01  1.421122894287109e+02  1.509152030944824e+01  6.156990528106689e+00  1.909525417431723e-05  -1.046484521793900e-05  2.481652245478472e-06
  6.050000190734863e-01  -1.308343200683594e+02  -3.029230041503906e+02  -3.014724731445312e+01  1.520346374511719e+02  1.593094825744629e+01  7.262812137603760e+00  1.824911305448040e-05  -9.702633178676479e-06  5.027423867431935e-06
  6.100000143051147e-01  -1.266594314575195e+02  -3.010657958984375e+02  -3.210002517700195e+01  1.585533294677734e+02  1.612318611145020e+01  5.866021156311035e+00  1.680073000898119e-05  -9.848099580267444e-06  9.002213118947111e-06
  6.150000095367432e-01  -1.178935775756836e+02  -2.903885192871094e+02  -3.072577095031738e+01  1.662870788574219e+02  1.707108688354492e+01  6.948693275451660e+00  1.565522507007699e-05  -9.426952601643279e-06  1.160397823696258e-05
  6.200000047683716e-01  -1.088729248046875e+02  -2.792187805175781e+02  -2.821052169799805e+01  1.729058380126953e+02  1.806673431396484e+01  8.137146949768066e+00  1.437686478311662e-05  -9.169217264570761e-06  1.420124044670956e-05
  6.250000000000000e-01  -1.040438995361328e+02  -2.751836547851562e+02  -2.938084983825684e+01  1.763320617675781e+02  1.791900634765625e+01  6.611437320709229e+00  1.273427278647432e-05  -9.667429367254954e-06  1.813911512726918e-05
  6.299999952316284e-01  -9.549069213867188e+01  -2.638616638183594e+02  -2.677603340148926e+01  1.805140686035156e+02  1.905751609802246e+01  7.663718223571777e+00  1.131370208895532e-05  -9.734729246702045e-06  2.069931360892951e-05
  6.349999904632568e-01  -8.977206420898438e+01  -2.571760253906250e+02  -2.793866348266602e+01  1.820612640380859e+02  1.857213401794434e+01  6.013271808624268e+00  9.748689990374260e-06  -1.035643072100356e-05  2.444298661430366e-05
  6.399999856948853e-01  -8.031402587890625e+01  -2.443110504150391e+02  -2.322612571716309e+01  1.838750457763672e+02  2.004389953613281e+01  7.230304718017578e+00  8.250471182691399e-06  -1.075166255759541e-05  2.681009573279880e-05
  6.449999809265137e-01  -7.180564117431641e+01  -2.321067810058594e+02  -1.971726417541504e+01  1.843726196289062e+02  2.157765197753906e+01  8.179195404052734e+00  6.779978320992086e-06  -1.128289932239568e-05  2.916896482929587e-05
  6.499999761581421e-01  -6.452049255371094e+01  -2.212574005126953e+02  -2.052430343627930e+01  1.830263366699219e+02  2.081972694396973e+01  6.480443954467773e+00  5.439856977318414e-06  -1.211585367855150e-05  3.244787876610644e-05
  6.549999713897705e-01  -5.502977371215820e+01  -2.072939605712891e+02  -1.497697925567627e+01  1.812735137939453e+02  2.281570816040039e+01  7.534995555877686e+00  4.050565166835440e-06  -1.294019330089213e-05  3.452778037171811e-05
  6.600000262260437e-01  -4.626393127441406e+01  -1.926318817138672e+02  -1.540307235717773e+01  1.783686523437500e+02  2.167091178894043e+01  5.782996654510498e+00  3.011920171047677e-06  -1.383578546665376e-05  3.733589619514532e-05
  6.650000214576721e-01  -3.762225723266602e+01  -1.787028198242188e+02  -1.167468929290771e+01  1.743706359863281e+02  2.368898773193359e+01  6.567764282226562e+00  1.836930550780380e-06  -1.484658787376247e-05  3.924042903236113e-05
  6.700000166893005e-01  -2.762810707092285e+01  -1.605234222412109e+02  -1.206591510772705e+01  1.700504455566406e+02  2.205792999267578e+01  4.825447082519531e+00  1.153036464529578e-06  -1.578893352416344e-05  4.158999217906967e-05
  6.750000119209290e-01  -1.801475334167480e+01  -1.447252349853516e+02  -6.279869079589844e+00  1.642432403564453e+02  2.449738502502441e+01  5.648487567901611e+00  2.266525740424186e-07  -1.702742883935571e-05  4.310271106078289e-05
  6.800000071525574e-01  -9.614137649536133e+00  -1.300023803710938e+02  -2.643189430236816e+00  1.573559722900391e+02  2.683536338806152e+01  6.234031200408936e+00  -5.473636406350124e-07  -1.832484122132882e-05  4.459358024178073e-05
  6.850000023841858e-01  1.811005115509033e+00  -1.076858825683594e+02  -2.626065015792847e+00  1.511783294677734e+02  2.458798217773438e+01  4.602083206176758e+00  -6.803701921853644e-07  -1.935389263962861e-05  4.623113636625931e-05
  6.899999976158142e-01  1.083388710021973e+01  -9.149657440185547e+01  2.540240049362183e+00  1.429295654296875e+02  2.715547180175781e+01  5.217558383941650e+00  -1.130436089624709e-06  -2.080766171275172e-05  4.732572415377945e-05
  6.949999928474426e-01  2.329029655456543e+01  -6.644962310791016e+01  3.161399126052856e+00  1.359349212646484e+02  2.436976432800293e+01  3.779612064361572e+00  -8.943317766352266e-07  -2.185088669648394e-05  4.840145629714243e-05
  6.999999880790710e-01  3.132394790649414e+01  -5.066481018066406e+01  6.301504135131836e+00  1.265049514770508e+02  2.649919700622559e+01  4.298690319061279e+00  -9.921549235514249e-07  -2.332887743250467e-05  4.924709719489329e-05
  7.049999833106995e-01  3.963130569458008e+01  -3.441218948364258e+01  1.056239318847656e+01  1.166296539306641e+02  2.881962394714355e+01  4.848763465881348e+00  -9.369454687657708e-07  -2.487546589691192e-05  4.988504224456847e-05
  7.099999785423279e-01  5.284224700927734e+01  -6.982820987701416e+00  1.169758701324463e+01  1.089006576538086e+02  2.525798416137695e+01  3.769767045974731e+00  -2.148627658016267e-07  -2.586021037132014e-05  5.019814489060082e-05
  7.149999737739563e-01  6.037117004394531e+01  8.883059501647949e+00  1.436220455169678e+01  9.848450469970703e+01  2.695589637756348e+01  4.368892192840576e+00  1.581972952635624e-07  -2.734385088842828e-05  5.054026769357733e-05
  7.200000286102295e-01  7.398154449462891e+01  3.728669357299805e+01  1.603097343444824e+01  9.065074920654297e+01  2.299821090698242e+01  3.664016723632812e+00  1.087917780751013e-06  -2.820953159243800e-05  5.029415478929877e-05
  7.250000238418579e-01  8.162390899658203e+01  5.361443710327148e+01  1.925594329833984e+01  8.022880554199219e+01  2.432902908325195e+01  4.439448356628418e+00  1.716263113848981e-06  -2.959672565339133e-05  5.022315235692076e-05
  7.300000190734863e-01  8.878617095947266e+01  6.943190002441406e+01  2.144542884826660e+01  6.979210662841797e+01  2.523329734802246e+01  5.305063724517822e+00  2.457709342706949e-06  -3.090070458711125e-05  5.004800550523214e-05
  7.350000143051147e-01  1.024638214111328e+02  9.795029449462891e+01  2.342549705505371e+01  6.242805862426758e+01  2.078690719604492e+01  5.077236175537109e+00  3.553326450855820e-06  -3.142848072457127e-05  4.902375803794712e-05
  7.400000095367432e-01  1.096329879760742e+02  1.138706359863281e+02  2.571052360534668e+01  5.256024551391602e+01  2.110623168945312e+01  6.172095775604248e+00  4.441397322807461e-06  -3.247579661547206e-05  4.846290539717302e-05
  7.450000047683716e-01  1.230191497802734e+02  1.413230743408203e+02  2.758548164367676e+01  4.573808288574219e+01  1.678181266784668e+01  6.286078453063965e+00  5.444302587420680e-06  -3.267596184741706e-05  4.690328205469996e-05
  7.500000000000000e-01  1.299975433349609e+02  1.568875579833984e+02  2.941363716125488e+01  3.672820281982422e+01  1.637678146362305e+01  7.599197864532471e+00  6.395054242602782e-06  -3.335205838084221e-05  4.603719935403205e-05
  7.549999952316284e-01  1.369535217285156e+02  1.723709259033203e+02  3.089868736267090e+01  2.821392250061035e+01  1.556494045257568e+01  9.067544937133789e+00  7.357978574873414e-06  -3.382385330041870e-05  4.502516821958125e-05
  7.599999904632568e-01  1.495669708251953e+02  1.974953155517578e+02  3.229478836059570e+01  2.272521591186523e+01  1.145241641998291e+01  9.435131072998047e+00  8.085327863227576e-06  -3.334697612444870e-05  4.281849032850005e-05
  7.649999856948853e-01  1.565287322998047e+02  2.125904388427734e+02  3.373327255249023e+01  1.545824623107910e+01  1.006234359741211e+01  1.107353782653809e+01  8.973757758212741e-06  -3.330868639750406e-05  4.155454007559456e-05
  7.699999809265137e-01  1.681933288574219e+02  2.349195251464844e+02  3.462855148315430e+01  1.082044792175293e+01  6.632477760314941e+00  1.151159667968750e+01  9.319241144112311e-06  -3.231770097045228e-05  3.895773261319846e-05
  7.749999761581421e-01  1.746541748046875e+02  2.489115600585938e+02  3.503008651733398e+01  4.890486240386963e+00  4.787209510803223e+00  1.316232967376709e+01  1.003719989967067e-05  -3.168166222167201e-05  3.749597817659378e-05
  7.799999713897705e-01  1.815282135009766e+02  2.631860961914062e+02  3.609491729736328e+01  -2.999162971973419e-01  2.630093097686768e+00  1.494309234619141e+01  1.068401797965635e-05  -3.073799598496407e-05  3.597162503865547e-05
  7.850000262260437e-01  1.912863311767578e+02  2.808095703125000e+02  3.572559356689453e+01  -3.462348937988281e+00  1.240806952118874e-01  1.513743782043457e+01  1.041016003000550e-05  -2.889958159357775e-05  3.305453719804063e-05
  7.900000214576721e-01  1.973300323486328e+02  2.934281005859375e+02  3.557551193237305e+01  -7.310543060302734e+00  -2.260190248489380e+00  1.671419906616211e+01  1.078887726180255e-05  -2.728917752392590e-05  3.144423317280598e-05
  7.950000166893005e-01  2.050004272460938e+02  3.064527282714844e+02  3.384629440307617e+01  -9.783525466918945e+00  -3.751531600952148e+00  1.664848327636719e+01  1.000773772830144e-05  -2.496566048648674e-05  2.848148324119393e-05
  8.000000119209290e-01  2.107582092285156e+02  3.178452758789062e+02  3.438411331176758e+01  -1.239552211761475e+01  -6.106114864349365e+00  1.797638130187988e+01  1.007750870485324e-05  -2.271658013341948e-05  2.685737126739696e-05
  8.050000071525574e-01  2.159205627441406e+02  3.283777160644531e+02  3.390983200073242e+01  -1.435159873962402e+01  -8.564261436462402e+00  1.915327453613281e+01  1.002273165795486e-05  -2.012444565480109e-05  2.527415745134931e-05
  8.100000023841858e-01  2.202209167480469e+02  3.346209106445312e+02  3.060832214355469e+01  -1.593076038360596e+01  -8.891390800476074e+00  1.839332771301270e+01  8.567245458834805e-06  -1.715094913379289e-05  2.245357245556079e-05
  8.149999976158142e-01  2.245766906738281e+02  3.432224121093750e+02  3.083436012268066e+01  -1.695799064636230e+01  -1.105423450469971e+01  1.912554931640625e+01  8.180290933523793e-06  -1.400410292262677e-05  2.099321318382863e-05
  8.199999928474426e-01  2.259270935058594e+02  3.439331054687500e+02  2.640866470336914e+01  -1.835163307189941e+01  -1.063077449798584e+01  1.794245529174805e+01  6.334750651149079e-06  -1.081342543329811e-05  1.843190875661094e-05
  8.249999880790710e-01  2.282184295654297e+02  3.492593383789062e+02  2.555525207519531e+01  -1.869380569458008e+01  -1.240223693847656e+01  1.800772285461426e+01  5.649042122968240e-06  -7.234010354295606e-06  1.717081431706902e-05
  8.299999833106995e-01  2.303675689697266e+02  3.540659179687500e+02  2.565814399719238e+01  -1.866966629028320e+01  -1.398443889617920e+01  1.787554740905762e+01  4.832206286664587e-06  -3.416157142055454e-06  1.601979420229327e-05
  8.349999785423279e-01  2.269471130371094e+02  3.467156066894531e+02  1.986854362487793e+01  -2.005193328857422e+01  -1.282596015930176e+01  1.591089630126953e+01  2.586065420473460e-06  -1.146855410638636e-07  1.399548636982217e-05
  8.399999737739563e-01  2.266954956054688e+02  3.478410644531250e+02  1.950273132324219e+01  -1.972524452209473e+01  -1.387363147735596e+01  1.504214572906494e+01  1.536607101115806e-06  3.902377102349419e-06  1.308311402681284e-05
  8.450000286102295e-01  2.196309356689453e+02  3.348033752441406e+02  1.286897659301758e+01  -2.137123680114746e+01  -1.249097347259521e+01  1.280457973480225e+01  -7.818101153134194e-07  6.998171556915622e-06  1.155602240032749e-05
  8.500000238418579e-01  2.171822357177734e+02  3.323813476562500e+02  1.297448539733887e+01  -2.107346725463867e+01  -1.317582035064697e+01  1.131924819946289e+01  -2.005502437896212e-06  1.106465970224235e-05  1.094424987968523e-05
  8.550000190734863e-01  2.138057861328125e+02  3.286324462890625e+02  1.345093536376953e+01  -2.062841796875000e+01  -1.340338230133057e+01  9.492392539978027e+00  -3.289665301053901e-06  1.513101597083732e-05  1.041701125359396e-05
  8.600000143051147e-01  2.014824218750000e+02  3.078891296386719e+02  6.255149841308594e+00  -2.289716529846191e+01  -1.207648658752441e+01  6.856094360351562e+00  -5.535743184736930e-06  1.771354254742619e-05  9.533720913168509e-06
  8.650000095367432e-01  1.954291076660156e+02  3.001414794921875e+02  6.801301479339600e+00  -2.279395103454590e+01  -1.205954933166504e+01  4.478412628173828e+00  -6.871514869999373e-06  2.155842594220303e-05  9.312723705079406e-06
  8.700000047683716e-01  1.795350799560547e+02  2.747289428710938e+02  -9.017435312271118e-01  -2.550756645202637e+01  -1.115184688568115e+01  1.906143069267273e+00  -8.821381015877705e-06  2.362619670748245e-05  8.895431165001355e-06
  8.750000000000000e-01  1.713433532714844e+02  2.637814636230469e+02  1.075666785240173e+00  -2.572819137573242e+01  -1.075127696990967e+01  -8.220731616020203e-01  -1.011287986329990e-05  2.703542668314185e-05  8.793973393039778e-06
  8.799999952316284e-01  1.616414031982422e+02  2.507596588134766e+02  2.206065177917480e+00  -2.615228652954102e+01  -1.025366210937500e+01  -3.879112482070923e+00  -1.138119205279509e-05  3.027414641110227e-05  8.865386917022988e-06
  8.849999904632568e-01  1.413512268066406e+02  2.198968200683594e+02  -5.275877952575684e+00  -2.960358619689941e+01  -1.001024913787842e+01  -6.192500591278076e+00  -1.279814296140103e-05  3.143719368381426e-05  8.865914423950016e-06
  8.899999856948853e-01  1.300991363525391e+02  2.044573516845703e+02  -2.070832252502441e+00  -3.046053504943848e+01  -9.357996940612793e+00  -9.305527687072754e+00  -1.390488159813685e-05  3.404382732696831e-05  8.925374459067825e-06
  8.949999809265137e-01  1.077240600585938e+02  1.716212158203125e+02  -8.931962966918945e+00  -3.421580123901367e+01  -9.649285316467285e+00  -1.107247352600098e+01  -1.478216017858358e-05  3.460801235632971e-05  9.092755135498010e-06
  8.999999761581421e-01  9.367922210693359e+01  1.526216125488281e+02  -7.243705272674561e+00  -3.565318298339844e+01  -9.296095848083496e+00  -1.435036468505859e+01  -1.562172838021070e-05  3.656763510662131e-05  9.281597158405930e-06
  9.049999713897705e-01  7.999668884277344e+01  1.336250457763672e+02  -3.129673957824707e+00  -3.723128890991211e+01  -8.788031578063965e+00  -1.748751640319824e+01  -1.638612229726277e-05  3.815831223619170e-05  9.319158380094450e-06
  9.100000262260437e-01  5.563433456420898e+01  9.936464691162109e+01  -8.987760543823242e+00  -4.145733261108398e+01  -9.777996063232422e+00  -1.835254669189453e+01  -1.647773024160415e-05  3.782829662668519e-05  9.421024515177123e-06
  9.150000214576721e-01  3.962057113647461e+01  7.763787078857422e+01  -7.082302570343018e+00  -4.355956649780273e+01  -9.731884956359863e+00  -2.146742820739746e+01  -1.687987969489768e-05  3.871551962220110e-05  9.446667718293611e-06
  9.200000166893005e-01  1.493166446685791e+01  4.428663635253906e+01  -1.228236675262451e+01  -4.786036682128906e+01  -1.099965953826904e+01  -2.158365058898926e+01  -1.637170680623967e-05  3.798333636950701e-05  9.401355782756582e-06
  9.250000119209290e-01  -1.249004248529673e-02  2.356310462951660e+01  -7.233928680419922e+00  -5.030622482299805e+01  -1.120568180084229e+01  -2.394804000854492e+01  -1.646111741138157e-05  3.816013486357406e-05  8.984865417005494e-06
  9.300000071525574e-01  -1.677896690368652e+01  8.075008988380432e-01  -5.612524986267090e+00  -5.298445510864258e+01  -1.176357555389404e+01  -2.655007362365723e+01  -1.634650288906414e-05  3.799375190283172e-05  8.624506335763726e-06
  9.350000023841858e-01  -4.018310165405273e+01  -2.925306510925293e+01  -9.227992057800293e+00  -5.741857528686523e+01  -1.316778945922852e+01  -2.543936157226562e+01  -1.508943114458816e-05  3.671447848319076e-05  8.015151252038777e-06
  9.399999976158142e-01  -5.482400512695312e+01  -4.961379241943359e+01  -4.743859767913818e+00  -6.036557006835938e+01  -1.410566425323486e+01  -2.705440902709961e+01  -1.466134563088417e-05  3.595379894250073e-05  7.089025075401878e-06
  9.449999928474426e-01  -7.581431579589844e+01  -7.530957794189453e+01  -6.422344684600830e+00  -6.473558044433594e+01  -1.517078495025635e+01  -2.510622596740723e+01  -1.299463383475086e-05  3.457049024291337e-05  5.954705102340085e-06
  9.499999880790710e-01  -9.120874023437500e+01  -9.578070831298828e+01  -5.896969318389893e+00  -6.789612579345703e+01  -1.652504539489746e+01  -2.651783180236816e+01  -1.214496933243936e-05  3.333917629788630e-05  4.763471224578097e-06
  9.549999833106995e-01  -1.043225479125977e+02  -1.140717468261719e+02  -2.769893407821655e+00  -7.120609283447266e+01  -1.825559997558594e+01  -2.718596267700195e+01  -1.122762114391662e-05  3.185055174981244e-05  3.178334054609877e-06
  9.599999785423279e-01  -1.209911956787109e+02  -1.326313934326172e+02  -2.594804048538208e+00  -7.551705169677734e+01  -1.868061065673828e+01  -2.415345382690430e+01  -9.111787221627310e-06  3.038769318663981e-05  1.191843807646364e-06
  9.649999737739563e-01  -1.340128936767578e+02  -1.498524780273438e+02  -3.564661979675293e+00  -7.890145874023438e+01  -2.065618133544922e+01  -2.460732650756836e+01  -7.831392395019066e-06  2.859884989447892e-05  -7.430755886161933e-07
  9.700000286102295e-01  -1.468431243896484e+02  -1.624573364257812e+02  -1.617882490158081e+00  -8.313952636718750e+01  -2.023879432678223e+01  -2.112167930603027e+01  -5.594193680735771e-06  2.729787593125366e-05  -3.282792476966279e-06
  9.750000238418579e-01  -1.556436614990234e+02  -1.746830749511719e+02  -4.281091988086700e-01  -8.660976409912109e+01  -2.245467567443848e+01  -2.041515350341797e+01  -4.198286205792101e-06  2.536464126023930e-05  -5.908786079089623e-06
  9.800000190734863e-01  -1.653631439208984e+02  -1.874449920654297e+02  -3.238004207611084e+00  -9.007895660400391e+01  -2.486992835998535e+01  -1.989869499206543e+01  -2.622029569465667e-06  2.330062125110999e-05  -8.606173651060089e-06
  9.850000143051147e-01  -1.721241455078125e+02  -1.912620544433594e+02  6.294715404510498e-01  -9.418494415283203e+01  -2.324496459960938e+01  -1.589303016662598e+01  -3.810663997683150e-07  2.227283221145626e-05  -1.193773823615629e-05
  9.900000095367432e-01  -1.774904937744141e+02  -1.988749389648438e+02  -7.063006162643433e-01  -9.767800903320312e+01  -2.577476119995117e+01  -1.434549999237061e+01  1.188616920444474e-06  2.025518006121274e-05  -1.521904960100073e-05
  9.950000047683716e-01  -1.797617797851562e+02  -1.966610412597656e+02  5.134549617767334e+00  -1.017169189453125e+02  -2.316875457763672e+01  -1.034863567352295e+01  3.204256699973485e-06  1.949028774106409e-05  -1.899101880553644e-05
  1.000000000000000e+00  -1.819760894775391e+02  -1.962476501464844e+02  6.331110954284668e+00  -1.055208587646484e+02  -2.231696510314941e+01  -7.636418819427490e+00  4.938230176776415e-06  1.830527435231488e-05  -2.275235419801902e-05
  1.004999995231628e+00  -1.835300445556641e+02  -1.985991668701172e+02  2.867733001708984e+00  -1.087882614135742e+02  -2.449584960937500e+01  -5.689395427703857e+00  6.466335435106885e-06  1.649627120059449e-05  -2.647827568580396e-05
  1.009999990463257e+00  -1.852828369140625e+02  -2.007120971679688e+02  -3.048141002655029e+00  -1.119188156127930e+02  -2.655020904541016e+01  -3.914287090301514e+00  8.046718903642613e-06  1.469541803089669e-05  -3.024110628757626e-05
  1.014999985694885e+00  -1.798009490966797e+02  -1.886531219482422e+02  5.657615184783936e+00  -1.156159057617188e+02  -2.219607162475586e+01  -4.737413525581360e-01  9.411952305526938e-06  1.442016218788922e-05  -3.438559360802174e-05
  1.019999980926514e+00  -1.780746612548828e+02  -1.869774780273438e+02  3.003363013267517e-01  -1.186325454711914e+02  -2.421075057983398e+01  1.858062744140625e+00  1.070117650669999e-05  1.289597275899723e-05  -3.835133975371718e-05
  1.024999976158142e+00  -1.698931427001953e+02  -1.719394073486328e+02  9.440487861633301e+00  -1.221293716430664e+02  -1.936139106750488e+01  4.658768653869629e+00  1.157959013653453e-05  1.279325533687370e-05  -4.250010897521861e-05
  1.029999971389771e+00  -1.673686065673828e+02  -1.687670593261719e+02  2.030555009841919e+00  -1.247155838012695e+02  -2.076057052612305e+01  6.507984638214111e+00  1.267563038709341e-05  1.147712646343280e-05  -4.636517041944899e-05
  1.034999966621399e+00  -1.636526947021484e+02  -1.646124420166016e+02  -5.338895797729492e+00  -1.273131561279297e+02  -2.229440498352051e+01  8.719407081604004e+00  1.356893335469067e-05  1.031177453114651e-05  -5.022744880989194e-05
  1.039999961853027e+00  -1.528574523925781e+02  -1.469587707519531e+02  3.980336904525757e+00  -1.302064208984375e+02  -1.685633850097656e+01  1.043015384674072e+01  1.375822103000246e-05  1.046080797095783e-05  -5.393746687332168e-05
  1.044999957084656e+00  -1.486247100830078e+02  -1.419256286621094e+02  -3.973482131958008e+00  -1.322567749023438e+02  -1.768745613098145e+01  1.205623817443848e+01  1.434548175893724e-05  9.496142411080655e-06  -5.750707714469172e-05
  1.049999952316284e+00  -1.370184020996094e+02  -1.241153869628906e+02  5.651199817657471e+00  -1.346273956298828e+02  -1.217438888549805e+01  1.290800952911377e+01  1.404230170010123e-05  9.665258403401822e-06  -6.072262476664037e-05
  1.054999947547913e+00  -1.323897705078125e+02  -1.190719985961914e+02  -2.840119123458862e+00  -1.363155212402344e+02  -1.290141963958740e+01  1.427960300445557e+01  1.418553711118875e-05  8.961778803495690e-06  -6.379298429237679e-05
  1.059999942779541e+00  -1.277496566772461e+02  -1.138838958740234e+02  -1.046616077423096e+01  -1.376859893798828e+02  -1.308924865722656e+01  1.539217853546143e+01  1.416125542164082e-05  8.305790288432036e-06  -6.673282769042999e-05
  1.065000057220459e+00  -1.167461471557617e+02  -9.788070678710938e+01  -1.234887242317200e+00  -1.390028991699219e+02  -7.715747833251953e+00  1.503366756439209e+01  1.320455339737236e-05  8.532108040526509e-06  -6.890744407428429e-05
  1.070000052452087e+00  -1.130886917114258e+02  -9.425036621093750e+01  -9.605467796325684e+00  -1.399058380126953e+02  -7.808921813964844e+00  1.563626670837402e+01  1.273607904295204e-05  8.068974238994997e-06  -7.111459854058921e-05
  1.075000047683716e+00  -1.038494644165039e+02  -8.124969482421875e+01  -1.446345567703247e+00  -1.403443756103516e+02  -2.958468675613403e+00  1.450315284729004e+01  1.144242560258135e-05  8.224109478760511e-06  -7.245180313475430e-05
  1.080000042915344e+00  -1.008816070556641e+02  -7.863587951660156e+01  -7.780499458312988e+00  -1.404830322265625e+02  -2.532582998275757e+00  1.456037139892578e+01  1.056806559063261e-05  7.825648935977370e-06  -7.404104690067470e-05
  1.085000038146973e+00  -9.944342803955078e+01  -7.783334350585938e+01  -1.525005054473877e+01  -1.404831390380859e+02  -2.043418407440186e+00  1.423592185974121e+01  9.499375664745457e-06  7.502240350731881e-06  -7.517130870837718e-05
  1.090000033378601e+00  -9.366694641113281e+01  -6.993125915527344e+01  -8.259503364562988e+00  -1.394594879150391e+02  2.081652164459229e+00  1.224138545989990e+01  7.801994797773659e-06  7.591740995849250e-06  -7.514200115110725e-05
  1.095000028610229e+00  -9.333489227294922e+01  -7.063614654541016e+01  -1.297046279907227e+01  -1.386612091064453e+02  2.936052560806274e+00  1.149616527557373e+01  6.359398412314476e-06  7.279307737917406e-06  -7.559500954812393e-05
  1.100000023841858e+00  -9.051891326904297e+01  -6.689465332031250e+01  -7.225957393646240e+00  -1.365137329101562e+02  6.287114620208740e+00  9.218963623046875e+00  4.555283339868765e-06  7.274208201124566e-06  -7.466396345989779e-05
  1.105000019073486e+00  -9.371722412109375e+01  -7.156245422363281e+01  -1.325735378265381e+01  -1.350732574462891e+02  7.115159034729004e+00  7.752129077911377e+00  2.867777993742493e-06  6.986593689362053e-06  -7.411394472001120e-05
  1.110000014305115e+00  -9.674383544921875e+01  -7.610939025878906e+01  -1.597681617736816e+01  -1.333151092529297e+02  8.279821395874023e+00  6.267565250396729e+00  9.734172863318236e-07  6.676202247035690e-06  -7.338489376707003e-05
  1.115000009536743e+00  -9.863494873046875e+01  -7.823815917968750e+01  -1.171744728088379e+01  -1.295482788085938e+02  1.066313266754150e+01  3.835139036178589e+00  -8.867972383086453e-07  6.595846571144648e-06  -7.112227467587218e-05
  1.120000004768372e+00  -1.055316619873047e+02  -8.675026702880859e+01  -1.572735786437988e+01  -1.271336822509766e+02  1.182877349853516e+01  1.699615001678467e+00  -2.900259914895287e-06  6.256338565435726e-06  -6.943380140000954e-05
  1.125000000000000e+00  -1.108238754272461e+02  -9.281868743896484e+01  -1.323735427856445e+01  -1.222550125122070e+02  1.336571693420410e+01  -5.625806450843811e-01  -4.618399543687701e-06  6.153816684673075e-06  -6.637879414483905e-05
  1.129999995231628e+00  -1.185838317871094e+02  -1.021803665161133e+02  -1.352367591857910e+01  -1.191479263305664e+02  1.461721229553223e+01  -2.451193571090698e+00  -6.813541858718963e-06  5.772412350779632e-06  -6.419196142815053e-05
  1.134999990463257e+00  -1.289901580810547e+02  -1.138233947753906e+02  -1.538038825988770e+01  -1.158445053100586e+02  1.602638816833496e+01  -4.974240303039551e+00  -8.988769877760205e-06  5.357429017749382e-06  -6.151192792458460e-05
  1.139999985694885e+00  -1.383398895263672e+02  -1.239738159179688e+02  -1.429832458496094e+01  -1.095625457763672e+02  1.667962074279785e+01  -6.668772697448730e+00  -1.047469595505390e-05  5.259132649371168e-06  -5.750841955887154e-05
  1.144999980926514e+00  -1.491470489501953e+02  -1.356460723876953e+02  -1.256069850921631e+01  -1.057098999023438e+02  1.806081008911133e+01  -8.649016380310059e+00  -1.273253565159393e-05  4.830603302252712e-06  -5.447833245852962e-05
  1.149999976158142e+00  -1.606632080078125e+02  -1.476359710693359e+02  -1.277787399291992e+01  -9.860964202880859e+01  1.800767326354980e+01  -9.740026473999023e+00  -1.397364576405380e-05  4.788058049598476e-06  -5.004620834370144e-05
  1.154999971389771e+00  -1.747544555664062e+02  -1.615258178710938e+02  -1.264100646972656e+01  -9.428060913085938e+01  1.953779792785645e+01  -1.202479171752930e+01  -1.604993667569943e-05  4.329757302912185e-06  -4.640963743440807e-05
  1.159999966621399e+00  -1.877678833007812e+02  -1.740049438476562e+02  -9.217113494873047e+00  -8.987828826904297e+01  2.101164817810059e+01  -1.376837539672852e+01  -1.821616388042457e-05  3.895985173585359e-06  -4.279197310097516e-05
  1.164999961853027e+00  -2.013203277587891e+02  -1.867632751464844e+02  -1.057580757141113e+01  -8.195387268066406e+01  2.029365921020508e+01  -1.389461231231689e+01  -1.910360515466891e-05  3.963308699894696e-06  -3.797204772126861e-05
  1.169999957084656e+00  -2.168377838134766e+02  -2.002121734619141e+02  -8.851018905639648e+00  -7.720965576171875e+01  2.200121879577637e+01  -1.577667713165283e+01  -2.100370511470828e-05  3.529291689119418e-06  -3.396379906916991e-05
  1.174999952316284e+00  -2.310714416503906e+02  -2.124630889892578e+02  -1.132811546325684e+01  -6.900466156005859e+01  2.073020935058594e+01  -1.531545639038086e+01  -2.165570731449407e-05  3.712323177751387e-06  -2.907400994445197e-05
  1.179999947547913e+00  -2.450380554199219e+02  -2.231853637695312e+02  -6.550578594207764e+00  -6.419274902343750e+01  2.230107498168945e+01  -1.609754943847656e+01  -2.349771239096299e-05  3.385265699762385e-06  -2.517323991924059e-05
  1.184999942779541e+00  -2.607714843750000e+02  -2.344733276367188e+02  -3.790753602981567e+00  -5.929384613037109e+01  2.416165351867676e+01  -1.730693435668945e+01  -2.513771687517874e-05  3.055294655496255e-06  -2.107416366925463e-05
  1.190000057220459e+00  -2.744945068359375e+02  -2.440360260009766e+02  -6.934426784515381e+00  -5.106255722045898e+01  2.241759300231934e+01  -1.594077491760254e+01  -2.550717363192234e-05  3.404721155675361e-06  -1.634184263821226e-05
  1.195000052452087e+00  -2.879176330566406e+02  -2.516293334960938e+02  -1.619840502738953e+00  -4.631998062133789e+01  2.409724998474121e+01  -1.596653556823730e+01  -2.706650229811203e-05  3.238247245462844e-06  -1.250258264917647e-05
  1.200000047683716e+00  -3.005062561035156e+02  -2.584968566894531e+02  -5.101596355438232e+00  -3.839656066894531e+01  2.189936828613281e+01  -1.419261264801025e+01  -2.735223824856803e-05  3.688717697514221e-06  -8.038189662329387e-06
  1.205000042915344e+00  -3.145280151367188e+02  -2.645682678222656e+02  -1.987451910972595e+00  -3.373846817016602e+01  2.391981124877930e+01  -1.426606941223145e+01  -2.859877531591337e-05  3.608766974139144e-06  -4.242127033649012e-06
  1.210000038146973e+00  -3.263298339843750e+02  -2.677867736816406e+02  3.272016525268555e+00  -2.930253982543945e+01  2.569489860534668e+01  -1.346180820465088e+01  -2.986942490679212e-05  3.664948962978087e-06  -6.778780061722500e-07
  1.215000033378601e+00  -3.363327026367188e+02  -2.697183837890625e+02  -3.406099677085876e-01  -2.213096809387207e+01  2.309486579895020e+01  -1.122240447998047e+01  -3.007107261510100e-05  4.253372026141733e-06  3.257765001762891e-06
  1.220000028610229e+00  -3.479966430664062e+02  -2.707590942382812e+02  2.630720138549805e+00  -1.791825485229492e+01  2.518448066711426e+01  -1.047639369964600e+01  -3.106913936790079e-05  4.416185674926965e-06  6.643069355050102e-06
  1.225000023841858e+00  -3.559352722167969e+02  -2.691723327636719e+02  -1.055419445037842e+00  -1.156251811981201e+01  2.219173431396484e+01  -8.274629592895508e+00  -3.134869984933175e-05  5.039903953729663e-06  1.017046724882675e-05
  1.230000019073486e+00  -3.639820861816406e+02  -2.653973083496094e+02  3.825200319290161e+00  -7.906188964843750e+00  2.399613571166992e+01  -6.526597499847412e+00  -3.233430470572785e-05  5.407944627222605e-06  1.308498394791968e-05
  1.235000014305115e+00  -3.726046752929688e+02  -2.610322265625000e+02  6.240253925323486e+00  -4.290622234344482e+00  2.606981849670410e+01  -5.057491302490234e+00  -3.314214336569421e-05  5.830774171045050e-06  1.595944013388362e-05
  1.240000009536743e+00  -3.769351806640625e+02  -2.541410675048828e+02  2.899656772613525e+00  7.894097566604614e-01  2.267045021057129e+01  -2.962982177734375e+00  -3.355178705533035e-05  6.489587121905060e-06  1.883333970909007e-05
  1.245000004768372e+00  -3.818871154785156e+02  -2.452299957275391e+02  6.845049858093262e+00  3.776690006256104e+00  2.440854454040527e+01  -7.182862758636475e-01  -3.437991108512506e-05  7.097920843079919e-06  2.125678656739183e-05
  1.250000000000000e+00  -3.838119812011719e+02  -2.351274871826172e+02  3.989589214324951e+00  7.827637195587158e+00  2.070605087280273e+01  1.024955749511719e+00  -3.499181912047789e-05  7.695110980421305e-06  2.368589593970682e-05
  1.254999995231628e+00  -3.877821044921875e+02  -2.241363372802734e+02  5.662784576416016e+00  1.039835262298584e+01  2.252620887756348e+01  2.949156284332275e+00  -3.569616455934010e-05  8.377925041713752e-06  2.585889524198137e-05
  1.259999990463257e+00  -3.895345153808594e+02  -2.106762390136719e+02  8.492860794067383e+00  1.271183490753174e+01  2.408525276184082e+01  5.443909645080566e+00  -3.642967931227759e-05  9.183374459098559e-06  2.782320916594472e-05
  1.264999985694885e+00  -3.880502319335938e+02  -1.967301177978516e+02  6.223958015441895e+00  1.536066722869873e+01  2.001948928833008e+01  6.605741977691650e+00  -3.727960938704200e-05  9.685938493930735e-06  2.970147579617333e-05
  1.269999980926514e+00  -3.886482238769531e+02  -1.816585540771484e+02  7.151409626007080e+00  1.728136444091797e+01  2.152086830139160e+01  8.706026077270508e+00  -3.794727308559231e-05  1.052766492648516e-05  3.143888534395956e-05
  1.274999976158142e+00  -3.853134460449219e+02  -1.659857788085938e+02  5.242543220520020e+00  1.895432281494141e+01  1.732430839538574e+01  9.317052841186523e+00  -3.899399962392636e-05  1.089830493583577e-05  3.302124969195575e-05
  1.279999971389771e+00  -3.830083618164062e+02  -1.483310241699219e+02  7.245213985443115e+00  2.035163879394531e+01  1.839364814758301e+01  1.157714462280273e+01  -3.971223486587405e-05  1.179645187221467e-05  3.450344956945628e-05
  1.284999966621399e+00  -3.805189819335938e+02  -1.303846893310547e+02  7.579273223876953e+00  2.174149894714355e+01  1.944712638854980e+01  1.359718799591064e+01  -4.036526661366224e-05  1.271985092898831e-05  3.593075234675780e-05
  1.289999961853027e+00  -3.747730712890625e+02  -1.133750915527344e+02  6.293133258819580e+00  2.228242492675781e+01  1.506970882415771e+01  1.344123840332031e+01  -4.158844240009785e-05  1.289524061576230e-05  3.719761298270896e-05
  1.294999957084656e+00  -3.700605468750000e+02  -9.407967376708984e+01  7.360281467437744e+00  2.328284835815430e+01  1.568402385711670e+01  1.535035991668701e+01  -4.225464726914652e-05  1.380894445901504e-05  3.851482324535027e-05
  1.299999952316284e+00  -3.633169555664062e+02  -7.714230346679688e+01  6.334679126739502e+00  2.318770980834961e+01  1.148264026641846e+01  1.467744636535645e+01  -4.354235716164112e-05  1.382264417770784e-05  3.962318078265525e-05
  1.304999947547913e+00  -3.575287475585938e+02  -5.791604614257812e+01  6.621613502502441e+00  2.401026344299316e+01  1.177418708801270e+01  1.615083503723145e+01  -4.416497540660203e-05  1.467272886657156e-05  4.089524372830056e-05
  1.309999942779541e+00  -3.508978576660156e+02  -3.838392639160156e+01  7.039304733276367e+00  2.481804847717285e+01  1.185578918457031e+01  1.753208351135254e+01  -4.473276203498244e-05  1.552335197629873e-05  4.219729089527391e-05
  1.315000057220459e+00  -3.430246887207031e+02  -2.272801589965820e+01  6.342087268829346e+00  2.412540245056152e+01  7.803632259368896e+00  1.619404220581055e+01  -4.596949656843208e-05  1.530866393295582e-05  4.323997927713208e-05
  1.320000052452087e+00  -3.352987670898438e+02  -3.850560665130615e+00  6.683200359344482e+00  2.488636207580566e+01  7.496980667114258e+00  1.721682929992676e+01  -4.645957960747182e-05  1.606510704732500e-05  4.455161251826212e-05
  1.325000047683716e+00  -3.270798950195312e+02  1.031798744201660e+01  6.060270786285400e+00  2.399033164978027e+01  3.934394598007202e+00  1.559752655029297e+01  -4.754857945954427e-05  1.571932625665795e-05  4.558087312034331e-05
  1.330000042915344e+00  -3.188289184570312e+02  2.779928016662598e+01  6.230592250823975e+00  2.478096771240234e+01  3.326420307159424e+00  1.613548469543457e+01  -4.785627606906928e-05  1.635421904211398e-05  4.704714956460521e-05
  1.335000038146973e+00  -3.105663757324219e+02  3.999642562866211e+01  5.403705596923828e+00  2.387727355957031e+01  3.910676538944244e-01  1.430185031890869e+01  -4.869115218752995e-05  1.590324791322928e-05  4.809097299585119e-05
  1.340000033378601e+00  -3.011241149902344e+02  5.634780120849609e+01  6.298342704772949e+00  2.480717658996582e+01  -5.933917164802551e-01  1.469724273681641e+01  -4.883533620159142e-05  1.643398354644887e-05  4.960454316460527e-05
  1.345000028610229e+00  -2.919285278320312e+02  7.150929260253906e+01  6.392056465148926e+00  2.591035270690918e+01  -1.677165508270264e+00  1.467559242248535e+01  -4.879916377831250e-05  1.690486533334479e-05  5.127846816321835e-05
  1.350000023841858e+00  -2.835629272460938e+02  8.035989379882812e+01  5.407916545867920e+00  2.524747657775879e+01  -3.947795152664185e+00  1.264992046356201e+01  -4.914898818242364e-05  1.630113183637150e-05  5.240551035967655e-05
  1.355000019073486e+00  -2.730049438476562e+02  9.428625488281250e+01  6.790659904479980e+00  2.659079360961914e+01  -5.372769832611084e+00  1.265452003479004e+01  -4.888013427262194e-05  1.667515789449681e-05  5.410470112110488e-05
  1.360000014305115e+00  -2.644866943359375e+02  1.010326614379883e+02  5.749740123748779e+00  2.628781700134277e+01  -6.848815441131592e+00  1.071928691864014e+01  -4.878743857261725e-05  1.603284908924252e-05  5.523225627257489e-05
  1.365000009536743e+00  -2.545480499267578e+02  1.120243759155273e+02  5.728228569030762e+00  2.800222587585449e+01  -8.279529571533203e+00  1.017939949035645e+01  -4.809713209397160e-05  1.627089841349516e-05  5.714658254873939e-05
  1.370000004768372e+00  -2.429384765625000e+02  1.232460861206055e+02  7.664958477020264e+00  2.988280296325684e+01  -1.000571727752686e+01  9.913118362426758e+00  -4.730106229544617e-05  1.649760088184848e-05  5.898876770515926e-05
  1.375000000000000e+00  -2.341921386718750e+02  1.267591629028320e+02  6.224837779998779e+00  3.022072601318359e+01  -1.062435913085938e+01  8.113080024719238e+00  -4.649904440157115e-05  1.579046875122003e-05  6.009940625517629e-05
  1.379999995231628e+00  -2.233017120361328e+02  1.349653625488281e+02  6.412380218505859e+00  3.254874420166016e+01  -1.221564006805420e+01  7.369673252105713e+00  -4.521567097981460e-05  1.589503517607227e-05  6.208979175426066e-05
  1.384999990463257e+00  -2.141652069091797e+02  1.367907562255859e+02  4.615976810455322e+00  3.344154357910156e+01  -1.204730606079102e+01  5.767440795898438e+00  -4.386528598843142e-05  1.520888145023491e-05  6.312487676041201e-05
  1.389999985694885e+00  -2.012188720703125e+02  1.444534606933594e+02  6.874006748199463e+00  3.612172698974609e+01  -1.379779529571533e+01  5.469389915466309e+00  -4.223549694870599e-05  1.527888525743037e-05  6.492773536592722e-05
  1.394999980926514e+00  -1.890678558349609e+02  1.502832794189453e+02  7.312047481536865e+00  3.908406829833984e+01  -1.538379192352295e+01  4.718442440032959e+00  -4.030918717035092e-05  1.528331449662801e-05  6.683699029963464e-05
  1.399999976158142e+00  -1.789650268554688e+02  1.501079101562500e+02  5.058917522430420e+00  4.074940872192383e+01  -1.440085887908936e+01  3.438393115997314e+00  -3.819476842181757e-05  1.460695966670755e-05  6.762790872016922e-05
  1.404999971389771e+00  -1.645281066894531e+02  1.558278656005859e+02  7.495140552520752e+00  4.403222274780273e+01  -1.606537437438965e+01  3.233305692672729e+00  -3.591287531889975e-05  1.460625480831368e-05  6.923610635567456e-05
  1.409999966621399e+00  -1.531760711669922e+02  1.552394104003906e+02  5.390503883361816e+00  4.625601577758789e+01  -1.451187705993652e+01  2.228482961654663e+00  -3.330090112285689e-05  1.397733103658538e-05  6.976428994676098e-05
  1.414999961853027e+00  -1.391192779541016e+02  1.587567291259766e+02  5.397383689880371e+00  4.997611618041992e+01  -1.579272556304932e+01  1.727231144905090e+00  -3.052088140975684e-05  1.390734723827336e-05  7.125281263142824e-05
  1.419999957084656e+00  -1.228634109497070e+02  1.632150726318359e+02  7.764956951141357e+00  5.378360366821289e+01  -1.722604751586914e+01  1.741939425468445e+00  -2.761977884802036e-05  1.386424901284045e-05  7.247530447784811e-05
  1.424999952316284e+00  -1.096415863037109e+02  1.623235931396484e+02  5.281461238861084e+00  5.664457321166992e+01  -1.512783336639404e+01  1.043251514434814e+00  -2.438073715893552e-05  1.327683185081696e-05  7.250296039273962e-05
  1.429999947547913e+00  -9.337702941894531e+01  1.652408599853516e+02  5.294488430023193e+00  6.081498336791992e+01  -1.612093162536621e+01  8.580704927444458e-01  -2.104992927343119e-05  1.317700571235036e-05  7.345791527768597e-05
  1.434999942779541e+00  -7.837610626220703e+01  1.650292968750000e+02  3.036460638046265e+00  6.404951477050781e+01  -1.378519153594971e+01  3.101354241371155e-01  -1.747065289237071e-05  1.263290141650941e-05  7.311907393159345e-05
  1.440000057220459e+00  -5.946311187744141e+01  1.689544830322266e+02  4.558505535125732e+00  6.833662414550781e+01  -1.477868461608887e+01  6.983685493469238e-01  -1.390465968142962e-05  1.256144059880171e-05  7.351226668106392e-05
  1.445000052452087e+00  -4.069557189941406e+01  1.720241546630859e+02  4.408217906951904e+00  7.279425048828125e+01  -1.542718505859375e+01  8.793148398399353e-01  -1.014441477309447e-05  1.243935548700392e-05  7.377110887318850e-05
  1.450000047683716e+00  -2.313576316833496e+01  1.730561828613281e+02  2.079640150070190e+00  7.632788848876953e+01  -1.294297885894775e+01  4.792512357234955e-01  -6.224967819434823e-06  1.192324270959944e-05  7.275582902366295e-05
  1.455000042915344e+00  -1.858702898025513e+00  1.773564758300781e+02  2.965189695358276e+00  8.076655578613281e+01  -1.359120559692383e+01  1.134129643440247e+00  -2.319343593626400e-06  1.182397045340622e-05  7.240814011311159e-05
  1.460000038146973e+00  1.775247955322266e+01  1.798623199462891e+02  1.174498081207275e+00  8.440599822998047e+01  -1.121222114562988e+01  7.508447766304016e-01  1.706709781501559e-06  1.132266606873600e-05  7.095590990502387e-05
  1.465000033378601e+00  3.977873611450195e+01  1.840522003173828e+02  2.593661844730377e-01  8.889192199707031e+01  -1.148375129699707e+01  1.275318503379822e+00  5.769594736193540e-06  1.116287330660271e-05  7.013897266006097e-05
  1.470000028610229e+00  6.339934539794922e+01  1.891679382324219e+02  3.567460179328918e-01  9.327037048339844e+01  -1.181184101104736e+01  2.130525588989258e+00  9.842237886914518e-06  1.101556972571416e-05  6.898518768139184e-05
  1.475000023841858e+00  8.560348510742188e+01  1.937022247314453e+02  -1.227679848670959e+00  9.677138519287109e+01  -9.656607627868652e+00  1.676255345344543e+00  1.386692201776896e-05  1.050652736012125e-05  6.685139669571072e-05
  1.480000019073486e+00  1.101376419067383e+02  1.991207275390625e+02  -2.492526054382324e+00  1.010364608764648e+02  -9.687747955322266e+00  2.409829616546631e+00  1.795771640900057e-05  1.028510268952232e-05  6.520276656374335e-05
  1.485000014305115e+00  1.341738739013672e+02  2.053446197509766e+02  -3.338865756988525e+00  1.043216400146484e+02  -7.878351211547852e+00  1.853474974632263e+00  2.186292476835661e-05  9.770072210812941e-06  6.270075391512364e-05
  1.490000009536743e+00  1.603798675537109e+02  2.118936614990234e+02  -4.412183761596680e+00  1.082220687866211e+02  -7.991422653198242e+00  2.713749170303345e+00  2.584664071036968e-05  9.522716027277056e-06  6.051460877642967e-05
  1.495000004768372e+00  1.870187683105469e+02  2.185373077392578e+02  -6.067049980163574e+00  1.120282363891602e+02  -7.879024982452393e+00  3.517673015594482e+00  2.978906923090108e-05  9.207843504555058e-06  5.809654976474121e-05
  1.500000000000000e+00  2.129940643310547e+02  2.267054748535156e+02  -6.428016185760498e+00  1.147393493652344e+02  -6.515743255615234e+00  2.742571115493774e+00  3.339133400004357e-05  8.660509593028110e-06  5.507649620994925e-05
  1.504999995231628e+00  2.407140502929688e+02  2.341592559814453e+02  -8.168579101562500e+00  1.180341567993164e+02  -6.514145374298096e+00  3.505186319351196e+00  3.713202750077471e-05  8.293971404782496e-06  5.222638355917297e-05
  1.509999990463257e+00  2.676835937500000e+02  2.434799652099609e+02  -7.971869468688965e+00  1.202759780883789e+02  -5.557359695434570e+00  2.586089372634888e+00  4.045222522108816e-05  7.738004569546320e-06  4.899736086372286e-05
  1.514999985694885e+00  2.960950012207031e+02  2.514891815185547e+02  -9.901302337646484e+00  1.230560302734375e+02  -5.493546009063721e+00  3.191070556640625e+00  4.393364724819548e-05  7.273829396581277e-06  4.579537198878825e-05
  1.519999980926514e+00  3.246495971679688e+02  2.594927978515625e+02  -1.213700389862061e+01  1.255217361450195e+02  -5.479073047637939e+00  3.721420526504517e+00  4.729051943286322e-05  6.761926670151297e-06  4.243894363753498e-05
  1.524999976158142e+00  3.523272705078125e+02  2.699408874511719e+02  -1.133647823333740e+01  1.268384094238281e+02  -4.977199554443359e+00  2.572879076004028e+00  5.011498797102831e-05  6.184056474012323e-06  3.897782153217122e-05
  1.529999971389771e+00  3.812109375000000e+02  2.783057861328125e+02  -1.336378097534180e+01  1.286394958496094e+02  -4.992393016815186e+00  2.933062314987183e+00  5.313163637765683e-05  5.574842361966148e-06  3.538591045071371e-05
  1.534999966621399e+00  4.089266357421875e+02  2.891753540039062e+02  -1.206288146972656e+01  1.292831268310547e+02  -4.835256576538086e+00  1.733194947242737e+00  5.559296914725564e-05  5.019982836529380e-06  3.190139250364155e-05
  1.539999961853027e+00  4.373277587890625e+02  2.972861633300781e+02  -1.439088249206543e+01  1.303143463134766e+02  -4.933575153350830e+00  1.797153711318970e+00  5.826883716508746e-05  4.327603619458387e-06  2.821674388542306e-05
  1.544999957084656e+00  4.657762756347656e+02  3.053933715820312e+02  -1.635698318481445e+01  1.309557800292969e+02  -5.091716766357422e+00  1.813018679618835e+00  6.074335033190437e-05  3.570178705558646e-06  2.444431629555766e-05
  1.549999952316284e+00  4.927057800292969e+02  3.162273254394531e+02  -1.452957344055176e+01  1.304595031738281e+02  -5.227559089660645e+00  5.183626413345337e-01  6.264055264182389e-05  3.042239768547006e-06  2.103391125274356e-05
  1.554999947547913e+00  5.200400390625000e+02  3.236496276855469e+02  -1.671446609497070e+01  1.302594604492188e+02  -5.427308082580566e+00  1.924690008163452e-01  6.475132977357134e-05  2.204644033554359e-06  1.731050906528253e-05
  1.559999942779541e+00  5.458913574218750e+02  3.339712219238281e+02  -1.478497600555420e+01  1.290199279785156e+02  -5.714306831359863e+00  -1.008831262588501e+00  6.628514529438689e-05  1.738952960295137e-06  1.405747025273740e-05
  1.565000057220459e+00  5.724424438476562e+02  3.410343627929688e+02  -1.613529014587402e+01  1.279144668579102e+02  -6.044108390808105e+00  -1.454540133476257e+00  6.798187678214163e-05  8.509763915753865e-07  1.038431037159171e-05
  1.570000052452087e+00  5.978728027343750e+02  3.472183837890625e+02  -1.794334220886230e+01  1.263823699951172e+02  -6.349262714385986e+00  -2.172744750976562e+00  6.950677197892219e-05  -1.068941557491598e-07  6.806650617363630e-06
  1.575000047683716e+00  6.215751953125000e+02  3.564574279785156e+02  -1.566807937622070e+01  1.239491195678711e+02  -6.687761306762695e+00  -3.240381240844727e+00  7.050231943139806e-05  -4.800558599526994e-07  3.858155196212465e-06
  1.580000042915344e+00  6.457003173828125e+02  3.619493713378906e+02  -1.658923721313477e+01  1.214759750366211e+02  -7.120281219482422e+00  -4.041752815246582e+00  7.161898975027725e-05  -1.457631015000516e-06  4.303340688238677e-07
  1.585000038146973e+00  6.674710693359375e+02  3.699971618652344e+02  -1.451163005828857e+01  1.183065109252930e+02  -7.475745201110840e+00  -4.841223239898682e+00  7.228976028272882e-05  -1.726730715745362e-06  -2.263503120047972e-06
  1.590000033378601e+00  6.893826904296875e+02  3.741534118652344e+02  -1.534650707244873e+01  1.149946670532227e+02  -7.751177787780762e+00  -5.900945663452148e+00  7.306163752218708e-05  -2.741374373727012e-06  -5.415300620370544e-06
  1.595000028610229e+00  7.103941650390625e+02  3.776954040527344e+02  -1.574149703979492e+01  1.111643676757812e+02  -8.221380233764648e+00  -6.998566150665283e+00  7.362032920354977e-05  -3.767677526411717e-06  -8.483328201691620e-06
  1.600000023841858e+00  7.289984741210938e+02  3.839546203613281e+02  -1.361283111572266e+01  1.069142532348633e+02  -8.421466827392578e+00  -7.444719314575195e+00  7.382188050542027e-05  -3.895710960932774e-06  -1.076710213965271e-05
  1.605000019073486e+00  7.475230102539062e+02  3.860783081054688e+02  -1.378067970275879e+01  1.023085708618164e+02  -8.661078453063965e+00  -8.717759132385254e+00  7.405713404295966e-05  -4.931803687213687e-06  -1.351990431430750e-05
  1.610000014305115e+00  7.637202148437500e+02  3.908259582519531e+02  -1.199372196197510e+01  9.744601440429688e+01  -8.756926536560059e+00  -8.772335052490234e+00  7.397698936983943e-05  -4.955633357894840e-06  -1.554190930619370e-05
  1.615000009536743e+00  7.799677734375000e+02  3.917417907714844e+02  -1.158125114440918e+01  9.201898193359375e+01  -9.045055389404297e+00  -1.001018333435059e+01  7.386780634988099e-05  -5.937012701906497e-06  -1.804147359507624e-05
  1.620000004768372e+00  7.947087402343750e+02  3.917312622070312e+02  -1.108866405487061e+01  8.624619293212891e+01  -9.167836189270020e+00  -1.138728713989258e+01  7.360360905295238e-05  -6.951652267161990e-06  -2.036935438809451e-05
  1.625000000000000e+00  8.072202758789062e+02  3.944300842285156e+02  -9.481992721557617e+00  8.055926513671875e+01  -9.019066810607910e+00  -1.095511627197266e+01  7.311699300771579e-05  -6.834332907601492e-06  -2.200938615715131e-05
  1.629999995231628e+00  8.194357299804688e+02  3.931551513671875e+02  -8.602553367614746e+00  7.409701538085938e+01  -9.133236885070801e+00  -1.225527858734131e+01  7.254044612636790e-05  -7.774774530844297e-06  -2.409429180261213e-05
  1.634999990463257e+00  8.292550659179688e+02  3.941530761718750e+02  -7.587233543395996e+00  6.798211669921875e+01  -8.900809288024902e+00  -1.142474746704102e+01  7.180183456512168e-05  -7.587985237478279e-06  -2.551139186834916e-05
  1.639999985694885e+00  8.388827514648438e+02  3.917083435058594e+02  -6.230329036712646e+00  6.105613708496094e+01  -8.667204856872559e+00  -1.268127059936523e+01  7.095050386851653e-05  -8.498343959217891e-06  -2.733576911850832e-05
  1.644999980926514e+00  8.469519653320312e+02  3.883733215332031e+02  -4.973478317260742e+00  5.379319763183594e+01  -8.528641700744629e+00  -1.394150733947754e+01  6.994379509706050e-05  -9.374004548590165e-06  -2.905294059019070e-05
  1.649999976158142e+00  8.529718627929688e+02  3.873435668945312e+02  -4.297575950622559e+00  4.721360778808594e+01  -8.090471267700195e+00  -1.263437461853027e+01  6.883511377964169e-05  -9.109267011808697e-06  -3.019624091393780e-05
  1.654999971389771e+00  8.585365600585938e+02  3.830137023925781e+02  -2.565330982208252e+00  3.966292572021484e+01  -7.605177879333496e+00  -1.377401638031006e+01  6.757006485713646e-05  -9.947778380592354e-06  -3.170255149598233e-05
  1.659999966621399e+00  8.620037841796875e+02  3.804272155761719e+02  -2.283583164215088e+00  3.288123703002930e+01  -7.146718502044678e+00  -1.213498115539551e+01  6.621199281653389e-05  -9.695228072814643e-06  -3.272770481999032e-05
  1.664999961853027e+00  8.647815551757812e+02  3.748586120605469e+02  -7.850803732872009e-01  2.507918930053711e+01  -6.591183662414551e+00  -1.318599891662598e+01  6.470251537393779e-05  -1.046418401529081e-05  -3.407396798138507e-05
  1.669999957084656e+00  8.656274414062500e+02  3.706144714355469e+02  -1.042886853218079e+00  1.818074417114258e+01  -6.148724079132080e+00  -1.130197525024414e+01  6.310069147730246e-05  -1.026315112540033e-05  -3.498659862088971e-05
  1.674999952316284e+00  8.661824951171875e+02  3.643606567382812e+02  1.047901868820190e+00  1.033798122406006e+01  -5.306635856628418e+00  -1.217408847808838e+01  6.134591239970177e-05  -1.101318503060611e-05  -3.622034637373872e-05
  1.679999947547913e+00  8.650439453125000e+02  3.572516479492188e+02  2.619375944137573e+00  2.409793376922607e+00  -4.465603828430176e+00  -1.306294822692871e+01  5.948034231550992e-05  -1.173051987279905e-05  -3.738043960765935e-05
  1.684999942779541e+00  8.623298339843750e+02  3.511110534667969e+02  2.010936975479126e+00  -4.424244880676270e+00  -4.016528129577637e+00  -1.093578910827637e+01  5.753343066317029e-05  -1.161875297839288e-05  -3.818963159574196e-05
  1.690000057220459e+00  8.591342163085938e+02  3.434571228027344e+02  4.102906227111816e+00  -1.221423530578613e+01  -2.957182884216309e+00  -1.162732505798340e+01  5.543891893466935e-05  -1.233127750310814e-05  -3.928582009393722e-05
  1.695000052452087e+00  8.540546264648438e+02  3.357962646484375e+02  3.234116315841675e+00  -1.896059036254883e+01  -2.605954647064209e+00  -9.403688430786133e+00  5.325764868757688e-05  -1.236356183653697e-05  -4.006804010714404e-05
  1.700000047683716e+00  8.481840820312500e+02  3.270305480957031e+02  4.683508872985840e+00  -2.654405403137207e+01  -1.512873053550720e+00  -1.009608364105225e+01  5.098262772662565e-05  -1.306713329540798e-05  -4.109074143343605e-05
  1.705000042915344e+00  8.414610595703125e+02  3.181727905273438e+02  6.657037734985352e+00  -3.401622772216797e+01  -2.921291887760162e-01  -1.062222099304199e+01  4.858824468101375e-05  -1.376906402583700e-05  -4.211138366372325e-05
  1.710000038146973e+00  8.330604248046875e+02  3.086132812500000e+02  5.476452827453613e+00  -4.038610076904297e+01  -7.508989423513412e-02  -8.375892639160156e+00  4.610862379195169e-05  -1.400513792759739e-05  -4.286059265723452e-05
  1.715000033378601e+00  8.238198242187500e+02  2.987473144531250e+02  6.805266857147217e+00  -4.749557113647461e+01  1.141357541084290e+00  -8.942581176757812e+00  4.356712452135980e-05  -1.472546773584327e-05  -4.383936175145209e-05
  1.720000028610229e+00  8.131086425781250e+02  2.875552673339844e+02  5.303417205810547e+00  -5.362660980224609e+01  1.237193703651428e+00  -6.776028633117676e+00  4.090631773578934e-05  -1.516839256510139e-05  -4.456301030586474e-05
  1.725000023841858e+00  8.022321166992188e+02  2.773481140136719e+02  7.131401538848877e+00  -6.028897094726562e+01  2.454653263092041e+00  -7.185974121093750e+00  3.819648190983571e-05  -1.593390516063664e-05  -4.556097337626852e-05
  1.730000019073486e+00  7.898666381835938e+02  2.665139465332031e+02  8.302104949951172e+00  -6.674720764160156e+01  3.693127393722534e+00  -7.668650627136230e+00  3.544645369402133e-05  -1.669475204835180e-05  -4.652474672184326e-05
  1.735000014305115e+00  7.760823364257812e+02  2.533885650634766e+02  6.598346710205078e+00  -7.231626892089844e+01  3.588120460510254e+00  -5.653038024902344e+00  3.258566357544623e-05  -1.740583684295416e-05  -4.723395613837056e-05
  1.740000009536743e+00  7.621852416992188e+02  2.422019042968750e+02  8.184623718261719e+00  -7.825498199462891e+01  4.741899490356445e+00  -6.017272949218750e+00  2.971377034555189e-05  -1.822348349378444e-05  -4.822055780095980e-05
  1.745000004768372e+00  7.462948608398438e+02  2.275383453369141e+02  6.349993228912354e+00  -8.352059936523438e+01  4.552612304687500e+00  -4.170943260192871e+00  2.675924952200148e-05  -1.915044231282081e-05  -4.891627395409159e-05
  1.750000000000000e+00  7.302124633789062e+02  2.154208831787109e+02  7.349099636077881e+00  -8.891500091552734e+01  5.575911521911621e+00  -4.659716606140137e+00  2.385113657510374e-05  -2.002397195610683e-05  -4.986641579307616e-05
  1.754999995231628e+00  7.135060424804688e+02  2.033310852050781e+02  8.706153869628906e+00  -9.406099700927734e+01  6.569221496582031e+00  -5.027726650238037e+00  2.089973168040160e-05  -2.089956433337647e-05  -5.084309668745846e-05
  1.759999990463257e+00  6.947774658203125e+02  1.867680053710938e+02  6.759202003479004e+00  -9.872145080566406e+01  6.213563442230225e+00  -3.414367914199829e+00  1.789977432054002e-05  -2.207954275945667e-05  -5.150565993972123e-05
  1.764999985694885e+00  6.760781250000000e+02  1.738399505615234e+02  7.660738468170166e+00  -1.033213195800781e+02  7.025687694549561e+00  -3.910895347595215e+00  1.497060657129623e-05  -2.300545747857541e-05  -5.244384010438807e-05
  1.769999980926514e+00  6.554133911132812e+02  1.558744659423828e+02  5.605888843536377e+00  -1.076860809326172e+02  6.687489032745361e+00  -2.483526468276978e+00  1.200073074869579e-05  -2.434851558064111e-05  -5.306858656695113e-05
  1.774999976158142e+00  6.353711547851562e+02  1.425651855468750e+02  6.833039283752441e+00  -1.117631378173828e+02  7.301446437835693e+00  -2.932816982269287e+00  9.094202141568530e-06  -2.531738937250338e-05  -5.401888847700320e-05
  1.779999971389771e+00  6.142660522460938e+02  1.289243469238281e+02  7.684222698211670e+00  -1.156039733886719e+02  7.831243991851807e+00  -3.453007221221924e+00  6.240222774067661e-06  -2.627170215419028e-05  -5.493397839018144e-05
  1.784999966621399e+00  5.910964355468750e+02  1.093526535034180e+02  5.639597892761230e+00  -1.194372406005859e+02  7.441296577453613e+00  -2.227313280105591e+00  3.407026042623329e-06  -2.777092413452920e-05  -5.550975402002223e-05
  1.789999961853027e+00  5.686993408203125e+02  9.533126831054688e+01  6.732811927795410e+00  -1.228037261962891e+02  7.763841629028320e+00  -2.716833114624023e+00  6.455847483266552e-07  -2.874287019949406e-05  -5.642602991429158e-05
  1.794999957084656e+00  5.438850708007812e+02  7.477973175048828e+01  4.667489051818848e+00  -1.263970642089844e+02  7.513049602508545e+00  -1.647654652595520e+00  -2.029713641604758e-06  -3.030470907106064e-05  -5.696534208254889e-05
  1.799999952316284e+00  5.199807739257812e+02  6.021992874145508e+01  5.607190132141113e+00  -1.293498382568359e+02  7.614326477050781e+00  -2.174994468688965e+00  -4.629865998140303e-06  -3.125877992715687e-05  -5.783350206911564e-05
  1.804999947547913e+00  4.954638366699219e+02  4.566566848754883e+01  6.619883060455322e+00  -1.321028900146484e+02  7.632971286773682e+00  -2.681418895721436e+00  -7.154189461289207e-06  -3.218481651856564e-05  -5.871094617759809e-05
  1.809999942779541e+00  4.686072998046875e+02  2.410966300964355e+01  4.654651641845703e+00  -1.352940979003906e+02  7.476504325866699e+00  -1.722088575363159e+00  -9.526508620183449e-06  -3.375077722012065e-05  -5.920656258240342e-05
  1.815000057220459e+00  4.428471679687500e+02  9.239976882934570e+00  5.653277397155762e+00  -1.377169494628906e+02  7.284527301788330e+00  -2.201701402664185e+00  -1.184184111480135e-05  -3.461612868704833e-05  -6.004039460094646e-05
  1.820000052452087e+00  4.148213195800781e+02  -1.262245464324951e+01  3.821780204772949e+00  -1.407276306152344e+02  7.348088741302490e+00  -1.310779452323914e+00  -1.396585139445961e-05  -3.612223008531146e-05  -6.052387834643014e-05
  1.825000047683716e+00  3.879278259277344e+02  -2.770127677917480e+01  4.806909561157227e+00  -1.428417358398438e+02  7.039230346679688e+00  -1.761394619941711e+00  -1.605033685336821e-05  -3.691196980071254e-05  -6.135087460279465e-05
  1.830000042915344e+00  3.606096191406250e+02  -4.260450363159180e+01  5.883575439453125e+00  -1.448439941406250e+02  6.596677780151367e+00  -2.135851621627808e+00  -1.801801954570692e-05  -3.762850974453613e-05  -6.215670873643830e-05
  1.835000038146973e+00  3.311966552734375e+02  -6.455974578857422e+01  4.259841918945312e+00  -1.475662689208984e+02  6.866497516632080e+00  -1.254291057586670e+00  -1.973925282072742e-05  -3.897550050169230e-05  -6.263586692512035e-05
  1.840000033378601e+00  3.028644409179688e+02  -7.953242492675781e+01  5.197503566741943e+00  -1.493227081298828e+02  6.363294124603271e+00  -1.586037039756775e+00  -2.144321661035065e-05  -3.957578519475646e-05  -6.344134453684092e-05
  1.845000028610229e+00  2.727786865234375e+02  -1.010318069458008e+02  3.724063158035278e+00  -1.518918151855469e+02  6.877394199371338e+00  -7.688672542572021e-01  -2.287573261128273e-05  -4.075556716998108e-05  -6.393517105607316e-05
  1.850000023841858e+00  2.439699554443359e+02  -1.156111450195312e+02  4.959967136383057e+00  -1.534792327880859e+02  6.259632587432861e+00  -8.761765956878662e-01  -2.432940527796745e-05  -4.119190998608246e-05  -6.473642133641988e-05
  1.855000019073486e+00  2.145778045654297e+02  -1.301249542236328e+02  5.838193416595459e+00  -1.549557647705078e+02  5.636378765106201e+00  -1.021396160125732e+00  -2.563842463132460e-05  -4.155117494519800e-05  -6.553684215759858e-05
  1.860000014305115e+00  1.839016113281250e+02  -1.506604003906250e+02  4.649693489074707e+00  -1.572793273925781e+02  6.385221481323242e+00  -1.715254187583923e-01  -2.666329419298563e-05  -4.244263618602417e-05  -6.607824616366997e-05
  1.865000009536743e+00  1.543860168457031e+02  -1.644703063964844e+02  5.896047592163086e+00  -1.586232299804688e+02  5.702188968658447e+00  -3.103041648864746e-02  -2.773671440081671e-05  -4.260918649379164e-05  -6.688731809845194e-05
  1.870000004768372e+00  1.237741470336914e+02  -1.836306152343750e+02  5.130881786346436e+00  -1.607532348632812e+02  6.631005287170410e+00  7.813391089439392e-01  -2.851472527254373e-05  -4.326506677898578e-05  -6.749976455466822e-05
  1.875000000000000e+00  9.358795928955078e+01  -1.971398468017578e+02  5.793782711029053e+00  -1.619314575195312e+02  6.012932777404785e+00  9.442437887191772e-01  -2.932875031547155e-05  -4.324669862398878e-05  -6.831439532106742e-05
  1.879999995231628e+00  6.378531646728516e+01  -2.098431243896484e+02  6.979012489318848e+00  -1.630503387451172e+02  5.346808910369873e+00  1.372010111808777e+00  -3.006011138495523e-05  -4.311963130021468e-05  -6.914201367180794e-05
  1.884999990463257e+00  3.346569061279297e+01  -2.270117797851562e+02  6.570139408111572e+00  -1.648791351318359e+02  6.446006774902344e+00  2.180257558822632e+00  -3.052079046028666e-05  -4.342427200754173e-05  -6.984350329730660e-05
  1.889999985694885e+00  3.213541507720947e+00  -2.392432250976562e+02  7.036669254302979e+00  -1.658279266357422e+02  5.876736640930176e+00  2.618431091308594e+00  -3.103162816842087e-05  -4.310521399020217e-05  -7.068042032187805e-05
  1.894999980926514e+00  -2.649671363830566e+01  -2.544269866943359e+02  6.978725433349609e+00  -1.673765563964844e+02  7.033420085906982e+00  3.291946411132812e+00  -3.132725760224275e-05  -4.315639671403915e-05  -7.144888513721526e-05
  1.899999976158142e+00  -5.597117996215820e+01  -2.652339782714844e+02  8.019382476806641e+00  -1.681647949218750e+02  6.505254745483398e+00  4.097169399261475e+00  -3.171662319800816e-05  -4.263276787241921e-05  -7.232323696371168e-05
  1.904999971389771e+00  -8.584593200683594e+01  -2.759227905273438e+02  8.212111473083496e+00  -1.688478546142578e+02  6.035684585571289e+00  4.809092521667480e+00  -3.200617720722221e-05  -4.202479249215685e-05  -7.317680865526199e-05
  1.909999966621399e+00  -1.144078826904297e+02  -2.883176879882812e+02  8.554662704467773e+00  -1.699562835693359e+02  7.224622249603271e+00  5.379925727844238e+00  -3.213769741705619e-05  -4.173416891717352e-05  -7.403249765047804e-05
  1.914999961853027e+00  -1.432000122070312e+02  -2.974241027832031e+02  9.292106628417969e+00  -1.704340667724609e+02  6.824116230010986e+00  6.437819957733154e+00  -3.237010969314724e-05  -4.094288669875823e-05  -7.490636926377192e-05
  1.919999957084656e+00  -1.704719390869141e+02  -3.072583618164062e+02  1.025985813140869e+01  -1.711199645996094e+02  7.940729618072510e+00  6.830920696258545e+00  -3.245592961320654e-05  -4.042980799567886e-05  -7.583783735753968e-05
  1.924999952316284e+00  -1.992510375976562e+02  -3.156993103027344e+02  9.865329742431641e+00  -1.713555297851562e+02  7.615544319152832e+00  7.782416343688965e+00  -3.260193625465035e-05  -3.948079029214568e-05  -7.666816236451268e-05
  1.929999947547913e+00  -2.269965667724609e+02  -3.230159912109375e+02  1.018454265594482e+01  -1.714487152099609e+02  7.351954460144043e+00  9.032691001892090e+00  -3.277474752394482e-05  -3.846647450700402e-05  -7.750578515697271e-05
  1.934999942779541e+00  -2.524171905517578e+02  -3.296372070312500e+02  1.155277729034424e+01  -1.715122528076172e+02  8.347388267517090e+00  9.201163291931152e+00  -3.285846469225362e-05  -3.767800808418542e-05  -7.846300286473706e-05
  1.940000057220459e+00  -2.799163818359375e+02  -3.362442321777344e+02  1.070269680023193e+01  -1.713144683837891e+02  8.124232292175293e+00  1.029823684692383e+01  -3.300916432635859e-05  -3.653964449767955e-05  -7.922853546915576e-05
  1.945000052452087e+00  -3.037348937988281e+02  -3.402826843261719e+02  1.252572917938232e+01  -1.708323364257812e+02  8.928474426269531e+00  1.020672416687012e+01  -3.313730849185959e-05  -3.558097887434997e-05  -8.017275104066357e-05
  1.950000047683716e+00  -3.295657043457031e+02  -3.451399536132812e+02  1.224612045288086e+01  -1.702785034179688e+02  8.776257514953613e+00  1.153348827362061e+01  -3.337664384162053e-05  -3.435010876273736e-05  -8.089294715318829e-05
  1.955000042915344e+00  -3.555046386718750e+02  -3.499857177734375e+02  1.087328243255615e+01  -1.695668029785156e+02  8.621596336364746e+00  1.268658256530762e+01  -3.361633935128339e-05  -3.308495070086792e-05  -8.153016096912324e-05
  1.960000038146973e+00  -3.769920043945312e+02  -3.508031921386719e+02  1.308428382873535e+01  -1.682925567626953e+02  9.191220283508301e+00  1.228985595703125e+01  -3.385973468539305e-05  -3.194147575413808e-05  -8.237920701503754e-05
  1.965000033378601e+00  -4.011841430664062e+02  -3.540451049804688e+02  1.216419029235840e+01  -1.671685180664062e+02  9.089414596557617e+00  1.358862781524658e+01  -3.422652298468165e-05  -3.062808173126541e-05  -8.291041740449145e-05
  1.970000028610229e+00  -4.207873229980469e+02  -3.523723144531250e+02  1.496264076232910e+01  -1.652412414550781e+02  9.439498901367188e+00  1.293035888671875e+01  -3.456555350567214e-05  -2.937716817541514e-05  -8.367485861526802e-05
  1.975000023841858e+00  -4.443692016601562e+02  -3.550786132812500e+02  1.279307746887207e+01  -1.637300109863281e+02  9.250009536743164e+00  1.396873378753662e+01  -3.500861930660903e-05  -2.802392373268958e-05  -8.400081424042583e-05
  1.980000019073486e+00  -4.667999572753906e+02  -3.569572448730469e+02  1.117890167236328e+01  -1.619763793945312e+02  9.138673782348633e+00  1.513845729827881e+01  -3.554428985808045e-05  -2.668781053216662e-05  -8.425897976849228e-05
  1.985000014305115e+00  -4.839058532714844e+02  -3.524788208007812e+02  1.428453922271729e+01  -1.591499786376953e+02  9.222691535949707e+00  1.415629673004150e+01  -3.603012009989470e-05  -2.533305087126791e-05  -8.476198854623362e-05
  1.990000009536743e+00  -5.055773925781250e+02  -3.539159545898438e+02  1.155186653137207e+01  -1.569825439453125e+02  8.976080894470215e+00  1.504629898071289e+01  -3.665561598609202e-05  -2.398852666374296e-05  -8.476278162561357e-05
  1.995000004768372e+00  -5.208740844726562e+02  -3.475073852539062e+02  1.503519248962402e+01  -1.534758148193359e+02  8.859319686889648e+00  1.384864425659180e+01  -3.722040128195658e-05  -2.256597508676350e-05  -8.504097786499187e-05
  2.000000000000000e+00  -5.408261108398438e+02  -3.478318481445312e+02  1.260865116119385e+01  -1.508105163574219e+02  8.626972198486328e+00  1.471363258361816e+01  -3.797677345573902e-05  -2.125437640643213e-05  -8.479507232550532e-05
