TITLE = "Temporal Signal for receiver number 00002"
VARIABLES = "Time","s_xx","s_yy","s_zz","s_xy","s_yz","s_xz","v1","v2","v3"
# x1       0.000000000000e+00
# x2       5.543000000000e+03
# x3       -1.000000000000e-01
  0.000000000000000e+00  1.022284384816885e-03  -1.591800391906872e-04  -1.659003901295364e-03  0.000000000000000e+00  0.000000000000000e+00  -1.039414783008397e-03  -4.200109979137778e-04  0.000000000000000e+00  7.798843435011804e-04
  4.999999888241291e-03  5.677773437500000e+02  8.683249511718750e+02  2.021372192382812e+03  2.133216476440430e+01  2.558608703613281e+02  -3.770238113403320e+01  -4.160295939072967e-04  -3.400759669602849e-05  5.700383917428553e-04
  9.999999776482582e-03  3.799643554687500e+02  9.272717285156250e+02  2.576179199218750e+03  -1.703845977783203e+01  3.007495422363281e+02  -1.697359619140625e+02  -3.819591947831213e-04  -2.410150409559719e-05  4.746231716126204e-04
  1.499999966472387e-02  -6.752168178558350e+00  5.663425903320312e+02  2.463601318359375e+03  -1.776763458251953e+02  1.799086761474609e+02  -3.652674865722656e+02  -2.797823981381953e-04  1.415421138517559e-05  4.143043479416519e-04
  1.999999955296516e-02  -4.689400329589844e+02  2.134508972167969e+02  2.199922851562500e+03  -2.207488250732422e+02  1.157409591674805e+02  -4.498413391113281e+02  -2.377943455940112e-04  3.844814636977389e-05  3.982775378972292e-04
  2.500000037252903e-02  -7.887804565429688e+02  -1.772412872314453e+02  1.706506713867188e+03  -2.990823364257812e+02  1.558996486663818e+01  -5.141333618164062e+02  -1.587658043717965e-04  5.847807551617734e-05  3.365033189766109e-04
  2.999999932944775e-02  -9.300107421875000e+02  -2.843193359375000e+02  1.625843627929688e+03  -3.010842285156250e+02  -2.335792160034180e+01  -4.927311706542969e+02  -1.341836905339733e-04  6.303930422291160e-05  3.046334895770997e-04
  3.500000014901161e-02  -9.787145996093750e+02  -3.190939331054688e+02  1.577531494140625e+03  -2.915401306152344e+02  -6.132228469848633e+01  -4.527927551269531e+02  -1.128568983403966e-04  6.119794852565974e-05  2.706473169382662e-04
  3.999999910593033e-02  -8.619514160156250e+02  -3.080065612792969e+02  1.306108764648438e+03  -2.849212036132812e+02  -9.746797943115234e+01  -3.684101562500000e+02  -7.035082671791315e-05  5.115353633300401e-05  1.777135621523485e-04
  4.500000178813934e-02  -7.995519409179688e+02  -2.529429779052734e+02  1.252253662109375e+03  -2.567746582031250e+02  -1.236991348266602e+02  -3.080137023925781e+02  -5.429547309176996e-05  4.036008249386214e-05  1.463920780224726e-04
  5.000000074505806e-02  -6.458640136718750e+02  -1.919367828369141e+02  9.751239013671875e+02  -2.248863372802734e+02  -1.157222900390625e+02  -1.979555358886719e+02  -2.179421608161647e-05  2.735445013968274e-05  7.424168870784342e-05
  5.499999970197678e-02  -5.576919555664062e+02  -1.211785964965820e+02  8.935564575195312e+02  -1.922205352783203e+02  -1.222988967895508e+02  -1.383918914794922e+02  -7.770712727506179e-06  1.517473901913036e-05  5.351495565264486e-05
  5.999999865889549e-02  -4.540466308593750e+02  -3.939480972290039e+01  8.187984619140625e+02  -1.619450378417969e+02  -1.235469818115234e+02  -8.076777648925781e+01  5.269186203804566e-06  3.295893748145318e-06  3.503090192680247e-05
  6.499999761581421e-02  -3.476810913085938e+02  -1.304287528991699e+01  5.583840332031250e+02  -1.246588592529297e+02  -6.211309051513672e+01  1.922214317321777e+01  2.800136098812800e-05  -6.223993750609225e-06  -8.797182431408146e-07
  7.000000029802322e-02  -2.261270446777344e+02  8.255899047851562e+01  5.254638671875000e+02  -1.016445236206055e+02  -4.661315155029297e+01  7.222750854492188e+01  3.691911115311086e-05  -1.509221146989148e-05  -1.330827035417315e-05
  7.500000298023224e-02  -1.449517364501953e+02  9.974607849121094e+01  3.571698913574219e+02  -6.932973480224609e+01  2.668989562988281e+01  1.484555206298828e+02  4.837541928282008e-05  -2.301771564816590e-05  -3.359940455993637e-05
  7.999999821186066e-02  -1.031689167022705e+01  2.112401123046875e+02  3.730002136230469e+02  -5.690132904052734e+01  4.831084060668945e+01  1.910813903808594e+02  5.207120193517767e-05  -2.916228186222725e-05  -4.514211832429282e-05
  8.500000089406967e-02  1.279710693359375e+02  3.278632812500000e+02  3.954873046875000e+02  -4.830441665649414e+01  7.040730285644531e+01  2.272985534667969e+02  5.485964356921613e-05  -3.409649070817977e-05  -5.671063627232797e-05
  9.000000357627869e-02  1.971054687500000e+02  3.615773010253906e+02  3.266553649902344e+02  -2.988601303100586e+01  1.243915863037109e+02  2.617388305664062e+02  5.096237146062776e-05  -4.190344043308869e-05  -7.354832632699981e-05
  9.499999880790710e-02  3.211701660156250e+02  4.749998779296875e+02  3.449579772949219e+02  -2.875029563903809e+01  1.386720123291016e+02  2.764748535156250e+02  4.997317228117026e-05  -4.514984539127909e-05  -8.511290798196569e-05
  1.000000014901161e-01  3.821330566406250e+02  5.278769531250000e+02  3.101777954101562e+02  -1.552767086029053e+01  1.587292175292969e+02  2.787189025878906e+02  3.800285776378587e-05  -5.394636536948383e-05  -1.006087550194934e-04
  1.049999967217445e-01  4.814669189453125e+02  6.290199584960938e+02  2.988009643554688e+02  -1.749568557739258e+01  1.605611724853516e+02  2.691842346191406e+02  3.536767326295376e-05  -5.556178439292125e-05  -1.108064316213131e-04
  1.099999994039536e-01  5.643767700195312e+02  7.184004516601562e+02  2.647535400390625e+02  -1.852803230285645e+01  1.593993530273438e+02  2.479593048095703e+02  3.308147643110715e-05  -5.624148252536543e-05  -1.201459890580736e-04
  1.150000020861626e-01  6.083444824218750e+02  7.883890380859375e+02  2.311773223876953e+02  -6.053390979766846e+00  1.418737030029297e+02  2.174420013427734e+02  1.816953408706468e-05  -6.294326885836199e-05  -1.310774241574109e-04
  1.199999973177910e-01  6.613894653320312e+02  8.588693237304688e+02  1.631017608642578e+02  -4.317286968231201e+00  1.325371093750000e+02  1.767303161621094e+02  1.717542909318581e-05  -6.153973663458601e-05  -1.376809232169762e-04
  1.250000000000000e-01  7.044354858398438e+02  9.502704467773438e+02  1.461656799316406e+02  1.193883514404297e+01  1.016337432861328e+02  1.409275360107422e+02  5.360293016565265e-06  -6.499226583400741e-05  -1.433315337635577e-04
  1.299999952316284e-01  7.297163085937500e+02  1.000724121093750e+03  5.367831802368164e+01  1.881640052795410e+01  9.025262451171875e+01  8.957263183593750e+01  7.487088623747695e-06  -6.114991265349090e-05  -1.461787906009704e-04
  1.350000053644180e-01  7.434431762695312e+02  1.039487426757812e+03  -4.866694641113281e+01  2.861958885192871e+01  8.020198059082031e+01  3.515819549560547e+01  1.106706986320205e-05  -5.628662620438263e-05  -1.477995247114450e-04
  1.400000005960464e-01  7.694928588867188e+02  1.132789306640625e+03  -4.927003860473633e+01  5.228852844238281e+01  4.893068313598633e+01  7.820033073425293e+00  7.465573617082555e-06  -5.409338700701483e-05  -1.434573059668764e-04
  1.449999958276749e-01  7.677611083984375e+02  1.155211547851562e+03  -1.500392303466797e+02  6.762488555908203e+01  4.210922622680664e+01  -4.196181488037109e+01  1.486547353124479e-05  -4.687368345912546e-05  -1.404101494699717e-04
  1.500000059604645e-01  7.768887329101562e+02  1.236492797851562e+03  -1.377409515380859e+02  9.501353454589844e+01  1.591118144989014e+01  -5.366064834594727e+01  1.643440373300109e-05  -4.058648482896388e-05  -1.290727959712967e-04
  1.550000011920929e-01  7.686383666992188e+02  1.245232421875000e+03  -2.200190277099609e+02  1.148727645874023e+02  1.345810604095459e+01  -9.110775756835938e+01  2.670604953891598e-05  -3.160879714414477e-05  -1.219015684910119e-04
  1.599999964237213e-01  7.657557983398438e+02  1.252515136718750e+03  -2.840004577636719e+02  1.365036010742188e+02  1.376664733886719e+01  -1.208836441040039e+02  3.771964838961139e-05  -2.214571031800006e-05  -1.139653322752565e-04
  1.650000065565109e-01  7.409816284179688e+02  1.291262573242188e+03  -2.597942199707031e+02  1.669637451171875e+02  -5.623810768127441e+00  -1.096208724975586e+02  4.188893217360601e-05  -1.270154007215751e-05  -9.605772356735542e-05
  1.700000017881393e-01  7.408697509765625e+02  1.289023071289062e+03  -2.891894531250000e+02  1.904756317138672e+02  -1.349962949752808e+00  -1.228854675292969e+02  5.349606362869963e-05  -3.105252517343615e-06  -8.639942825539038e-05
  1.749999970197678e-01  6.809014282226562e+02  1.282141113281250e+03  -2.739839172363281e+02  2.195730895996094e+02  -1.629325294494629e+01  -1.025382766723633e+02  5.534794399864040e-05  6.427444986911723e-06  -6.825785385444760e-05
  1.800000071525574e-01  6.812133178710938e+02  1.268490600585938e+03  -2.721288757324219e+02  2.425094757080078e+02  -9.355460166931152e+00  -1.025914840698242e+02  6.599425250897184e-05  1.475732096878346e-05  -5.884925485588610e-05
  1.850000023841858e-01  6.866140747070312e+02  1.253339721679688e+03  -2.524147949218750e+02  2.642629394531250e+02  -1.862979173660278e+00  -9.631458282470703e+01  7.625927537446842e-05  2.233659506600816e-05  -4.969501605955884e-05
  1.899999976158142e-01  5.824870605468750e+02  1.188719726562500e+03  -2.434620819091797e+02  2.871493225097656e+02  -1.279921817779541e+01  -7.165792083740234e+01  7.245031883940101e-05  2.825989395205397e-05  -3.498618752928451e-05
  1.949999928474426e-01  5.780327758789062e+02  1.156463623046875e+03  -2.097487640380859e+02  3.040741882324219e+02  -6.652495861053467e+00  -6.035958480834961e+01  8.057529339566827e-05  3.326204023323953e-05  -2.724412661336828e-05
  2.000000029802322e-01  4.468565063476562e+02  1.056501464843750e+03  -2.086158447265625e+02  3.188414916992188e+02  -1.526748561859131e+01  -4.010363006591797e+01  7.253797957673669e-05  3.586356251616962e-05  -1.578172305016778e-05
  2.049999982118607e-01  4.276036071777344e+02  1.005383728027344e+03  -1.720025939941406e+02  3.282935485839844e+02  -1.336879062652588e+01  -2.874225997924805e+01  7.834339339751750e-05  3.824326995527372e-05  -9.367779057356529e-06
  2.099999934434891e-01  4.038922729492188e+02  9.472937011718750e+02  -1.338280487060547e+02  3.337734985351562e+02  -1.496146392822266e+01  -1.639953804016113e+01  8.319863991346210e-05  3.962221671827137e-05  -3.044424147446989e-06
  2.150000035762787e-01  2.473085937500000e+02  8.136600341796875e+02  -1.380043945312500e+02  3.328840332031250e+02  -2.552925300598145e+01  -5.391060829162598e+00  7.116913184290752e-05  3.858390846289694e-05  5.365156994230347e-06
  2.199999988079071e-01  2.075446624755859e+02  7.379671020507812e+02  -1.063728103637695e+02  3.287507934570312e+02  -3.405723571777344e+01  3.774901866912842e+00  7.362583710346371e-05  3.822779035544954e-05  1.084264476958197e-05
  2.249999940395355e-01  5.271138381958008e+01  5.946380615234375e+02  -1.068546447753906e+02  3.158159179687500e+02  -4.500719833374023e+01  9.565316200256348e+00  6.082752952352166e-05  3.686007767100818e-05  1.842052188294474e-05
  2.300000041723251e-01  2.295476675033569e+00  5.061077270507812e+02  -8.164568328857422e+01  3.021227416992188e+02  -5.990863800048828e+01  1.605736732482910e+01  6.096599827287719e-05  3.575435766833834e-05  2.317411963304039e-05
  2.349999994039536e-01  -5.117108154296875e+01  4.135368347167969e+02  -5.745301437377930e+01  2.845132141113281e+02  -7.802827453613281e+01  2.289735221862793e+01  5.968223922536708e-05  3.422258305363357e-05  2.748524275375530e-05
  2.399999946355820e-01  -1.942727203369141e+02  2.640911254882812e+02  -5.870133209228516e+01  2.554766387939453e+02  -8.998200225830078e+01  2.309856605529785e+01  4.625865403795615e-05  3.463168104644865e-05  3.414735328988172e-05
  2.450000047683716e-01  -2.491415863037109e+02  1.665862884521484e+02  -3.819079589843750e+01  2.302523193359375e+02  -1.106931838989258e+02  2.867704010009766e+01  4.247901961207390e-05  3.330475738039240e-05  3.711058525368571e-05
  2.500000000000000e-01  -3.674836425781250e+02  2.244860458374023e+01  -3.871304321289062e+01  1.923591156005859e+02  -1.197921295166016e+02  2.695342254638672e+01  2.987604057125282e-05  3.615947935031727e-05  4.313342287787236e-05
  2.549999952316284e-01  -4.177537841796875e+02  -7.491128540039062e+01  -2.039487266540527e+01  1.616014251708984e+02  -1.396769409179688e+02  3.177322196960449e+01  2.355589276703540e-05  3.529350942699239e-05  4.423007339937612e-05
  2.599999904632568e-01  -4.670750732421875e+02  -1.718744201660156e+02  -2.838263988494873e+00  1.290236663818359e+02  -1.588728027343750e+02  3.656389236450195e+01  1.570974927744828e-05  3.426860712352209e-05  4.423323116498068e-05
  2.649999856948853e-01  -5.473323974609375e+02  -3.018316345214844e+02  -6.037937164306641e+00  8.344361877441406e+01  -1.603544921875000e+02  3.226578903198242e+01  3.151201781292912e-06  3.981153349741362e-05  4.805886783287860e-05
  2.700000107288361e-01  -5.870412597656250e+02  -3.935229492187500e+02  8.675570487976074e+00  4.847092819213867e+01  -1.743990478515625e+02  3.521794509887695e+01  -6.920518444530899e-06  3.912603642675094e-05  4.586057912092656e-05
  2.750000059604645e-01  -6.316708374023438e+02  -5.053864135742188e+02  4.706800460815430e+00  8.152008056640625e-01  -1.697325744628906e+02  2.967698478698730e+01  -1.820687612053007e-05  4.567752694129013e-05  4.823735798709095e-05
  2.800000011920929e-01  -6.591835327148438e+02  -5.888084716796875e+02  1.601195335388184e+01  -3.453244781494141e+01  -1.771285705566406e+02  2.996169853210449e+01  -2.987747029692400e-05  4.501218791119754e-05  4.411465488374233e-05
  2.849999964237213e-01  -6.862761840820312e+02  -6.712425537109375e+02  2.172229576110840e+01  -6.967964935302734e+01  -1.815917053222656e+02  2.767641639709473e+01  -4.239448753651232e-05  4.413812348502688e-05  3.927749276044779e-05
  2.899999916553497e-01  -6.806937255859375e+02  -7.503748779296875e+02  2.115452194213867e+01  -1.154316711425781e+02  -1.674723968505859e+02  2.113438796997070e+01  -5.173315730644390e-05  5.052009510109201e-05  3.970072793890722e-05
  2.949999868869781e-01  -6.944338989257812e+02  -8.222676391601562e+02  2.143307876586914e+01  -1.484118652343750e+02  -1.649914093017578e+02  1.507448101043701e+01  -6.440502329496667e-05  4.931739385938272e-05  3.403083974262699e-05
  3.000000119209290e-01  -6.504527587890625e+02  -8.725845336914062e+02  2.720894813537598e+01  -1.901768188476562e+02  -1.476527404785156e+02  1.043106365203857e+01  -7.062154327286407e-05  5.454686106531881e-05  3.380145790288225e-05
  3.050000071525574e-01  -6.505545654296875e+02  -9.326726684570312e+02  2.217528533935547e+01  -2.193968963623047e+02  -1.392643737792969e+02  1.280810594558716e+00  -8.229125523939729e-05  5.279657489154488e-05  2.820166264427826e-05
  3.100000023841858e-01  -6.492473144531250e+02  -9.903977050781250e+02  1.054582023620605e+01  -2.467848052978516e+02  -1.283732299804688e+02  -1.083941745758057e+01  -9.346585284220055e-05  5.083604992250912e-05  2.292103272338863e-05
  3.149999976158142e-01  -5.574610595703125e+02  -1.000832153320312e+03  2.622501754760742e+01  -2.793706359863281e+02  -1.081247024536133e+02  -1.044801807403564e+01  -9.429681813344359e-05  5.400706140790135e-05  2.297606988577172e-05
  3.199999928474426e-01  -5.417017211914062e+02  -1.044853271484375e+03  1.140327835083008e+01  -3.011244812011719e+02  -9.342386627197266e+01  -2.319252014160156e+01  -1.028858023346402e-04  5.140606299391948e-05  1.880608760984614e-05
  3.249999880790710e-01  -4.227598266601562e+02  -1.029381103515625e+03  3.292954254150391e+01  -3.258174133300781e+02  -7.513004302978516e+01  -1.733084106445312e+01  -9.943435725290328e-05  5.272943963063881e-05  1.912439438456204e-05
  3.300000131130219e-01  -3.930399169921875e+02  -1.059082519531250e+03  1.663199806213379e+01  -3.411007995605469e+02  -5.831438827514648e+01  -2.847774124145508e+01  -1.047734185704030e-04  4.948307469021529e-05  1.630119550100062e-05
  3.350000083446503e-01  -2.571332397460938e+02  -1.023749572753906e+03  3.935064315795898e+01  -3.572234802246094e+02  -4.322419357299805e+01  -1.789634895324707e+01  -9.768467134563252e-05  4.900384737993591e-05  1.682544279901776e-05
  3.400000035762787e-01  -2.157862548828125e+02  -1.039559570312500e+03  2.285180664062500e+01  -3.656831665039062e+02  -2.577194023132324e+01  -2.563980674743652e+01  -9.965930803446099e-05  4.513809471973218e-05  1.517906184744788e-05
  3.449999988079071e-01  -1.696795654296875e+02  -1.048726196289062e+03  7.481117725372314e+00  -3.712545166015625e+02  -8.058348655700684e+00  -3.192103004455566e+01  -1.001552809611894e-04  4.118683864362538e-05  1.382600930810440e-05
  3.499999940395355e-01  -2.394857788085938e+01  -9.938818969726562e+02  2.584160423278809e+01  -3.750183105468750e+02  2.417447090148926e+00  -1.574013996124268e+01  -8.904807327780873e-05  3.858544732793234e-05  1.472886742703849e-05
  3.549999892711639e-01  3.084040069580078e+01  -9.892839965820312e+02  1.331415271759033e+01  -3.741678466796875e+02  1.890419387817383e+01  -1.670093917846680e+01  -8.668086229590699e-05  3.412962178117596e-05  1.369487745250808e-05
  3.600000143051147e-01  1.674224395751953e+02  -9.300350952148438e+02  2.173176765441895e+01  -3.703626098632812e+02  2.544652557373047e+01  -1.525028944015503e+00  -7.518685015384108e-05  3.009292595379520e-05  1.407594390911981e-05
  3.650000095367432e-01  2.273449096679688e+02  -9.129015502929688e+02  1.278455162048340e+01  -3.639651794433594e+02  3.979605484008789e+01  2.304457426071167e+00  -7.079336501192302e-05  2.524103911127895e-05  1.268556025024736e-05
  3.700000047683716e-01  2.903405151367188e+02  -8.890449829101562e+02  7.527878761291504e+00  -3.554514160156250e+02  5.313027572631836e+01  8.952313423156738e+00  -6.551609112648293e-05  2.040259641944431e-05  1.083249935618369e-05
  3.750000000000000e-01  4.065527648925781e+02  -8.263594970703125e+02  4.116418361663818e+00  -3.430615234375000e+02  5.479752349853516e+01  2.069154548645020e+01  -5.503950160345994e-05  1.487392273702426e-05  1.018305374600459e-05
  3.799999952316284e-01  4.689864501953125e+02  -7.925365600585938e+02  2.565508604049683e+00  -3.306793518066406e+02  6.507556152343750e+01  3.014635086059570e+01  -4.910419011139311e-05  9.799116924114060e-06  7.334240308409790e-06
  3.849999904632568e-01  5.596322631835938e+02  -7.339082031250000e+02  -1.135975456237793e+01  -3.141682128906250e+02  6.448143005371094e+01  3.466247177124023e+01  -4.138269287068397e-05  3.463243729129317e-06  6.016596671543084e-06
  3.899999856948853e-01  6.173155517578125e+02  -6.923297729492188e+02  -9.375359535217285e+00  -2.991658630371094e+02  7.151378631591797e+01  4.473550796508789e+01  -3.568402098608203e-05  -1.713023834781779e-06  2.153150489903055e-06
  3.950000107288361e-01  6.739382934570312e+02  -6.468582153320312e+02  -5.630246162414551e+00  -2.832311706542969e+02  7.690072631835938e+01  5.552783966064453e+01  -2.991800829477143e-05  -6.775254405511077e-06  -2.163959152312600e-06
  4.000000059604645e-01  7.313907470703125e+02  -5.906466064453125e+02  -2.471810531616211e+01  -2.634112243652344e+02  7.347813415527344e+01  5.066610717773438e+01  -2.610289084259421e-05  -1.361456907034153e-05  -4.082629402546445e-06
  4.050000011920929e-01  7.787626342773438e+02  -5.406128540039062e+02  -1.820610427856445e+01  -2.463199615478516e+02  7.560359954833984e+01  5.904253387451172e+01  -2.135637805622537e-05  -1.856404742284212e-05  -8.847457138472237e-06
  4.099999964237213e-01  8.103956909179688e+02  -4.887298278808594e+02  -3.940159988403320e+01  -2.255494842529297e+02  7.203203582763672e+01  4.806850814819336e+01  -2.032449810940307e-05  -2.534863233449869e-05  -1.048943340720143e-05
  4.149999916553497e-01  8.472924804687500e+02  -4.356086425781250e+02  -2.975716400146484e+01  -2.080034027099609e+02  7.123027038574219e+01  5.301789093017578e+01  -1.667596370680258e-05  -2.998861964442767e-05  -1.511370101070497e-05
  4.199999868869781e-01  8.796728515625000e+02  -3.817777404785156e+02  -2.038182449340820e+01  -1.903092346191406e+02  6.883917999267578e+01  5.636084747314453e+01  -1.333976069872733e-05  -3.439707870711572e-05  -1.939664980454836e-05
  4.250000119209290e-01  8.825648193359375e+02  -3.323440551757812e+02  -3.693968582153320e+01  -1.696924591064453e+02  6.491236114501953e+01  4.031016540527344e+01  -1.481819799664663e-05  -4.045895548188128e-05  -2.009440686379094e-05
  4.300000071525574e-01  9.037241821289062e+02  -2.775844421386719e+02  -2.445638275146484e+01  -1.521970977783203e+02  6.026840591430664e+01  3.996926879882812e+01  -1.235603576787980e-05  -4.428670217748731e-05  -2.335535646125209e-05
  4.350000023841858e-01  8.893522338867188e+02  -2.313757171630859e+02  -3.799624252319336e+01  -1.323543090820312e+02  5.767559814453125e+01  2.467029571533203e+01  -1.440078267478384e-05  -4.942294617649168e-05  -2.326510366401635e-05
  4.399999976158142e-01  9.001096191406250e+02  -1.767517089843750e+02  -2.256200599670410e+01  -1.153570480346680e+02  5.137934875488281e+01  2.178571319580078e+01  -1.241077734448481e-05  -5.247032459010370e-05  -2.518749715818558e-05
  4.449999928474426e-01  9.068155517578125e+02  -1.225415344238281e+02  -6.772226810455322e+00  -9.850580596923828e+01  4.417833709716797e+01  1.755327796936035e+01  -1.053466348821530e-05  -5.513243377208710e-05  -2.623808904900216e-05
  4.499999880790710e-01  8.745278930664062e+02  -8.024497222900391e+01  -1.540518665313721e+01  -8.041667938232422e+01  4.304650115966797e+01  5.811965942382812e+00  -1.219927253259812e-05  -5.853070251760073e-05  -2.505173506506253e-05
  4.550000131130219e-01  8.729985351562500e+02  -2.734675216674805e+01  2.904664516448975e+00  -6.436148834228516e+01  3.525459289550781e+01  1.260373353958130e+00  -1.024376251734793e-05  -6.020076034474187e-05  -2.472976302669849e-05
  4.600000083446503e-01  8.325294189453125e+02  1.078155040740967e+01  -4.965538501739502e+00  -4.792420196533203e+01  3.581072616577148e+01  -5.222697734832764e+00  -1.085730127670104e-05  -6.221615331014618e-05  -2.350358045077883e-05
  4.650000035762787e-01  8.243160400390625e+02  6.136088180541992e+01  1.444726181030273e+01  -3.284149551391602e+01  2.814305305480957e+01  -8.592631340026855e+00  -8.537611392966937e-06  -6.282579124672338e-05  -2.210893035226036e-05
  4.699999988079071e-01  8.145469360351562e+02  1.115727157592773e+02  3.519115829467773e+01  -1.816382789611816e+01  2.057240867614746e+01  -1.138470268249512e+01  -6.061016847525025e-06  -6.297123036347330e-05  -2.014878737099934e-05
  4.749999940395355e-01  7.658723144531250e+02  1.425741577148438e+02  2.510357666015625e+01  -4.397021293640137e+00  2.301940345764160e+01  -1.138855552673340e+01  -5.226647772360593e-06  -6.304521230049431e-05  -1.928802521433681e-05
  4.799999892711639e-01  7.518218383789062e+02  1.895115814208984e+02  4.510628509521484e+01  9.010665893554688e+00  1.656499099731445e+01  -1.142772769927979e+01  -2.234961812064284e-06  -6.217016198206693e-05  -1.697988227533642e-05
  4.850000143051147e-01  7.019231567382812e+02  2.155749206542969e+02  3.254121398925781e+01  2.067497634887695e+01  1.981844329833984e+01  -8.103636741638184e+00  -5.808356036141049e-07  -6.111454422352836e-05  -1.709227035462391e-05
  4.900000095367432e-01  6.850015869140625e+02  2.586700439453125e+02  5.018406677246094e+01  3.263958358764648e+01  1.485190868377686e+01  -5.340690612792969e+00  2.835626446540118e-06  -5.935565422987565e-05  -1.495456854172517e-05
  4.950000047683716e-01  6.681371459960938e+02  3.010153808593750e+02  6.828088378906250e+01  4.396305465698242e+01  1.090383052825928e+01  -1.009168744087219e+00  6.421684247470694e-06  -5.725012306356803e-05  -1.291389980906388e-05
  5.000000000000000e-01  6.174879150390625e+02  3.192727661132812e+02  4.958661270141602e+01  5.265807723999023e+01  1.495111560821533e+01  4.271271705627441e+00  8.501902811985929e-06  -5.502484054886736e-05  -1.460121802665526e-05
  5.049999952316284e-01  5.990423583984375e+02  3.571605834960938e+02  6.343121719360352e+01  6.237131881713867e+01  1.287243652343750e+01  1.065575885772705e+01  1.224410334543791e-05  -5.234369018580765e-05  -1.335415799985640e-05
  5.099999904632568e-01  5.522513427734375e+02  3.723613586425781e+02  4.384525680541992e+01  6.921482849121094e+01  1.621828079223633e+01  1.460250473022461e+01  1.411266293871449e-05  -4.974649709765799e-05  -1.614939174032770e-05
  5.149999856948853e-01  5.326734008789062e+02  4.056815185546875e+02  5.290708923339844e+01  7.732505035400391e+01  1.592676067352295e+01  2.190568351745605e+01  1.775589043973014e-05  -4.675671152654104e-05  -1.586406688147690e-05
  5.199999809265137e-01  5.133782348632812e+02  4.375870361328125e+02  6.067853927612305e+01  8.465906524658203e+01  1.684209823608398e+01  2.986217308044434e+01  2.139413845725358e-05  -4.366372377262451e-05  -1.606337173143402e-05
  5.249999761581421e-01  4.708486022949219e+02  4.482574768066406e+02  3.885906982421875e+01  8.926058959960938e+01  1.928152656555176e+01  3.034382247924805e+01  2.248475539090578e-05  -4.104861727682874e-05  -2.020396823354531e-05
  5.299999713897705e-01  4.504854431152344e+02  4.755819702148438e+02  4.162813186645508e+01  9.506636047363281e+01  2.157887268066406e+01  3.740398788452148e+01  2.574007703515235e-05  -3.799913247348741e-05  -2.136798320861999e-05
  5.350000262260437e-01  4.141096191406250e+02  4.864072875976562e+02  2.381500816345215e+01  9.874813842773438e+01  2.233178329467773e+01  3.465652847290039e+01  2.619673978188075e-05  -3.568136526155286e-05  -2.590684925962705e-05
  5.400000214576721e-01  3.926438293457031e+02  5.095268859863281e+02  2.242888450622559e+01  1.031662597656250e+02  2.556745147705078e+01  3.984082412719727e+01  2.896847763622645e-05  -3.285941784270108e-05  -2.783595300570596e-05
  5.450000166893005e-01  3.703802490234375e+02  5.305327758789062e+02  1.893083763122559e+01  1.068181838989258e+02  2.947130584716797e+01  4.423000335693359e+01  3.155897138640285e-05  -3.014017420355231e-05  -3.010081127285957e-05
  5.500000119209290e-01  3.389607238769531e+02  5.404627075195312e+02  5.683001518249512e+00  1.095640792846680e+02  2.841139602661133e+01  3.730916976928711e+01  3.116693551419303e-05  -2.848057920346037e-05  -3.482060492387973e-05
  5.550000071525574e-01  3.147356567382812e+02  5.574179077148438e+02  -6.555936336517334e-01  1.120050430297852e+02  3.248900222778320e+01  3.892616653442383e+01  3.321727126603946e-05  -2.613705146359280e-05  -3.741002365131862e-05
  5.600000023841858e-01  2.875394287109375e+02  5.685970458984375e+02  -6.966137886047363e+00  1.147625122070312e+02  2.999143600463867e+01  3.069842720031738e+01  3.257997377659194e-05  -2.491957275196910e-05  -4.173607158008963e-05
  5.649999976158142e-01  2.606651000976562e+02  5.816494750976562e+02  -1.479543399810791e+01  1.161128463745117e+02  3.383142471313477e+01  2.966045761108398e+01  3.413562444620766e-05  -2.295273225172423e-05  -4.431102206581272e-05
  5.699999928474426e-01  2.318517150878906e+02  5.921598510742188e+02  -2.423062896728516e+01  1.167536926269531e+02  3.755377960205078e+01  2.726174926757812e+01  3.543962156982161e-05  -2.112020047206897e-05  -4.685354724642821e-05
  5.749999880790710e-01  2.053026580810547e+02  6.022931518554688e+02  -2.308425140380859e+01  1.194309005737305e+02  3.369872283935547e+01  1.806191444396973e+01  3.461448432062753e-05  -2.042462801910006e-05  -5.035020876675844e-05
  5.799999833106995e-01  1.727402648925781e+02  6.087065429687500e+02  -3.249665069580078e+01  1.190800933837891e+02  3.662620925903320e+01  1.357360744476318e+01  3.547492815414444e-05  -1.886372774606571e-05  -5.245615466265008e-05
  5.849999785423279e-01  1.454679107666016e+02  6.177274780273438e+02  -2.592686080932617e+01  1.220514602661133e+02  3.241511535644531e+01  5.731331348419189e+00  3.485874185571447e-05  -1.829525535868015e-05  -5.519929254660383e-05
  5.899999737739563e-01  1.085798950195312e+02  6.197136230468750e+02  -3.473885726928711e+01  1.207386627197266e+02  3.440634918212891e+01  -1.688796281814575e-01  3.532287155394442e-05  -1.687744043010753e-05  -5.669108577421866e-05
  5.950000286102295e-01  6.911630249023438e+01  6.189485473632812e+02  -4.392050170898438e+01  1.187918930053711e+02  3.578934478759766e+01  -6.781522274017334e+00  3.546681546140462e-05  -1.548420368635561e-05  -5.787024929304607e-05
  6.000000238418579e-01  3.678222274780273e+01  6.230964355468750e+02  -3.238737869262695e+01  1.216342010498047e+02  3.132810211181641e+01  -1.275731754302979e+01  3.501608807709999e-05  -1.484867425460834e-05  -5.944609074504115e-05
  6.050000190734863e-01  -7.266113758087158e+00  6.174763793945312e+02  -4.030927658081055e+01  1.187828369140625e+02  3.166110229492188e+01  -1.971595573425293e+01  3.473025572020561e-05  -1.339907157671405e-05  -5.986800897517242e-05
  6.100000143051147e-01  -4.407831192016602e+01  6.168812255859375e+02  -2.725554847717285e+01  1.215935440063477e+02  2.776963424682617e+01  -2.361237525939941e+01  3.448717689025216e-05  -1.250562490895391e-05  -6.071448297007009e-05
  6.150000095367432e-01  -9.244712066650391e+01  6.061568603515625e+02  -3.392146301269531e+01  1.178758163452148e+02  2.709555625915527e+01  -3.034998893737793e+01  3.370859121787362e-05  -1.086763131752377e-05  -6.038957508280873e-05
  6.200000047683716e-01  -1.427972717285156e+02  5.926939086914062e+02  -4.032436752319336e+01  1.137062072753906e+02  2.580979347229004e+01  -3.700262069702148e+01  3.254031253163703e-05  -9.143044735537842e-06  -5.970635902485810e-05
  6.250000000000000e-01  -1.857708587646484e+02  5.838007812500000e+02  -2.656535720825195e+01  1.159454345703125e+02  2.236952018737793e+01  -3.876075363159180e+01  3.225918771931902e-05  -7.717967491771560e-06  -5.954553853371181e-05
  6.299999952316284e-01  -2.389403686523438e+02  5.653164062500000e+02  -3.190598106384277e+01  1.111144256591797e+02  2.024373245239258e+01  -4.466613006591797e+01  3.051752537430730e-05  -5.688566943717888e-06  -5.821058584842831e-05
  6.349999904632568e-01  -2.851463317871094e+02  5.501436767578125e+02  -1.952380371093750e+01  1.129579162597656e+02  1.757091903686523e+01  -4.525858688354492e+01  3.023787758138496e-05  -3.850121629511705e-06  -5.747752220486291e-05
  6.399999856948853e-01  -3.392824096679688e+02  5.270207519531250e+02  -2.414464569091797e+01  1.076555786132812e+02  1.475088024139404e+01  -5.034510421752930e+01  2.792866871459410e-05  -1.496219056207337e-06  -5.559537021326832e-05
  6.449999809265137e-01  -3.937458801269531e+02  5.017153930664062e+02  -2.850708580017090e+01  1.022663040161133e+02  1.154324626922607e+01  -5.510503387451172e+01  2.521192800486460e-05  9.812000598685700e-07  -5.345745375961997e-05
  6.499999761581421e-01  -4.398786315917969e+02  4.788258972167969e+02  -1.779216957092285e+01  1.035055007934570e+02  9.311519622802734e+00  -5.449979019165039e+01  2.478391797922086e-05  3.406693394936156e-06  -5.203068940318190e-05
  6.549999713897705e-01  -4.921208801269531e+02  4.500090332031250e+02  -2.183489227294922e+01  9.809402465820312e+01  5.646113395690918e+00  -5.851305007934570e+01  2.160802796424832e-05  6.175208000058774e-06  -4.951527444063686e-05
  6.600000262260437e-01  -5.356020507812500e+02  4.226681518554688e+02  -1.305705642700195e+01  9.898894500732422e+01  3.901216745376587e+00  -5.739877700805664e+01  2.128607411577832e-05  8.912121302273590e-06  -4.768601866089739e-05
  6.650000214576721e-01  -5.834171142578125e+02  3.913268432617188e+02  -1.707013893127441e+01  9.387834930419922e+01  -1.105556488037109e-01  -6.075294113159180e+01  1.779054946382530e-05  1.191246974485693e-05  -4.491097570280544e-05
  6.700000166893005e-01  -6.215522460937500e+02  3.609363708496094e+02  -9.923042297363281e+00  9.452648925781250e+01  -1.524946928024292e+00  -5.907035064697266e+01  1.772060750226956e-05  1.487784811615711e-05  -4.274837556295097e-05
  6.750000119209290e-01  -6.624055786132812e+02  3.283459167480469e+02  -1.397239780426025e+01  9.006846618652344e+01  -5.728897094726562e+00  -6.178020095825195e+01  1.416596114722779e-05  1.801708458515350e-05  -3.981497502536513e-05
  6.800000071525574e-01  -7.001260375976562e+02  2.952900695800781e+02  -1.819687080383301e+01  8.619900512695312e+01  -9.924638748168945e+00  -6.449871826171875e+01  1.057800818671240e-05  2.116336690960452e-05  -3.682065653265454e-05
  6.850000023841858e-01  -7.250926513671875e+02  2.636864318847656e+02  -1.234088420867920e+01  8.710939025878906e+01  -1.118220329284668e+01  -6.135991668701172e+01  1.114536553359358e-05  2.430010681564454e-05  -3.441344961174764e-05
  6.899999976158142e-01  -7.531495361328125e+02  2.311398468017578e+02  -1.675732612609863e+01  8.436471557617188e+01  -1.531568908691406e+01  -6.340961456298828e+01  7.945803190523293e-06  2.743663208093494e-05  -3.140937042189762e-05
  6.949999928474426e-01  -7.682735595703125e+02  2.000016784667969e+02  -1.172995185852051e+01  8.539981842041016e+01  -1.636106491088867e+01  -5.915008544921875e+01  9.165763003693428e-06  3.055755587411113e-05  -2.888246672227979e-05
  6.999999880790710e-01  -7.858806152343750e+02  1.688597717285156e+02  -1.650789070129395e+01  8.397551727294922e+01  -2.027208900451660e+01  -6.039582824707031e+01  6.615656275243964e-06  3.357735840836540e-05  -2.595393561932724e-05
  7.049999833106995e-01  -7.985291137695312e+02  1.386989135742188e+02  -2.133427429199219e+01  8.342635345458984e+01  -2.393686485290527e+01  -6.158121871948242e+01  4.469811756280251e-06  3.648854908533394e-05  -2.309398951183539e-05
  7.099999785423279e-01  -7.975427856445312e+02  1.104584426879883e+02  -1.701681709289551e+01  8.518019104003906e+01  -2.464645576477051e+01  -5.517211532592773e+01  6.865075647510821e-06  3.938296868000180e-05  -2.059590042335913e-05
  7.149999737739563e-01  -7.993433837890625e+02  8.287048339843750e+01  -2.214371681213379e+01  8.604030609130859e+01  -2.784027099609375e+01  -5.524963760375977e+01  5.727900315832812e-06  4.202785930829123e-05  -1.791861177480314e-05
  7.200000286102295e-01  -7.896182861328125e+02  5.706542205810547e+01  -1.819938278198242e+01  8.789659881591797e+01  -2.830221557617188e+01  -4.774787521362305e+01  8.727286513021681e-06  4.464939047466032e-05  -1.544090810057241e-05
  7.250000238418579e-01  -7.811634521484375e+02  3.259386444091797e+01  -2.340351676940918e+01  9.005436706542969e+01  -3.089114570617676e+01  -4.654161071777344e+01  8.708140740054660e-06  4.693767914432101e-05  -1.297836206504144e-05
  7.300000190734863e-01  -7.680635375976562e+02  9.794121742248535e+00  -2.847372245788574e+01  9.294461822509766e+01  -3.307642364501953e+01  -4.484671783447266e+01  9.307614163844846e-06  4.901451029581949e-05  -1.067336779669859e-05
  7.350000143051147e-01  -7.476351928710938e+02  -1.187451934814453e+01  -2.501333808898926e+01  9.501803588867188e+01  -3.303319931030273e+01  -3.587816238403320e+01  1.310190327785676e-05  5.102496288600378e-05  -8.291836820717435e-06
  7.400000095367432e-01  -7.263214111328125e+02  -3.128209495544434e+01  -2.982601165771484e+01  9.876979827880859e+01  -3.449118804931641e+01  -3.267971038818359e+01  1.476905435993103e-05  5.262527702143416e-05  -6.211102572706295e-06
  7.450000047683716e-01  -7.029989013671875e+02  -5.053535842895508e+01  -2.662162399291992e+01  1.002942657470703e+02  -3.430876159667969e+01  -2.392706489562988e+01  1.841973607952241e-05  5.411872552940622e-05  -3.806187123700511e-06
  7.500000000000000e-01  -6.756950073242188e+02  -6.678210449218750e+01  -3.102634620666504e+01  1.044720230102539e+02  -3.501233673095703e+01  -1.937506103515625e+01  2.092693830491044e-05  5.516288729268126e-05  -1.906465627143916e-06
  7.549999952316284e-01  -6.451892089843750e+02  -8.104374694824219e+01  -3.461500549316406e+01  1.088585968017578e+02  -3.532124710083008e+01  -1.387483978271484e+01  2.392222449998371e-05  5.592875095317140e-05  -1.367040880495551e-07
  7.599999904632568e-01  -6.210258178710938e+02  -9.717662048339844e+01  -3.166959381103516e+01  1.091985702514648e+02  -3.482510757446289e+01  -5.918124198913574e+00  2.704437974898610e-05  5.648738078889437e-05  2.381300419074250e-06
  7.649999856948853e-01  -5.876226196289062e+02  -1.085530853271484e+02  -3.424457168579102e+01  1.132403945922852e+02  -3.447165298461914e+01  7.030454874038696e-01  3.040513911400922e-05  5.661317482008599e-05  4.090112724952633e-06
  7.699999809265137e-01  -5.669298706054688e+02  -1.232044830322266e+02  -3.156036376953125e+01  1.120672760009766e+02  -3.414021682739258e+01  6.650566101074219e+00  3.235507756471634e-05  5.647615762427449e-05  6.819750979047967e-06
  7.749999761581421e-01  -5.327377929687500e+02  -1.319415435791016e+02  -3.268016433715820e+01  1.152433624267578e+02  -3.326433944702148e+01  1.398754119873047e+01  3.566646410035901e-05  5.592825255007483e-05  8.574582352594007e-06
  7.799999713897705e-01  -4.975162658691406e+02  -1.389179992675781e+02  -3.239561080932617e+01  1.179486236572266e+02  -3.216141891479492e+01  2.223835182189941e+01  3.902774915331975e-05  5.505147782969289e-05  1.034343677019933e-05
  7.850000262260437e-01  -4.839044494628906e+02  -1.518473510742188e+02  -2.978472137451172e+01  1.140999069213867e+02  -3.194714736938477e+01  2.504813003540039e+01  3.901566378772259e-05  5.381320079322904e-05  1.348215755569981e-05
  7.900000214576721e-01  -4.505148620605469e+02  -1.565858917236328e+02  -2.750257682800293e+01  1.152293853759766e+02  -3.058120346069336e+01  3.337742996215820e+01  4.171014006715268e-05  5.223606422077864e-05  1.546757812320720e-05
  7.950000166893005e-01  -4.432341308593750e+02  -1.686318206787109e+02  -2.541096115112305e+01  1.092204818725586e+02  -3.075327682495117e+01  3.331220245361328e+01  3.993547943537124e-05  5.027571387472562e-05  1.893052649393212e-05
  8.000000119209290e-01  -4.128324584960938e+02  -1.713891448974609e+02  -2.101010322570801e+01  1.084510192871094e+02  -2.926625633239746e+01  4.121455764770508e+01  4.163326229900122e-05  4.800235183211043e-05  2.120915632985998e-05
  8.050000071525574e-01  -3.832238464355469e+02  -1.726578674316406e+02  -1.470341873168945e+01  1.066917953491211e+02  -2.785852432250977e+01  4.954832839965820e+01  4.289459684514441e-05  4.540934241958894e-05  2.366154330957215e-05
  8.100000023841858e-01  -3.847278137207031e+02  -1.834214935302734e+02  -1.307384014129639e+01  9.739559173583984e+01  -2.833846092224121e+01  4.562744903564453e+01  3.861203731503338e-05  4.244219235260971e-05  2.756995490926784e-05
  8.149999976158142e-01  -3.592207031250000e+02  -1.830120544433594e+02  -4.618919849395752e+00  9.344509887695312e+01  -2.704775810241699e+01  5.287146759033203e+01  3.850814027828164e-05  3.921020106645301e-05  3.037787973880768e-05
  8.199999928474426e-01  -3.650233764648438e+02  -1.925937500000000e+02  -4.077950954437256e+00  8.213936614990234e+01  -2.775802421569824e+01  4.682695388793945e+01  3.276277857366949e-05  3.569179898477159e-05  3.445431866566651e-05
  8.249999880790710e-01  -3.437464599609375e+02  -1.906524353027344e+02  6.275303363800049e+00  7.601111602783203e+01  -2.668310165405273e+01  5.273828506469727e+01  3.121331974398345e-05  3.190234565408900e-05  3.757435115403496e-05
  8.299999833106995e-01  -3.240894775390625e+02  -1.876354827880859e+02  1.833922386169434e+01  6.875911712646484e+01  -2.589068031311035e+01  5.837200927734375e+01  2.901302832469810e-05  2.785415381367784e-05  4.089278809260577e-05
  8.349999785423279e-01  -3.341687927246094e+02  -1.953135070800781e+02  1.733468437194824e+01  5.487162399291992e+01  -2.657101631164551e+01  4.979397964477539e+01  2.150708678527735e-05  2.369630965404212e-05  4.500970317167230e-05
  8.399999737739563e-01  -3.184371643066406e+02  -1.911092987060547e+02  3.053345298767090e+01  4.566744232177734e+01  -2.605745506286621e+01  5.375579452514648e+01  1.794463787518907e-05  1.923852141771931e-05  4.849075776292011e-05
  8.450000286102295e-01  -3.275266723632812e+02  -1.967030792236328e+02  2.795545196533203e+01  3.071121406555176e+01  -2.648610115051270e+01  4.489191055297852e+01  1.003844045044389e-05  1.485144912294345e-05  5.237682853476144e-05
  8.500000238418579e-01  -3.147629089355469e+02  -1.914695129394531e+02  4.158764648437500e+01  1.988437843322754e+01  -2.618873977661133e+01  4.722145462036133e+01  5.377098204917274e-06  1.010638607112924e-05  5.584971586358733e-05
  8.550000190734863e-01  -3.038520507812500e+02  -1.857830963134766e+02  5.601789855957031e+01  8.169429779052734e+00  -2.624308395385742e+01  4.877531051635742e+01  1.729783605242119e-07  5.244937256065896e-06  5.934776709182188e-05
  8.600000143051147e-01  -3.097609252929688e+02  -1.885119018554688e+02  5.090139007568359e+01  -7.681347846984863e+00  -2.600131797790527e+01  3.976744461059570e+01  -7.837174962332938e-06  7.527659136030707e-07  6.260431109694764e-05
  8.650000095367432e-01  -3.006223449707031e+02  -1.822665557861328e+02  6.452867889404297e+01  -2.044271278381348e+01  -2.616911125183105e+01  3.977239227294922e+01  -1.366308242722880e-05  -4.183117653155932e-06  6.578841566806659e-05
  8.700000047683716e-01  -3.001089477539062e+02  -1.821157684326172e+02  5.803776168823242e+01  -3.608372497558594e+01  -2.523207473754883e+01  3.227335739135742e+01  -2.079444129776675e-05  -8.536962923244573e-06  6.840832793386653e-05
  8.750000000000000e-01  -2.917811584472656e+02  -1.756012115478516e+02  7.015530395507812e+01  -4.942601394653320e+01  -2.541406440734863e+01  3.102017402648926e+01  -2.684315768419765e-05  -1.338719721388770e-05  7.107351120794192e-05
  8.799999952316284e-01  -2.846377563476562e+02  -1.693457641601562e+02  8.171387481689453e+01  -6.320166778564453e+01  -2.584315872192383e+01  2.883156585693359e+01  -3.301829201518558e-05  -1.817956399463583e-05  7.347630889853463e-05
  8.849999904632568e-01  -2.746167297363281e+02  -1.658822784423828e+02  7.280654144287109e+01  -7.787638854980469e+01  -2.380837631225586e+01  2.326461029052734e+01  -3.851222209050320e-05  -2.209071681136265e-05  7.493294106097892e-05
  8.899999856948853e-01  -2.668805236816406e+02  -1.599070587158203e+02  8.181047058105469e+01  -9.157300567626953e+01  -2.409497070312500e+01  2.018906021118164e+01  -4.428963075042702e-05  -2.656914875842631e-05  7.653146167285740e-05
  8.949999809265137e-01  -2.475789794921875e+02  -1.535480041503906e+02  7.254899597167969e+01  -1.049772567749023e+02  -2.129059219360352e+01  1.703037071228027e+01  -4.799437374458648e-05  -3.002600351464935e-05  7.718491542618722e-05
  8.999999761581421e-01  -2.381520690917969e+02  -1.480480346679688e+02  7.877836608886719e+01  -1.182085266113281e+02  -2.137295150756836e+01  1.341031169891357e+01  -5.296500967233442e-05  -3.405598181416281e-05  7.786299102008343e-05
  9.049999713897705e-01  -2.291958007812500e+02  -1.435338592529297e+02  8.326341247558594e+01  -1.313571777343750e+02  -2.153502464294434e+01  9.062499046325684e+00  -5.761400097981095e-05  -3.783903957810253e-05  7.804324559401721e-05
  9.100000262260437e-01  -1.980589904785156e+02  -1.344691619873047e+02  7.304661560058594e+01  -1.424954833984375e+02  -1.774766159057617e+01  8.744618415832520e+00  -5.861261888640001e-05  -4.041722786496393e-05  7.744403410470113e-05
  9.150000214576721e-01  -1.862945861816406e+02  -1.308288879394531e+02  7.454528808593750e+01  -1.546656646728516e+02  -1.761948966979980e+01  4.330453872680664e+00  -6.197130278451368e-05  -4.356426143203862e-05  7.660464325454086e-05
  9.200000166893005e-01  -1.468362426757812e+02  -1.199445037841797e+02  6.524321746826172e+01  -1.640359039306641e+02  -1.340629959106445e+01  6.219775676727295e+00  -6.098580706748180e-05  -4.548019933281466e-05  7.534529140684754e-05
  9.250000119209290e-01  -1.320020904541016e+02  -1.174379882812500e+02  6.400250244140625e+01  -1.749582977294922e+02  -1.297379684448242e+01  2.006637096405029e+00  -6.286400457611308e-05  -4.789351442013867e-05  7.351962267421186e-05
  9.300000071525574e-01  -1.165129394531250e+02  -1.161418304443359e+02  6.075176239013672e+01  -1.854148712158203e+02  -1.249759197235107e+01  -2.487434387207031e+00  -6.407769251381978e-05  -4.992967660655268e-05  7.114346226444468e-05
  9.350000023841858e-01  -6.769309234619141e+01  -1.042662506103516e+02  5.244805145263672e+01  -1.920789642333984e+02  -7.876585960388184e+00  1.870883584022522e+00  -6.036322520230897e-05  -5.072485510027036e-05  6.899433356011286e-05
  9.399999976158142e-01  -4.868613815307617e+01  -1.042445220947266e+02  4.711538696289062e+01  -2.009990539550781e+02  -7.091201305389404e+00  -2.022186279296875e+00  -5.993535887682810e-05  -5.193263496039435e-05  6.576072337338701e-05
  9.449999928474426e-01  4.222344875335693e+00  -9.250196075439453e+01  4.039061355590820e+01  -2.059605865478516e+02  -2.574895381927490e+00  3.523934364318848e+00  -5.476685328176245e-05  -5.200130181037821e-05  6.328417657641694e-05
  9.499999880790710e-01  2.671184539794922e+01  -9.370357513427734e+01  3.378871536254883e+01  -2.132933349609375e+02  -1.567978501319885e+00  3.804402053356171e-01  -5.273395072435960e-05  -5.236505967332050e-05  5.934918590355664e-05
  9.549999833106995e-01  5.036552810668945e+01  -9.607894134521484e+01  2.559988212585449e+01  -2.198681488037109e+02  -3.904132246971130e-01  -2.578544139862061e+00  -4.998082295060158e-05  -5.230444730841555e-05  5.500605038832873e-05
  9.599999785423279e-01  1.065543518066406e+02  -8.568058776855469e+01  2.113552474975586e+01  -2.223953704833984e+02  3.831490993499756e+00  4.135178565979004e+00  -4.303233072278090e-05  -5.126097676111385e-05  5.221281753620133e-05
  9.649999737739563e-01  1.332962951660156e+02  -8.914933013916016e+01  1.279187297821045e+01  -2.273040466308594e+02  5.176993846893311e+00  2.125731468200684e+00  -3.887828279403038e-05  -5.038515882915817e-05  4.744321267935447e-05
  9.700000286102295e-01  1.878845214843750e+02  -8.098956298828125e+01  9.586914062500000e+00  -2.285318145751953e+02  8.840356826782227e+00  8.655291557312012e+00  -3.147830284433439e-05  -4.871535566053353e-05  4.465057281777263e-05
  9.750000238418579e-01  2.167695770263672e+02  -8.563108062744141e+01  1.619014382362366e+00  -2.317854919433594e+02  1.031365776062012e+01  7.508283138275146e+00  -2.620033410494216e-05  -4.709139102487825e-05  3.964611823903397e-05
  9.800000190734863e-01  2.470777435302734e+02  -9.085452270507812e+01  -6.796761512756348e+00  -2.341913452148438e+02  1.196675968170166e+01  6.908082962036133e+00  -2.039427818090189e-05  -4.510747021413408e-05  3.449027644819580e-05
  9.850000143051147e-01  2.977677307128906e+02  -8.608190917968750e+01  -7.750805854797363e+00  -2.336076660156250e+02  1.480532455444336e+01  1.291985225677490e+01  -1.271258952328935e-05  -4.260345667717047e-05  3.188124173902906e-05
  9.900000095367432e-01  3.291014099121094e+02  -9.219242095947266e+01  -1.486303043365479e+01  -2.344281463623047e+02  1.650506591796875e+01  1.308947753906250e+01  -6.249804300750839e-06  -4.002512287115678e-05  2.677900192793459e-05
  9.950000047683716e-01  3.733392944335938e+02  -9.099925231933594e+01  -1.554227828979492e+01  -2.330165252685547e+02  1.856474685668945e+01  1.770862007141113e+01  8.155205932780518e-07  -3.715115963132121e-05  2.437029070279095e-05
  1.000000000000000e+00  4.090268859863281e+02  -9.451928710937500e+01  -1.821294784545898e+01  -2.318650817871094e+02  2.003210830688477e+01  1.987197113037109e+01  7.312452908081468e-06  -3.412846490391530e-05  2.095964919135440e-05
  1.004999995231628e+00  4.397202148437500e+02  -1.018207855224609e+02  -2.288610076904297e+01  -2.305544738769531e+02  2.165700721740723e+01  2.072595405578613e+01  1.405092370987404e-05  -3.093505074502900e-05  1.624144351808354e-05
  1.009999990463257e+00  4.710192871093750e+02  -1.090205535888672e+02  -2.695786857604980e+01  -2.284241027832031e+02  2.338611412048340e+01  2.210162162780762e+01  2.083629624394234e-05  -2.757499714789446e-05  1.165180310636060e-05
  1.014999985694885e+00  5.010397033691406e+02  -1.140744171142578e+02  -2.697201347351074e+01  -2.256146087646484e+02  2.399832725524902e+01  2.366974830627441e+01  2.600383777462412e-05  -2.432988912914880e-05  9.806950401980430e-06
  1.019999980926514e+00  5.305004882812500e+02  -1.214136810302734e+02  -2.885577011108398e+01  -2.222348632812500e+02  2.550649452209473e+01  2.511544036865234e+01  3.235704571125098e-05  -2.081354068650398e-05  5.680268259311561e-06
  1.024999976158142e+00  5.519971313476562e+02  -1.295867767333984e+02  -2.950276374816895e+01  -2.189857788085938e+02  2.541848945617676e+01  2.476976966857910e+01  3.612471118685789e-05  -1.758659891493153e-05  4.074754542671144e-06
  1.029999971389771e+00  5.787742919921875e+02  -1.368669281005859e+02  -2.947031211853027e+01  -2.144933624267578e+02  2.667308616638184e+01  2.602098274230957e+01  4.174566493020393e-05  -1.407697254762752e-05  4.717467732007208e-07
  1.034999966621399e+00  6.050556030273438e+02  -1.437133636474609e+02  -2.873710250854492e+01  -2.092891540527344e+02  2.797528076171875e+01  2.748298263549805e+01  4.703361992142163e-05  -1.061091006704373e-05  -2.832100335581345e-06
  1.039999961853027e+00  6.153709106445312e+02  -1.547209472656250e+02  -2.948293304443359e+01  -2.053556365966797e+02  2.702559280395508e+01  2.469136428833008e+01  4.870344855589792e-05  -7.655719855392817e-06  -3.969721547036897e-06
  1.044999957084656e+00  6.379125976562500e+02  -1.610860900878906e+02  -2.713653755187988e+01  -1.992230834960938e+02  2.796772575378418e+01  2.558595657348633e+01  5.289204273140058e-05  -4.419694050739054e-06  -6.680985734419664e-06
  1.049999952316284e+00  6.409288940429688e+02  -1.735741424560547e+02  -2.882347679138184e+01  -1.949644012451172e+02  2.661467742919922e+01  2.131145477294922e+01  5.310468986863270e-05  -1.776601379788190e-06  -7.647155143786222e-06
  1.054999947547913e+00  6.592877807617188e+02  -1.792188720703125e+02  -2.531454277038574e+01  -1.880036621093750e+02  2.718392181396484e+01  2.145841217041016e+01  5.605240949080326e-05  1.104811531149608e-06  -9.765206414158456e-06
  1.059999942779541e+00  6.763500366210938e+02  -1.839810638427734e+02  -2.112648963928223e+01  -1.805164947509766e+02  2.761950874328613e+01  2.145338058471680e+01  5.842306200065650e-05  3.786073875744478e-06  -1.153254288510652e-05
  1.065000057220459e+00  6.704854125976562e+02  -1.966471099853516e+02  -2.333293342590332e+01  -1.757073974609375e+02  2.574665832519531e+01  1.548583221435547e+01  5.662192415911704e-05  5.811358278151602e-06  -1.214505664393073e-05
  1.070000052452087e+00  6.830155029296875e+02  -2.002549591064453e+02  -1.853941917419434e+01  -1.675579681396484e+02  2.575432395935059e+01  1.453181076049805e+01  5.765599780716002e-05  8.006059942999855e-06  -1.334774697170360e-05
  1.075000047683716e+00  6.729576416015625e+02  -2.121137542724609e+02  -2.144263458251953e+01  -1.623674163818359e+02  2.383533859252930e+01  8.113480567932129e+00  5.483551285578869e-05  9.592018614057451e-06  -1.389724820910487e-05
  1.080000042915344e+00  6.812080688476562e+02  -2.141828460693359e+02  -1.636423492431641e+01  -1.536310272216797e+02  2.343047904968262e+01  6.268872737884521e+00  5.458816667669453e-05  1.126352526625851e-05  -1.458196129533462e-05
  1.085000038146973e+00  6.876442871093750e+02  -2.152496643066406e+02  -1.106208038330078e+01  -1.445484466552734e+02  2.279785346984863e+01  3.981162309646606e+00  5.372883242671378e-05  1.265354239876615e-05  -1.495741707913112e-05
  1.090000033378601e+00  6.727505493164062e+02  -2.246109008789062e+02  -1.473187446594238e+01  -1.387336883544922e+02  2.084320259094238e+01  -2.737610816955566e+00  4.961706144968048e-05  1.354044707113644e-05  -1.532960777694825e-05
  1.095000028610229e+00  6.752805175781250e+02  -2.238140258789062e+02  -9.666317939758301e+00  -1.291823120117188e+02  1.984882354736328e+01  -5.814583778381348e+00  4.764346522279084e-05  1.439628340449417e-05  -1.527980384707917e-05
  1.100000023841858e+00  6.595334472656250e+02  -2.304703521728516e+02  -1.361282062530518e+01  -1.228428497314453e+02  1.815287971496582e+01  -1.187116718292236e+01  4.318833816796541e-05  1.488147245254368e-05  -1.568766310811043e-05
  1.105000019073486e+00  6.586776733398438e+02  -2.276504516601562e+02  -9.118191719055176e+00  -1.128707199096680e+02  1.688863372802734e+01  -1.552351188659668e+01  4.029358387924731e-05  1.523220635135658e-05  -1.528247230453417e-05
  1.110000014305115e+00  6.561909790039062e+02  -2.237184143066406e+02  -4.659515380859375e+00  -1.026973266601562e+02  1.539713382720947e+01  -1.960982894897461e+01  3.694832776091062e-05  1.533291288069449e-05  -1.466950652684318e-05
  1.115000009536743e+00  6.395548095703125e+02  -2.260781402587891e+02  -9.361684799194336e+00  -9.557341766357422e+01  1.406338310241699e+01  -2.457810211181641e+01  3.216081677237526e-05  1.527080712548923e-05  -1.505928594269790e-05
  1.120000004768372e+00  6.345202026367188e+02  -2.200050048828125e+02  -5.771839141845703e+00  -8.505879974365234e+01  1.244054985046387e+01  -2.890067100524902e+01  2.822064016072545e-05  1.495951619290281e-05  -1.420878925273428e-05
  1.125000000000000e+00  6.192438354492188e+02  -2.188029937744141e+02  -1.040789508819580e+01  -7.727914428710938e+01  1.146896362304688e+01  -3.255746078491211e+01  2.369173853367101e-05  1.463884655095171e-05  -1.468478603783296e-05
  1.129999995231628e+00  6.123188476562500e+02  -2.105842895507812e+02  -7.798060894012451e+00  -6.643850708007812e+01  9.832757949829102e+00  -3.683821105957031e+01  1.939692992891651e-05  1.400362907588715e-05  -1.366709147987422e-05
  1.134999990463257e+00  6.043255004882812e+02  -2.013628540039062e+02  -5.372068405151367e+00  -5.552371978759766e+01  8.077628135681152e+00  -4.131641769409180e+01  1.492498358857119e-05  1.321810577792348e-05  -1.255555253010243e-05
  1.139999985694885e+00  5.905140991210938e+02  -1.955707702636719e+02  -1.065081882476807e+01  -4.685539627075195e+01  7.604729652404785e+00  -4.317437744140625e+01  1.086078100343002e-05  1.261683064512908e-05  -1.308849459746853e-05
  1.144999980926514e+00  5.815101318359375e+02  -1.843988800048828e+02  -9.254601478576660e+00  -3.568240356445312e+01  6.003479957580566e+00  -4.722919845581055e+01  6.382433184626279e-06  1.165248067991342e-05  -1.191023420687998e-05
  1.149999976158142e+00  5.695784912109375e+02  -1.754152221679688e+02  -1.427112388610840e+01  -2.633857727050781e+01  5.753423690795898e+00  -4.783241271972656e+01  2.914886863436550e-06  1.095713560061995e-05  -1.249661727342755e-05
  1.154999971389771e+00  5.601301879882812e+02  -1.624747619628906e+02  -1.379843044281006e+01  -1.496893215179443e+01  4.374930381774902e+00  -5.124710083007812e+01  -1.362016746497829e-06  9.907616004056763e-06  -1.129253996623447e-05
  1.159999966621399e+00  5.502733154296875e+02  -1.488298797607422e+02  -1.348058128356934e+01  -3.607721567153931e+00  3.052676200866699e+00  -5.453551101684570e+01  -5.538386176340282e-06  8.844906005833764e-06  -1.008758499665419e-05
  1.164999961853027e+00  5.401389770507812e+02  -1.364078521728516e+02  -1.890580368041992e+01  6.523979663848877e+00  3.125061511993408e+00  -5.349247741699219e+01  -8.118367077258881e-06  8.128250556183048e-06  -1.069092377292691e-05
  1.169999957084656e+00  5.305096435546875e+02  -1.214178237915039e+02  -1.928516387939453e+01  1.797609901428223e+01  2.135466098785400e+00  -5.587368774414062e+01  -1.182695541501744e-05  7.121394901332678e-06  -9.514091289020143e-06
  1.174999952316284e+00  5.213321533203125e+02  -1.071039962768555e+02  -2.436650085449219e+01  2.861281204223633e+01  2.128326654434204e+00  -5.416227340698242e+01  -1.376076488668332e-05  6.438965556299081e-06  -1.006806724035414e-05
  1.179999947547913e+00  5.120493774414062e+02  -9.121517944335938e+01  -2.532282638549805e+01  4.008309173583984e+01  1.506911993026733e+00  -5.559128952026367e+01  -1.689207238086965e-05  5.564143066294491e-06  -8.936252015701029e-06
  1.184999942779541e+00  5.030452270507812e+02  -7.492658996582031e+01  -2.612854385375977e+01  5.141599273681641e+01  1.056783080101013e+00  -5.659653472900391e+01  -1.970510857063346e-05  4.792209892912069e-06  -7.841711521905381e-06
  1.190000057220459e+00  4.943524475097656e+02  -5.927095413208008e+01  -3.133299446105957e+01  6.244746780395508e+01  1.005547523498535e+00  -5.400075912475586e+01  -2.070880509563722e-05  4.264303697709693e-06  -8.295181942230556e-06
  1.195000052452087e+00  4.859091491699219e+02  -4.267239761352539e+01  -3.237887954711914e+01  7.362859344482422e+01  9.398072361946106e-01  -5.399401092529297e+01  -2.281766319356393e-05  3.717261279234663e-06  -7.255222953972407e-06
  1.200000047683716e+00  4.764643859863281e+02  -2.685270500183105e+01  -3.726323699951172e+01  8.478945922851562e+01  5.251565575599670e-01  -5.147137832641602e+01  -2.332148505956866e-05  3.293219606348430e-06  -7.538272711826721e-06
  1.205000042915344e+00  4.686580200195312e+02  -1.026531124114990e+01  -3.819329071044922e+01  9.565064239501953e+01  7.760368585586548e-01  -5.050191879272461e+01  -2.469252649461851e-05  3.004672180395573e-06  -6.544217285409104e-06
  1.210000038146973e+00  4.612199707031250e+02  6.205043315887451e+00  -3.880885314941406e+01  1.062543563842773e+02  1.275108098983765e+00  -4.900673294067383e+01  -2.566104922152590e-05  2.885876028813072e-06  -5.591677563643316e-06
  1.215000033378601e+00  4.501568298339844e+02  2.105740928649902e+01  -4.354840087890625e+01  1.171351928710938e+02  4.741974771022797e-01  -4.650810623168945e+01  -2.544357812439557e-05  2.686306288524065e-06  -5.664800482918508e-06
  1.220000028610229e+00  4.431523132324219e+02  3.694584655761719e+01  -4.371085739135742e+01  1.271818008422852e+02  1.218214631080627e+00  -4.416898345947266e+01  -2.568223317211960e-05  2.850315240721102e-06  -4.748980245494749e-06
  1.225000023841858e+00  4.296687011718750e+02  5.040136718750000e+01  -4.817673873901367e+01  1.376570434570312e+02  -6.076306849718094e-02  -4.229045867919922e+01  -2.517711254768074e-05  2.770097580651054e-06  -4.585579517879523e-06
  1.230000019073486e+00  4.225949401855469e+02  6.521902465820312e+01  -4.783396911621094e+01  1.469819641113281e+02  8.736467361450195e-01  -3.928835678100586e+01  -2.475297696946654e-05  3.208523594366852e-06  -3.708419626491377e-06
  1.235000014305115e+00  4.159277648925781e+02  7.967501068115234e+01  -4.683929824829102e+01  1.558555450439453e+02  2.000417470932007e+00  -3.577626800537109e+01  -2.393355862295721e-05  3.815189757006010e-06  -2.856037554010982e-06
  1.240000009536743e+00  3.988964233398438e+02  9.035456085205078e+01  -5.094274139404297e+01  1.651997528076172e+02  1.911278665065765e-01  -3.457367706298828e+01  -2.300545929756481e-05  3.932350864488399e-06  -2.470170784363290e-06
  1.245000004768372e+00  3.916369628906250e+02  1.033041381835938e+02  -4.926077651977539e+01  1.730813598632812e+02  1.393177866935730e+00  -3.062481307983398e+01  -2.163358658435754e-05  4.770600298797945e-06  -1.660830548644299e-06
  1.250000000000000e+00  3.712355651855469e+02  1.116571655273438e+02  -5.306549072265625e+01  1.814270935058594e+02  -7.840641736984253e-01  -3.019936943054199e+01  -2.059238795482088e-05  4.977817297913134e-06  -1.067940729626571e-06
  1.254999995231628e+00  3.631569519042969e+02  1.229917526245117e+02  -5.049879074096680e+01  1.881014709472656e+02  3.919267654418945e-01  -2.595646858215332e+01  -1.875250018201768e-05  6.000287612550892e-06  -3.153719774218189e-07
  1.259999990463257e+00  3.548490295410156e+02  1.335964355468750e+02  -4.737875366210938e+01  1.941712036132812e+02  1.691079139709473e+00  -2.139901351928711e+01  -1.663865987211466e-05  7.132050996006001e-06  4.134089977014810e-07
  1.264999985694885e+00  3.299364929199219e+02  1.383557586669922e+02  -5.061912918090820e+01  2.005364227294922e+02  -9.090636372566223e-01  -2.184928703308105e+01  -1.543715916341171e-05  7.434264261974022e-06  1.113904318117420e-06
  1.269999980926514e+00  3.201840515136719e+02  1.471248779296875e+02  -4.665221786499023e+01  2.051525726318359e+02  2.517789602279663e-01  -1.724233436584473e+01  -1.301800057262881e-05  8.658521437610034e-06  1.758175017130270e-06
  1.274999976158142e+00  2.920116271972656e+02  1.494582214355469e+02  -4.943837738037109e+01  2.100022583007812e+02  -2.435362100601196e+00  -1.826015090942383e+01  -1.179578703158768e-05  8.987727596831974e-06  2.546029008954065e-06
  1.279999971389771e+00  2.803509216308594e+02  1.562541351318359e+02  -4.479250717163086e+01  2.130390167236328e+02  -1.438310146331787e+00  -1.375494003295898e+01  -9.186004717776086e-06  1.024023003992625e-05  3.076331722695613e-06
  1.284999966621399e+00  2.679915466308594e+02  1.622886962890625e+02  -3.966687011718750e+01  2.153060760498047e+02  -4.604258537292480e-01  -9.149933815002441e+00  -6.448904059652705e-06  1.150305888586445e-05  3.573559297365136e-06
  1.289999961853027e+00  2.356983184814453e+02  1.613185119628906e+02  -4.166444015502930e+01  2.175383605957031e+02  -3.271543979644775e+00  -1.080946540832520e+01  -5.230485840002075e-06  1.178156435344135e-05  4.277247626305325e-06
  1.294999957084656e+00  2.209749755859375e+02  1.654049224853516e+02  -3.607175064086914e+01  2.180711517333984e+02  -2.534006595611572e+00  -6.502288341522217e+00  -2.464822046022164e-06  1.296361006097868e-05  4.627088856068440e-06
  1.299999952316284e+00  1.866020965576172e+02  1.626684417724609e+02  -3.731366348266602e+01  2.184822998046875e+02  -5.094321727752686e+00  -8.272313117980957e+00  -1.234139176631288e-06  1.318857266596751e-05  5.271137069939869e-06
  1.304999947547913e+00  1.694689788818359e+02  1.649787902832031e+02  -3.132956886291504e+01  2.172012023925781e+02  -4.626612186431885e+00  -4.317135334014893e+00  1.476844545322820e-06  1.422365858161356e-05  5.452653113025008e-06
  1.309999942779541e+00  1.510214385986328e+02  1.664611053466797e+02  -2.527220916748047e+01  2.151078338623047e+02  -4.266123294830322e+00  -5.070293545722961e-01  4.154174348514061e-06  1.516884549346287e-05  5.591779427049914e-06
  1.315000057220459e+00  1.141854858398438e+02  1.615508117675781e+02  -2.549521446228027e+01  2.126660919189453e+02  -6.579761028289795e+00  -2.408668994903564e+00  5.323665391188115e-06  1.519805755378911e-05  5.980422884022119e-06
  1.320000052452087e+00  9.315138244628906e+01  1.614332275390625e+02  -1.937888145446777e+01  2.087553405761719e+02  -6.510294914245605e+00  9.356698989868164e-01  7.818573067197576e-06  1.590478859725408e-05  5.939448328717845e-06
  1.325000047683716e+00  5.608123397827148e+01  1.558065185546875e+02  -1.853694534301758e+01  2.045022888183594e+02  -8.288081169128418e+00  -5.710830092430115e-01  9.038729331223294e-06  1.580778734933119e-05  6.159550594020402e-06
  1.330000042915344e+00  3.256455230712891e+01  1.542651672363281e+02  -1.257309246063232e+01  1.988504486083984e+02  -8.469269752502441e+00  2.297864913940430e+00  1.129894371842965e-05  1.623500975256320e-05  5.942126335867215e-06
  1.335000038146973e+00  -3.848058700561523e+00  1.483866729736328e+02  -1.052689743041992e+01  1.928845520019531e+02  -9.642993927001953e+00  1.371754765510559e+00  1.259346299775643e-05  1.599021197762340e-05  5.964351203147089e-06
  1.340000033378601e+00  -2.963586425781250e+01  1.456423492431641e+02  -4.880215644836426e+00  1.855903625488281e+02  -1.005095672607422e+01  3.783864259719849e+00  1.457827329431893e-05  1.610666367923841e-05  5.583164693234721e-06
  1.345000028610229e+00  -5.698610687255859e+01  1.422193298339844e+02  3.610849082469940e-01  1.775895843505859e+02  -1.064196109771729e+01  5.851701736450195e+00  1.637713467061985e-05  1.604176395630930e-05  5.177513230592012e-06
  1.350000023841858e+00  -9.231994628906250e+01  1.361858215332031e+02  3.607250452041626e+00  1.692991027832031e+02  -1.117329597473145e+01  5.553966045379639e+00  1.764794978953432e-05  1.548725595057476e-05  4.872174031333998e-06
  1.355000019073486e+00  -1.216050720214844e+02  1.318145294189453e+02  8.227041244506836e+00  1.598986968994141e+02  -1.194533443450928e+01  7.173233509063721e+00  1.912266088766046e-05  1.508753393864026e-05  4.338636244938243e-06
  1.360000014305115e+00  -1.544339141845703e+02  1.264274978637695e+02  1.274592018127441e+01  1.503737487792969e+02  -1.180342864990234e+01  7.719151973724365e+00  2.049142858595587e-05  1.436246566299815e-05  3.837020813080017e-06
  1.365000009536743e+00  -1.852080535888672e+02  1.213210449218750e+02  1.661310768127441e+01  1.398037719726562e+02  -1.270224189758301e+01  8.943262100219727e+00  2.164191209885757e-05  1.363457431580173e-05  3.210930117347743e-06
  1.370000004768372e+00  -2.173696899414062e+02  1.156506576538086e+02  1.981990051269531e+01  1.287425079345703e+02  -1.377715110778809e+01  9.785970687866211e+00  2.255218350910582e-05  1.271804467251059e-05  2.587208655313589e-06
  1.375000000000000e+00  -2.467838134765625e+02  1.111361923217773e+02  2.532745742797852e+01  1.178202590942383e+02  -1.291049098968506e+01  1.121433162689209e+01  2.392425449215807e-05  1.170341511169681e-05  1.843076688601286e-06
  1.379999995231628e+00  -2.797827148437500e+02  1.049733734130859e+02  2.759960937500000e+01  1.059655380249023e+02  -1.404464435577393e+01  1.173281574249268e+01  2.451216096233111e-05  1.049006823450327e-05  1.176024284177402e-06
  1.384999990463257e+00  -3.053279418945312e+02  1.015998992919922e+02  3.419616317749023e+01  9.452111816406250e+01  -1.259965229034424e+01  1.398751449584961e+01  2.596348713268526e-05  9.334677997685503e-06  2.973337700495904e-07
  1.389999985694885e+00  -3.387005920410156e+02  9.506470489501953e+01  3.540702819824219e+01  8.216973876953125e+01  -1.374266052246094e+01  1.423117733001709e+01  2.624133048811927e-05  7.862721759011038e-06  -3.800455488089938e-07
  1.394999980926514e+00  -3.728465576171875e+02  8.815441131591797e+01  3.591587829589844e+01  6.962972259521484e+01  -1.501070690155029e+01  1.415867424011230e+01  2.628240326885134e-05  6.242588369786972e-06  -1.031093802339456e-06
  1.399999976158142e+00  -3.932214965820312e+02  8.614984130859375e+01  4.307163238525391e+01  5.796762466430664e+01  -1.293926143646240e+01  1.721685028076172e+01  2.773127744148951e-05  4.902837645204272e-06  -2.017787437580409e-06
  1.404999971389771e+00  -4.269038085937500e+02  7.907205963134766e+01  4.246123504638672e+01  4.537684631347656e+01  -1.414465713500977e+01  1.695937156677246e+01  2.749527084233705e-05  3.097816033914569e-06  -2.642877916514408e-06
  1.409999966621399e+00  -4.427106323242188e+02  7.828713226318359e+01  5.030492401123047e+01  3.398535156250000e+01  -1.170986270904541e+01  2.055408477783203e+01  2.895718171203043e-05  1.691267584646994e-06  -3.680350801005261e-06
  1.414999961853027e+00  -4.752994079589844e+02  7.121540832519531e+01  4.862357330322266e+01  2.163929748535156e+01  -1.283327007293701e+01  2.016477584838867e+01  2.847495670721401e-05  -2.431630434784893e-07  -4.255251496942947e-06
  1.419999957084656e+00  -5.079265136718750e+02  6.390930938720703e+01  4.624604034423828e+01  9.446722030639648e+00  -1.399775505065918e+01  1.956393623352051e+01  2.778304951789323e-05  -2.253741740787518e-06  -4.804666787094902e-06
  1.424999952316284e+00  -5.175479125976562e+02  6.456916046142578e+01  5.413095474243164e+01  -9.863617420196533e-01  -1.117132759094238e+01  2.358349037170410e+01  2.919092003139667e-05  -3.687453954626108e-06  -5.823870651511243e-06
  1.429999947547913e+00  -5.481774291992188e+02  5.747996139526367e+01  5.076418304443359e+01  -1.251566505432129e+01  -1.220656776428223e+01  2.293229675292969e+01  2.829698496498168e-05  -5.736866114602890e-06  -6.310932349151699e-06
  1.434999942779541e+00  -5.531690063476562e+02  5.917862319946289e+01  5.883646774291992e+01  -2.198112297058105e+01  -9.285748481750488e+00  2.702602767944336e+01  2.961682912427932e-05  -7.142210506572155e-06  -7.308233307412593e-06
  1.440000057220459e+00  -5.813400878906250e+02  5.238401412963867e+01  5.448818206787109e+01  -3.257172775268555e+01  -1.016610240936279e+01  2.632799530029297e+01  2.854243939509615e-05  -9.170640623779036e-06  -7.727519005129579e-06
  1.445000052452087e+00  -6.085847778320312e+02  4.563066482543945e+01  4.966654968261719e+01  -4.273131942749023e+01  -1.103828525543213e+01  2.556268501281738e+01  2.731009954004548e-05  -1.119793614634546e-05  -8.137403710861690e-06
  1.450000047683716e+00  -6.071036376953125e+02  4.865385055541992e+01  5.731653594970703e+01  -5.030493545532227e+01  -8.009841918945312e+00  2.954509353637695e+01  2.848858639481477e-05  -1.246775173058268e-05  -9.025716281030327e-06
  1.455000042915344e+00  -6.310646972656250e+02  4.242510223388672e+01  5.169776535034180e+01  -5.920449066162109e+01  -8.705479621887207e+00  2.878383064270020e+01  2.711827073653694e-05  -1.439048355678096e-05  -9.373259672429413e-06
  1.460000038146973e+00  -6.254055786132812e+02  4.621899795532227e+01  5.904124832153320e+01  -6.533916473388672e+01  -5.820975303649902e+00  3.236242294311523e+01  2.810051955748349e-05  -1.554397385916673e-05  -1.018507737171603e-05
  1.465000033378601e+00  -6.456218872070312e+02  4.070093154907227e+01  5.282070159912109e+01  -7.283747100830078e+01  -6.369143486022949e+00  3.161278724670410e+01  2.661249163793400e-05  -1.731860902509652e-05  -1.046925808623200e-05
  1.470000028610229e+00  -6.641419677734375e+02  3.542201614379883e+01  4.626995468139648e+01  -7.967457580566406e+01  -6.846005916595459e+00  3.089144325256348e+01  2.501756171113811e-05  -1.902251278806943e-05  -1.076719217962818e-05
  1.475000023841858e+00  -6.523790283203125e+02  4.039121246337891e+01  5.287190628051758e+01  -8.338571166992188e+01  -4.097177028656006e+00  3.384682464599609e+01  2.575864709797315e-05  -1.991528552025557e-05  -1.140962558565661e-05
  1.480000019073486e+00  -6.665595703125000e+02  3.605216598510742e+01  4.596210098266602e+01  -8.865297698974609e+01  -4.430074214935303e+00  3.315579223632812e+01  2.408037107670680e-05  -2.141272670996841e-05  -1.165011690318352e-05
  1.485000014305115e+00  -6.514542236328125e+02  4.154009246826172e+01  5.185045623779297e+01  -9.074791717529297e+01  -1.981271743774414e+00  3.534836578369141e+01  2.453360139043070e-05  -2.213167499576230e-05  -1.217741191794630e-05
  1.490000009536743e+00  -6.611533813476562e+02  3.820134735107422e+01  4.467221450805664e+01  -9.436663055419922e+01  -2.163192033767700e+00  3.465523910522461e+01  2.278165629832074e-05  -2.339425009267870e-05  -1.235914169228636e-05
  1.495000004768372e+00  -6.684979858398438e+02  3.538240051269531e+01  3.744155883789062e+01  -9.726033782958984e+01  -2.281371355056763e+00  3.406875991821289e+01  2.097661308653187e-05  -2.454437344567850e-05  -1.256440737051889e-05
  1.500000000000000e+00  -6.482386474609375e+02  4.189694976806641e+01  4.243395614624023e+01  -9.685063171386719e+01  -1.158499494194984e-01  3.529673385620117e+01  2.110521199938376e-05  -2.494172440492548e-05  -1.287489976675715e-05
  1.504999995231628e+00  -6.508578491210938e+02  4.024336624145508e+01  3.518231201171875e+01  -9.808825683593750e+01  -9.950070083141327e-02  3.469982528686523e+01  1.925383185152896e-05  -2.582992601674050e-05  -1.301622069149744e-05
  1.509999990463257e+00  -6.283445434570312e+02  4.705437850952148e+01  3.919033813476562e+01  -9.617002105712891e+01  1.706148505210876e+00  3.501155090332031e+01  1.904196324176155e-05  -2.603912980703171e-05  -1.317834357905667e-05
  1.514999985694885e+00  -6.262213134765625e+02  4.666437911987305e+01  3.212198257446289e+01  -9.583092498779297e+01  1.818203568458557e+00  3.439259338378906e+01  1.715568942017853e-05  -2.666340515133925e-05  -1.324702952842927e-05
  1.519999980926514e+00  -6.215465698242188e+02  4.688835144042969e+01  2.512603569030762e+01  -9.476844787597656e+01  2.010753154754639e+00  3.388491821289062e+01  1.526240339444485e-05  -2.715381197049282e-05  -1.333286218141438e-05
  1.524999976158142e+00  -5.952924194335938e+02  5.450921249389648e+01  2.823036575317383e+01  -9.066333007812500e+01  3.482162237167358e+00  3.313124847412109e+01  1.468608297727769e-05  -2.705024598981254e-05  -1.323613469139673e-05
  1.529999971389771e+00  -5.860228271484375e+02  5.603065109252930e+01  2.162114524841309e+01  -8.815431976318359e+01  3.750071763992310e+00  3.257641601562500e+01  1.278446234209696e-05  -2.727898208831903e-05  -1.323274864262203e-05
  1.534999966621399e+00  -5.587120361328125e+02  6.371294403076172e+01  2.362582015991211e+01  -8.286789703369141e+01  4.872052192687988e+00  3.096820449829102e+01  1.186862937174737e-05  -2.701363519008737e-05  -1.296395112149185e-05
  1.539999961853027e+00  -5.451874389648438e+02  6.643401336669922e+01  1.745508003234863e+01  -7.902047729492188e+01  5.219887733459473e+00  3.033738517761230e+01  9.967863661586307e-06  -2.698972639336716e-05  -1.286043698200956e-05
  1.544999957084656e+00  -5.291573486328125e+02  6.983261871337891e+01  1.155278682708740e+01  -7.459364318847656e+01  5.612606048583984e+00  2.980395317077637e+01  8.109085683827288e-06  -2.683825186977629e-05  -1.275537306355545e-05
  1.549999952316284e+00  -4.997905273437500e+02  7.795811462402344e+01  1.275698661804199e+01  -6.771220397949219e+01  6.409837245941162e+00  2.726669502258301e+01  6.855329502286622e-06  -2.632414725667331e-05  -1.220068406837527e-05
  1.554999947547913e+00  -4.799967956542969e+02  8.243306732177734e+01  7.435772895812988e+00  -6.216873168945312e+01  6.859646797180176e+00  2.662980079650879e+01  5.028471605328377e-06  -2.594329453131650e-05  -1.197798428620445e-05
  1.559999942779541e+00  -4.507151184082031e+02  9.033792877197266e+01  7.575763702392578e+00  -5.455680847167969e+01  7.347427368164062e+00  2.347878265380859e+01  3.498469823171035e-06  -2.532110738684423e-05  -1.124511254602112e-05
  1.565000057220459e+00  -4.275391540527344e+02  9.578220367431641e+01  2.946719646453857e+00  -4.808700180053711e+01  7.824920654296875e+00  2.274017715454102e+01  1.726858386064123e-06  -2.473576751071960e-05  -1.089847683033440e-05
  1.570000052452087e+00  -4.023305664062500e+02  1.017462081909180e+02  -1.366744875907898e+00  -4.119133377075195e+01  8.345170974731445e+00  2.204630661010742e+01  3.868825615427340e-08  -2.403896542091388e-05  -1.053176947607426e-05
  1.575000047683716e+00  -3.726910400390625e+02  1.095549697875977e+02  -1.858875274658203e+00  -3.269378662109375e+01  8.534296989440918e+00  1.828361129760742e+01  -1.725729930512898e-06  -2.326048161194194e-05  -9.521314495941624e-06
  1.580000042915344e+00  -3.448074340820312e+02  1.162287521362305e+02  -5.404990673065186e+00  -2.512179374694824e+01  9.062697410583496e+00  1.747313690185547e+01  -3.318372364446986e-06  -2.239395143988077e-05  -9.023887287185062e-06
  1.585000038146973e+00  -3.162038879394531e+02  1.234738388061523e+02  -6.827810764312744e+00  -1.636116409301758e+01  8.985860824584961e+00  1.344028472900391e+01  -5.239334313955624e-06  -2.156812661269214e-05  -7.861279300414026e-06
  1.590000033378601e+00  -2.862105407714844e+02  1.306126251220703e+02  -9.624315261840820e+00  -8.269721984863281e+00  9.520175933837891e+00  1.251830291748047e+01  -6.712313734169584e-06  -2.055516051768791e-05  -7.238721991598140e-06
  1.595000028610229e+00  -2.547228546142578e+02  1.380943756103516e+02  -1.200288486480713e+01  5.287201702594757e-02  1.007310962677002e+01  1.160771560668945e+01  -8.054237696342170e-06  -1.946098018379416e-05  -6.587178631889401e-06
  1.600000023841858e+00  -2.272440643310547e+02  1.445840606689453e+02  -1.388787460327148e+01  9.022731781005859e+00  9.717382431030273e+00  7.375957489013672e+00  -1.004093064693734e-05  -1.857157803897280e-05  -5.207429239817429e-06
  1.605000019073486e+00  -1.944117279052734e+02  1.522126770019531e+02  -1.548767280578613e+01  1.763418388366699e+01  1.025729560852051e+01  6.366480827331543e+00  -1.121677905757679e-05  -1.736925696604885e-05  -4.443033049028600e-06
  1.610000014305115e+00  -1.686352844238281e+02  1.577748718261719e+02  -1.812916755676270e+01  2.646731758117676e+01  9.670928955078125e+00  2.225024461746216e+00  -1.320517367275897e-05  -1.648334000492468e-05  -2.973312348331092e-06
  1.615000009536743e+00  -1.349126586914062e+02  1.653436584472656e+02  -1.893599319458008e+01  3.521751403808594e+01  1.018011856079102e+01  1.152920603752136e+00  -1.418023111909861e-05  -1.520060959592229e-05  -2.114322569468641e-06
  1.620000004768372e+00  -1.003712005615234e+02  1.730026245117188e+02  -1.930569458007812e+01  4.405538558959961e+01  1.070829868316650e+01  7.287368178367615e-02  -1.498866004112642e-05  -1.386552412441233e-05  -1.232959448316251e-06
  1.625000000000000e+00  -7.684651184082031e+01  1.771420135498047e+02  -2.229701614379883e+01  5.256429672241211e+01  9.858052253723145e+00  -3.860807180404663e+00  -1.684668131929357e-05  -1.298928691539913e-05  3.408265740745264e-07
  1.629999995231628e+00  -4.213120651245117e+01  1.844327392578125e+02  -2.189124488830566e+01  6.136822509765625e+01  1.034439945220947e+01  -4.962069034576416e+00  -1.741176311043091e-05  -1.161062573373783e-05  1.286080873796891e-06
  1.634999990463257e+00  -2.070507431030273e+01  1.873113708496094e+02  -2.549284362792969e+01  6.946189117431641e+01  9.301528930664062e+00  -8.518144607543945e+00  -1.912023253680672e-05  -1.076908756658668e-05  2.858377229131293e-06
  1.639999985694885e+00  1.374831104278564e+01  1.940403900146484e+02  -2.436433792114258e+01  7.813961791992188e+01  9.740686416625977e+00  -9.598655700683594e+00  -1.941847403941210e-05  -9.367240636493079e-06  3.837470558210043e-06
  1.644999980926514e+00  4.845072937011719e+01  2.006682434082031e+02  -2.275098800659180e+01  8.679175567626953e+01  1.019672584533691e+01  -1.066522121429443e+01  -1.952183083631098e-05  -7.947031008370686e-06  4.820872163691092e-06
  1.649999976158142e+00  6.686999511718750e+01  2.015804443359375e+02  -2.667974281311035e+01  9.421627807617188e+01  8.915377616882324e+00  -1.371086502075195e+01  -2.093133480229881e-05  -7.162601377785904e-06  6.350601324811578e-06
  1.654999971389771e+00  1.007249984741211e+02  2.074249114990234e+02  -2.438681983947754e+01  1.026296081542969e+02  9.317304611206055e+00  -1.469532012939453e+01  -2.074230906146113e-05  -5.752869583375286e-06  7.325594197027385e-06
  1.659999966621399e+00  1.168826370239258e+02  2.068604888916016e+02  -2.881493377685547e+01  1.094856414794922e+02  7.890886306762695e+00  -1.721152496337891e+01  -2.189406404795591e-05  -5.015574970457237e-06  8.752949725021608e-06
  1.664999961853027e+00  1.495595855712891e+02  2.117924346923828e+02  -2.590720367431641e+01  1.176021270751953e+02  8.238119125366211e+00  -1.807036209106445e+01  -2.140241122106090e-05  -3.637953795987414e-06  9.687389137980063e-06
  1.669999957084656e+00  1.634836578369141e+02  2.097252655029297e+02  -3.076314735412598e+01  1.238638153076172e+02  6.697740554809570e+00  -2.004907608032227e+01  -2.226975811936427e-05  -2.945648475360940e-06  1.097673975891666e-05
  1.674999952316284e+00  1.947040100097656e+02  2.136722717285156e+02  -2.729877853393555e+01  1.316372985839844e+02  6.986448764801025e+00  -2.074507522583008e+01  -2.147520717699081e-05  -1.616763029232970e-06  1.183766562462552e-05
  1.679999947547913e+00  2.254948425292969e+02  2.173561401367188e+02  -2.335001373291016e+01  1.393000640869141e+02  7.294810295104980e+00  -2.136301040649414e+01  -2.048755413852632e-05  -3.112569402219378e-07  1.266746221517678e-05
  1.684999942779541e+00  2.359257507324219e+02  2.129940795898438e+02  -2.857304382324219e+01  1.446864776611328e+02  5.600739955902100e+00  -2.271423530578613e+01  -2.095685886160936e-05  2.947678865439229e-07  1.371655525872484e-05
  1.690000057220459e+00  2.648487243652344e+02  2.156218872070312e+02  -2.414980888366699e+01  1.519515838623047e+02  5.850056648254395e+00  -2.312256622314453e+01  -1.968528886209242e-05  1.523117475699109e-06  1.443326073058415e-05
  1.695000052452087e+00  2.730756835937500e+02  2.097921905517578e+02  -2.970962905883789e+01  1.567111511230469e+02  4.111492156982422e+00  -2.400206184387207e+01  -1.986638562812004e-05  2.085598453049897e-06  1.527121276012622e-05
  1.700000047683716e+00  2.998845825195312e+02  2.113208618164062e+02  -2.491436767578125e+01  1.635535125732422e+02  4.312739849090576e+00  -2.418908119201660e+01  -1.833503119996749e-05  3.219401605747407e-06  1.585115387570113e-05
  1.705000042915344e+00  3.259278564453125e+02  2.125910339355469e+02  -1.963409423828125e+01  1.702389526367188e+02  4.519969940185547e+00  -2.425076675415039e+01  -1.664466617512517e-05  4.305272341298405e-06  1.637919922359288e-05
  1.710000038146973e+00  3.305239562988281e+02  2.045766143798828e+02  -2.561407661437988e+01  1.740755767822266e+02  2.715480327606201e+00  -2.462409591674805e+01  -1.648629950068425e-05  4.768247436004458e-06  1.688367956376169e-05
  1.715000033378601e+00  3.541330261230469e+02  2.047556457519531e+02  -2.007163619995117e+01  1.802935485839844e+02  2.875906229019165e+00  -2.445319938659668e+01  -1.459036138840020e-05  5.736264029110316e-06  1.724860339891165e-05
  1.720000028610229e+00  3.566473388671875e+02  1.955002288818359e+02  -2.627116775512695e+01  1.835005187988281e+02  1.109943747520447e+00  -2.451672744750977e+01  -1.420887565473095e-05  6.158017640700564e-06  1.750830779201351e-05
  1.725000023841858e+00  3.777105712890625e+02  1.946567993164062e+02  -2.051329040527344e+01  1.892138671875000e+02  1.218825817108154e+00  -2.412170982360840e+01  -1.215020893141627e-05  6.997358468652237e-06  1.769586197042372e-05
  1.730000019073486e+00  3.976641540527344e+02  1.935286254882812e+02  -1.436898422241211e+01  1.947297821044922e+02  1.327263236045837e+00  -2.358886337280273e+01  -9.994819265557453e-06  7.767178431095090e-06  1.782347862899769e-05
  1.735000014305115e+00  3.965900268554688e+02  1.824558563232422e+02  -2.097285270690918e+01  1.969792938232422e+02  -3.971589207649231e-01  -2.336763381958008e+01  -9.414652595296502e-06  8.079380677372683e-06  1.771611823642161e-05
  1.740000009536743e+00  4.137657165527344e+02  1.803552246093750e+02  -1.473323822021484e+01  2.019345092773438e+02  -3.418048918247223e-01  -2.264039993286133e+01  -7.176015515142353e-06  8.704424544703215e-06  1.765769047779031e-05
  1.745000004768372e+00  4.108226318359375e+02  1.684144134521484e+02  -2.137577629089355e+01  2.035479431152344e+02  -1.942587494850159e+00  -2.229216194152832e+01  -6.479540388681926e-06  8.976153367257211e-06  1.731357224343810e-05
  1.750000000000000e+00  4.250783386230469e+02  1.653525085449219e+02  -1.516009044647217e+01  2.079153442382812e+02  -1.920151472091675e+00  -2.141455268859863e+01  -4.214643922750838e-06  9.449263416172471e-06  1.707042611087672e-05
  1.754999995231628e+00  4.380223693847656e+02  1.620412139892578e+02  -8.626183509826660e+00  2.120138854980469e+02  -1.936144113540649e+00  -2.041372299194336e+01  -1.929666495925630e-06  9.841834980761632e-06  1.676787360338494e-05
  1.759999990463257e+00  4.317117919921875e+02  1.487970581054688e+02  -1.555537986755371e+01  2.126239471435547e+02  -3.380765199661255e+00  -2.001047325134277e+01  -1.210925688610587e-06  9.999203939514700e-06  1.608153979759663e-05
  1.764999985694885e+00  4.415892028808594e+02  1.445653839111328e+02  -9.175758361816406e+00  2.160695800781250e+02  -3.430151700973511e+00  -1.892358589172363e+01  1.011571612252737e-06  1.023483582685003e-05  1.560181772219948e-05
  1.769999980926514e+00  4.337150878906250e+02  1.308833007812500e+02  -1.590256595611572e+01  2.160331420898438e+02  -4.672372341156006e+00  -1.852612876892090e+01  1.734745865178411e-06  1.035272634908324e-05  1.472257918067044e-05
  1.774999976158142e+00  4.405465698242188e+02  1.258115997314453e+02  -9.699463844299316e+00  2.187757110595703e+02  -4.760413169860840e+00  -1.739612197875977e+01  3.841701982310042e-06  1.043295560521074e-05  1.407473700965056e-05
  1.779999971389771e+00  4.458368835449219e+02  1.204064712524414e+02  -3.374631881713867e+00  2.211916046142578e+02  -4.898670673370361e+00  -1.620516014099121e+01  5.885786777071189e-06  1.043147767632036e-05  1.337983030680334e-05
  1.784999966621399e+00  4.350135803222656e+02  1.059551315307617e+02  -1.016576099395752e+01  2.201121368408203e+02  -5.879340648651123e+00  -1.590886211395264e+01  6.470651896961499e-06  1.044077998813009e-05  1.222869741468458e-05
  1.789999961853027e+00  4.372226867675781e+02  9.971643829345703e+01  -4.145386219024658e+00  2.217642822265625e+02  -6.053407669067383e+00  -1.475357818603516e+01  8.319514563481789e-06  1.029137456498574e-05  1.138549305323977e-05
  1.794999957084656e+00  4.252377319335938e+02  8.522557067871094e+01  -1.045201206207275e+01  2.200441741943359e+02  -6.773986816406250e+00  -1.450386619567871e+01  8.821741175779607e-06  1.026552126859315e-05  1.010767391562695e-05
  1.799999952316284e+00  4.243827514648438e+02  7.813996887207031e+01  -4.829288005828857e+00  2.209178619384766e+02  -6.958515167236328e+00  -1.343613147735596e+01  1.043212523654802e-05  9.978120942832902e-06  9.135663276538253e-06
  1.804999947547913e+00  4.219449462890625e+02  7.067036437988281e+01  7.777414917945862e-01  2.213926239013672e+02  -7.225591182708740e+00  -1.237627792358398e+01  1.190984039567411e-05  9.619101547286846e-06  8.131117283483036e-06
  1.809999942779541e+00  4.076411743164062e+02  5.587150192260742e+01  -5.297832489013672e+00  2.186393127441406e+02  -7.607479095458984e+00  -1.226653289794922e+01  1.216731106978841e-05  9.504165063844994e-06  6.680442311335355e-06
  1.815000057220459e+00  4.022537536621094e+02  4.754081344604492e+01  -1.964402198791504e-01  2.183017883300781e+02  -7.877112388610840e+00  -1.136315155029297e+01  1.335053457296453e-05  9.027170563058462e-06  5.574296665145084e-06
  1.820000052452087e+00  3.872795715332031e+02  3.301440811157227e+01  -5.510680198669434e+00  2.149577178955078e+02  -7.974834442138672e+00  -1.124839401245117e+01  1.348062323813792e-05  8.885638635547366e-06  4.074853222846286e-06
  1.825000047683716e+00  3.791458740234375e+02  2.386934852600098e+01  -9.053925275802612e-01  2.137945098876953e+02  -8.248155593872070e+00  -1.052468299865723e+01  1.434845034964383e-05  8.305868504976388e-06  2.888370318032685e-06
  1.830000042915344e+00  3.694447937011719e+02  1.421666145324707e+01  3.464547157287598e+00  2.122114868164062e+02  -8.595273017883301e+00  -9.886412620544434e+00  1.503270686953329e-05  7.675276719965041e-06  1.689475766397663e-06
  1.835000038146973e+00  3.529859924316406e+02  -2.551492154598236e-01  -1.304988861083984e+00  2.079308929443359e+02  -8.325249671936035e+00  -9.836251258850098e+00  1.488174075348070e-05  7.475268375856103e-06  1.302117595969321e-07
  1.840000033378601e+00  3.408229980468750e+02  -1.072323513031006e+01  2.490657329559326e+00  2.055327758789062e+02  -8.662267684936523e+00  -9.418766975402832e+00  1.522647926321952e-05  6.769414540030994e-06  -1.116672478929104e-06
  1.845000028610229e+00  3.242391357421875e+02  -2.470979309082031e+01  -1.304729104042053e+00  2.007701873779297e+02  -8.125950813293457e+00  -9.253434181213379e+00  1.494475509389304e-05  6.553140337928198e-06  -2.645454287630855e-06
  1.850000023841858e+00  3.098567504882812e+02  -3.597014999389648e+01  1.888927221298218e+00  1.975963592529297e+02  -8.435439109802246e+00  -9.063065528869629e+00  1.494768730481155e-05  5.793187483504880e-06  -3.914792159775971e-06
  1.855000019073486e+00  2.941551818847656e+02  -4.776737213134766e+01  4.720330715179443e+00  1.940007934570312e+02  -8.816171646118164e+00  -9.005597114562988e+00  1.474675718782237e-05  5.005012553738197e-06  -5.176287231734022e-06
  1.860000014305115e+00  2.770690002441406e+02  -6.139751052856445e+01  1.730689048767090e+00  1.884931335449219e+02  -7.942614078521729e+00  -8.759174346923828e+00  1.421045180904912e-05  4.763655852002557e-06  -6.650137947872281e-06
  1.865000009536743e+00  2.596028442382812e+02  -7.391071319580078e+01  3.935544967651367e+00  1.841795806884766e+02  -8.284976005554199e+00  -8.930224418640137e+00  1.367514141747961e-05  3.950974587496603e-06  -7.900043783592992e-06
  1.870000004768372e+00  2.429398956298828e+02  -8.690634918212891e+01  2.013956546783447e+00  1.783466186523438e+02  -7.206050872802734e+00  -8.453342437744141e+00  1.303378121519927e-05  3.701104787978693e-06  -9.269862857763655e-06
  1.875000000000000e+00  2.240950469970703e+02  -1.000254669189453e+02  3.639785289764404e+00  1.733653869628906e+02  -7.513249874114990e+00  -8.828946113586426e+00  1.218438865180360e-05  2.879166913771769e-06  -1.048245121637592e-05
  1.879999995231628e+00  2.042785644531250e+02  -1.136432189941406e+02  4.784865379333496e+00  1.680188293457031e+02  -7.865518093109131e+00  -9.356241226196289e+00  1.113486177928280e-05  2.055234517683857e-06  -1.166562105936464e-05
  1.884999990463257e+00  1.881364288330078e+02  -1.259705657958984e+02  3.814803123474121e+00  1.616992340087891e+02  -6.536983489990234e+00  -8.646246910095215e+00  1.030488238029648e-05  1.806885848054662e-06  -1.287537725147558e-05
  1.889999985694885e+00  1.675106964111328e+02  -1.400109252929688e+02  4.402910709381104e+00  1.557824554443359e+02  -6.847535610198975e+00  -9.343227386474609e+00  8.975071978056803e-06  9.979872857002192e-07  -1.398716722178506e-05
  1.894999980926514e+00  1.522620086669922e+02  -1.515739135742188e+02  4.441945552825928e+00  1.493146057128906e+02  -5.401329040527344e+00  -8.334286689758301e+00  8.076188350969460e-06  7.429525794577785e-07  -1.503306975791929e-05
  1.899999976158142e+00  1.312048797607422e+02  -1.658686828613281e+02  4.513922691345215e+00  1.429076690673828e+02  -5.677432537078857e+00  -9.163991928100586e+00  6.493080945801921e-06  -3.448969110309008e-08  -1.605253964953590e-05
  1.904999971389771e+00  1.096763305664062e+02  -1.804845123291016e+02  4.086380481719971e+00  1.362112731933594e+02  -5.975703239440918e+00  -1.012408733367920e+01  4.742958935821662e-06  -7.992736072992557e-07  -1.701988185232040e-05
  1.909999966621399e+00  9.586289215087891e+01  -1.910002441406250e+02  5.072601318359375e+00  1.295317230224609e+02  -4.403344154357910e+00  -8.783061981201172e+00  3.733093990376801e-06  -1.038506184158905e-06  -1.782256185833830e-05
  1.914999961853027e+00  7.450345611572266e+01  -2.055656890869141e+02  4.199310302734375e+00  1.224611740112305e+02  -4.673156738281250e+00  -9.816508293151855e+00  1.779444573912770e-06  -1.755874791342649e-06  -1.866987622634042e-05
  1.919999957084656e+00  6.190599060058594e+01  -2.151623992919922e+02  5.998808860778809e+00  1.157931518554688e+02  -3.076825857162476e+00  -8.186644554138184e+00  7.317776180570945e-07  -2.005176838792977e-06  -1.926936420204584e-05
  1.924999952316284e+00  4.110071563720703e+01  -2.294523773193359e+02  4.746390819549561e+00  1.084238357543945e+02  -3.328553438186646e+00  -9.247097969055176e+00  -1.386244889545196e-06  -2.672091568456381e-06  -1.997742219828069e-05
  1.929999947547913e+00  2.030994033813477e+01  -2.437695617675781e+02  3.027228355407715e+00  1.008645935058594e+02  -3.589500665664673e+00  -1.039382076263428e+01  -3.628409785960685e-06  -3.312160970381228e-06  -2.061982559098396e-05
  1.934999942779541e+00  9.806114196777344e+00  -2.518621063232422e+02  5.632870674133301e+00  9.422376251220703e+01  -1.992980718612671e+00  -8.422396659851074e+00  -4.719155640486861e-06  -3.542337708495324e-06  -2.092615250148810e-05
  1.940000057220459e+00  -9.907285690307617e+00  -2.655220947265625e+02  3.628988742828369e+00  8.648115539550781e+01  -2.248251914978027e+00  -9.529439926147461e+00  -7.068703780532815e-06  -4.125181476410944e-06  -2.141130607924424e-05
  1.945000052452087e+00  -1.907860755920410e+01  -2.725113220214844e+02  6.760039329528809e+00  7.996802520751953e+01  -6.999792456626892e-01  -7.361855983734131e+00  -8.178099051292520e-06  -4.369626822153805e-06  -2.150077307305764e-05
  1.950000047683716e+00  -3.745152664184570e+01  -2.852516174316406e+02  4.534193038940430e+00  7.211212158203125e+01  -9.729620814323425e-01  -8.393912315368652e+00  -1.060385693563148e-05  -4.889073807134992e-06  -2.182526804972440e-05
  1.955000042915344e+00  -5.536478424072266e+01  -2.976739807128906e+02  1.926880955696106e+00  6.416030120849609e+01  -1.240329384803772e+00  -9.451753616333008e+00  -1.309390245296527e-05  -5.382390099839540e-06  -2.207177203672472e-05
  1.960000038146973e+00  -6.213881683349609e+01  -3.026716613769531e+02  5.638723373413086e+00  5.784233093261719e+01  2.129424512386322e-01  -7.024529933929443e+00  -1.419540967617650e-05  -5.607949333352735e-06  -2.185776611440815e-05
  1.965000033378601e+00  -7.835156250000000e+01  -3.137810058593750e+02  2.910369157791138e+00  4.987316894531250e+01  -8.701870590448380e-02  -7.952094078063965e+00  -1.670494384597987e-05  -6.037062121322379e-06  -2.193958971474785e-05
  1.970000028610229e+00  -8.387541198730469e+01  -3.174797058105469e+02  6.848915576934814e+00  4.374196624755859e+01  1.279970288276672e+00  -5.475500106811523e+00  -1.781339778972324e-05  -6.276320618781028e-06  -2.152136585209519e-05
  1.975000023841858e+00  -9.823748016357422e+01  -3.270587768554688e+02  4.049103736877441e+00  3.580516433715820e+01  9.435421824455261e-01  -6.245556354522705e+00  -2.030612267844845e-05  -6.645792382187210e-06  -2.143595702364109e-05
  1.980000019073486e+00  -1.118582229614258e+02  -3.359625549316406e+02  9.777073264122009e-01  2.785323715209961e+01  6.068833470344543e-01  -6.991798877716064e+00  -2.280853550473694e-05  -6.985652817093069e-06  -2.127844709320925e-05
  1.985000014305115e+00  -1.150454864501953e+02  -3.372411804199219e+02  5.255931377410889e+00  2.200148391723633e+01  1.833435535430908e+00  -4.400283336639404e+00  -2.386792766628787e-05  -7.201802873169072e-06  -2.058430982287973e-05
  1.990000009536743e+00  -1.266679229736328e+02  -3.442927551269531e+02  2.200726985931396e+00  1.414907646179199e+01  1.452582955360413e+00  -4.954435825347900e+00  -2.630054586916231e-05  -7.483273293473758e-06  -2.026767106144689e-05
  1.995000004768372e+00  -1.288450927734375e+02  -3.441182861328125e+02  6.452201366424561e+00  8.491086006164551e+00  2.589043378829956e+00  -2.476943731307983e+00  -2.735160887823440e-05  -7.704315976297949e-06  -1.940441507031210e-05
  2.000000000000000e+00  -1.384624633789062e+02  -3.491453552246094e+02  3.455814599990845e+00  7.680112123489380e-01  2.153024911880493e+00  -2.836906909942627e+00  -2.968782064272091e-05  -7.924258170532994e-06  -1.894294109661132e-05
