TITLE = "Temporal Signal for receiver number 00019"
VARIABLES = "Time","s_xx","s_yy","s_zz","s_xy","s_yz","s_xz","v1","v2","v3"
# x1       6.000000000000e+03
# x2       8.000000000000e+03
# x3       -1.000000000000e-01
  0.000000000000000e+00  -1.046122488332912e-04  -3.212040974176489e-05  -2.386921187280677e-05  0.000000000000000e+00  0.000000000000000e+00  -7.459799526259303e-04  2.577091436251067e-05  0.000000000000000e+00  5.406411364674568e-04
  4.999999888241291e-03  -3.492001037597656e+02  -3.618856506347656e+02  -7.399462280273438e+02  2.050284957885742e+01  -5.736492919921875e+01  2.659265441894531e+02  3.658683635876514e-05  -3.776685844059102e-06  4.440009070094675e-04
  9.999999776482582e-03  -6.404807128906250e+02  -6.307687988281250e+02  -1.216044433593750e+03  5.327017593383789e+01  -1.150768890380859e+02  4.917212524414062e+02  5.829483779962175e-05  -1.029971554089570e-05  3.634174645412713e-04
  1.499999966472387e-02  -3.481215515136719e+02  -2.364891662597656e+02  -2.827789306640625e+02  1.060878601074219e+02  -1.400851898193359e+02  8.073184814453125e+02  9.451431105844676e-05  -1.492548381065717e-05  3.396217944100499e-04
  1.999999955296516e-02  -2.580009155273438e+02  -1.374811553955078e+02  1.806690979003906e+01  1.525003356933594e+02  -1.471495971679688e+02  9.130828247070312e+02  1.108315191231668e-04  -1.939147841767408e-05  3.384521696716547e-04
  2.500000037252903e-02  2.248875885009766e+02  3.690924377441406e+02  1.158471557617188e+03  2.122130889892578e+02  -8.909155273437500e+01  9.711832275390625e+02  1.123265974456444e-04  -1.815256473491900e-05  3.742601838894188e-04
  2.999999932944775e-02  4.261863098144531e+02  5.493541259765625e+02  1.601482543945312e+03  2.504848175048828e+02  -4.054972076416016e+01  9.697023925781250e+02  1.147108123404905e-04  -1.504794090578798e-05  3.893453977070749e-04
  3.500000014901161e-02  6.618518066406250e+02  7.607797241210938e+02  2.094927001953125e+03  2.834312133789062e+02  2.376106262207031e+01  9.394494628906250e+02  1.139824817073531e-04  -8.778888513916172e-06  4.056919715367258e-04
  3.999999910593033e-02  7.456444091796875e+02  7.983054809570312e+02  2.245071289062500e+03  3.125591735839844e+02  1.115075073242188e+02  7.686883544921875e+02  8.132748916978016e-05  -3.387936658327817e-06  3.694629995152354e-04
  4.500000178813934e-02  9.063370971679688e+02  9.294416503906250e+02  2.543083007812500e+03  3.293942565917969e+02  1.790322723388672e+02  6.759688110351562e+02  7.245727465488017e-05  5.120193236507475e-06  3.660353831946850e-04
  5.000000074505806e-02  7.129965209960938e+02  6.760095214843750e+02  2.074907470703125e+03  3.331485290527344e+02  2.176207580566406e+02  4.549170532226562e+02  3.466770067461766e-05  5.153407983016223e-06  2.768890699371696e-04
  5.499999970197678e-02  7.815192871093750e+02  7.226926879882812e+02  2.166419921875000e+03  3.354409790039062e+02  2.624894104003906e+02  3.417146911621094e+02  2.306596798007376e-05  1.186087956739357e-05  2.548172487877309e-04
  5.999999865889549e-02  8.177700805664062e+02  7.429536132812500e+02  2.190027587890625e+03  3.328182983398438e+02  2.983732910156250e+02  2.259644775390625e+02  1.010929645417491e-05  1.768792390066665e-05  2.280168264405802e-04
  6.499999761581421e-02  5.009977416992188e+02  3.884587097167969e+02  1.460408081054688e+03  3.126778259277344e+02  2.591928710937500e+02  4.859803390502930e+01  -1.810700086934958e-05  9.936630704032723e-06  1.237067190231755e-04
  7.000000029802322e-02  4.606031188964844e+02  3.462004394531250e+02  1.333246704101562e+03  3.014565124511719e+02  2.641460266113281e+02  -4.629364776611328e+01  -2.943316758319270e-05  1.186893587146187e-05  9.062368917511776e-05
  7.500000298023224e-02  2.172935180664062e+02  9.376290130615234e+01  7.799978027343750e+02  2.746294250488281e+02  1.946358642578125e+02  -1.477609100341797e+02  -4.448432810022496e-05  2.433626377751352e-06  1.396937477693427e-05
  7.999999821186066e-02  1.373139190673828e+02  2.509569168090820e+01  5.887711791992188e+02  2.593656921386719e+02  1.780981292724609e+02  -2.089411010742188e+02  -5.263629645924084e-05  1.215220549966034e-06  -1.552912362967618e-05
  8.500000089406967e-02  3.760858535766602e+01  -5.900207138061523e+01  3.649135742187500e+02  2.430142974853516e+02  1.535222778320312e+02  -2.581982116699219e+02  -6.023014793754555e-05  -1.524137360320310e-06  -4.447725223144516e-05
  9.000000357627869e-02  -8.869483184814453e+01  -1.615766906738281e+02  1.049773559570312e+02  2.164400329589844e+02  8.065599822998047e+01  -2.691048583984375e+02  -6.101392500568181e-05  -9.955660971172620e-06  -7.723918679403141e-05
  9.499999880790710e-02  -1.844742279052734e+02  -2.331583862304688e+02  -9.007962799072266e+01  2.006034851074219e+02  4.995546340942383e+01  -2.856908569335938e+02  -6.475889676949009e-05  -1.422783043381060e-05  -9.679434879217297e-05
  1.000000014901161e-01  -2.182719421386719e+02  -2.261057128906250e+02  -1.216468734741211e+02  1.780014038085938e+02  -3.843912184238434e-01  -2.583427734375000e+02  -5.898054587305523e-05  -1.894651722977869e-05  -1.006423917715438e-04
  1.049999967217445e-01  -2.933643493652344e+02  -2.723670043945312e+02  -2.589187011718750e+02  1.642784729003906e+02  -2.890272903442383e+01  -2.524049377441406e+02  -5.980366404401138e-05  -2.358203164476436e-05  -1.114054903155193e-04
  1.099999994039536e-01  -3.624696350097656e+02  -3.115199279785156e+02  -3.800317382812500e+02  1.513687896728516e+02  -5.812247467041016e+01  -2.390263519287109e+02  -5.961375427432358e-05  -2.857753861462697e-05  -1.203347055707127e-04
  1.150000020861626e-01  -3.274799194335938e+02  -2.275600128173828e+02  -2.414431304931641e+02  1.347620697021484e+02  -7.649285888671875e+01  -1.959171142578125e+02  -5.070877523394302e-05  -2.892058546422049e-05  -1.043420706992038e-04
  1.199999973177910e-01  -3.668458862304688e+02  -2.370900726318359e+02  -2.967110290527344e+02  1.243951187133789e+02  -9.829015350341797e+01  -1.750474243164062e+02  -4.922466541756876e-05  -3.307812585262582e-05  -1.071873412001878e-04
  1.250000000000000e-01  -3.225797424316406e+02  -1.455698242187500e+02  -1.362510070800781e+02  1.112753829956055e+02  -9.701466369628906e+01  -1.431666717529297e+02  -4.163870835327543e-05  -3.069975355174392e-05  -8.954708755481988e-05
  1.299999952316284e-01  -3.376470031738281e+02  -1.337694549560547e+02  -1.427977600097656e+02  1.028826446533203e+02  -1.116118850708008e+02  -1.233234252929688e+02  -4.008281030110084e-05  -3.376694803591818e-05  -8.902798435883597e-05
  1.350000053644180e-01  -3.418440856933594e+02  -1.127441711425781e+02  -1.280234069824219e+02  9.515050506591797e+01  -1.244543914794922e+02  -1.044423294067383e+02  -3.841661964543164e-05  -3.641642251750454e-05  -8.746342064114287e-05
  1.400000005960464e-01  -3.034385681152344e+02  -3.769067764282227e+01  6.910477161407471e+00  8.529033660888672e+01  -1.070608215332031e+02  -9.324316406250000e+01  -3.399386696401052e-05  -3.184510933351703e-05  -7.435018778778613e-05
  1.449999958276749e-01  -2.938435668945312e+02  -8.947001457214355e+00  4.548573303222656e+01  7.849877166748047e+01  -1.140937576293945e+02  -8.186086273193359e+01  -3.322108022985049e-05  -3.333445420139469e-05  -7.213695062091574e-05
  1.500000059604645e-01  -2.805652160644531e+02  3.038626098632812e+01  1.125022583007812e+02  7.024793243408203e+01  -9.203207397460938e+01  -8.310974884033203e+01  -3.088700032094494e-05  -2.835296618286520e-05  -6.673232564935461e-05
  1.550000011920929e-01  -2.664417419433594e+02  5.648040390014648e+01  1.566306915283203e+02  6.365787124633789e+01  -9.488035583496094e+01  -7.925821685791016e+01  -3.093270061071962e-05  -2.881147702282760e-05  -6.530051177833229e-05
  1.599999964237213e-01  -2.490090332031250e+02  8.285959625244141e+01  2.074890899658203e+02  5.701226425170898e+01  -9.618063354492188e+01  -7.908882141113281e+01  -3.117197047686204e-05  -2.872724144253880e-05  -6.388113979483023e-05
  1.650000065565109e-01  -2.635418090820312e+02  7.890110778808594e+01  2.000317077636719e+02  4.958842849731445e+01  -7.157717132568359e+01  -8.709654998779297e+01  -2.986802428495139e-05  -2.338187732675578e-05  -6.601044879062101e-05
  1.700000017881393e-01  -2.519763336181641e+02  9.214022827148438e+01  2.382667846679688e+02  4.233466720581055e+01  -7.017816925048828e+01  -9.173120880126953e+01  -3.027999446203467e-05  -2.232995939266402e-05  -6.610306445509195e-05
  1.749999970197678e-01  -2.811528015136719e+02  6.389180374145508e+01  1.899234008789062e+02  3.536792373657227e+01  -4.727840042114258e+01  -9.624605560302734e+01  -2.817230233631562e-05  -1.715143480396364e-05  -7.113205356290564e-05
  1.800000071525574e-01  -2.779982299804688e+02  6.238671112060547e+01  2.124062652587891e+02  2.718656730651855e+01  -4.403005599975586e+01  -1.025093002319336e+02  -2.811273407132830e-05  -1.515906023996649e-05  -7.222105341497809e-05
  1.850000023841858e-01  -2.782261352539062e+02  5.520707321166992e+01  2.297445220947266e+02  1.858793640136719e+01  -3.946797943115234e+01  -1.101808776855469e+02  -2.782802948786411e-05  -1.268169671675423e-05  -7.326174090849236e-05
  1.899999976158142e-01  -3.162382507324219e+02  8.013097763061523e+00  1.579449920654297e+02  1.103588867187500e+01  -1.973755264282227e+01  -1.060411987304688e+02  -2.349102032894734e-05  -7.240761533466866e-06  -7.804357301210985e-05
  1.949999928474426e-01  -3.248494567871094e+02  -1.162430667877197e+01  1.614746398925781e+02  1.410053968429565e+00  -1.400678253173828e+01  -1.117396469116211e+02  -2.212575054727495e-05  -4.004907168564387e-06  -7.877836469560862e-05
  2.000000029802322e-01  -3.571970214843750e+02  -5.749687194824219e+01  9.872882080078125e+01  -6.338551521301270e+00  1.092637777328491e+00  -1.011530456542969e+02  -1.613827225810383e-05  1.181587435894471e-06  -8.049280586419627e-05
  2.049999982118607e-01  -3.713120422363281e+02  -8.489394378662109e+01  9.483903503417969e+01  -1.681538581848145e+01  7.429832935333252e+00  -1.038055496215820e+02  -1.361574413749622e-05  4.900358817394590e-06  -8.001611422514543e-05
  2.099999934434891e-01  -3.878566894531250e+02  -1.152616195678711e+02  8.742755889892578e+01  -2.746331405639648e+01  1.477777576446533e+01  -1.056480789184570e+02  -1.067935409082565e-05  8.789322237134911e-06  -7.876917516114190e-05
  2.150000035762787e-01  -4.123887329101562e+02  -1.555444335937500e+02  4.285253906250000e+01  -3.577039337158203e+01  2.362782478332520e+01  -8.939741516113281e+01  -3.030685320482007e-06  1.339483515039319e-05  -7.611662294948474e-05
  2.199999988079071e-01  -4.305875549316406e+02  -1.874481811523438e+02  3.517755508422852e+01  -4.671493530273438e+01  3.060807991027832e+01  -8.804364776611328e+01  8.051209761106293e-07  1.719741885608528e-05  -7.321795419557020e-05
  2.249999940395355e-01  -4.473559570312500e+02  -2.196677703857422e+02  7.763042926788330e+00  -5.485624694824219e+01  3.392809677124023e+01  -7.256400299072266e+01  8.567725672037341e-06  2.076184864563402e-05  -6.788790778955445e-05
  2.300000041723251e-01  -4.659372558593750e+02  -2.504498291015625e+02  1.788681268692017e+00  -6.560412597656250e+01  3.980032348632812e+01  -6.908491516113281e+01  1.293498917220859e-05  2.408962609479204e-05  -6.371026393026114e-05
  2.349999994039536e-01  -4.843078308105469e+02  -2.802018127441406e+02  -4.026226997375488e+00  -7.600978088378906e+01  4.553004074096680e+01  -6.481108093261719e+01  1.748176691762637e-05  2.718131872825325e-05  -5.906897786189802e-05
  2.399999946355820e-01  -4.965047912597656e+02  -3.047189941406250e+02  -1.892480087280273e+01  -8.334815216064453e+01  4.247063827514648e+01  -5.257450866699219e+01  2.468536149535794e-05  2.901498919527512e-05  -5.227295332588255e-05
  2.450000047683716e-01  -5.146000976562500e+02  -3.313819580078125e+02  -2.365027236938477e+01  -9.285260772705078e+01  4.593820953369141e+01  -4.776037597656250e+01  2.925965236499906e-05  3.127065065200441e-05  -4.744538819068111e-05
  2.500000000000000e-01  -5.245332031250000e+02  -3.509902648925781e+02  -3.323152923583984e+01  -9.914144897460938e+01  3.946871566772461e+01  -4.085317230224609e+01  3.536929943948053e-05  3.188045229762793e-05  -4.075686592841521e-05
  2.549999952316284e-01  -5.423780517578125e+02  -3.741784973144531e+02  -3.868395614624023e+01  -1.073518905639648e+02  4.036093139648438e+01  -3.650804519653320e+01  3.967685552197509e-05  3.327357262605801e-05  -3.648105848697014e-05
  2.599999904632568e-01  -5.600370483398438e+02  -3.957652893066406e+02  -4.578477096557617e+01  -1.147458267211914e+02  3.997962188720703e+01  -3.228950119018555e+01  4.388694287627004e-05  3.430960714467801e-05  -3.263475082349032e-05
  2.649999856948853e-01  -5.675183105468750e+02  -4.080985717773438e+02  -5.198138809204102e+01  -1.189090881347656e+02  3.049429321289062e+01  -3.148624610900879e+01  4.846412775805220e-05  3.360589107614942e-05  -2.711957858991809e-05
  2.700000107288361e-01  -5.846135864257812e+02  -4.258258361816406e+02  -6.185471343994141e+01  -1.245531463623047e+02  2.744106101989746e+01  -2.865152931213379e+01  5.212872929405421e-05  3.395448584342375e-05  -2.444241908960976e-05
  2.750000059604645e-01  -5.877853393554688e+02  -4.313325195312500e+02  -6.299575805664062e+01  -1.271840744018555e+02  1.824267959594727e+01  -3.195349884033203e+01  5.555426105274819e-05  3.287522849859670e-05  -1.952657112269662e-05
  2.800000011920929e-01  -6.031630249023438e+02  -4.443994140625000e+02  -7.518899536132812e+01  -1.308622741699219e+02  1.301618194580078e+01  -3.068093872070312e+01  5.857023279531859e-05  3.277063296991400e-05  -1.793973387975711e-05
  2.849999964237213e-01  -6.180750122070312e+02  -4.558924255371094e+02  -9.035111999511719e+01  -1.335358886718750e+02  6.597181320190430e+00  -2.998758888244629e+01  6.129299435997382e-05  3.246844062232412e-05  -1.690403041720856e-05
  2.899999916553497e-01  -6.123895263671875e+02  -4.494899902343750e+02  -8.296212005615234e+01  -1.336470947265625e+02  -1.342043519020081e+00  -3.672165298461914e+01  6.327700975816697e-05  3.137017483823001e-05  -1.250936838914640e-05
  2.949999868869781e-01  -6.233964233398438e+02  -4.550616455078125e+02  -9.831335449218750e+01  -1.342622070312500e+02  -8.887471199035645e+00  -3.751802062988281e+01  6.523054616991431e-05  3.092190308962017e-05  -1.200634324050043e-05
  3.000000119209290e-01  -6.100671386718750e+02  -4.404982604980469e+02  -8.361787414550781e+01  -1.330279846191406e+02  -1.416524219512939e+01  -4.496097564697266e+01  6.631931319134310e-05  3.017801464011427e-05  -7.466733677574666e-06
  3.050000071525574e-01  -6.156454467773438e+02  -4.394557495117188e+02  -9.716303253173828e+01  -1.316509857177734e+02  -2.199864196777344e+01  -4.692061614990234e+01  6.746908911736682e-05  2.973146729345899e-05  -7.002646725595696e-06
  3.100000023841858e-01  -6.191093139648438e+02  -4.359750976562500e+02  -1.111285095214844e+02  -1.293019866943359e+02  -2.995599937438965e+01  -4.932103347778320e+01  6.821446731919423e-05  2.920211045420729e-05  -6.508621027023764e-06
  3.149999976158142e-01  -5.948981323242188e+02  -4.108511352539062e+02  -8.804674530029297e+01  -1.260319747924805e+02  -3.189632987976074e+01  -5.640745162963867e+01  6.808021134929731e-05  2.899457467719913e-05  -1.471558903176629e-06
  3.199999928474426e-01  -5.915137939453125e+02  -4.004890441894531e+02  -9.766651153564453e+01  -1.218681793212891e+02  -3.892832946777344e+01  -5.937308120727539e+01  6.798954564146698e-05  2.850706187018659e-05  -4.453039252894087e-07
  3.249999880790710e-01  -5.628623046875000e+02  -3.723810119628906e+02  -7.396002197265625e+01  -1.177844543457031e+02  -3.828115463256836e+01  -6.450481414794922e+01  6.712182948831469e-05  2.858934567484539e-05  4.688674380304292e-06
  3.300000131130219e-01  -5.528031005859375e+02  -3.559519348144531e+02  -7.912752532958984e+01  -1.119436721801758e+02  -4.385758590698242e+01  -6.753717803955078e+01  6.621310603804886e-05  2.806313386827242e-05  6.331994427455356e-06
  3.350000083446503e-01  -5.221083374023438e+02  -3.275761413574219e+02  -5.845525360107422e+01  -1.072064666748047e+02  -4.129261779785156e+01  -7.017337036132812e+01  6.464623584179208e-05  2.822758870024700e-05  1.133300520450575e-05
  3.400000035762787e-01  -5.061014404296875e+02  -3.062576599121094e+02  -5.980031204223633e+01  -9.980052185058594e+01  -4.507748413085938e+01  -7.278874206542969e+01  6.294557533692569e-05  2.752094769675750e-05  1.346456701867282e-05
  3.449999988079071e-01  -4.871825866699219e+02  -2.825527954101562e+02  -5.880453491210938e+01  -9.164883422851562e+01  -4.771817398071289e+01  -7.503800964355469e+01  6.082082836655900e-05  2.660385325725656e-05  1.583319135534111e-05
  3.499999940395355e-01  -4.541718139648438e+02  -2.543983154296875e+02  -4.282074737548828e+01  -8.552056884765625e+01  -4.320637893676758e+01  -7.465934753417969e+01  5.822765160701238e-05  2.647022120072506e-05  2.049738759524189e-05
  3.549999892711639e-01  -4.307429504394531e+02  -2.275191802978516e+02  -3.930488204956055e+01  -7.586811828613281e+01  -4.386093521118164e+01  -7.586152648925781e+01  5.535453965421766e-05  2.514209518267307e-05  2.292722456331830e-05
  3.600000143051147e-01  -3.987951965332031e+02  -2.019658050537109e+02  -2.955866432189941e+01  -6.896074676513672e+01  -3.901093292236328e+01  -7.320816802978516e+01  5.207031790632755e-05  2.451426007610280e-05  2.696414776437450e-05
  3.650000095367432e-01  -3.719778137207031e+02  -1.729576263427734e+02  -2.468037796020508e+01  -5.776375579833984e+01  -3.786470794677734e+01  -7.316768646240234e+01  4.848072785534896e-05  2.263126043544617e-05  2.909198883571662e-05
  3.700000047683716e-01  -3.435799560546875e+02  -1.429311370849609e+02  -1.879005622863770e+01  -4.584803771972656e+01  -3.569710540771484e+01  -7.232095336914062e+01  4.452124994713813e-05  2.043361200776417e-05  3.105674841208383e-05
  3.750000000000000e-01  -3.113805847167969e+02  -1.187316360473633e+02  -1.424833202362061e+01  -3.695966339111328e+01  -3.066812896728516e+01  -6.765290832519531e+01  4.019772313768044e-05  1.880779927887488e-05  3.395638123038225e-05
  3.799999952316284e-01  -2.811309204101562e+02  -8.783786010742188e+01  -8.568853378295898e+00  -2.341658973693848e+01  -2.727178192138672e+01  -6.553911590576172e+01  3.559051037882455e-05  1.596889160282444e-05  3.517948061926290e-05
  3.849999904632568e-01  -2.487691955566406e+02  -6.388475036621094e+01  -6.245079040527344e+00  -1.303496265411377e+01  -2.308599472045898e+01  -6.030409240722656e+01  3.054271655855700e-05  1.355921540380223e-05  3.726371505763382e-05
  3.899999856948853e-01  -2.173074645996094e+02  -3.251364135742188e+01  -1.117055177688599e+00  2.175208568572998e+00  -1.892988395690918e+01  -5.717142486572266e+01  2.535021121730097e-05  1.010305186355254e-05  3.761994958040304e-05
  3.950000107288361e-01  -1.858705139160156e+02  -1.486557364463806e+00  3.280253410339355e+00  1.801722145080566e+01  -1.445243644714355e+01  -5.341351699829102e+01  1.991685167013202e-05  6.413992650777800e-06  3.759070386877283e-05
  4.000000059604645e-01  -1.518111114501953e+02  2.408726692199707e+01  5.709372520446777e+00  3.115025901794434e+01  -1.129460334777832e+01  -4.835359954833984e+01  1.396374409523560e-05  2.976275027322117e-06  3.838237171294168e-05
  4.050000011920929e-01  -1.202476425170898e+02  5.484269332885742e+01  9.221149444580078e+00  4.847329711914062e+01  -6.757009506225586e+00  -4.413611221313477e+01  8.131924914778210e-06  -1.135668526330846e-06  3.754576391656883e-05
  4.099999964237213e-01  -8.500212097167969e+01  8.220103454589844e+01  1.324268627166748e+01  6.345149612426758e+01  -4.771322727203369e+00  -4.000769805908203e+01  1.727719563859864e-06  -5.116283318784554e-06  3.759286482818425e-05
  4.149999916553497e-01  -5.395907211303711e+01  1.122127380371094e+02  1.611632156372070e+01  8.195715332031250e+01  -4.604701101779938e-01  -3.571383666992188e+01  -4.320274001656799e-06  -9.454471182834823e-06  3.615316018112935e-05
  4.199999868869781e-01  -2.404895973205566e+01  1.409141998291016e+02  1.795742225646973e+01  1.006682052612305e+02  3.620770931243896e+00  -3.134617042541504e+01  -1.037474430631846e-05  -1.376297041133512e-05  3.452406963333488e-05
  4.250000119209290e-01  1.149084377288818e+01  1.694836578369141e+02  2.417448425292969e+01  1.178664398193359e+02  4.356929302215576e+00  -2.866658592224121e+01  -1.695517676125746e-05  -1.809841887734365e-05  3.374012158019468e-05
  4.300000071525574e-01  3.969817352294922e+01  1.963542022705078e+02  2.576228904724121e+01  1.370143737792969e+02  7.964648246765137e+00  -2.469554710388184e+01  -2.287830284330994e-05  -2.228141784144100e-05  3.193538577761501e-05
  4.350000023841858e-01  7.378309631347656e+01  2.245356597900391e+02  3.272734069824219e+01  1.552077789306641e+02  7.771739482879639e+00  -2.312710380554199e+01  -2.919977305282373e-05  -2.658789526321925e-05  3.071090031880885e-05
  4.399999976158142e-01  9.927562713623047e+01  2.485617218017578e+02  3.410043334960938e+01  1.741613159179688e+02  1.088978004455566e+01  -1.968700790405273e+01  -3.473287506494671e-05  -3.042014031962026e-05  2.903630229411647e-05
  4.449999928474426e-01  1.230139694213867e+02  2.706214599609375e+02  3.543870162963867e+01  1.925444335937500e+02  1.375379657745361e+01  -1.649058723449707e+01  -3.997845851699822e-05  -3.393726001377217e-05  2.752158980001695e-05
  4.499999880790710e-01  1.519136657714844e+02  2.947679443359375e+02  4.169355010986328e+01  2.107593078613281e+02  1.257870960235596e+01  -1.606332397460938e+01  -4.536161213763990e-05  -3.774686410906725e-05  2.624663648020942e-05
  4.550000131130219e-01  1.717457580566406e+02  3.126989135742188e+02  4.315867614746094e+01  2.279195404052734e+02  1.504595756530762e+01  -1.341116523742676e+01  -4.986790008842945e-05  -4.063513915752992e-05  2.521915303077549e-05
  4.600000083446503e-01  1.950393066406250e+02  3.323157653808594e+02  4.730273818969727e+01  2.453876190185547e+02  1.316144180297852e+01  -1.350193691253662e+01  -5.427877476904541e-05  -4.390153117128648e-05  2.397138814558275e-05
  4.650000035762787e-01  2.102263488769531e+02  3.453031005859375e+02  4.878184890747070e+01  2.606504516601562e+02  1.528136157989502e+01  -1.125675868988037e+01  -5.786469773738645e-05  -4.603511115419678e-05  2.355114156671334e-05
  4.699999988079071e-01  2.234409637451172e+02  3.560242309570312e+02  5.121932220458984e+01  2.746325683593750e+02  1.726875495910645e+01  -9.235814094543457e+00  -6.095879871281795e-05  -4.769708539242856e-05  2.345272514503449e-05
  4.749999940395355e-01  2.369333801269531e+02  3.667829589843750e+02  5.154422378540039e+01  2.894644165039062e+02  1.451239871978760e+01  -9.714606285095215e+00  -6.370012852130458e-05  -4.991167224943638e-05  2.272970777994487e-05
  4.799999892711639e-01  2.451221313476562e+02  3.721096496582031e+02  5.407847595214844e+01  3.007843627929688e+02  1.614797019958496e+01  -7.924520015716553e+00  -6.573362043127418e-05  -5.072620479040779e-05  2.322534965060186e-05
  4.850000143051147e-01  2.514711456298828e+02  3.766169128417969e+02  5.133806610107422e+01  3.132820129394531e+02  1.280352687835693e+01  -8.556966781616211e+00  -6.728215521434322e-05  -5.211928873904981e-05  2.280716580571607e-05
  4.900000095367432e-01  2.547211303710938e+02  3.766318359375000e+02  5.386323165893555e+01  3.215942077636719e+02  1.401506519317627e+01  -6.931097984313965e+00  -6.825679156463593e-05  -5.207700814935379e-05  2.377493001404218e-05
  4.950000047683716e-01  2.563381958007812e+02  3.747558898925781e+02  5.754662704467773e+01  3.282792968750000e+02  1.503640747070312e+01  -5.409480094909668e+00  -6.872115773148835e-05  -5.156623228685930e-05  2.489403414074332e-05
  5.000000000000000e-01  2.533281860351562e+02  3.706356811523438e+02  5.111111450195312e+01  3.364195251464844e+02  1.098879623413086e+01  -6.193548679351807e+00  -6.866721378173679e-05  -5.170928125153296e-05  2.491722625563852e-05
  5.049999952316284e-01  2.507835845947266e+02  3.643211669921875e+02  5.465783691406250e+01  3.398764648437500e+02  1.145899295806885e+01  -4.808295249938965e+00  -6.818385736551136e-05  -5.039961251895875e-05  2.618603866721969e-05
  5.099999904632568e-01  2.428461761474609e+02  3.560137939453125e+02  4.665031051635742e+01  3.449244689941406e+02  7.306915283203125e+00  -5.720012664794922e+00  -6.721922545693815e-05  -4.964577965438366e-05  2.635550481500104e-05
  5.149999856948853e-01  2.370234375000000e+02  3.462552795410156e+02  5.012232208251953e+01  3.451484375000000e+02  7.209631919860840e+00  -4.507549285888672e+00  -6.592235877178609e-05  -4.760102456202731e-05  2.753622538875788e-05
  5.199999809265137e-01  2.302599639892578e+02  3.354869384765625e+02  5.410193634033203e+01  3.438402099609375e+02  6.793697357177734e+00  -3.422173500061035e+00  -6.425852188840508e-05  -4.520695074461401e-05  2.856508217519149e-05
  5.249999761581421e-01  2.175974578857422e+02  3.231449890136719e+02  4.492643737792969e+01  3.441232604980469e+02  2.719965934753418e+00  -4.517283916473389e+00  -6.227730045793578e-05  -4.328260183683597e-05  2.859361302398611e-05
  5.299999713897705e-01  2.089345855712891e+02  3.105301208496094e+02  4.869161224365234e+01  3.398064270019531e+02  1.794315576553345e+00  -3.687151193618774e+00  -6.003702219459228e-05  -4.030822310596704e-05  2.922488965850789e-05
  5.350000262260437e-01  1.949774932861328e+02  2.975229797363281e+02  3.987048721313477e+01  3.370123291015625e+02  -1.510365843772888e+00  -4.772731781005859e+00  -5.759140549344011e-05  -3.762902633752674e-05  2.902664346038364e-05
  5.400000214576721e-01  1.854692230224609e+02  2.842333068847656e+02  4.362778472900391e+01  3.299075012207031e+02  -2.787740230560303e+00  -4.236370086669922e+00  -5.493939534062520e-05  -3.419745553401299e-05  2.912977834057529e-05
  5.450000166893005e-01  1.757769317626953e+02  2.709366455078125e+02  4.719390487670898e+01  3.216137695312500e+02  -4.285573959350586e+00  -3.859452009201050e+00  -5.211702955421060e-05  -3.060283415834419e-05  2.891107033065055e-05
  5.500000119209290e-01  1.618190002441406e+02  2.585605163574219e+02  3.937076950073242e+01  3.145540161132812e+02  -6.452838897705078e+00  -4.910569667816162e+00  -4.927350892103277e-05  -2.716094058996532e-05  2.809121360769495e-05
  5.550000071525574e-01  1.524838867187500e+02  2.459633026123047e+02  4.308205795288086e+01  3.039115905761719e+02  -8.011013984680176e+00  -4.816141605377197e+00  -4.626431109500118e-05  -2.333983502467163e-05  2.728499748627655e-05
  5.600000023841858e-01  1.393270874023438e+02  2.347974700927734e+02  3.598491287231445e+01  2.942461547851562e+02  -8.851169586181641e+00  -5.522902011871338e+00  -4.330302908783779e-05  -1.955252992047463e-05  2.601656888145953e-05
  5.649999976158142e-01  1.309558715820312e+02  2.235597839355469e+02  4.008451843261719e+01  2.815862426757812e+02  -1.029042243957520e+01  -5.656791210174561e+00  -4.023275323561393e-05  -1.567237632116303e-05  2.466266050760169e-05
  5.699999928474426e-01  1.230179443359375e+02  2.130674743652344e+02  4.390078353881836e+01  2.681637268066406e+02  -1.168276119232178e+01  -5.884201049804688e+00  -3.715949787874706e-05  -1.184368647955125e-05  2.305344060005154e-05
  5.749999880790710e-01  1.116119995117188e+02  2.040011901855469e+02  3.784196853637695e+01  2.552496643066406e+02  -1.103940677642822e+01  -6.186230659484863e+00  -3.421840665396303e-05  -7.999598892638460e-06  2.108646549459081e-05
  5.799999833106995e-01  1.051534576416016e+02  1.954114532470703e+02  4.233069610595703e+01  2.403441162109375e+02  -1.211330032348633e+01  -6.517979145050049e+00  -3.123744318145327e-05  -4.364791948319180e-06  1.907254045363516e-05
  5.849999785423279e-01  9.428884124755859e+01  1.869557647705078e+02  3.574344253540039e+01  2.256072540283203e+02  -1.040972042083740e+01  -6.271983623504639e+00  -2.837777356035076e-05  -7.084592539285950e-07  1.666462412686087e-05
  5.899999737739563e-01  8.936919403076172e+01  1.802997436523438e+02  4.097804641723633e+01  2.095859527587891e+02  -1.114377498626709e+01  -6.621939182281494e+00  -2.555970604589675e-05  2.580593218226568e-06  1.433444231224712e-05
  5.950000286102295e-01  8.506523895263672e+01  1.745765838623047e+02  4.611975479125977e+01  1.932622680664062e+02  -1.171842193603516e+01  -6.940609931945801e+00  -2.284492438775487e-05  5.642636097036302e-06  1.193749722006032e-05
  6.000000238418579e-01  7.500616455078125e+01  1.668915557861328e+02  3.911106491088867e+01  1.766773834228516e+02  -9.148880004882812e+00  -6.152455329895020e+00  -2.022689659497701e-05  8.691643415659200e-06  8.965737833932508e-06
  6.050000190734863e-01  7.201184082031250e+01  1.628141937255859e+02  4.487714767456055e+01  1.598064575195312e+02  -9.460051536560059e+00  -6.372012138366699e+00  -1.775066812115256e-05  1.124513437389396e-05  6.392557224899065e-06
  6.100000143051147e-01  6.143178176879883e+01  1.544120635986328e+02  3.629673385620117e+01  1.424361572265625e+02  -6.529646873474121e+00  -5.149021148681641e+00  -1.530585359432735e-05  1.377042917738436e-05  3.086503738813917e-06
  6.150000095367432e-01  5.938301849365234e+01  1.515686340332031e+02  4.233746719360352e+01  1.254082717895508e+02  -6.691872596740723e+00  -5.215888977050781e+00  -1.309468370891409e-05  1.576105569256470e-05  3.848027176900359e-07
  6.200000047683716e-01  5.765773391723633e+01  1.492967224121094e+02  4.810043716430664e+01  1.084937438964844e+02  -6.797414302825928e+00  -5.173505306243896e+00  -1.102521946449997e-05  1.746107409417164e-05  -2.261103418277344e-06
  6.250000000000000e-01  4.669089889526367e+01  1.402641906738281e+02  3.838449859619141e+01  9.088747406005859e+01  -3.749573707580566e+00  -3.585458517074585e+00  -8.901406545192003e-06  1.916185465233866e-05  -5.987610165902879e-06
  6.299999952316284e-01  4.528418350219727e+01  1.385240783691406e+02  4.373544311523438e+01  7.433160400390625e+01  -3.852264642715454e+00  -3.340599775314331e+00  -7.106980774551630e-06  2.031012263614684e-05  -8.716184311197139e-06
  6.349999904632568e-01  3.378503417968750e+01  1.286897583007812e+02  3.336239242553711e+01  5.704215240478516e+01  -8.464007377624512e-01  -1.617072701454163e+00  -5.176886133995140e-06  2.152890920115169e-05  -1.261898796656169e-05
  6.399999856948853e-01  3.229297256469727e+01  1.270375061035156e+02  3.782536697387695e+01  4.115321350097656e+01  -9.697474241256714e-01  -1.156629443168640e+00  -3.647060793809942e-06  2.219134876213502e-05  -1.541486562928185e-05
  6.449999809265137e-01  3.051295852661133e+01  1.252265777587891e+02  4.124958038330078e+01  2.571067237854004e+01  -1.143010258674622e+00  -5.606331825256348e-01  -2.248087412226596e-06  2.263200440211222e-05  -1.812948721635621e-05
  6.499999761581421e-01  1.891779708862305e+01  1.150015029907227e+02  3.116158294677734e+01  9.629857063293457e+00  1.830138802528381e+00  1.228836178779602e+00  -6.288813096944068e-07  2.330234019609634e-05  -2.222619696112815e-05
  6.549999713897705e-01  1.648804664611816e+01  1.125967254638672e+02  3.298778533935547e+01  -4.787870407104492e+00  1.687060356140137e+00  2.054661035537720e+00  5.362446700019063e-07  2.341130129934754e-05  -2.497508467058651e-05
  6.600000262260437e-01  5.553495407104492e+00  1.027115097045898e+02  2.469226264953613e+01  -1.969302749633789e+01  4.609776973724365e+00  3.669455289840698e+00  1.969192453543656e-06  2.387256063229870e-05  -2.899153150792699e-05
  6.650000214576721e-01  2.294031858444214e+00  9.942151641845703e+01  2.474770736694336e+01  -3.290953063964844e+01  4.607144832611084e+00  4.729429721832275e+00  2.923019110312453e-06  2.377263808739372e-05  -3.171696516801603e-05
  6.700000166893005e-01  -7.366913795471191e+00  9.040650939941406e+01  1.929323959350586e+01  -4.641210937500000e+01  7.437286853790283e+00  6.036664009094238e+00  4.163640824117465e-06  2.412556568742730e-05  -3.553018905222416e-05
  6.750000119209290e-01  -1.159174537658691e+01  8.595790100097656e+01  1.754359626770020e+01  -5.831327819824219e+01  7.695242881774902e+00  7.321815013885498e+00  4.928592716169078e-06  2.393528848187998e-05  -3.814531737589277e-05
  6.800000071525574e-01  -1.676059913635254e+01  8.041183471679688e+01  1.403474140167236e+01  -6.956433868408203e+01  8.079195022583008e+00  8.763255119323730e+00  5.614584097202169e-06  2.372818744333927e-05  -4.065118992002681e-05
  6.850000023841858e-01  -2.483733558654785e+01  7.219381713867188e+01  1.208037471771240e+01  -8.081310272216797e+01  1.094396781921387e+01  9.703013420104980e+00  6.556887001352152e-06  2.407293322903570e-05  -4.404386345413513e-05
  6.899999976158142e-01  -3.110505104064941e+01  6.505284881591797e+01  6.943506717681885e+00  -9.069119262695312e+01  1.174843025207520e+01  1.135114955902100e+01  7.084541721269488e-06  2.392835631326307e-05  -4.630430339602754e-05
  6.949999928474426e-01  -3.742100143432617e+01  5.772158432006836e+01  8.611723899841309e+00  -1.003616561889648e+02  1.423988628387451e+01  1.175172138214111e+01  7.802340405760333e-06  2.430200947856065e-05  -4.919869752484374e-05
  6.999999880790710e-01  -4.478657150268555e+01  4.873565292358398e+01  2.144635200500488e+00  -1.088923263549805e+02  1.547645759582520e+01  1.356331157684326e+01  8.181121302186511e-06  2.428771404083818e-05  -5.109907215228304e-05
  7.049999833106995e-01  -5.318394088745117e+01  3.828088760375977e+01  -5.693160057067871e+00  -1.167921295166016e+02  1.699513053894043e+01  1.552384471893311e+01  8.510108273185324e-06  2.436014074191917e-05  -5.281568883219734e-05
  7.099999785423279e-01  -5.809620285034180e+01  3.064419937133789e+01  -5.205779075622559e-01  -1.242853851318359e+02  1.897257804870605e+01  1.527595710754395e+01  8.888820957508869e-06  2.484202741470654e-05  -5.485281872097403e-05
  7.149999737739563e-01  -6.758776855468750e+01  1.797550582885742e+01  -9.070642471313477e+00  -1.309343566894531e+02  2.085247230529785e+01  1.730752182006836e+01  9.082644282898400e-06  2.510352169338148e-05  -5.606950071523897e-05
  7.200000286102295e-01  -7.153786468505859e+01  9.711376190185547e+00  -1.562838077545166e+00  -1.370877227783203e+02  2.189378738403320e+01  1.639297294616699e+01  9.193810001306701e-06  2.559096174081787e-05  -5.743016663473099e-05
  7.250000238418579e-01  -8.218956756591797e+01  -5.455881595611572e+00  -1.051461505889893e+01  -1.425784606933594e+02  2.395960426330566e+01  1.839791679382324e+01  9.260142178391106e-06  2.604501423775218e-05  -5.807411071145907e-05
  7.300000190734863e-01  -9.371572113037109e+01  -2.219628524780273e+01  -1.999925041198730e+01  -1.475443572998047e+02  2.624613952636719e+01  2.046769523620605e+01  9.291024070989806e-06  2.661020153027494e-05  -5.846709973411635e-05
  7.350000143051147e-01  -9.764458465576172e+01  -3.313690567016602e+01  -1.077174949645996e+01  -1.520148315429688e+02  2.595084762573242e+01  1.872637939453125e+01  9.048907486430835e-06  2.715017762966454e-05  -5.878302908968180e-05
  7.400000095367432e-01  -1.103453292846680e+02  -5.262377166748047e+01  -2.012734222412109e+01  -1.559851837158203e+02  2.811054611206055e+01  2.059926033020020e+01  8.970223461801652e-06  2.788626989058685e-05  -5.855867493664846e-05
  7.450000047683716e-01  -1.146172180175781e+02  -6.602919006347656e+01  -1.054964447021484e+01  -1.595461120605469e+02  2.657384300231934e+01  1.828208923339844e+01  8.488291314279195e-06  2.838756336132064e-05  -5.820816295454279e-05
  7.500000000000000e-01  -1.285429840087891e+02  -8.839069366455078e+01  -1.966782951354980e+01  -1.626416473388672e+02  2.836896133422852e+01  1.983940315246582e+01  8.320096640090924e-06  2.926734487118665e-05  -5.738501567975618e-05
  7.549999952316284e-01  -1.431625671386719e+02  -1.121666030883789e+02  -2.860356140136719e+01  -1.653312377929688e+02  3.013369750976562e+01  2.130198860168457e+01  8.137159056786913e-06  3.021662814717274e-05  -5.631776730297133e-05
  7.599999904632568e-01  -1.487913970947266e+02  -1.299702911376953e+02  -1.921098899841309e+01  -1.678103790283203e+02  2.696129226684570e+01  1.825018501281738e+01  7.426789579767501e-06  3.073325569857843e-05  -5.504795626620762e-05
  7.649999856948853e-01  -1.645758209228516e+02  -1.564438323974609e+02  -2.769095611572266e+01  -1.697848510742188e+02  2.806103324890137e+01  1.922515487670898e+01  7.200183517852565e-06  3.176993413944729e-05  -5.346561010810547e-05
  7.699999809265137e-01  -1.712822570800781e+02  -1.773150939941406e+02  -1.908157920837402e+01  -1.717635192871094e+02  2.400959396362305e+01  1.595576953887939e+01  6.406652573787142e-06  3.227921479265206e-05  -5.169320866116323e-05
  7.749999761581421e-01  -1.881670074462891e+02  -2.061892700195312e+02  -2.710852050781250e+01  -1.731222534179688e+02  2.433893394470215e+01  1.637060356140137e+01  6.185955044202274e-06  3.337056841701269e-05  -4.968674329575151e-05
  7.799999713897705e-01  -2.054315948486328e+02  -2.358958282470703e+02  -3.461228942871094e+01  -1.741832580566406e+02  2.441070938110352e+01  1.653487014770508e+01  5.977700766379712e-06  3.445769107202068e-05  -4.753177927341312e-05
  7.850000262260437e-01  -2.137306976318359e+02  -2.605632019042969e+02  -2.690163993835449e+01  -1.755586090087891e+02  1.932282257080078e+01  1.294181346893311e+01  5.245340162218781e-06  3.501955507090315e-05  -4.517378692980856e-05
  7.900000214576721e-01  -2.317156066894531e+02  -2.917531127929688e+02  -3.388454055786133e+01  -1.761260223388672e+02  1.857183647155762e+01  1.247340679168701e+01  5.111229256726801e-06  3.609672421589494e-05  -4.275174433132634e-05
  7.950000166893005e-01  -2.408276214599609e+02  -3.182177429199219e+02  -2.694340705871582e+01  -1.772608947753906e+02  1.345435714721680e+01  9.164767265319824e+00  4.543207523965975e-06  3.671221929835156e-05  -4.013112993561663e-05
  8.000000119209290e-01  -2.591211547851562e+02  -3.500009155273438e+02  -3.334052276611328e+01  -1.773935546875000e+02  1.197804832458496e+01  8.084187507629395e+00  4.535088464763248e-06  3.774064316530712e-05  -3.755047509912401e-05
  8.050000071525574e-01  -2.772666320800781e+02  -3.815214538574219e+02  -3.909592819213867e+01  -1.773070831298828e+02  1.020859718322754e+01  6.684235095977783e+00  4.569663815345848e-06  3.868412750307471e-05  -3.494829798000865e-05
  8.100000023841858e-01  -2.868493347167969e+02  -4.086517639160156e+02  -3.274280166625977e+01  -1.780815124511719e+02  5.148568630218506e+00  3.626676321029663e+00  4.399889803607948e-06  3.936023858841509e-05  -3.212524461559951e-05
  8.149999976158142e-01  -3.044797973632812e+02  -4.391118774414062e+02  -3.777201461791992e+01  -1.776222991943359e+02  2.861194372177124e+00  1.682132720947266e+00  4.614716544892872e-06  4.018044273834676e-05  -2.950635280285496e-05
  8.199999928474426e-01  -3.139154357910156e+02  -4.654201660156250e+02  -3.186970329284668e+01  -1.782210235595703e+02  -1.452468514442444e+00  -6.694727540016174e-01  4.825400537811220e-06  4.089393405593000e-05  -2.665998363227118e-05
  8.249999880790710e-01  -3.303758850097656e+02  -4.935688781738281e+02  -3.606208038330078e+01  -1.774135589599609e+02  -4.052204608917236e+00  -3.054450988769531e+00  5.248361958365422e-06  4.154356065555476e-05  -2.409777516731992e-05
  8.299999833106995e-01  -3.458478393554688e+02  -5.199544067382812e+02  -3.948480606079102e+01  -1.764134674072266e+02  -6.798208713531494e+00  -5.720779418945312e+00  5.719427008443745e-06  4.202941636322066e-05  -2.160274380003102e-05
  8.349999785423279e-01  -3.538266601562500e+02  -5.424368286132812e+02  -3.386540603637695e+01  -1.766437530517578e+02  -1.016417026519775e+01  -7.322264194488525e+00  6.530575319629861e-06  4.267584154149517e-05  -1.886347854451742e-05
  8.399999737739563e-01  -3.670419921875000e+02  -5.646044311523438e+02  -3.629871368408203e+01  -1.752979888916016e+02  -1.292442226409912e+01  -1.025917816162109e+01  7.212289801827865e-06  4.290950892027467e-05  -1.649722253205255e-05
  8.450000286102295e-01  -3.736893310546875e+02  -5.833454589843750e+02  -3.125080871582031e+01  -1.752474822998047e+02  -1.524284553527832e+01  -1.097024059295654e+01  8.467388397548348e-06  4.346004061517306e-05  -1.391240675729932e-05
  8.500000238418579e-01  -3.839539794921875e+02  -6.001076660156250e+02  -3.263780212402344e+01  -1.735314331054688e+02  -1.782495880126953e+01  -1.404097270965576e+01  9.344579666503705e-06  4.338546568760648e-05  -1.170158066088334e-05
  8.550000190734863e-01  -3.923388061523438e+02  -6.137169799804688e+02  -3.320719146728516e+01  -1.716229858398438e+02  -2.036623191833496e+01  -1.727996253967285e+01  1.024189987219870e-05  4.309249925427139e-05  -9.580157893651631e-06
  8.600000143051147e-01  -3.955133666992188e+02  -6.244481811523438e+02  -2.873856163024902e+01  -1.710092773437500e+02  -2.141863441467285e+01  -1.697014427185059e+01  1.204911404784070e-05  4.332886965130456e-05  -7.275791176653001e-06
  8.650000095367432e-01  -4.000398864746094e+02  -6.312511596679688e+02  -2.833090019226074e+01  -1.686934814453125e+02  -2.355894088745117e+01  -2.014044570922852e+01  1.308983155468013e-05  4.266216637915932e-05  -5.318706826074049e-06
  8.700000047683716e-01  -4.007510681152344e+02  -6.359624633789062e+02  -2.485741424560547e+01  -1.676034088134766e+02  -2.371894073486328e+01  -1.901463127136230e+01  1.521339800092392e-05  4.261137291905470e-05  -3.246487040087231e-06
  8.750000000000000e-01  -4.009641113281250e+02  -6.353406982421875e+02  -2.362673377990723e+01  -1.648514709472656e+02  -2.535890197753906e+01  -2.197562026977539e+01  1.634435284358915e-05  4.153468034928665e-05  -1.453169488740969e-06
  8.799999952316284e-01  -3.987532043457031e+02  -6.308643188476562e+02  -2.174866867065430e+01  -1.618816833496094e+02  -2.682926368713379e+01  -2.497021484375000e+01  1.745152439980302e-05  4.022251960122958e-05  2.634250222399714e-07
  8.849999904632568e-01  -3.944135742187500e+02  -6.250733642578125e+02  -1.937217712402344e+01  -1.599734497070312e+02  -2.588740348815918e+01  -2.281323623657227e+01  1.984489063033834e-05  3.960995672969148e-05  2.025022467933013e-06
  8.899999856948853e-01  -3.875458374023438e+02  -6.128753662109375e+02  -1.703407859802246e+01  -1.565276031494141e+02  -2.676717376708984e+01  -2.541199874877930e+01  2.096316893585026e-05  3.786896559176967e-05  3.586684442780097e-06
  8.949999809265137e-01  -3.798223571777344e+02  -6.000465698242188e+02  -1.571485900878906e+01  -1.539624481201172e+02  -2.530296516418457e+01  -2.271187591552734e+01  2.340353603358380e-05  3.681737507577054e-05  5.141794645169284e-06
  8.999999761581421e-01  -3.683118286132812e+02  -5.803484497070312e+02  -1.319684410095215e+01  -1.500157165527344e+02  -2.558584213256836e+01  -2.482164001464844e+01  2.447264523652848e-05  3.464730252744630e-05  6.556283551617526e-06
  9.049999713897705e-01  -3.544093017578125e+02  -5.571312255859375e+02  -1.046218967437744e+01  -1.458483276367188e+02  -2.565724754333496e+01  -2.680251502990723e+01  2.547682743170299e-05  3.227888373658061e-05  7.889745575084817e-06
  9.100000262260437e-01  -3.408725585937500e+02  -5.337658691406250e+02  -1.021887588500977e+01  -1.422870025634766e+02  -2.349294090270996e+01  -2.332070732116699e+01  2.778223824861925e-05  3.053836917388253e-05  9.211018550558947e-06
  9.150000214576721e-01  -3.226938171386719e+02  -5.040107727050781e+02  -7.758187294006348e+00  -1.376122589111328e+02  -2.300039482116699e+01  -2.467753601074219e+01  2.866446266125422e-05  2.778574162221048e-05  1.039592189044924e-05
  9.200000166893005e-01  -3.053544921875000e+02  -4.742030029296875e+02  -7.962556838989258e+00  -1.333153686523438e+02  -2.070704650878906e+01  -2.107826995849609e+01  3.070060483878478e-05  2.556245090090670e-05  1.160049487225479e-05
  9.250000119209290e-01  -2.832904052734375e+02  -4.388518371582031e+02  -5.938879013061523e+00  -1.281396942138672e+02  -1.971546554565430e+01  -2.177211761474609e+01  3.140714034088887e-05  2.246658914373256e-05  1.263726517208852e-05
  9.300000071525574e-01  -2.595234375000000e+02  -4.013125915527344e+02  -4.200848102569580e+00  -1.227689056396484e+02  -1.854837226867676e+01  -2.218739891052246e+01  3.203126834705472e-05  1.925770629895851e-05  1.357001656288048e-05
  9.350000023841858e-01  -2.367618255615234e+02  -3.635021362304688e+02  -4.704703330993652e+00  -1.174541778564453e+02  -1.604965400695801e+01  -1.832325744628906e+01  3.353384090587497e-05  1.639674701436888e-05  1.466487083234824e-05
  9.399999976158142e-01  -2.100322723388672e+02  -3.222356567382812e+02  -3.611035108566284e+00  -1.116160507202148e+02  -1.451513481140137e+01  -1.803803443908691e+01  3.393232691450976e-05  1.294282083108556e-05  1.544658516650088e-05
  9.449999928474426e-01  -1.839284362792969e+02  -2.802193603515625e+02  -3.697819709777832e+00  -1.056122894287109e+02  -1.223363590240479e+01  -1.458212947845459e+01  3.489612208795734e-05  9.685501026979182e-06  1.651801539992448e-05
  9.499999880790710e-01  -1.549525146484375e+02  -2.366243286132812e+02  -3.227175951004028e+00  -9.933622741699219e+01  -1.046720600128174e+01  -1.365923881530762e+01  3.503363768686540e-05  6.061114163458114e-06  1.716434235277120e-05
  9.549999833106995e-01  -1.252732467651367e+02  -1.926324005126953e+02  -3.245826005935669e+00  -9.291671752929688e+01  -8.615612983703613e+00  -1.235350322723389e+01  3.508618829073384e-05  2.432165501886629e-06  1.768760012055282e-05
  9.599999785423279e-01  -9.547382354736328e+01  -1.471557006835938e+02  -2.676171302795410e+00  -8.601715850830078e+01  -6.636581897735596e+00  -9.350137710571289e+00  3.522690167301334e-05  -1.235866989190981e-06  1.875941052276175e-05
  9.649999737739563e-01  -6.472721099853516e+01  -1.029901962280273e+02  -3.157018899917603e+00  -7.921556091308594e+01  -4.759114742279053e+00  -7.508793830871582e+00  3.498985461192206e-05  -4.908666596747935e-06  1.917046938615385e-05
  9.700000286102295e-01  -3.309051132202148e+01  -5.673573303222656e+01  -1.783633708953857e+00  -7.176172637939453e+01  -3.240507602691650e+00  -5.402448654174805e+00  3.444394678808749e-05  -8.766709470364731e-06  2.026617767114658e-05
  9.750000238418579e-01  -2.024242877960205e+00  -1.374216079711914e+01  -2.471496582031250e+00  -6.461441802978516e+01  -1.483074665069580e+00  -3.172154664993286e+00  3.389798075659201e-05  -1.239836910826853e-05  2.058849531749729e-05
  9.800000190734863e-01  2.866147994995117e+01  2.790953254699707e+01  -3.545873165130615e+00  -5.737821960449219e+01  2.021959573030472e-01  -5.856989026069641e-01  3.327037484268658e-05  -1.592542139405850e-05  2.082167520711664e-05
  9.850000143051147e-01  6.115902328491211e+01  7.227103424072266e+01  -1.163607954978943e+00  -4.922100830078125e+01  1.047695636749268e+00  3.821271657943726e-01  3.179535269737244e-05  -1.983392212423496e-05  2.196789682784583e-05
  9.900000095367432e-01  9.102961730957031e+01  1.109405593872070e+02  -2.079193592071533e+00  -4.169192504882812e+01  2.399226188659668e+00  3.124690055847168e+00  3.084945274167694e-05  -2.319386476301588e-05  2.216479697381146e-05
  9.950000047683716e-01  1.231448440551758e+02  1.524431304931641e+02  7.151171565055847e-01  -3.314290237426758e+01  2.748992919921875e+00  2.959612369537354e+00  2.871129254344851e-05  -2.700648474274203e-05  2.331708492420148e-05
  1.000000000000000e+00  1.535791473388672e+02  1.901756591796875e+02  2.422961473464966e+00  -2.478663063049316e+01  3.241322517395020e+00  3.497336864471436e+00  2.673447670531459e-05  -3.050565283047035e-05  2.406055682513397e-05
  1.004999995231628e+00  1.806295928955078e+02  2.222326660156250e+02  1.542810559272766e+00  -1.685501098632812e+01  3.835224866867065e+00  6.111492156982422e+00  2.530260462663136e-05  -3.344977812957950e-05  2.426146784273442e-05
  1.009999990463257e+00  2.066483612060547e+02  2.519967346191406e+02  1.241156935691833e+00  -8.883591651916504e+00  4.223360061645508e+00  8.818393707275391e+00  2.379316538281273e-05  -3.620717689045705e-05  2.444826350256335e-05
  1.014999985694885e+00  2.353020019531250e+02  2.844060058593750e+02  4.409957885742188e+00  2.870285809040070e-01  3.750917673110962e+00  6.668557167053223e+00  2.058668360405136e-05  -3.947353252442554e-05  2.557732113928068e-05
  1.019999980926514e+00  2.586855163574219e+02  3.089188537597656e+02  4.815531253814697e+00  8.461628913879395e+00  3.562550306320190e+00  8.973121643066406e+00  1.879335286503192e-05  -4.185799480183050e-05  2.581491571618244e-05
  1.024999976158142e+00  2.842462463378906e+02  3.353285522460938e+02  7.275955677032471e+00  1.782959938049316e+01  2.908726692199707e+00  6.051203727722168e+00  1.520281239208998e-05  -4.468707265914418e-05  2.686598963919096e-05
  1.029999971389771e+00  3.044748535156250e+02  3.542377319335938e+02  8.286806106567383e+00  2.618516921997070e+01  2.150754690170288e+00  7.834814071655273e+00  1.316612360824365e-05  -4.664144944399595e-05  2.715246228035539e-05
  1.034999966621399e+00  3.230120849609375e+02  3.703771057128906e+02  9.648645401000977e+00  3.455840682983398e+01  1.097390174865723e+00  9.518738746643066e+00  1.105909905163571e-05  -4.836563311982900e-05  2.748036968114320e-05
  1.039999961853027e+00  3.431538696289062e+02  3.875835876464844e+02  1.149254226684570e+01  4.418727111816406e+01  2.203122526407242e-01  5.594432353973389e+00  7.103345069481293e-06  -5.043796045356430e-05  2.839581611624453e-05
  1.044999957084656e+00  3.581600341796875e+02  3.982238464355469e+02  1.344683933258057e+01  5.269363784790039e+01  -1.324286937713623e+00  6.593068599700928e+00  4.812814040633384e-06  -5.169885844225064e-05  2.875698010029737e-05
  1.049999952316284e+00  3.740288696289062e+02  4.090374145507812e+02  1.421745681762695e+01  6.236490631103516e+01  -1.999203681945801e+00  2.514696121215820e+00  8.167418172888574e-07  -5.318008697940968e-05  2.948811561509501e-05
  1.054999947547913e+00  3.854081726074219e+02  4.145115966796875e+02  1.667379760742188e+01  7.095177459716797e+01  -3.916957855224609e+00  2.822602272033691e+00  -1.598433300387114e-06  -5.397162385634147e-05  2.984902857861016e-05
  1.059999942779541e+00  3.950302429199219e+02  4.177183837890625e+02  1.951891708374023e+01  7.952599334716797e+01  -6.056385040283203e+00  2.838394641876221e+00  -4.053580596519168e-06  -5.455212522065267e-05  3.024831494258251e-05
  1.065000057220459e+00  4.045361328125000e+02  4.200811767578125e+02  1.924354553222656e+01  8.920270538330078e+01  -6.421237945556641e+00  -1.437224149703979e+00  -7.950940016598906e-06  -5.519235128303990e-05  3.067999205086380e-05
  1.070000052452087e+00  4.106047668457031e+02  4.189822082519531e+02  2.243011856079102e+01  9.777185821533203e+01  -8.728257179260254e+00  -2.103049039840698e+00  -1.044332930177916e-05  -5.533865260076709e-05  3.101506808889098e-05
  1.075000047683716e+00  4.156834411621094e+02  4.162132873535156e+02  2.117222785949707e+01  1.072850799560547e+02  -8.613832473754883e+00  -5.824931144714355e+00  -1.403742498951033e-05  -5.542429425986484e-05  3.116457810392603e-05
  1.080000042915344e+00  4.183331604003906e+02  4.115159606933594e+02  2.454422950744629e+01  1.157703170776367e+02  -1.092778205871582e+01  -7.067981719970703e+00  -1.649073965381831e-05  -5.518130637938157e-05  3.137652311124839e-05
  1.085000038146973e+00  4.195409240722656e+02  4.055238037109375e+02  2.823262405395508e+01  1.241698455810547e+02  -1.329048061370850e+01  -8.655643463134766e+00  -1.894030901894439e-05  -5.478928142110817e-05  3.157189712510444e-05
  1.090000033378601e+00  4.187017211914062e+02  3.969657592773438e+02  2.593172454833984e+01  1.333195190429688e+02  -1.250267696380615e+01  -1.169740867614746e+01  -2.201334064011462e-05  -5.421274181571789e-05  3.124952490907162e-05
  1.095000028610229e+00  4.169226989746094e+02  3.885927124023438e+02  2.961890411376953e+01  1.414916839599609e+02  -1.464391994476318e+01  -1.369352054595947e+01  -2.432889959891327e-05  -5.352651351131499e-05  3.123620990663767e-05
  1.100000023841858e+00  4.123593444824219e+02  3.770907897949219e+02  2.670518684387207e+01  1.501993865966797e+02  -1.337056350708008e+01  -1.570480918884277e+01  -2.685868093976751e-05  -5.260800389805809e-05  3.055905472137965e-05
  1.105000019073486e+00  4.079603271484375e+02  3.671494750976562e+02  3.029067420959473e+01  1.580192718505859e+02  -1.517384243011475e+01  -1.793516349792480e+01  -2.897719787142705e-05  -5.170379154151306e-05  3.028986066055950e-05
  1.110000014305115e+00  4.025825195312500e+02  3.569329528808594e+02  3.406517791748047e+01  1.656418304443359e+02  -1.683813095092773e+01  -2.042426681518555e+01  -3.103388371528126e-05  -5.074155342299491e-05  2.993491216329858e-05
  1.115000009536743e+00  3.934934082031250e+02  3.429133605957031e+02  3.040954589843750e+01  1.734974975585938e+02  -1.489994239807129e+01  -2.117583656311035e+01  -3.278318035881966e-05  -4.952830931870267e-05  2.868347291951068e-05
  1.120000004768372e+00  3.860878295898438e+02  3.322334594726562e+02  3.395970916748047e+01  1.805751190185547e+02  -1.608483123779297e+01  -2.365732192993164e+01  -3.456429112702608e-05  -4.846986848860979e-05  2.801510163408238e-05
  1.125000000000000e+00  3.744100646972656e+02  3.174295043945312e+02  3.007932472229004e+01  1.876560668945312e+02  -1.391519355773926e+01  -2.330847740173340e+01  -3.569154796423391e-05  -4.720794458989985e-05  2.639523700054269e-05
  1.129999995231628e+00  3.653915710449219e+02  3.069147338867188e+02  3.338958740234375e+01  1.940443878173828e+02  -1.458072090148926e+01  -2.561662292480469e+01  -3.715526690939441e-05  -4.613724740920588e-05  2.539226079534274e-05
  1.134999990463257e+00  3.558703918457031e+02  2.968460083007812e+02  3.674554824829102e+01  2.000891571044922e+02  -1.500325202941895e+01  -2.800755119323730e+01  -3.850677967420779e-05  -4.509337668423541e-05  2.426981700409669e-05
  1.139999985694885e+00  3.413482971191406e+02  2.821427307128906e+02  3.242436981201172e+01  2.057790222167969e+02  -1.250148582458496e+01  -2.631380844116211e+01  -3.880555232171901e-05  -4.393096969579346e-05  2.208670957770664e-05
  1.144999980926514e+00  3.307619934082031e+02  2.728816223144531e+02  3.546987152099609e+01  2.109284667968750e+02  -1.239749145507812e+01  -2.831215858459473e+01  -3.979697066824883e-05  -4.297650230000727e-05  2.062767453026026e-05
  1.149999976158142e+00  3.148064880371094e+02  2.588304748535156e+02  3.116126060485840e+01  2.155210723876953e+02  -1.002612686157227e+01  -2.583710670471191e+01  -3.955043575842865e-05  -4.200791590847075e-05  1.814075585571118e-05
  1.154999971389771e+00  3.034309387207031e+02  2.505908355712891e+02  3.383675765991211e+01  2.196463012695312e+02  -9.457382202148438e+00  -2.734761428833008e+01  -4.017119863419794e-05  -4.119539516977966e-05  1.637150671740528e-05
  1.159999966621399e+00  2.919391174316406e+02  2.430872802734375e+02  3.648122024536133e+01  2.232848052978516e+02  -8.632669448852539e+00  -2.874727630615234e+01  -4.064699896844104e-05  -4.046372851007618e-05  1.449053615942830e-05
  1.164999961853027e+00  2.746010131835938e+02  2.304327697753906e+02  3.193044853210449e+01  2.260287628173828e+02  -6.383646965026855e+00  -2.529962730407715e+01  -3.970782199758105e-05  -3.984402428613976e-05  1.158761915576179e-05
  1.169999957084656e+00  2.626592712402344e+02  2.240137939453125e+02  3.414803314208984e+01  2.284858856201172e+02  -5.196116447448730e+00  -2.609033203125000e+01  -3.980991095886566e-05  -3.929713420802727e-05  9.452278391108848e-06
  1.174999952316284e+00  2.448017120361328e+02  2.125134429931641e+02  2.973377609252930e+01  2.299150695800781e+02  -3.367904186248779e+00  -2.240362358093262e+01  -3.850164284813218e-05  -3.896222187904641e-05  6.393591320374981e-06
  1.179999947547913e+00  2.326371154785156e+02  2.071168212890625e+02  3.157137870788574e+01  2.311116943359375e+02  -1.907301068305969e+00  -2.256801033020020e+01  -3.825120438705198e-05  -3.860585638904013e-05  4.057149453728925e-06
  1.184999942779541e+00  2.204509887695312e+02  2.022277526855469e+02  3.321291351318359e+01  2.317381439208984e+02  -2.729634046554565e-01  -2.249120712280273e+01  -3.784424916375428e-05  -3.833146911347285e-05  1.664541741774883e-06
  1.190000057220459e+00  2.022359619140625e+02  1.921571044921875e+02  2.874306869506836e+01  2.310935058593750e+02  1.076742649078369e+00  -1.846767425537109e+01  -3.608539554988965e-05  -3.835714596789330e-05  -1.549834223624202e-06
  1.195000052452087e+00  1.899655914306641e+02  1.879383087158203e+02  2.998013114929199e+01  2.304082946777344e+02  2.842072486877441e+00  -1.776387596130371e+01  -3.535892392392270e-05  -3.824434679700062e-05  -4.048214577778708e-06
  1.200000047683716e+00  1.718374786376953e+02  1.788043975830078e+02  2.575129508972168e+01  2.284239654541016e+02  3.659817934036255e+00  -1.405294513702393e+01  -3.343612479511648e-05  -3.847255356959067e-05  -7.220136922114762e-06
  1.205000042915344e+00  1.594791717529297e+02  1.749337158203125e+02  2.656844139099121e+01  2.264463806152344e+02  5.456695079803467e+00  -1.279931926727295e+01  -3.242398452130146e-05  -3.848056076094508e-05  -9.748227057571057e-06
  1.210000038146973e+00  1.471501007080078e+02  1.711681365966797e+02  2.714226913452148e+01  2.239001617431641e+02  7.334641933441162e+00  -1.124775981903076e+01  -3.127539093839005e-05  -3.852470763376914e-05  -1.226132462761598e-05
  1.215000033378601e+00  1.292529907226562e+02  1.627496032714844e+02  2.307237052917480e+01  2.199601593017578e+02  7.529781818389893e+00  -7.857258796691895e+00  -2.916366247518454e-05  -3.891078449669294e-05  -1.528361462987959e-05
  1.220000028610229e+00  1.168491439819336e+02  1.588551635742188e+02  2.326521682739258e+01  2.162104644775391e+02  9.323497772216797e+00  -5.860504627227783e+00  -2.778500311251264e-05  -3.899472721968777e-05  -1.772122050169855e-05
  1.225000023841858e+00  9.934033966064453e+01  1.508100433349609e+02  1.948333549499512e+01  2.111412963867188e+02  9.050477027893066e+00  -3.172741651535034e+00  -2.568221316323616e-05  -3.938462759833783e-05  -2.050729199254420e-05
  1.230000019073486e+00  8.694294738769531e+01  1.465564727783203e+02  1.940780448913574e+01  2.062946777343750e+02  1.070710754394531e+01  -8.364740610122681e-01  -2.412435787846334e-05  -3.944358468288556e-05  -2.280213630001526e-05
  1.235000014305115e+00  7.443392181396484e+01  1.419352722167969e+02  1.901058578491211e+01  2.009961242675781e+02  1.236415386199951e+01  1.743861079216003e+00  -2.246094663860276e-05  -3.946802462451160e-05  -2.500763730495237e-05
  1.240000009536743e+00  5.742623138427734e+01  1.337653350830078e+02  1.556118965148926e+01  1.944456024169922e+02  1.152761745452881e+01  3.637188911437988e+00  -2.038248203461990e-05  -3.971212208853103e-05  -2.738289185799658e-05
  1.245000004768372e+00  4.491207122802734e+01  1.284420166015625e+02  1.497892475128174e+01  1.882669219970703e+02  1.298869800567627e+01  6.391809940338135e+00  -1.860374686657451e-05  -3.961765469284728e-05  -2.936008968390524e-05
  1.250000000000000e+00  2.838575172424316e+01  1.201229476928711e+02  1.177308082580566e+01  1.810010528564453e+02  1.185527229309082e+01  7.454998016357422e+00  -1.664056617300957e-05  -3.965022551710717e-05  -3.137094608973712e-05
  1.254999995231628e+00  1.582740402221680e+01  1.139415893554688e+02  1.105065727233887e+01  1.741247253417969e+02  1.310688018798828e+01  1.025083255767822e+01  -1.478451758885058e-05  -3.937941437470727e-05  -3.307502993266098e-05
  1.259999990463257e+00  3.170102357864380e+00  1.071906127929688e+02  1.006830120086670e+01  1.669859619140625e+02  1.432805347442627e+01  1.318974113464355e+01  -1.287339091504691e-05  -3.900926458300091e-05  -3.464240216999315e-05
  1.264999985694885e+00  -1.275071430206299e+01  9.824861145019531e+01  7.241996765136719e+00  1.589580078125000e+02  1.281721878051758e+01  1.328500652313232e+01  -1.106123363570077e-05  -3.863514211843722e-05  -3.610386920627207e-05
  1.269999980926514e+00  -2.541787528991699e+01  9.057333374023438e+01  6.212589740753174e+00  1.514036102294922e+02  1.383174419403076e+01  1.609813690185547e+01  -9.130263606493827e-06  -3.802391074714251e-05  -3.736041617230512e-05
  1.274999976158142e+00  -4.085097122192383e+01  8.125798797607422e+01  3.514075756072998e+00  1.431663360595703e+02  1.222179985046387e+01  1.549673461914062e+01  -7.464305326720932e-06  -3.730134994839318e-05  -3.842963633360341e-05
  1.279999971389771e+00  -5.344416427612305e+01  7.273021697998047e+01  2.499822616577148e+00  1.353915100097656e+02  1.304993820190430e+01  1.810086822509766e+01  -5.548860372073250e-06  -3.642207229859196e-05  -3.936965731554665e-05
  1.284999966621399e+00  -6.615779113769531e+01  6.364163208007812e+01  1.261875033378601e+00  1.275677642822266e+02  1.385616779327393e+01  2.070423507690430e+01  -3.618641812863643e-06  -3.541276601026766e-05  -4.016519233118743e-05
  1.289999961853027e+00  -8.090582275390625e+01  5.375862121582031e+01  -1.112270474433899e+00  1.193252029418945e+02  1.208973312377930e+01  1.927153778076172e+01  -2.137410319846822e-06  -3.417564585106447e-05  -4.070012437296100e-05
  1.294999957084656e+00  -9.347911071777344e+01  4.400047683715820e+01  -2.300947666168213e+00  1.115432586669922e+02  1.274713516235352e+01  2.154544258117676e+01  -2.619681254145689e-07  -3.288872176199220e-05  -4.119708682992496e-05
  1.299999952316284e+00  -1.077108154296875e+02  3.390643310546875e+01  -4.617660045623779e+00  1.035427093505859e+02  1.104275989532471e+01  1.973616409301758e+01  1.102682290365919e-06  -3.129684409941547e-05  -4.140703458688222e-05
  1.304999947547913e+00  -1.201130905151367e+02  2.365080451965332e+01  -5.770538806915283e+00  9.595188140869141e+01  1.158584213256836e+01  2.163502883911133e+01  2.910186594817787e-06  -2.974663584609516e-05  -4.163413177593611e-05
  1.309999942779541e+00  -1.325419616699219e+02  1.307314205169678e+01  -7.105731964111328e+00  8.848130798339844e+01  1.212929153442383e+01  2.342857170104980e+01  4.695980805990985e-06  -2.807950477290433e-05  -4.174983769189566e-05
  1.315000057220459e+00  -1.459554443359375e+02  2.964820146560669e+00  -9.132075309753418e+00  8.104595947265625e+01  1.044556999206543e+01  2.114099884033203e+01  5.913559562031878e-06  -2.605226109153591e-05  -4.155864371568896e-05
  1.320000052452087e+00  -1.581190643310547e+02  -7.776515960693359e+00  -1.044918251037598e+01  7.392886352539062e+01  1.091369915008545e+01  2.251769638061523e+01  7.612250101374229e-06  -2.416797178739216e-05  -4.146186984144151e-05
  1.325000047683716e+00  -1.709139099121094e+02  -1.763584327697754e+01  -1.234300041198730e+01  6.700160980224609e+01  9.383314132690430e+00  2.022486114501953e+01  8.772938599577174e-06  -2.190177292504814e-05  -4.106053165742196e-05
  1.330000042915344e+00  -1.827529296875000e+02  -2.830995559692383e+01  -1.367250919342041e+01  6.030664443969727e+01  9.796236038208008e+00  2.120470046997070e+01  1.038161008182215e-05  -1.984695518331137e-05  -4.079340578755364e-05
  1.335000038146973e+00  -1.948729400634766e+02  -3.769792556762695e+01  -1.532900142669678e+01  5.392383956909180e+01  8.432073593139648e+00  1.904780197143555e+01  1.151297419710318e-05  -1.741374580888078e-05  -4.022797293146141e-05
  1.340000033378601e+00  -2.063348846435547e+02  -4.807888031005859e+01  -1.669764709472656e+01  4.767459487915039e+01  8.805729866027832e+00  1.965935897827148e+01  1.303341286984505e-05  -1.524212439107941e-05  -3.983087299275212e-05
  1.345000028610229e+00  -2.177277221679688e+02  -5.836972045898438e+01  -1.826856803894043e+01  4.161960983276367e+01  9.190423011779785e+00  2.010388374328613e+01  1.451137904950883e-05  -1.302959663007641e-05  -3.939467569580302e-05
  1.350000023841858e+00  -2.287647094726562e+02  -6.665898895263672e+01  -1.942984771728516e+01  3.602354812622070e+01  7.948632717132568e+00  1.803109359741211e+01  1.559453266963828e-05  -1.048843296302948e-05  -3.864737300318666e-05
  1.355000019073486e+00  -2.397052154541016e+02  -7.634748077392578e+01  -2.106744766235352e+01  3.038712882995605e+01  8.292665481567383e+00  1.815759658813477e+01  1.698695996310562e-05  -8.243211595981847e-06  -3.813040530076250e-05
  1.360000014305115e+00  -2.499306335449219e+02  -8.366446685791016e+01  -2.175607872009277e+01  2.526778221130371e+01  7.219352245330811e+00  1.643431472778320e+01  1.808548404369503e-05  -5.719069577025948e-06  -3.729812669917010e-05
  1.365000009536743e+00  -2.603996276855469e+02  -9.259855651855469e+01  -2.347618484497070e+01  1.999588775634766e+01  7.514271259307861e+00  1.629748535156250e+01  1.940090987773146e-05  -3.497771103866398e-06  -3.671939339255914e-05
  1.370000004768372e+00  -2.707247924804688e+02  -1.012162780761719e+02  -2.540249633789062e+01  1.484928703308105e+01  7.790883541107178e+00  1.601210403442383e+01  2.067116292892024e-05  -1.298793904425111e-06  -3.613028093241155e-05
  1.375000000000000e+00  -2.797125549316406e+02  -1.068473358154297e+02  -2.537356948852539e+01  1.027627277374268e+01  6.831901073455811e+00  1.460286426544189e+01  2.176652378693689e-05  1.089111265173415e-06  -3.518333687679842e-05
  1.379999995231628e+00  -2.895187988281250e+02  -1.145390396118164e+02  -2.737356758117676e+01  5.366347789764404e+00  7.028890132904053e+00  1.412758541107178e+01  2.296934690093622e-05  3.192106760252500e-06  -3.454047327977605e-05
  1.384999990463257e+00  -2.976097412109375e+02  -1.189361419677734e+02  -2.667724037170410e+01  1.027359008789062e+00  6.216255664825439e+00  1.310933780670166e+01  2.409362787147984e-05  5.418601176643278e-06  -3.352051862748340e-05
  1.389999985694885e+00  -3.068413391113281e+02  -1.256321945190430e+02  -2.871790313720703e+01  -3.754453897476196e+00  6.314575195312500e+00  1.249928665161133e+01  2.523328112147283e-05  7.388469384750351e-06  -3.281399403931573e-05
  1.394999980926514e+00  -3.159111938476562e+02  -1.319368286132812e+02  -3.095356369018555e+01  -8.527068138122559e+00  6.341418266296387e+00  1.178035545349121e+01  2.633633266668767e-05  9.289267836720683e-06  -3.208811176591553e-05
  1.399999976158142e+00  -3.226760864257812e+02  -1.344830322265625e+02  -2.937459564208984e+01  -1.274186897277832e+01  5.618539333343506e+00  1.111784553527832e+01  2.746452082647011e-05  1.122702633438166e-05  -3.091958205914125e-05
  1.404999971389771e+00  -3.311240844726562e+02  -1.397793426513672e+02  -3.159934997558594e+01  -1.754811477661133e+01  5.508431911468506e+00  1.032744598388672e+01  2.851333556463942e-05  1.295778110943502e-05  -3.009853026014753e-05
  1.409999966621399e+00  -3.369477233886719e+02  -1.411432800292969e+02  -2.928979110717773e+01  -2.182966041564941e+01  4.917005062103271e+00  9.953844070434570e+00  2.965230487461668e-05  1.467317269998603e-05  -2.881408909161109e-05
  1.414999961853027e+00  -3.447752990722656e+02  -1.454902038574219e+02  -3.148076438903809e+01  -2.677048110961914e+01  4.655564308166504e+00  9.116397857666016e+00  3.065392229473218e-05  1.622307172510773e-05  -2.786939694487955e-05
  1.419999957084656e+00  -3.523512573242188e+02  -1.494619140625000e+02  -3.378884124755859e+01  -3.182324028015137e+01  4.272597789764404e+00  8.215930938720703e+00  3.162445136695169e-05  1.768799120327458e-05  -2.687206142581999e-05
  1.424999952316284e+00  -3.567753601074219e+02  -1.492292785644531e+02  -3.057711791992188e+01  -3.639883422851562e+01  3.771702051162720e+00  8.086089134216309e+00  3.274093978689052e-05  1.908750527945813e-05  -2.535115345381200e-05
  1.429999947547913e+00  -3.636597290039062e+02  -1.523595428466797e+02  -3.278125762939453e+01  -4.171407699584961e+01  3.219042062759399e+00  7.169918060302734e+00  3.366983582964167e-05  2.037431113421917e-05  -2.418755866528954e-05
  1.434999942779541e+00  -3.670835876464844e+02  -1.512434692382812e+02  -2.893324851989746e+01  -4.659868621826172e+01  2.853956460952759e+00  7.153156280517578e+00  3.476047277217731e-05  2.157386006729212e-05  -2.249881799798459e-05
  1.440000057220459e+00  -3.731841735839844e+02  -1.536132202148438e+02  -3.098035049438477e+01  -5.224182510375977e+01  2.136686325073242e+00  6.232109546661377e+00  3.564537837519310e-05  2.269667129439767e-05  -2.114685776177794e-05
  1.445000052452087e+00  -3.789718017578125e+02  -1.557212219238281e+02  -3.307302856445312e+01  -5.806433486938477e+01  1.275435328483582e+00  5.263974189758301e+00  3.650958387879655e-05  2.374468749621883e-05  -1.971181700355373e-05
  1.450000047683716e+00  -3.808393554687500e+02  -1.535050506591797e+02  -2.846326828002930e+01  -6.350719833374023e+01  1.038203239440918e+00  5.310862541198730e+00  3.753442433662713e-05  2.470028448442463e-05  -1.772578252712265e-05
  1.455000042915344e+00  -3.857215881347656e+02  -1.549993286132812e+02  -3.033445167541504e+01  -6.970646667480469e+01  3.014541789889336e-02  4.337209701538086e+00  3.835614916170016e-05  2.561359724495560e-05  -1.608380080142524e-05
  1.460000038146973e+00  -3.864442138671875e+02  -1.522833251953125e+02  -2.529452133178711e+01  -7.556655883789062e+01  -5.759710818529129e-02  4.335902214050293e+00  3.931552055291831e-05  2.643900916154962e-05  -1.392182002746267e-05
  1.465000033378601e+00  -3.903517456054688e+02  -1.532754364013672e+02  -2.694065666198730e+01  -8.214454650878906e+01  -1.186906337738037e+00  3.338347434997559e+00  4.009455369669013e-05  2.724152363953181e-05  -1.207483728649095e-05
  1.470000028610229e+00  -3.937724914550781e+02  -1.540791778564453e+02  -2.852107620239258e+01  -8.890187072753906e+01  -2.441525697708130e+00  2.303479909896851e+00  4.085425098310225e-05  2.799430149025284e-05  -1.014464487525402e-05
  1.475000023841858e+00  -3.926374511718750e+02  -1.507653198242188e+02  -2.298241806030273e+01  -9.536137390136719e+01  -2.348190069198608e+00  2.208475828170776e+00  4.170417741988786e-05  2.868363662855700e-05  -7.718184861005284e-06
  1.480000019073486e+00  -3.949006958007812e+02  -1.511702880859375e+02  -2.429268455505371e+01  -1.024575500488281e+02  -3.673510551452637e+00  1.133889436721802e+00  4.241722854203545e-05  2.936017699539661e-05  -5.608898391074035e-06
  1.485000014305115e+00  -3.923795166015625e+02  -1.476770324707031e+02  -1.859978485107422e+01  -1.092920455932617e+02  -3.429947137832642e+00  8.981872797012329e-01  4.316962440498173e-05  2.998885065608192e-05  -3.069602371397195e-06
  1.490000009536743e+00  -3.933357238769531e+02  -1.477191009521484e+02  -1.961916542053223e+01  -1.166761550903320e+02  -4.785088539123535e+00  -2.259137630462646e-01  4.382945917313918e-05  3.060909148189239e-05  -8.154048032338324e-07
  1.495000004768372e+00  -3.936408691406250e+02  -1.476173248291016e+02  -2.050926017761230e+01  -1.241686553955078e+02  -6.215919494628906e+00  -1.397136569023132e+00  4.446847378858365e-05  3.120230758213438e-05  1.487207669015334e-06
  1.500000000000000e+00  -3.888551940917969e+02  -1.438627777099609e+02  -1.465530967712402e+01  -1.314354705810547e+02  -5.755235195159912e+00  -1.798961281776428e+00  4.507573248702101e-05  3.177507460350171e-05  4.147653271502350e-06
  1.504999995231628e+00  -3.876522521972656e+02  -1.434234008789062e+02  -1.524108886718750e+01  -1.391044769287109e+02  -7.149781703948975e+00  -3.033619403839111e+00  4.565247945720330e-05  3.233275128877722e-05  6.528758603963070e-06
  1.509999990463257e+00  -3.812052307128906e+02  -1.396617736816406e+02  -9.523293495178223e+00  -1.465834503173828e+02  -6.565177917480469e+00  -3.577057600021362e+00  4.614035788108595e-05  3.287806612206623e-05  9.174696060654242e-06
  1.514999985694885e+00  -3.783883361816406e+02  -1.388965606689453e+02  -9.842145919799805e+00  -1.543400573730469e+02  -7.886564254760742e+00  -4.884003639221191e+00  4.664697553380392e-05  3.340678449603729e-05  1.158053873950848e-05
  1.519999980926514e+00  -3.747196044921875e+02  -1.379352874755859e+02  -9.956507682800293e+00  -1.620886535644531e+02  -9.215042114257812e+00  -6.234817028045654e+00  4.712193185696378e-05  3.391715290490538e-05  1.397321830154397e-05
  1.524999976158142e+00  -3.656372985839844e+02  -1.340384063720703e+02  -4.442942619323730e+00  -1.696907806396484e+02  -8.417888641357422e+00  -6.914798259735107e+00  4.743666795548052e-05  3.442332672420889e-05  1.652309401833918e-05
  1.529999971389771e+00  -3.601928405761719e+02  -1.327107238769531e+02  -4.311074256896973e+00  -1.773766784667969e+02  -9.612765312194824e+00  -8.333192825317383e+00  4.782605901709758e-05  3.490349263302051e-05  1.885453457362019e-05
  1.534999966621399e+00  -3.492548522949219e+02  -1.288360595703125e+02  8.030596375465393e-01  -1.849584808349609e+02  -8.747590065002441e+00  -9.081377983093262e+00  4.800640817848034e-05  3.536869917297736e-05  2.123754893545993e-05
  1.539999961853027e+00  -3.419634704589844e+02  -1.271066741943359e+02  1.152327656745911e+00  -1.924770050048828e+02  -9.778576850891113e+00  -1.055520057678223e+01  4.829960016650148e-05  3.580922202672809e-05  2.344781933061313e-05
  1.544999957084656e+00  -3.337033996582031e+02  -1.251135482788086e+02  1.713855385780334e+00  -1.998528289794922e+02  -1.075663280487061e+01  -1.206247806549072e+01  4.854357757722028e-05  3.622424992499873e-05  2.558012783993036e-05
  1.549999952316284e+00  -3.199779968261719e+02  -1.210818023681641e+02  6.291789531707764e+00  -2.071831359863281e+02  -9.729322433471680e+00  -1.283686542510986e+01  4.852620259043761e-05  3.660444417619146e-05  2.764174132607877e-05
  1.554999947547913e+00  -3.098315124511719e+02  -1.186372909545898e+02  7.010319709777832e+00  -2.142323303222656e+02  -1.050291252136230e+01  -1.437399005889893e+01  4.865457231062464e-05  3.695928535307758e-05  2.957302785944194e-05
  1.559999942779541e+00  -2.942478027343750e+02  -1.145661773681641e+02  1.101902294158936e+01  -2.212853088378906e+02  -9.483235359191895e+00  -1.510631275177002e+01  4.849026299780235e-05  3.725006172317080e-05  3.133540667477064e-05
  1.565000057220459e+00  -2.822555847167969e+02  -1.116641616821289e+02  1.181871604919434e+01  -2.279070892333984e+02  -1.004369544982910e+01  -1.664883232116699e+01  4.848992466577329e-05  3.752707561943680e-05  3.301877950434573e-05
  1.570000052452087e+00  -2.692838439941406e+02  -1.084278030395508e+02  1.282893085479736e+01  -2.342534332275391e+02  -1.050297546386719e+01  -1.819697952270508e+01  4.842007183469832e-05  3.775811273953877e-05  3.457020284258761e-05
  1.575000047683716e+00  -2.511213378906250e+02  -1.041380538940430e+02  1.607490348815918e+01  -2.406726074218750e+02  -9.409497261047363e+00  -1.881077384948730e+01  4.803392948815599e-05  3.788253525272012e-05  3.584048317861743e-05
  1.580000042915344e+00  -2.364289093017578e+02  -1.004359893798828e+02  1.708348655700684e+01  -2.464446105957031e+02  -9.640730857849121e+00  -2.032063102722168e+01  4.781487950822338e-05  3.800648482865654e-05  3.708834992721677e-05
  1.585000038146973e+00  -2.166695709228516e+02  -9.603125000000000e+01  1.971713829040527e+01  -2.523343200683594e+02  -8.640722274780273e+00  -2.078768730163574e+01  4.726904808194377e-05  3.798289617407136e-05  3.798215766437352e-05
  1.590000033378601e+00  -2.004075622558594e+02  -9.187972259521484e+01  2.067713546752930e+01  -2.574381408691406e+02  -8.646760940551758e+00  -2.222806167602539e+01  4.689015986514278e-05  3.797891986323521e-05  3.889901563525200e-05
  1.595000028610229e+00  -1.833110656738281e+02  -8.739927673339844e+01  2.178181457519531e+01  -2.621555480957031e+02  -8.532065391540527e+00  -2.363390159606934e+01  4.642065323423594e-05  3.790775372181088e-05  3.965372889069840e-05
  1.600000023841858e+00  -1.615943450927734e+02  -8.276930999755859e+01  2.358539772033691e+01  -2.670521545410156e+02  -7.570525646209717e+00  -2.385500907897949e+01  4.562970207189210e-05  3.763799759326503e-05  3.997615567641333e-05
  1.605000019073486e+00  -1.432265014648438e+02  -7.790331268310547e+01  2.455963516235352e+01  -2.709753417968750e+02  -7.242108821868896e+00  -2.514154815673828e+01  4.498305861488916e-05  3.741340333363041e-05  4.037762118969113e-05
  1.610000014305115e+00  -1.204470748901367e+02  -7.313066101074219e+01  2.583632278442383e+01  -2.751086120605469e+02  -6.457509040832520e+00  -2.515316581726074e+01  4.402000195113942e-05  3.695175473694690e-05  4.031267963000573e-05
  1.615000009536743e+00  -1.010619506835938e+02  -6.795289611816406e+01  2.662658882141113e+01  -2.781631164550781e+02  -5.938713550567627e+00  -2.628743171691895e+01  4.318679202697240e-05  3.656168701127172e-05  4.035851816297509e-05
  1.620000004768372e+00  -8.112824249267578e+01  -6.251553726196289e+01  2.750675392150879e+01  -2.807386169433594e+02  -5.299812316894531e+00  -2.734545707702637e+01  4.224889562465250e-05  3.608826591516845e-05  4.023629662697203e-05
  1.625000000000000e+00  -5.738463592529297e+01  -5.762327194213867e+01  2.804080772399902e+01  -2.835564270019531e+02  -4.671391487121582e+00  -2.704103088378906e+01  4.102138336747885e-05  3.533516428433359e-05  3.961801121477038e-05
  1.629999995231628e+00  -3.686508941650391e+01  -5.200543212890625e+01  2.868689727783203e+01  -2.851614685058594e+02  -3.876803159713745e+00  -2.790277099609375e+01  3.988623211625963e-05  3.468531213002279e-05  3.915143679478206e-05
  1.634999990463257e+00  -1.282514095306396e+01  -4.703677749633789e+01  2.884489059448242e+01  -2.870098266601562e+02  -3.491618394851685e+00  -2.738298797607422e+01  3.847689004032873e-05  3.373079016455449e-05  3.819491757894866e-05
  1.639999985694885e+00  7.961809158325195e+00  -4.133397293090820e+01  2.926127052307129e+01  -2.875801391601562e+02  -2.570575714111328e+00  -2.802970314025879e+01  3.714119520736858e-05  3.290321910753846e-05  3.740285319508985e-05
  1.644999980926514e+00  2.890608215332031e+01  -3.552053833007812e+01  2.969428253173828e+01  -2.876089782714844e+02  -1.560728430747986e+00  -2.855834960937500e+01  3.569327236618847e-05  3.199280399712734e-05  3.646194454631768e-05
  1.649999976158142e+00  5.265950775146484e+01  -3.066584014892578e+01  2.928954315185547e+01  -2.878693542480469e+02  -1.428090691566467e+00  -2.772770881652832e+01  3.400838977540843e-05  3.075855784118176e-05  3.505108543322422e-05
  1.654999971389771e+00  7.336872863769531e+01  -2.494442749023438e+01  2.948514556884766e+01  -2.867886962890625e+02  -3.439550995826721e-01  -2.801401329040527e+01  3.235732583561912e-05  2.968121589219663e-05  3.382559589226730e-05
  1.659999966621399e+00  9.650773620605469e+01  -2.018539047241211e+01  2.884640884399414e+01  -2.859146118164062e+02  -4.822090864181519e-01  -2.701686477661133e+01  3.048691178264562e-05  2.828045944625046e-05  3.216738696210086e-05
  1.664999961853027e+00  1.166424026489258e+02  -1.467790889739990e+01  2.881917953491211e+01  -2.836838073730469e+02  6.382999420166016e-01  -2.705266189575195e+01  2.863306326617021e-05  2.705251972656697e-05  3.069371086894535e-05
  1.669999957084656e+00  1.387725219726562e+02  -1.011276054382324e+01  2.797526359558105e+01  -2.816242370605469e+02  2.418729513883591e-01  -2.592359161376953e+01  2.657812001416460e-05  2.551362740632612e-05  2.883228080463596e-05
  1.674999952316284e+00  1.579994659423828e+02  -4.933875083923340e+00  2.776589965820312e+01  -2.782073669433594e+02  1.366232395172119e+00  -2.571219062805176e+01  2.452487387927249e-05  2.415642120467965e-05  2.715159826038871e-05
  1.679999947547913e+00  1.767809143066406e+02  1.048890203237534e-01  2.754006958007812e+01  -2.742011718750000e+02  2.508400201797485e+00  -2.535303688049316e+01  2.236476211692207e-05  2.274695725645870e-05  2.538273474783637e-05
  1.684999942779541e+00  1.967246093750000e+02  4.052325248718262e+00  2.636582565307617e+01  -2.702990722656250e+02  1.831805944442749e+00  -2.403470611572266e+01  2.004017551371362e-05  2.105645035044290e-05  2.328985283384100e-05
  1.690000057220459e+00  2.141166381835938e+02  8.576711654663086e+00  2.600045776367188e+01  -2.650803833007812e+02  2.924122810363770e+00  -2.343580818176270e+01  1.768956099112984e-05  1.956109736056533e-05  2.138167474186048e-05
  1.695000052452087e+00  2.321319732666016e+02  1.204207420349121e+01  2.465710830688477e+01  -2.599203186035156e+02  2.044588565826416e+00  -2.207179832458496e+01  1.519166562502505e-05  1.782575418474153e-05  1.920250906550791e-05
  1.700000047683716e+00  2.478449096679688e+02  1.594403171539307e+01  2.419443511962891e+01  -2.534846343994141e+02  3.060856103897095e+00  -2.124935340881348e+01  1.265829905605642e-05  1.628039717616048e-05  1.720318687148392e-05
  1.705000042915344e+00  2.627237548828125e+02  1.953502273559570e+01  2.372381782531738e+01  -2.464643554687500e+02  4.042768955230713e+00  -2.028567886352539e+01  1.003185843728716e-05  1.472465646656929e-05  1.517417967988877e-05
  1.710000038146973e+00  2.773555603027344e+02  2.197837638854980e+01  2.214589691162109e+01  -2.394176635742188e+02  2.947845458984375e+00  -1.885264396667480e+01  7.290399935300229e-06  1.298977349506458e-05  1.294308913202258e-05
  1.715000033378601e+00  2.901701965332031e+02  2.479844856262207e+01  2.163992118835449e+01  -2.312007751464844e+02  3.817849636077881e+00  -1.769927787780762e+01  4.498570433497662e-06  1.144280849985080e-05  1.089622037397930e-05
  1.720000028610229e+00  3.021134643554688e+02  2.646925926208496e+01  1.987196731567383e+01  -2.229164428710938e+02  2.626843214035034e+00  -1.630194664001465e+01  1.610570620869112e-06  9.777447303349618e-06  8.694344614923466e-06
  1.725000023841858e+00  3.126552734375000e+02  2.844222068786621e+01  1.937235832214355e+01  -2.135333709716797e+02  3.375472068786621e+00  -1.499068546295166e+01  -1.333004320258624e-06  8.281223017547745e-06  6.677135843347060e-06
  1.730000019073486e+00  3.220803527832031e+02  2.998552131652832e+01  1.889438247680664e+01  -2.036136169433594e+02  4.056180477142334e+00  -1.356789970397949e+01  -4.348892616690136e-06  6.824191586929373e-06  4.690371042670449e-06
  1.735000014305115e+00  3.297738647460938e+02  3.030345153808594e+01  1.693407249450684e+01  -1.935495452880859e+02  2.774439334869385e+00  -1.221680545806885e+01  -7.429616289300611e-06  5.326451173459645e-06  2.602627318992745e-06
  1.740000009536743e+00  3.366937561035156e+02  3.092144584655762e+01  1.652101135253906e+01  -1.825433197021484e+02  3.325972318649292e+00  -1.068937492370605e+01  -1.057109238900011e-05  3.980614110332681e-06  7.120945610950002e-07
  1.745000004768372e+00  3.412182006835938e+02  3.025157546997070e+01  1.432480907440186e+01  -1.713736267089844e+02  2.076285362243652e+00  -9.427787780761719e+00  -1.375199462927412e-05  2.658857511050883e-06  -1.248357307304104e-06
  1.750000000000000e+00  3.455481567382812e+02  2.993261909484863e+01  1.402291011810303e+01  -1.593543548583984e+02  2.508898735046387e+00  -7.835377216339111e+00  -1.699845597613603e-05  1.460334146941022e-06  -3.004996642630431e-06
  1.754999995231628e+00  3.486195678710938e+02  2.914052772521973e+01  1.376896667480469e+01  -1.468956909179688e+02  2.870013236999512e+00  -6.181438446044922e+00  -2.028977178269997e-05  3.456048034422565e-07  -4.678571713156998e-06
  1.759999990463257e+00  3.485025634765625e+02  2.696471595764160e+01  1.139524078369141e+01  -1.342266387939453e+02  1.670912027359009e+00  -5.047059535980225e+00  -2.358245546929538e-05  -6.727772756676131e-07  -6.396810931619257e-06
  1.764999985694885e+00  3.489437866210938e+02  2.526075363159180e+01  1.130029010772705e+01  -1.209001388549805e+02  1.934010148048401e+00  -3.390833854675293e+00  -2.694250360946171e-05  -1.596443894413824e-06  -7.887617357482668e-06
  1.769999980926514e+00  3.455481567382812e+02  2.203881263732910e+01  8.666224479675293e+00  -1.073749465942383e+02  8.763546347618103e-01  -2.360510110855103e+00  -3.026739614142571e-05  -2.372680228290847e-06  -9.411338396603242e-06
  1.774999976158142e+00  3.433997192382812e+02  1.946835136413574e+01  8.736252784729004e+00  -9.330126190185547e+01  1.058988332748413e+00  -7.355382442474365e-01  -3.366931196069345e-05  -3.084935769948061e-06  -1.069607424142305e-05
  1.779999971389771e+00  3.400273437500000e+02  1.649665260314941e+01  8.901543617248535e+00  -7.893518829345703e+01  1.200830221176147e+00  8.872388601303101e-01  -3.708068834384903e-05  -3.689864797706832e-06  -1.186238660011441e-05
  1.784999966621399e+00  3.321558227539062e+02  1.187926006317139e+01  6.107182979583740e+00  -6.436534881591797e+01  3.005150854587555e-01  1.760547876358032e+00  -4.040560088469647e-05  -4.102381353732198e-06  -1.307044840359595e-05
  1.789999961853027e+00  3.263542785644531e+02  8.178430557250977e+00  6.460192680358887e+00  -4.946138763427734e+01  3.967322111129761e-01  3.297034263610840e+00  -4.381288817967288e-05  -4.484058536036173e-06  -1.400658857164672e-05
  1.794999957084656e+00  3.154931640625000e+02  2.657989978790283e+00  3.419044256210327e+00  -3.439262008666992e+01  -3.049607574939728e-01  4.089767932891846e+00  -4.708371852757409e-05  -4.650777100323467e-06  -1.498929032095475e-05
  1.799999952316284e+00  3.074393005371094e+02  -1.637979388237000e+00  3.980725526809692e+00  -1.910720252990723e+01  -2.321949303150177e-01  5.510998725891113e+00  -5.045237048761919e-05  -4.815306056116242e-06  -1.568909829074983e-05
  1.804999947547913e+00  2.983453674316406e+02  -6.187570571899414e+00  4.633050441741943e+00  -3.724815845489502e+00  -1.615265309810638e-01  6.879430294036865e+00  -5.379054346121848e-05  -4.876279035670450e-06  -1.625591539777815e-05
  1.809999942779541e+00  2.837225646972656e+02  -1.269967365264893e+01  1.471939325332642e+00  1.178871440887451e+01  -6.680067777633667e-01  7.536306381225586e+00  -5.692641934729181e-05  -4.716786406788742e-06  -1.690654971753247e-05
  1.815000057220459e+00  2.727055358886719e+02  -1.761496162414551e+01  2.324554681777954e+00  2.729574584960938e+01  -5.928682088851929e-01  8.755104064941406e+00  -6.017284977133386e-05  -4.586416253005154e-06  -1.723703644529451e-05
  1.820000052452087e+00  2.557480773925781e+02  -2.468058013916016e+01  -1.010823249816895e+00  4.287387084960938e+01  -9.012072086334229e-01  9.375596046447754e+00  -6.315972859738395e-05  -4.242298928147648e-06  -1.766493005561642e-05
  1.825000047683716e+00  2.430733795166016e+02  -2.979931259155273e+01  6.476778071373701e-03  5.832165527343750e+01  -8.180834650993347e-01  1.044305896759033e+01  -6.627849506912753e-05  -3.948372068407480e-06  -1.776716271706391e-05
  1.830000042915344e+00  2.296649169921875e+02  -3.494885253906250e+01  1.116420030593872e+00  7.364841461181641e+01  -7.034105658531189e-01  1.141844654083252e+01  -6.932204269105569e-05  -3.585487093005213e-06  -1.774109659891110e-05
  1.835000038146973e+00  2.100980529785156e+02  -4.236351776123047e+01  -2.264488935470581e+00  8.898693084716797e+01  -8.468078970909119e-01  1.195498275756836e+01  -7.203328277682886e-05  -3.038108843611553e-06  -1.786311986506917e-05
  1.840000033378601e+00  1.954689483642578e+02  -4.744622039794922e+01  -1.027642846107483e+00  1.039797897338867e+02  -7.203941941261292e-01  1.277372837066650e+01  -7.489482231903821e-05  -2.566952844063053e-06  -1.762667670845985e-05
  1.845000028610229e+00  1.744766998291016e+02  -5.492750549316406e+01  -4.464020729064941e+00  1.189219741821289e+02  -7.048167586326599e-01  1.331370258331299e+01  -7.736860425211489e-05  -1.938285095093306e-06  -1.754680124577135e-05
  1.850000023841858e+00  1.589445190429688e+02  -5.975534820556641e+01  -3.110069751739502e+00  1.334019775390625e+02  -5.733032226562500e-01  1.397953605651855e+01  -8.001206151675433e-05  -1.401970507686201e-06  -1.711440745566506e-05
  1.855000019073486e+00  1.430311584472656e+02  -6.441326141357422e+01  -1.732870936393738e+00  1.475406494140625e+02  -4.137311577796936e-01  1.455380344390869e+01  -8.253881969721988e-05  -8.470146326544636e-07  -1.657205575611442e-05
  1.860000014305115e+00  1.208253784179688e+02  -7.149971771240234e+01  -5.103058815002441e+00  1.615632019042969e+02  -2.980580925941467e-01  1.505944824218750e+01  -8.461300603812560e-05  -1.775940177140001e-07  -1.622897798370104e-05
  1.865000009536743e+00  1.044711456298828e+02  -7.566373443603516e+01  -3.667014360427856e+00  1.749359436035156e+02  -1.578497886657715e-01  1.550055027008057e+01  -8.687340596225113e-05  3.781003101721581e-07  -1.551450804981869e-05
  1.870000004768372e+00  8.185089111328125e+01  -8.230609893798828e+01  -6.941929340362549e+00  1.881382598876953e+02  7.501705735921860e-02  1.601832962036133e+01  -8.864280243869871e-05  1.021930415845418e-06  -1.499261725257384e-05
  1.875000000000000e+00  6.536145019531250e+01  -8.584524536132812e+01  -5.494848728179932e+00  2.005898742675781e+02  1.715233325958252e-01  1.635148620605469e+01  -9.060936281457543e-05  1.539662207505899e-06  -1.412109941156814e-05
  1.879999995231628e+00  4.883537673950195e+01  -8.905922698974609e+01  -4.078884124755859e+00  2.125194702148438e+02  2.652723789215088e-01  1.660630226135254e+01  -9.242237138096243e-05  2.024531568167731e-06  -1.316056022915291e-05
  1.884999990463257e+00  2.640522384643555e+01  -9.464899444580078e+01  -7.153367042541504e+00  2.242261352539062e+02  5.453463196754456e-01  1.710424995422363e+01  -9.370419866172597e-05  2.568862328189425e-06  -1.240917390532559e-05
  1.889999985694885e+00  1.015933036804199e+01  -9.709109497070312e+01  -5.781445503234863e+00  2.350426483154297e+02  5.561714768409729e-01  1.728186607360840e+01  -9.518702427158132e-05  2.966252623082255e-06  -1.131181579694385e-05
  1.894999980926514e+00  -1.174382591247559e+01  -1.018394317626953e+02  -8.618141174316406e+00  2.456055145263672e+02  9.352796077728271e-01  1.775820541381836e+01  -9.612611756892875e-05  3.414336106288829e-06  -1.039351718645776e-05
  1.899999976158142e+00  -2.744898223876953e+01  -1.034362869262695e+02  -7.295491218566895e+00  2.552094268798828e+02  8.455830812454224e-01  1.787211227416992e+01  -9.725971904117614e-05  3.701458581417683e-06  -9.167840289592277e-06
  1.904999971389771e+00  -4.291204071044922e+01  -1.046692352294922e+02  -6.090235233306885e+00  2.641707153320312e+02  6.993849277496338e-01  1.794264984130859e+01  -9.821440471569076e-05  3.924859811377246e-06  -7.871994057495613e-06
  1.909999966621399e+00  -6.342463684082031e+01  -1.079601821899414e+02  -8.598455429077148e+00  2.728521118164062e+02  1.117012262344360e+00  1.836327552795410e+01  -9.862113802228123e-05  4.206723133393098e-06  -6.737688636349048e-06
  1.914999961853027e+00  -7.802539062500000e+01  -1.083245086669922e+02  -7.479084491729736e+00  2.804981384277344e+02  8.379677534103394e-01  1.839655303955078e+01  -9.920515003614128e-05  4.303481546230614e-06  -5.325751772033982e-06
  1.919999957084656e+00  -9.726647949218750e+01  -1.105865783691406e+02  -9.652321815490723e+00  2.878587341308594e+02  1.365691542625427e+00  1.872621345520020e+01  -9.925889025907964e-05  4.477160473470576e-06  -4.027179329568753e-06
  1.924999952316284e+00  -1.108249664306641e+02  -1.101045150756836e+02  -8.635558128356934e+00  2.941502990722656e+02  9.459555149078369e-01  1.873447418212891e+01  -9.946378122549504e-05  4.450929282029392e-06  -2.503984433133155e-06
  1.929999947547913e+00  -1.239325637817383e+02  -1.093038101196289e+02  -7.771184921264648e+00  2.997623901367188e+02  4.296408295631409e-01  1.872126388549805e+01  -9.947452053893358e-05  4.358333626441890e-06  -9.237219842361810e-07
  1.934999942779541e+00  -1.409167022705078e+02  -1.100350494384766e+02  -9.531602859497070e+00  3.050936584472656e+02  1.030995011329651e+00  1.892009162902832e+01  -9.898767166305333e-05  4.391116817714646e-06  5.881169045096613e-07
  1.940000057220459e+00  -1.527676086425781e+02  -1.084706649780273e+02  -8.775172233581543e+00  3.093463134765625e+02  3.699933290481567e-01  1.889077949523926e+01  -9.861091530183330e-05  4.196258942101849e-06  2.271006906084949e-06
  1.945000052452087e+00  -1.679931488037109e+02  -1.082155532836914e+02  -1.017545318603516e+01  3.133417358398438e+02  1.100349187850952e+00  1.892133903503418e+01  -9.777845116332173e-05  4.164770871284418e-06  3.941723662137520e-06
  1.950000047683716e+00  -1.784678497314453e+02  -1.059551696777344e+02  -9.507807731628418e+00  3.162618103027344e+02  3.104405403137207e-01  1.887172698974609e+01  -9.701347153168172e-05  3.892047061526682e-06  5.721768957300810e-06
  1.955000042915344e+00  -1.883641204833984e+02  -1.034932632446289e+02  -9.013897895812988e+00  3.185393676757812e+02  -5.864028930664062e-01  1.881236076354980e+01  -9.604870865587145e-05  3.579939402698074e-06  7.545383141405182e-06
  1.960000038146973e+00  -2.008231964111328e+02  -1.019177474975586e+02  -9.986087799072266e+00  3.205906066894531e+02  2.648387253284454e-01  1.863088798522949e+01  -9.468857024330646e-05  3.503764446577406e-06  9.411569408257492e-06
  1.965000033378601e+00  -2.092177886962891e+02  -9.889434814453125e+01  -9.565642356872559e+00  3.216146240234375e+02  -7.303317189216614e-01  1.854497528076172e+01  -9.333725756732747e-05  3.160783762723440e-06  1.131711087509757e-05
  1.970000028610229e+00  -2.196688385009766e+02  -9.653278350830078e+01  -1.022303199768066e+01  3.224562988281250e+02  2.444798201322556e-01  1.814319610595703e+01  -9.164483344648033e-05  3.093756731686881e-06  1.331433850282338e-05
  1.975000023841858e+00  -2.265110626220703e+02  -9.304102325439453e+01  -9.866713523864746e+00  3.222971801757812e+02  -8.186915516853333e-01  1.801946640014648e+01  -8.991062350105494e-05  2.755412197075202e-06  1.528805660200305e-05
  1.980000019073486e+00  -2.326811828613281e+02  -8.945241546630859e+01  -9.659804344177246e+00  3.215941467285156e+02  -1.956041455268860e+00  1.788369560241699e+01  -8.797972259344533e-05  2.419889369775774e-06  1.728366623865440e-05
  1.985000014305115e+00  -2.401457366943359e+02  -8.611000823974609e+01  -9.942711830139160e+00  3.207542114257812e+02  -8.451042175292969e-01  1.722244834899902e+01  -8.578016422688961e-05  2.426338369332370e-06  1.941627488122322e-05
  1.990000009536743e+00  -2.446991882324219e+02  -8.216622924804688e+01  -9.775110244750977e+00  3.190011291503906e+02  -1.994115829467773e+00  1.703438568115234e+01  -8.347525727003813e-05  2.147848817912745e-06  2.144883183063939e-05
  1.995000004768372e+00  -2.500747528076172e+02  -7.826753997802734e+01  -9.828157424926758e+00  3.171705017089844e+02  -8.129690289497375e-01  1.614854049682617e+01  -8.095711382338777e-05  2.230494601462851e-06  2.364925421716180e-05
  2.000000000000000e+00  -2.529814910888672e+02  -7.402469635009766e+01  -9.691449165344238e+00  3.144644775390625e+02  -1.938518285751343e+00  1.590330219268799e+01  -7.828758680261672e-05  2.039034598055878e-06  2.569077332736924e-05
