TITLE = "Temporal Signal for receiver number 00003"
VARIABLES = "Time","s_xx","s_yy","s_zz","s_xy","s_yz","s_xz","v1","v2","v3"
# x1       3.000000000000e+03
# x2       1.000000000000e+03
# x3       -7.500000000000e+03
# cell-global-id 16148
  0.000000000000000e+00  0.000000000000000e+00  0.000000000000000e+00  0.000000000000000e+00  0.000000000000000e+00  0.000000000000000e+00  0.000000000000000e+00  0.000000000000000e+00  0.000000000000000e+00  0.000000000000000e+00
  5.000000000000000e-03  0.000000000000000e+00  0.000000000000000e+00  0.000000000000000e+00  0.000000000000000e+00  0.000000000000000e+00  0.000000000000000e+00  0.000000000000000e+00  0.000000000000000e+00  0.000000000000000e+00
  1.000000000000000e-02  0.000000000000000e+00  0.000000000000000e+00  0.000000000000000e+00  0.000000000000000e+00  0.000000000000000e+00  0.000000000000000e+00  0.000000000000000e+00  0.000000000000000e+00  0.000000000000000e+00
  1.500000000000000e-02  3.187930412945482e-07  -6.018689694825388e-08  -3.987590360850302e-07  -7.937787081723869e-08  1.266639175082413e-07  -2.487597072481099e-09  2.653649332767291e-14  4.949495788984232e-15  -3.135180792225297e-14
  2.000000000000000e-02  -5.017479543360218e-02  -2.781417328121826e-02  -2.577163418642219e-02  -1.243449548854889e-02  9.054175275632858e-03  1.365705795848787e-02  1.049178751544818e-09  -7.177622897678835e-10  -2.736212355435220e-09
  2.500000000000000e-02  1.088311034558423e+00  4.161424658696031e-01  2.213401628356029e-01  3.438293813078199e-01  3.331254750214490e-01  6.035525702341407e-01  -9.853729983899572e-08  -6.478478813043105e-08  -8.890464936524946e-08
  3.000000000000000e-02  6.981224992965783e+00  2.435950674366274e+00  1.643387806579868e+00  1.930044014588297e+00  1.713900652633624e+00  3.270714238918861e+00  -5.327485950679809e-07  -2.860277607896999e-07  -4.180213376108843e-07
  3.500000000000000e-02  1.355964324332571e+01  4.137226401982154e+00  3.426541011905433e+00  2.673544595265073e+00  3.172534776147270e+00  6.693828312060450e+00  -9.622286935969970e-07  -4.542477552527268e-07  -6.927663303267959e-07
  4.000000000000000e-02  1.975648165640884e+01  3.715634851134623e+00  2.388591581492719e+00  2.574961807780155e+00  6.357955763425276e+00  1.182237471004141e+01  -1.352515822399395e-06  -5.361301157129060e-07  -1.037181593725831e-06
  4.500000000000000e-02  1.508958261513234e+01  -1.109355687575643e+00  -5.150460049699858e+00  -7.072511628477068e-02  9.159364803121296e+00  1.333985642054824e+01  -9.918855170624518e-07  -3.018062588082103e-07  -8.127809234773237e-07
  5.000000000000000e-02  3.672829338798848e-01  -7.537947955014468e+00  -1.852882888537052e+01  -3.329823043477929e+00  1.091185876425702e+01  8.788750853237781e+00  3.734296976706021e-08  4.386612913636966e-08  1.592775460282068e-07
  5.499999999999999e-02  -1.926463930955651e+01  -1.280167775206189e+01  -3.469803704624138e+01  -4.916657492382344e+00  1.182108787515835e+01  -1.404811862305084e+00  1.355919030306926e-06  2.534676603516606e-07  1.719257568103061e-06
  5.999999999999999e-02  -3.674361475408654e+01  -1.579500839457764e+01  -4.906729062744247e+01  -3.976229167638356e+00  1.193713821124726e+01  -1.535455548695031e+01  2.474623608705684e-06  2.527937329935710e-07  3.600083400497552e-06
  6.499999999999999e-02  -5.047828865188593e+01  -1.876536267013131e+01  -5.931624707782034e+01  -1.524048761145030e+00  1.156857771666486e+01  -2.893551702749515e+01  2.939634618586623e-06  2.532664887880115e-07  5.324299976286523e-06
  6.999999999999999e-02  -4.258380899326645e+01  -1.376855259975262e+01  -5.382025046857174e+01  1.995022615766519e+00  9.690231648088224e+00  -4.086216221936089e+01  2.391851371826756e-06  1.026108838633973e-07  6.770296819311794e-06
  7.500000000000000e-02  -1.323097490899512e+01  -3.544530369589466e+00  -3.342940842375754e+01  5.036199838225900e+00  6.444822420603449e+00  -4.660728499630640e+01  4.837481167795123e-07  -2.058288147538684e-08  7.362117374608581e-06
  8.000000000000000e-02  2.869589342061555e+01  9.517677279761074e+00  -3.994096056798139e+00  6.304364601454078e+00  2.957088669497658e+00  -4.113941183867524e+01  -2.246140179334667e-06  -3.530738471116912e-08  6.426906531155195e-06
  8.500000000000001e-02  6.393644632682503e+01  2.001724636132028e+01  2.278690694244761e+01  4.720136333645764e+00  1.016564770281190e+00  -2.005436484499329e+01  -4.617883913134458e-06  1.070012280452741e-07  3.420385990369365e-06
  9.000000000000001e-02  7.072975545682728e+01  2.159558828079834e+01  3.379066987315406e+01  1.629496581480926e-01  1.802931030843377e+00  1.723851931774242e+01  -5.286921277409707e-06  4.127455421941757e-07  -1.640428842565737e-06
  9.500000000000001e-02  3.567005612066502e+01  1.040220180216042e+01  2.020697764373897e+01  -5.858811974546441e+00  4.822376369944751e+00  6.521524109314618e+01  -3.402389209855505e-06  8.274281151845700e-07  -7.916096953723077e-06
  1.000000000000000e-01  -1.721197975439972e+01  -3.496859024792634e+00  -5.156682602753150e+00  -6.621388646632216e+00  3.829474537382977e+00  1.013043704133178e+02  -2.327390791565220e-07  1.028948699488263e-06  -1.223189029312346e-05
  1.050000000000000e-01  -1.144878488742243e+02  -3.574552414477766e+01  -6.548307474790295e+01  -7.380806425554425e+00  5.330954823076423e+00  1.357781434677661e+02  5.704168195624307e-06  1.467383577859022e-06  -1.667708646539161e-05
  1.100000000000000e-01  -2.114375645881521e+02  -6.649220319992766e+01  -1.310786517590736e+02  -1.754830608611613e+00  2.747278802776728e+00  1.469633096631650e+02  1.179707397636945e-05  1.639648549943335e-06  -1.793058501066564e-05
  1.150000000000000e-01  -2.742616460234745e+02  -8.396626044352537e+01  -1.830453049963804e+02  1.205617776772204e+01  -5.624958779276425e+00  1.277263580462249e+02  1.598769062701068e-05  1.341629541384010e-06  -1.512041274384249e-05
  1.200000000000000e-01  -2.755297649864724e+02  -7.918128791736022e+01  -2.055439748156817e+02  3.418273233948752e+01  -1.941172599344998e+01  7.871771063267967e+01  1.656637538782378e-05  4.295414667247251e-07  -8.435074235256778e-06
  1.250000000000000e-01  -2.011644088853694e+02  -4.844969606511695e+01  -1.897983795002716e+02  6.337964180611579e+01  -3.609467949712327e+01  8.612257734295921e+00  1.261745026562508e-05  -1.166826595430460e-06  8.874473315548172e-07
  1.300000000000000e-01  -7.156286020436607e+01  -1.386066965698978e+01  -1.601894663034491e+02  9.456049327633990e+01  -3.872575324261162e+01  -5.350705870396145e+01  6.165720736663650e-06  -2.691823294971004e-06  7.697253093238358e-06
  1.350000000000000e-01  1.407553633230888e+02  5.873291392146110e+01  -7.360828666785632e+01  1.322196958895341e+02  -4.890731427879991e+01  -1.207077124566002e+02  -6.078076593855416e-06  -5.521442754393132e-06  1.644794033433621e-05
  1.400000000000000e-01  3.910090691455247e+02  1.390034354450843e+02  3.492022832220101e+01  1.702547222056384e+02  -5.223958701127099e+01  -1.655563433356918e+02  -2.068177214185071e-05  -8.773311684662946e-06  2.229586069394424e-05
  1.450000000000000e-01  6.453064726202889e+02  2.127621520017674e+02  1.492441369717640e+02  2.049811179477827e+02  -4.673021977257485e+01  -1.773727240841320e+02  -3.553453484529301e-05  -1.209207671362275e-05  2.392556261521866e-05
  1.500000000000000e-01  8.684755012802506e+02  2.655040200590586e+02  2.532833588386769e+02  2.316124055271463e+02  -3.223153100521803e+01  -1.521929154127901e+02  -4.843233046921867e-05  -1.493851345696570e-05  2.092506000221430e-05
  1.550000000000001e-01  1.027713866873931e+03  2.837538545695078e+02  3.328258603947569e+02  2.439412565939618e+02  -1.031948199326180e+01  -9.320226293906912e+01  -5.732992050910384e-05  -1.656702823120578e-05  1.380808934418965e-05
  1.600000000000001e-01  1.095363421678518e+03  2.562947858009337e+02  3.765259503127016e+02  2.346371572641204e+02  1.621183471358180e+01  -9.598568159570783e+00  -6.053070563222314e-05  -1.607564031149751e-05  3.830685564645859e-06
  1.650000000000001e-01  1.057396186207887e+03  1.794674571754129e+02  3.720064251248087e+02  1.956713807034978e+02  4.584016566928002e+01  7.496314090082655e+01  -5.658852594276190e-05  -1.185520429499488e-05  -6.382203505458149e-06
  1.700000000000001e-01  8.924605487300739e+02  4.856323985855670e+01  3.275309453252351e+02  1.259905146433289e+02  6.980383580296072e+01  1.665916011844561e+02  -4.546046893934204e-05  -5.111877519024498e-06  -1.692385063651238e-05
  1.750000000000001e-01  6.122317516868944e+02  -1.320677713146341e+02  2.364559448882494e+02  2.136208077804745e+01  8.865574783525862e+01  2.442807552722652e+02  -2.730963262890739e-05  5.460180410107293e-06  -2.557072670233965e-05
  1.800000000000001e-01  2.344999141061718e+02  -3.506291644520730e+02  1.042610484551451e+02  -1.154516609374330e+02  9.984468655381565e+01  2.984268910166480e+02  -3.336536330755999e-06  1.958638983819539e-05  -3.118461707611344e-05
  1.850000000000001e-01  -2.100524652390555e+02  -5.881712269989673e+02  -5.865495319305140e+01  -2.759927455269087e+02  1.014776660132144e+02  3.238910599017009e+02  2.447360345000387e-05  3.628935480253954e-05  -3.319982992809659e-05
  1.900000000000001e-01  -6.795516572596845e+02  -8.197479946134908e+02  -2.372614456106378e+02  -4.462064906059117e+02  9.233441586760365e+01  3.202087709477017e+02  5.347430016638723e-05  5.390974862393649e-05  -3.162834665379821e-05
  1.950000000000001e-01  -1.096132650983756e+03  -9.909372616106624e+02  -4.079389756348318e+02  -5.885880745990975e+02  7.078537979864846e+01  2.863924251976323e+02  8.032998554035246e-05  6.828856499482231e-05  -2.756556208773343e-05
  2.000000000000001e-01  -1.460896097127872e+03  -1.127112991204456e+03  -5.630739887578493e+02  -7.214874041628669e+02  4.088875329105893e+01  2.398129976977426e+02  1.023264713683807e-04  8.125440894570142e-05  -2.096330390619200e-05
  2.050000000000001e-01  -1.704750980321905e+03  -1.177880722079770e+03  -6.770541602455323e+02  -8.075820185998028e+02  2.309790215604124e+00  1.820090358673505e+02  1.165127534702937e-04  8.865392104626628e-05  -1.300610251344648e-05
  2.100000000000001e-01  -1.789646034324263e+03  -1.124098404779433e+03  -7.324276246103022e+02  -8.297309025202100e+02  -4.280340817082604e+01  1.207706461885465e+02  1.206192922219029e-04  8.862498254217223e-05  -4.637332288910303e-06
  2.150000000000001e-01  -1.691655624803235e+03  -9.557879967425873e+02  -7.168728106703651e+02  -7.762265944512224e+02  -9.149273455344112e+01  6.263879438526499e+01  1.132665710396403e-04  8.002574790040508e-05  3.358380505192731e-06
  2.200000000000001e-01  -1.404900658040410e+03  -6.740545959226513e+02  -6.252173297560719e+02  -6.427997915049045e+02  -1.401291771167501e+02  1.214224668751890e+01  9.418326421274649e-05  6.263441481467275e-05  1.043887606072713e-05
  2.250000000000001e-01  -9.434978236558592e+02  -2.917443389621764e+02  -4.606202863807559e+02  -4.337113246658795e+02  -1.846843351174883e+02  -2.848261362152636e+01  6.430373748865504e-05  3.721738595061387e-05  1.632664601107877e-05
  2.300000000000001e-01  -3.576832554730759e+02  1.374032997701761e+02  -2.657167321165758e+02  -1.774959781093763e+02  -2.040800586855135e+02  -5.417416057025934e+01  2.818021906054067e-05  8.207959158703208e-06  1.913139706361153e-05
  2.350000000000001e-01  3.252877172213766e+02  6.325477512377543e+02  -4.344101442037274e-02  1.335963680154774e+02  -2.271695739419089e+02  -7.556616153676559e+01  -1.555424985018096e-05  -2.702318332372183e-05  2.261879215006856e-05
  2.400000000000001e-01  1.038545504359432e+03  1.134340735952189e+03  2.851723139707731e+02  4.638277332187082e+02  -2.367139869035377e+02  -9.117684355008693e+01  -6.119202085475056e-05  -6.347788914370279e-05  2.521123662001900e-05
  2.450000000000001e-01  1.712721905213014e+03  1.600167261774440e+03  5.613905953455062e+02  7.839738214632774e+02  -2.309162634038804e+02  -1.034605914721277e+02  -1.044815833652261e-04  -9.797838010517188e-05  2.708063840293621e-05
  2.500000000000001e-01  2.276965406711665e+03  1.987348001117978e+03  7.991512535528261e+02  1.063871715120835e+03  -2.090623409473246e+02  -1.142219606891781e+02  -1.410607990627692e-04  -1.273803358557856e-04  2.831030211936760e-05
  2.550000000000001e-01  2.664793002462216e+03  2.256468852196199e+03  9.707668875764338e+02  1.275072483025137e+03  -1.715908880821035e+02  -1.241674838377714e+02  -1.667901607052880e-04  -1.488275499262991e-04  2.886045394760970e-05
  2.600000000000001e-01  2.810844569928370e+03  2.345715257587528e+03  1.036757868523419e+03  1.390946791738436e+03  -1.080529637569731e+02  -1.278611324612179e+02  -1.763699826309407e-04  -1.580131257400192e-04  2.714524467059329e-05
  2.650000000000001e-01  2.698312143214137e+03  2.292644587362146e+03  1.016008428296903e+03  1.402875240919137e+03  -4.741038611269339e+01  -1.347514771204500e+02  -1.708278061199547e-04  -1.575012425435650e-04  2.601435113684322e-05
  2.700000000000001e-01  2.278212726821499e+03  2.046808751982036e+03  8.741820748191598e+02  1.288932766789847e+03  2.141718081186537e+01  -1.367688317417469e+02  -1.458442309548912e-04  -1.437050044940939e-04  2.359265782988132e-05
  2.750000000000001e-01  1.533508939645408e+03  1.600178052919414e+03  6.045636538561515e+02  1.041837595045186e+03  9.462345372112047e+01  -1.315657633411371e+02  -1.001543872636753e-04  -1.160665901513603e-04  1.968254134759107e-05
  2.800000000000001e-01  4.603451273697042e+02  9.530528763938829e+02  2.056882572904444e+02  6.600424956147245e+02  1.679285566719332e+02  -1.173867559713069e+02  -3.331995374472358e-05  -7.458257897867759e-05  1.422784669874305e-05
  2.850000000000001e-01  -9.343016322248259e+02  1.127195281013458e+02  -3.199024471861129e+02  1.465883786873710e+02  2.368187720659543e+02  -9.359488615435515e+01  5.438483978370006e-05  -1.969471363486542e-05  7.370179385824527e-06
  2.900000000000001e-01  -2.635545376748355e+03  -9.081881421411526e+02  -9.670120148451784e+02  -4.922768789568979e+02  2.968169529387828e+02  -6.097793151370087e+01  1.621315748666706e-04  4.782765779330249e-05  -5.277532996456986e-07
  2.950000000000002e-01  -4.585993607761845e+03  -2.089695722932816e+03  -1.733440380971564e+03  -1.238209543508239e+03  3.466003055992770e+02  -2.609270171695017e+01  2.882899615974433e-04  1.270519414068571e-04  -9.011931888966837e-06
  3.000000000000002e-01  -6.841270277993630e+03  -3.419219439906884e+03  -2.605877056841040e+03  -2.106262606927728e+03  3.773725109195283e+02  1.556424490538487e+01  4.325600972265765e-04  2.167094063615886e-04  -1.719441472398453e-05
  3.050000000000002e-01  -9.340962137735622e+03  -4.874545178707192e+03  -3.578591901890149e+03  -3.073779532650585e+03  3.894305828415948e+02  5.668760054424830e+01  5.928656187484935e-04  3.156166716942134e-04  -2.445923018879920e-05
  3.100000000000002e-01  -1.206314395877903e+04  -6.434071164592611e+03  -4.643384541974938e+03  -4.131318082613481e+03  3.813673625453386e+02  9.307758996038876e+01  7.676919015120137e-04  4.224089865272246e-04  -3.005936486240249e-05
  3.150000000000002e-01  -1.498749808961538e+04  -8.075045518137599e+03  -5.791456841565397e+03  -5.269642479634129e+03  3.531711492304821e+02  1.211173107907132e+02  9.555988535436275e-04  5.356163181003415e-04  -3.338671686174724e-05
  3.200000000000002e-01  -1.809543656011382e+04  -9.773260599659270e+03  -7.012911790872662e+03  -6.479434341567189e+03  3.063038528852475e+02  1.383649293297281e+02  1.155242446936466e-03  6.536367855262140e-04  -3.406487083878872e-05
  3.250000000000002e-01  -2.136267835207190e+04  -1.149606934545844e+04  -8.317189322406179e+03  -7.750811582255729e+03  2.533720633303408e+02  1.415071294227889e+02  1.367329191134584e-03  7.743802416628748e-04  -3.356885420285321e-05
  3.300000000000002e-01  -2.479170335122529e+04  -1.322741523537226e+04  -9.650494747728391e+03  -9.071546300301805e+03  1.807468988389418e+02  1.370114445960642e+02  1.587033515106536e-03  8.964709336168205e-04  -2.938376371879469e-05
  3.350000000000002e-01  -2.835531917581572e+04  -1.493152823781778e+04  -1.101683544790080e+04  -1.043089140662571e+04  1.014846346573106e+02  1.241462330226429e+02  1.814842513632962e-03  1.017683484121590e-03  -2.316665794729174e-05
  3.400000000000002e-01  -3.203923901446988e+04  -1.657676263943389e+04  -1.239967548277843e+04  -1.181697152400152e+04  2.096672159201784e+01  1.066777103993321e+02  2.049687572892515e-03  1.135927357648752e-03  -1.564497512993560e-05
  3.450000000000002e-01  -3.583044775944611e+04  -1.813088795910231e+04  -1.378177417006010e+04  -1.321769193776441e+04  -5.545255125332304e+01  8.915708257033859e+01  2.290580043067525e-03  1.249128022755413e-03  -7.690520569474726e-06
  3.500000000000002e-01  -3.971786205454807e+04  -1.956246125365407e+04  -1.514620173037157e+04  -1.462143723188791e+04  -1.229129946460019e+02  7.627298450862970e+01  2.536652247430181e-03  1.355339312996993e-03  -2.089374105290207e-07
  3.550000000000002e-01  -4.369328305899118e+04  -2.084250256378601e+04  -1.647751874435130e+04  -1.601796191904548e+04  -1.774543257926904e+02  7.219160322824008e+01  2.787218273503108e-03  1.452867384326931e-03  5.972556590090338e-06
  3.600000000000002e-01  -4.776146160990900e+04  -2.194021209049608e+04  -1.778927774900468e+04  -1.738725529241691e+04  -1.960495840972301e+02  8.034662853093509e+01  3.044828850206718e-03  1.540419964018049e-03  7.575330869171895e-06
  3.650000000000002e-01  -5.190710924283241e+04  -2.285244867916783e+04  -1.902100477452472e+04  -1.875012272538882e+04  -2.167553132127681e+02  1.013137805322552e+02  3.303527768599472e-03  1.617458559792202e-03  9.568402175289371e-06
  3.700000000000002e-01  -5.614400042916332e+04  -2.355901273536437e+04  -2.019333423183935e+04  -2.009348775429684e+04  -2.206709829206275e+02  1.356144102837655e+02  3.566443062194545e-03  1.683390164388650e-03  9.104606149851657e-06
  3.750000000000002e-01  -6.048500808412015e+04  -2.405632042995538e+04  -2.130651409295797e+04  -2.142040691102780e+04  -2.091084611555422e+02  1.813731749060052e+02  3.834227527812519e-03  1.738446605145842e-03  6.326670469704788e-06
  3.800000000000002e-01  -6.494929406872484e+04  -2.434907532719496e+04  -2.236558493963483e+04  -2.273793343567044e+04  -1.844194540461208e+02  2.351981337919244e+02  4.107928791501470e-03  1.783406060169557e-03  1.634036491802963e-06
  3.850000000000002e-01  -6.956175170697963e+04  -2.444983634028273e+04  -2.337987898095877e+04  -2.405674307285125e+04  -1.496972647936142e+02  2.926037405706047e+02  4.388949895204673e-03  1.819534240781864e-03  -4.376552518157123e-06
  3.900000000000002e-01  -7.436008979315446e+04  -2.439663860201804e+04  -2.439465680888154e+04  -2.539487712336533e+04  -8.599824404094285e+01  3.489371119144860e+02  4.682226316539935e-03  1.850707019918072e-03  -1.298706522784879e-05
  3.950000000000002e-01  -7.935630683672524e+04  -2.418043534948272e+04  -2.536028714321664e+04  -2.676208194826126e+04  -4.179241410091358e+01  3.987564875193729e+02  4.982999635030978e-03  1.874722000989762e-03  -1.946479113177821e-05
  4.000000000000002e-01  -8.459427200995898e+04  -2.384297715805867e+04  -2.632429630721967e+04  -2.817535636279158e+04  1.979139524404540e+00  4.376854455222943e+02  5.296457743179623e-03  1.895513763612595e-03  -2.512399009300718e-05
  4.050000000000002e-01  -9.010654950919098e+04  -2.341288467947324e+04  -2.730195589288163e+04  -2.965073624009093e+04  4.251238588400434e+01  4.623511259446562e+02  5.624433429767845e-03  1.915164591071601e-03  -2.936053980641266e-05
  4.100000000000003e-01  -9.592269358336364e+04  -2.291777786747341e+04  -2.830671417422614e+04  -3.120316003115390e+04  7.762803328611085e+01  4.708388659943504e+02  5.968554357487846e-03  1.935652669874286e-03  -3.173119776787003e-05
  4.150000000000003e-01  -1.020672832619729e+05  -2.238238214000345e+04  -2.934911313987977e+04  -3.284563653199725e+04  1.058501888704154e+02  4.628517288278375e+02  6.330124418474522e-03  1.958754441035865e-03  -3.198167212363772e-05
  4.200000000000003e-01  -1.085584985261719e+05  -2.182709146844192e+04  -3.043607572722783e+04  -3.458868245201401e+04  1.264076134170063e+02  4.396764619108690e+02  6.710041841290463e-03  1.985977542778067e-03  -3.005123972184954e-05
  4.250000000000003e-01  -1.153621201082631e+05  -2.128825895549863e+04  -3.160179364120147e+04  -3.644242764442234e+04  1.623476154649829e+02  4.034432295508735e+02  7.110313714539055e-03  2.021177934664402e-03  -2.860967722876416e-05
  4.300000000000003e-01  -1.225678116665379e+05  -2.073336852271127e+04  -3.278453657959835e+04  -3.840480675273223e+04  1.686768686297537e+02  3.573924282110094e+02  7.527933238956770e-03  2.060020416587386e-03  -2.298571272498903e-05
  4.350000000000003e-01  -1.301280620034529e+05  -2.018320803589914e+04  -3.400637243271954e+04  -4.047958492821575e+04  1.690518442741887e+02  3.068058414975970e+02  7.963715727051736e-03  2.105446813351826e-03  -1.616024671998857e-05
  4.400000000000003e-01  -1.380161127994048e+05  -1.962972015411565e+04  -3.525151119681502e+04  -4.266258960581599e+04  1.647855643538326e+02  2.582572501815033e+02  8.415848138594540e-03  2.157431311662055e-03  -8.864699547546857e-06
  4.450000000000003e-01  -1.462159615895485e+05  -1.906989485881132e+04  -3.650923772046416e+04  -4.495308817352400e+04  1.573425157891384e+02  2.196177838177829e+02  8.883256343193426e-03  2.216129976281875e-03  -1.819064598599088e-06
  4.500000000000003e-01  -1.547088504792374e+05  -1.849824868517009e+04  -3.777046461291109e+04  -4.734907221531931e+04  1.501572992338097e+02  1.994193178231663e+02  9.364711690450526e-03  2.281448263943998e-03  4.273685997585865e-06
  4.550000000000003e-01  -1.634226074232968e+05  -1.793474928187504e+04  -3.906916380732630e+04  -4.983992938924178e+04  1.749693312690283e+02  1.937363357040553e+02  9.862376631864995e-03  2.356156597063047e-03  5.862230963617908e-06
  4.600000000000003e-01  -1.724840931629469e+05  -1.733538629152424e+04  -4.033649729769347e+04  -5.243985115102953e+04  1.782127831877935e+02  2.093371493524957e+02  1.037096651274452e-02  2.434875023756867e-03  9.897749833993674e-06
  4.650000000000003e-01  -1.818359741428737e+05  -1.671762738132211e+04  -4.160645129692587e+04  -5.514194208896999e+04  1.834805682525942e+02  2.255128078300031e+02  1.089302920590048e-02  2.520442221733590e-03  1.466815050967791e-05
  4.700000000000003e-01  -1.914676528630262e+05  -1.607346737810129e+04  -4.287065685863354e+04  -5.794348567109706e+04  1.829965100796077e+02  2.232136361115443e+02  1.142780277100455e-02  2.612622979224187e-03  2.170393858214108e-05
  4.750000000000003e-01  -2.013666224210876e+05  -1.539587236185866e+04  -4.411905187500740e+04  -6.084202694041771e+04  1.693024372734126e+02  1.910401326809173e+02  1.197446731613800e-02  2.711024150531875e-03  3.141224424289033e-05
  4.800000000000003e-01  -2.115072921981869e+05  -1.467746528376803e+04  -4.533969382325729e+04  -6.383292009030696e+04  1.421883370857321e+02  1.341392977765501e+02  1.253145297677508e-02  2.815144608317889e-03  4.213483013489316e-05
  4.850000000000003e-01  -2.218850234452844e+05  -1.395795635184758e+04  -4.661262748199617e+04  -6.690628343760852e+04  1.639033029165494e+02  1.046902565829280e+02  1.310678592917286e-02  2.927996776866861e-03  4.110909493275600e-05
  4.900000000000003e-01  -2.325281499412659e+05  -1.318452195142859e+04  -4.777828473685883e+04  -7.009303865271092e+04  1.347754055819583e+02  6.747054385452108e+01  1.368594930467685e-02  3.044146344689064e-03  4.444261459349263e-05
  4.950000000000003e-01  -2.434661925382046e+05  -1.242190886985971e+04  -4.893938316251573e+04  -7.338123973479167e+04  1.205882903782030e+02  7.232319310105724e+01  1.427871587913969e-02  3.166645981994502e-03  4.010403521873154e-05
  5.000000000000003e-01  -2.547729322960795e+05  -1.170269159764097e+04  -5.012488956281933e+04  -7.677522603299144e+04  1.292581346840550e+02  1.308517258805638e+02  1.488945507920525e-02  3.295543676050526e-03  2.710304388821587e-05
  5.050000000000003e-01  -2.665333090588946e+05  -1.105114324813725e+04  -5.136301305369125e+04  -8.027741356213146e+04  1.632065230156451e+02  2.417914649827928e+02  1.552305100437899e-02  3.430555308187731e-03  6.236151371660905e-06
  5.100000000000003e-01  -2.788224307699431e+05  -1.048012570079754e+04  -5.267429162072867e+04  -8.388948693040310e+04  2.208468895667943e+02  3.914718604924072e+02  1.618377873368608e-02  3.571757814316236e-03  -2.018628076549741e-05
  5.150000000000003e-01  -2.917153156224526e+05  -1.000283104862886e+04  -5.407322099212316e+04  -8.762302856175043e+04  2.958259091468516e+02  5.555412041769368e+02  1.687583527522340e-02  3.720580546938735e-03  -4.854014400676382e-05
  5.200000000000004e-01  -3.052617354509748e+05  -9.638004714663321e+03  -5.561397575234088e+04  -9.150866156281294e+04  4.038403884799361e+02  6.889594623722996e+02  1.760686161772880e-02  3.885953530464537e-03  -7.652658262346548e-05
  5.250000000000004e-01  -3.195348248555029e+05  -9.405370706423992e+03  -5.721241884028720e+04  -9.556066771631088e+04  4.843296618069629e+02  8.016957857475225e+02  1.836927084714774e-02  4.058985086522490e-03  -9.800378037996542e-05
  5.300000000000004e-01  -3.345262962701839e+05  -9.305123721516036e+03  -5.890345037538429e+04  -9.981845797285832e+04  5.542639941729557e+02  8.622550808236900e+02  1.916732823015981e-02  4.248642525748847e-03  -1.122166334473465e-04
  5.350000000000004e-01  -3.501696653341700e+05  -9.318081599449069e+03  -6.066793473082453e+04  -1.042986694335893e+05  6.109416834656358e+02  8.705020483173365e+02  1.999594352036920e-02  4.456811193340337e-03  -1.194667049198617e-04
  5.400000000000004e-01  -3.663709586230511e+05  -9.411313451842272e+03  -6.248448913892198e+04  -1.090017860642086e+05  6.591328677651921e+02  8.424204026842860e+02  2.084888204652156e-02  4.684136256222379e-03  -1.223351398467744e-04
  5.450000000000004e-01  -3.830892151492804e+05  -9.566991532158128e+03  -6.434371782807882e+04  -1.139301146410380e+05  7.023710864930907e+02  7.980418746347116e+02  2.172374084901478e-02  4.931375640541222e-03  -1.233911105776845e-04
  5.500000000000004e-01  -4.001982837153766e+05  -9.742473267909547e+03  -6.626418974925023e+04  -1.190240380390260e+05  7.615491584401360e+02  7.471223151055310e+02  2.262024401128850e-02  5.199133843784651e-03  -1.267770977171656e-04
  5.550000000000004e-01  -4.178717654950577e+05  -9.954911274906821e+03  -6.814995240389447e+04  -1.243921852765510e+05  7.718878811129416e+02  6.874899664327636e+02  2.353454153346023e-02  5.484754744188958e-03  -1.241754267822164e-04
  5.600000000000004e-01  -4.359916186423800e+05  -1.015894310497160e+04  -7.001197587873615e+04  -1.299668683023636e+05  7.530233729090320e+02  6.116309958323328e+02  2.446646230058227e-02  5.788672537155946e-03  -1.175438498701887e-04
  5.650000000000004e-01  -4.545465625177968e+05  -1.033876284588723e+04  -7.183094773289294e+04  -1.357301446602741e+05  6.939056754901561e+02  4.966563844959415e+02  2.541545058749101e-02  6.109787867632415e-03  -1.037942172039181e-04
  5.700000000000004e-01  -4.736159366914547e+05  -1.052118513592473e+04  -7.362420333413502e+04  -1.416816199239968e+05  5.879769945673979e+02  3.243065373431363e+02  2.638671898969520e-02  6.448509036376073e-03  -8.091828809644206e-05
  5.750000000000004e-01  -4.932853586217483e+05  -1.073522134868607e+04  -7.541497485656002e+04  -1.478192391836458e+05  4.348039387184476e+02  8.809215468641385e+01  2.738544240324135e-02  6.804504747572027e-03  -4.891483076100638e-05
  5.800000000000004e-01  -5.136660216435440e+05  -1.102181903603956e+04  -7.723755490401333e+04  -1.541471232255574e+05  2.386970929847470e+02  -2.008947353064080e+02  2.841784400419058e-02  7.177081094117800e-03  -1.003050091117316e-05
  5.850000000000004e-01  -5.349114318242976e+05  -1.136293658940577e+04  -7.918818155366300e+04  -1.606734188394389e+05  5.229209644688137e+01  -4.236011590488055e+02  2.949490520369061e-02  7.557045406113588e-03  1.688392422475174e-05
  5.900000000000004e-01  -5.569629709630099e+05  -1.183184556036836e+04  -8.111146744831103e+04  -1.673689826249278e+05  -1.977426981848186e+02  -7.105031563361679e+02  3.060502144901370e-02  7.953133905811023e-03  5.546397756875132e-05
  5.950000000000004e-01  -5.800376360741280e+05  -1.243801149317826e+04  -8.316025506654309e+04  -1.742297036801506e+05  -4.423025378661624e+02  -9.280702052592250e+02  3.176384059495947e-02  8.357280384440715e-03  8.327131033824623e-05
  6.000000000000004e-01  -6.043380410045492e+05  -1.323543607305164e+04  -8.543350136767718e+04  -1.812670233679106e+05  -6.344699424195792e+02  -1.001605928224712e+03  3.298346867774160e-02  8.769549628131966e-03  9.002838205272470e-05
  6.050000000000004e-01  -6.300635142526057e+05  -1.427782198032032e+04  -8.803322358417267e+04  -1.885065946819408e+05  -7.315148837727746e+02  -8.757503564001871e+02  3.427701942032484e-02  9.191717417605966e-03  6.938003650467337e-05
  6.100000000000004e-01  -6.573657281255686e+05  -1.557649142932369e+04  -9.101432654831815e+04  -1.959753870155947e+05  -7.153164250192975e+02  -5.426680456302091e+02  3.565490073662029e-02  9.624593777703526e-03  2.238244003785283e-05
  6.150000000000004e-01  -6.861753498989280e+05  -1.705314222467842e+04  -9.426645060296108e+04  -2.037107601589055e+05  -6.724314482645234e+02  -1.958677014519271e+02  3.711472467020524e-02  1.006730289927861e-02  -2.422683246930615e-05
  6.200000000000004e-01  -7.166648463743989e+05  -1.872729646392538e+04  -9.789226032011844e+04  -2.116703436087797e+05  -4.951133587507276e+02  3.472228604932258e+02  3.866393440483310e-02  1.052110506564535e-02  -9.266278768323933e-05
  6.250000000000004e-01  -7.487563102557533e+05  -2.047587511274483e+04  -1.017355530059985e+05  -2.199197862414696e+05  -2.764965640333998e+02  8.791199311204904e+02  4.029964285990021e-02  1.098518025359020e-02  -1.542845135686773e-04
  6.300000000000004e-01  -7.822908659452662e+05  -2.219415447182953e+04  -1.056613385804364e+05  -2.284731415339187e+05  -6.159848746843074e+01  1.283005756368739e+03  4.201176865065891e-02  1.146061206385958e-02  -1.945654280338734e-04
  6.350000000000005e-01  -8.169602853682337e+05  -2.375757322094139e+04  -1.095076813622040e+05  -2.373207561668808e+05  1.198912917949754e+02  1.475981878911494e+03  4.378090105058047e-02  1.194815103928988e-02  -2.049619272343678e-04
  6.400000000000005e-01  -8.524436425587545e+05  -2.505962636694787e+04  -1.131333757280695e+05  -2.464447591375273e+05  2.547846912488473e+02  1.429200988566408e+03  4.558669137234355e-02  1.244765204662013e-02  -1.845475722277801e-04
  6.450000000000005e-01  -8.885167673380646e+05  -2.602310771449486e+04  -1.164539054415744e+05  -2.558252310197907e+05  3.388621829934049e+02  1.158886921737956e+03  4.741430994061818e-02  1.295703048069051e-02  -1.381160704607964e-04
  6.500000000000005e-01  -9.250589241882733e+05  -2.679801808586865e+04  -1.196214814279095e+05  -2.654657237952211e+05  4.108320675530160e+02  8.213134010561860e+02  4.926057388657268e-02  1.347609604901241e-02  -9.440253671668994e-05
  6.550000000000005e-01  -9.622477535625832e+05  -2.700090540603028e+04  -1.224296999448070e+05  -2.753020587386327e+05  4.515199665317005e+02  3.288921168598696e+02  5.112508811205151e-02  1.399435541255681e-02  -2.867141465898765e-05
  6.600000000000005e-01  -1.000233493936712e+06  -2.688617160146200e+04  -1.251783923986018e+05  -2.853474605699388e+05  4.935629397903170e+02  -1.797273177530421e+02  5.302172609896242e-02  1.451492433032732e-02  3.192644760911603e-05
  6.650000000000005e-01  -1.039388387252510e+06  -2.659924280262888e+04  -1.280998275055816e+05  -2.956362854958783e+05  5.650998247183315e+02  -6.251508210295066e+02  5.497472816869956e-02  1.504203244750972e-02  7.697787216472715e-05
  6.700000000000005e-01  -1.080197189915698e+06  -2.636388210469067e+04  -1.314392496956385e+05  -3.062547235045984e+05  6.876186858888873e+02  -9.469189994739688e+02  5.701552049156026e-02  1.558612589666013e-02  9.982668543747425e-05
  6.750000000000005e-01  -1.123219237199825e+06  -2.643398480355498e+04  -1.354090079226044e+05  -3.173299693413167e+05  8.728417374437475e+02  -1.099683216370361e+03  5.917900365215399e-02  1.616087127707560e-02  9.688493001668457e-05
  6.800000000000005e-01  -1.169248026968751e+06  -2.731355052335011e+04  -1.401374000047095e+05  -3.291597337143641e+05  1.042205773013534e+03  -1.101760560319522e+03  6.150126122982262e-02  1.679523638293337e-02  7.926396458178301e-05
  6.850000000000005e-01  -1.218189886636384e+06  -2.849773365165459e+04  -1.456048813630669e+05  -3.415340617350551e+05  1.334965444554653e+03  -8.221047352739525e+02  6.399181668468029e-02  1.746406374650947e-02  2.349978949908714e-05
  6.900000000000005e-01  -1.270533174202800e+06  -3.036726229848089e+04  -1.518212796751241e+05  -3.547110138833738e+05  1.723618720436852e+03  -2.229975312234209e+02  6.666956204091684e-02  1.819109540128831e-02  -6.780768337959579e-05
  6.950000000000005e-01  -1.326521048529116e+06  -3.299025927861752e+04  -1.587681424896437e+05  -3.688073326958076e+05  2.223762540856197e+03  7.165935420167208e+02  6.954398379482776e-02  1.898573374386357e-02  -1.937549326527822e-04
  7.000000000000005e-01  -1.386363637361569e+06  -3.644857375626235e+04  -1.664707744622834e+05  -3.839562668667400e+05  2.829240683800276e+03  1.951689406118511e+03  7.262335370426010e-02  1.986048839261363e-02  -3.453978686199973e-04
  7.050000000000005e-01  -1.450108581125064e+06  -4.077409290225860e+04  -1.749491263355783e+05  -4.002711231121822e+05  3.502127251608325e+03  3.358938698669675e+03  7.590765672047702e-02  2.082720879507434e-02  -5.053216020734502e-04
  7.100000000000005e-01  -1.517586208245322e+06  -4.591831800194666e+04  -1.841833098790947e+05  -4.178226112314297e+05  4.179109433140099e+03  4.759651690002332e+03  7.938614654902719e-02  2.189421752527825e-02  -6.512673854775995e-04
  7.150000000000005e-01  -1.587846370129661e+06  -5.167400435987151e+04  -1.937823915853185e+05  -4.365245034580440e+05  4.482384228275700e+03  5.618233297065800e+03  8.300316892525630e-02  2.305531088716327e-02  -7.127251962138852e-04
  7.200000000000005e-01  -1.661458560191809e+06  -5.802399385373668e+04  -2.042238813026208e+05  -4.565546843751688e+05  4.948891217734162e+03  6.461816858063211e+03  8.680014994392767e-02  2.432460132531726e-02  -7.721429910697453e-04
  7.250000000000005e-01  -1.737470559621943e+06  -6.472153659253775e+04  -2.150255976011237e+05  -4.778372004095910e+05  5.181593737662551e+03  6.774538106883206e+03  9.072043080711788e-02  2.569309422589653e-02  -7.589452934059983e-04
  7.300000000000005e-01  -1.815289027912881e+06  -7.152510831095738e+04  -2.259277533756310e+05  -5.002993304302648e+05  5.115494112811250e+03  6.466793857823308e+03  9.473266098413914e-02  2.714964912257023e-02  -6.643259006093790e-04
  7.350000000000005e-01  -1.894525046129481e+06  -7.827572884970788e+04  -2.367147561968075e+05  -5.238708030848601e+05  4.719846889358794e+03  5.534288621880631e+03  9.881779709807241e-02  2.868309052644106e-02  -4.898885793303523e-04
  7.400000000000005e-01  -1.975265044284229e+06  -8.500841005768195e+04  -2.473121256275122e+05  -5.485465544841136e+05  4.001571600035693e+03  4.060625866614324e+03  1.029849029483798e-01  3.028816233211460e-02  -2.475357547221200e-04
  7.450000000000006e-01  -2.058627711371067e+06  -9.230087770408322e+04  -2.581028770236796e+05  -5.745013091359030e+05  3.153588644494600e+03  2.589124275372993e+03  1.072961878214259e-01  3.196938086270486e-02  -8.994256242238239e-06
  7.500000000000006e-01  -2.144844471417622e+06  -9.979693985020179e+04  -2.688037204899064e+05  -6.017176554026025e+05  2.055945568195611e+03  7.019698200804382e+02  1.117731238151407e-01  3.372534076803779e-02  2.845391763189304e-04
  7.550000000000006e-01  -2.235299803951386e+06  -1.081418150991479e+05  -2.798846528768398e+05  -6.303282199488593e+05  9.054622267496761e+02  -1.085666539788750e+03  1.164931004828408e-01  3.555869472161731e-02  5.625049735416349e-04
  7.600000000000006e-01  -2.331419339453042e+06  -1.177740697881689e+05  -2.918000586838068e+05  -6.605060584195975e+05  -1.546384928913277e+02  -2.535575898261930e+03  1.215370837587135e-01  3.747914575445960e-02  7.921729388159614e-04
  7.650000000000006e-01  -2.434866564131397e+06  -1.292474867215247e+05  -3.051558238947046e+05  -6.925266344294278e+05  -1.004891708361862e+03  -3.471633711056435e+03  1.270012808635095e-01  3.950775117298486e-02  9.492689175878966e-04
  7.700000000000006e-01  -2.547318153794855e+06  -1.431248034936682e+05  -3.205914693684655e+05  -7.267373884047328e+05  -1.576810239027501e+03  -3.804449563227327e+03  1.329837744359723e-01  4.167248119438982e-02  1.021526746081867e-03
  7.750000000000006e-01  -2.670221174588618e+06  -1.598787005101846e+05  -3.386572035066214e+05  -7.635170270296702e+05  -1.858374043617819e+03  -3.529296755088948e+03  1.395699903621336e-01  4.400408314269758e-02  1.008463647263947e-03
  7.800000000000006e-01  -2.805752138331585e+06  -1.800600448170100e+05  -3.598998584550816e+05  -8.035195211278577e+05  -1.868401714347771e+03  -2.765224282693437e+03  1.468673854061723e-01  4.655558630374814e-02  9.409501909244909e-04
  7.850000000000006e-01  -2.952457855515146e+06  -2.034525103171755e+05  -3.841423967700370e+05  -8.465831103694952e+05  -1.726710669333816e+03  -1.598942687960007e+03  1.548370963869855e-01  4.931674596252366e-02  8.003209746181096e-04
  7.900000000000006e-01  -3.111544436197274e+06  -2.301877304142666e+05  -4.115685830749939e+05  -8.932958499031867e+05  -1.430063402792823e+03  -6.124775461969182e+01  1.635287171165759e-01  5.232748248525794e-02  6.056146065952736e-04
  7.950000000000006e-01  -3.282481020739116e+06  -2.599245809744561e+05  -4.418362239437388e+05  -9.438542618666379e+05  -1.037216071436836e+03  1.726499474727416e+03  1.729097169569398e-01  5.559814013653007e-02  3.732541761671943e-04
  8.000000000000006e-01  -3.464086314636948e+06  -2.920345687631614e+05  -4.743405472089052e+05  -9.982996769277520e+05  -6.179628975751423e+02  3.609855220091166e+03  1.829067825694653e-01  5.912327861962269e-02  1.237951714047171e-04
  8.050000000000006e-01  -3.654339524712640e+06  -3.254736868828978e+05  -5.081677185311917e+05  -1.056410951520131e+06  -2.315107770773249e+02  5.431934846631546e+03  1.933936469800923e-01  6.287119947815765e-02  -1.234024585072165e-04
  8.100000000000006e-01  -3.848717522653052e+06  -3.581492850565156e+05  -5.414209303680811e+05  -1.117191197569504e+06  4.622070184316127e+01  6.756898942531342e+03  2.040941780094909e-01  6.675500110458589e-02  -3.112294151861894e-04
  8.150000000000006e-01  -4.047496839634318e+06  -3.898538194675969e+05  -5.743166640641838e+05  -1.180945540483381e+06  3.166837378123967e+02  8.164729606219301e+03  2.150226568144631e-01  7.075651565621617e-02  -5.254077236821528e-04
  8.200000000000006e-01  -4.246216598125611e+06  -4.183847562682635e+05  -6.049021117825520e+05  -1.246527165991602e+06  4.984663769600699e+02  9.194663845655181e+03  2.258945909873921e-01  7.477295058866947e-02  -7.030720604716996e-04
  8.250000000000006e-01  -4.441813925511818e+06  -4.421870197519488e+05  -6.319934651702701e+05  -1.313103368201626e+06  6.192119278341518e+02  9.817157679660424e+03  2.365184930730319e-01  7.871831433302519e-02  -8.422558031891724e-04
  8.300000000000006e-01  -4.631634679613823e+06  -4.598825584418342e+05  -6.545845846112131e+05  -1.379866361381060e+06  7.239445385571515e+02  1.006714633926108e+04  2.467295018348805e-01  8.250871938355403e-02  -9.462885844583418e-04
  8.350000000000006e-01  -4.813553347093648e+06  -4.703490428385802e+05  -6.718738638036262e+05  -1.446107062812963e+06  8.435054372925306e+02  1.000045054295014e+04  2.563930999221470e-01  8.606824338292091e-02  -1.017371004125116e-03
  8.400000000000006e-01  -4.986152476578563e+06  -4.728918434854287e+05  -6.833881059912655e+05  -1.511303928035141e+06  9.946505815309088e+02  9.665203640279444e+03  2.654182350611306e-01  8.934256030014336e-02  -1.054406814512904e-03
  8.450000000000006e-01  -5.148850378241724e+06  -4.672576464671108e+05  -6.892591168051565e+05  -1.574964230460920e+06  1.224256114574328e+03  9.237836440522466e+03  2.737814634949837e-01  9.228332865485152e-02  -1.073440910381459e-03
  8.500000000000006e-01  -5.301952117197407e+06  -4.535915702337897e+05  -6.892740697473009e+05  -1.637330322798956e+06  1.399444556113795e+03  8.429098351295244e+03  2.814573189442050e-01  9.491420559517111e-02  -1.030930274486048e-03
  8.550000000000006e-01  -5.445414781215901e+06  -4.321512296935120e+05  -6.838631316809886e+05  -1.698157469536861e+06  1.543456999738475e+03  7.381651760899787e+03  2.884601611719033e-01  9.722187246599409e-02  -9.356613312942222e-04
  8.600000000000007e-01  -5.579981333344528e+06  -4.034282672012706e+05  -6.734563497066732e+05  -1.757554568746187e+06  1.612227017510539e+03  6.095247277646984e+03  2.948295895656162e-01  9.922330150014617e-02  -7.855435404739877e-04
  8.650000000000007e-01  -5.706536826355259e+06  -3.680137905705237e+05  -6.585155508643572e+05  -1.815710570840286e+06  1.607077646519414e+03  4.627054365532420e+03  3.006144028597934e-01  1.009454825217864e-01  -5.921402639210736e-04
  8.700000000000007e-01  -5.826247188911073e+06  -3.267460737468638e+05  -6.395798188842861e+05  -1.872986680982653e+06  1.547568142274106e+03  3.085422407605461e+03  3.058815095167929e-01  1.024341279559414e-01  -3.748875608484681e-04
  8.750000000000007e-01  -5.942617890408814e+06  -2.806639060416634e+05  -6.177206629175449e+05  -1.929850394911140e+06  1.395751150192248e+03  1.675235620417035e+03  3.108395663220959e-01  1.037153086940835e-01  -1.810359884459045e-04
  8.800000000000007e-01  -6.053450987876058e+06  -2.311366533888659e+05  -5.927150117701192e+05  -1.987106111703072e+06  1.141063159832312e+03  2.353565460228759e+02  3.153652632717764e-01  1.049382258145779e-01  4.483578560538072e-05
  8.850000000000007e-01  -6.162262361915981e+06  -1.793498555098382e+05  -5.656948572349699e+05  -2.045374269619845e+06  7.146250635053052e+02  -1.094317841401556e+03  3.196712867902580e-01  1.061453788950780e-01  2.617211770103482e-04
  8.900000000000007e-01  -6.270585135114568e+06  -1.264277938570063e+05  -5.372860176373179e+05  -2.105307582090566e+06  1.231711600228957e+02  -2.283801472680554e+03  3.238554306561923e-01  1.074070127763908e-01  4.577273121973767e-04
  8.950000000000007e-01  -6.379614876199161e+06  -7.328237906037841e+04  -5.079738672531989e+05  -2.167468512611975e+06  -5.494538870079981e+02  -3.264171748806873e+03  3.279949668921698e-01  1.087787744537880e-01  6.147447079571131e-04
  9.000000000000007e-01  -6.490125014026638e+06  -2.058748994603877e+04  -4.780982643757236e+05  -2.232301649928167e+06  -1.189579968765262e+03  -3.951888711409569e+03  3.321404074967041e-01  1.103006504689673e-01  7.156518753775786e-04
  9.050000000000007e-01  -6.602741827579046e+06  3.076312856751293e+04  -4.478789751623833e+05  -2.300056544530061e+06  -1.849502347785239e+03  -4.398702374721700e+03  3.363546546663885e-01  1.120145772296353e-01  7.658469968582354e-04
  9.100000000000007e-01  -6.717524056245279e+06  7.984756886704187e+04  -4.180030132987481e+05  -2.371731862054363e+06  -2.341765110940275e+03  -4.597506312898902e+03  3.406156975578390e-01  1.140277189779129e-01  7.707902061411352e-04
  9.150000000000007e-01  -6.835324163798289e+06  1.256583496414889e+05  -3.888013937357389e+05  -2.447662740271149e+06  -2.768661610675121e+03  -4.645858852587898e+03  3.449941981832090e-01  1.163887123706385e-01  7.479867540094032e-04
  9.200000000000007e-01  -6.956615108118313e+06  1.668185628842913e+05  -3.607905907558762e+05  -2.528536158339223e+06  -3.204649372070163e+03  -4.698177073556283e+03  3.495305666733218e-01  1.191993836637699e-01  7.270586384570412e-04
  9.250000000000007e-01  -7.081608237321651e+06  2.020332016686370e+05  -3.343663850101961e+05  -2.614984887278676e+06  -3.735014670959409e+03  -4.910871036981834e+03  3.542487305467356e-01  1.225573609275673e-01  7.365533442128378e-04
  9.300000000000007e-01  -7.209968554224573e+06  2.303339862213701e+05  -3.096683638525875e+05  -2.707444646372208e+06  -4.385989487580109e+03  -5.357837183659393e+03  3.591351357224353e-01  1.265372627422788e-01  7.883065340107739e-04
  9.350000000000007e-01  -7.340728567239121e+06  2.511561122015132e+05  -2.865375007082488e+05  -2.806084741028201e+06  -5.051069756674246e+03  -5.940939583812504e+03  3.641347763210214e-01  1.311823829148467e-01  8.668494970568714e-04
  9.400000000000007e-01  -7.469076090418153e+06  2.637031970630398e+05  -2.641530778577146e+05  -2.910206943058430e+06  -5.762772192902809e+03  -6.458679846243137e+03  3.690426375735663e-01  1.365664567192960e-01  9.281515434967116e-04
  9.450000000000007e-01  -7.599538868929372e+06  2.695522430586891e+05  -2.426281864248188e+05  -3.020525292926379e+06  -6.058686133401457e+03  -6.732147209957478e+03  3.739745321972655e-01  1.425460286007134e-01  9.899499597645347e-04
  9.500000000000007e-01  -7.727497398149319e+06  2.679422708490017e+05  -2.210771348644085e+05  -3.136158868533708e+06  -6.051550748534916e+03  -6.648612251119756e+03  3.787173998349243e-01  1.491701046265641e-01  1.025610628049194e-03
  9.550000000000007e-01  -7.851231666125331e+06  2.586804859958995e+05  -1.991278569197253e+05  -3.256622325037320e+06  -5.672924258041267e+03  -6.099103950096155e+03  3.831559582317043e-01  1.564341885456713e-01  1.021730566200074e-03
  9.600000000000007e-01  -7.969131008441646e+06  2.413460432148861e+05  -1.766539585636942e+05  -3.381396125609417e+06  -4.860168533790184e+03  -5.039140915501930e+03  3.871834455952819e-01  1.643468242365973e-01  9.658514743537945e-04
  9.650000000000007e-01  -8.079849007846966e+06  2.153895968268391e+05  -1.537156192452440e+05  -3.509956382881947e+06  -3.588836755129746e+03  -3.509199456697420e+03  3.907160645575495e-01  1.729198997796213e-01  8.514321300549772e-04
  9.700000000000008e-01  -8.179723521288998e+06  1.810108870325808e+05  -1.302951930223621e+05  -3.640654726236023e+06  -2.121573458949161e+03  -1.458373567896087e+03  3.936647529553323e-01  1.821335043677050e-01  6.447258912638638e-04
  9.750000000000008e-01  -8.273221828338826e+06  1.373386379577988e+05  -1.064893106773358e+05  -3.774903313609636e+06  -5.697152664962800e+01  7.120393587613561e+02  3.960469630156375e-01  1.919473436550417e-01  4.233668073928627e-04
  9.800000000000008e-01  -8.356353289906528e+06  8.474535585420881e+04  -8.207000272768011e+04  -3.910988317965007e+06  2.300726607448117e+03  3.025961893768458e+03  3.977647872601890e-01  2.023210642248430e-01  1.635544326788185e-04
  9.850000000000008e-01  -8.428334370713199e+06  2.363900934165912e+04  -5.690243254007655e+04  -4.048153579128201e+06  4.775916844263425e+03  5.346220128023159e+03  3.987859531452280e-01  2.131742570253838e-01  -1.072868656975224e-04
  9.900000000000008e-01  -8.488798262113422e+06  -4.557442366750160e+04  -3.106709636904761e+04  -4.185660704905606e+06  7.166757459074382e+03  7.516323540227721e+03  3.991009858405821e-01  2.244232608590171e-01  -3.566295790090930e-04
  9.950000000000008e-01  -8.538003641039334e+06  -1.226907974450081e+05  -4.933489110942770e+03  -4.322861750318043e+06  9.254640921801449e+03  9.299449032055603e+03  3.987328547113667e-01  2.359969591581214e-01  -5.492764458394001e-04
  1.000000000000001e+00  -8.576448279469116e+06  -2.076821945480427e+05  2.105973658677515e+04  -4.459163017629869e+06  1.090756415984946e+04  1.046357962234247e+04  3.977045887104308e-01  2.478368086660563e-01  -6.636571351712716e-04
  1.005000000000001e+00  -8.605758312965695e+06  -2.972392101389581e+05  4.675836006805347e+04  -4.592483983145860e+06  1.218265631839993e+04  1.132581339678683e+04  3.961044236040488e-01  2.596723675354556e-01  -7.594930139270098e-04
  1.010000000000000e+00  -8.623923975736639e+06  -3.963785188030532e+05  7.181006154589065e+04  -4.724480488501405e+06  1.319139668661706e+04  1.125399512659659e+04  3.937736577487917e-01  2.717795055349323e-01  -7.545639159156016e-04
  1.015000000000000e+00  -8.632000001384374e+06  -5.020350177682882e+05  9.614921566379478e+04  -4.853034353178053e+06  1.400913073810546e+04  1.066904874237359e+04  3.907800020302257e-01  2.839043526945221e-01  -7.223998860603929e-04
  1.020000000000000e+00  -8.629837617011623e+06  -6.133575829009310e+05  1.198906387181517e+05  -4.977179039931791e+06  1.471557046133162e+04  9.747829089613728e+03  3.871128081700700e-01  2.959449438915276e-01  -6.834552564742342e-04
  1.025000000000000e+00  -8.617628382964866e+06  -7.295499928494316e+05  1.431211658430393e+05  -5.096080760895246e+06  1.529122231078522e+04  8.627553859056055e+03  3.827907534697463e-01  3.078046456375472e-01  -6.458655481517628e-04
  1.030000000000000e+00  -8.595920495418573e+06  -8.499176731819045e+05  1.658623744586593e+05  -5.209047992615342e+06  1.568723446032751e+04  7.432381346047015e+03  3.778607987010906e-01  3.193962163042958e-01  -6.147703415497669e-04
  1.035000000000000e+00  -8.569458395548338e+06  -9.721949001542391e+05  1.877622807263586e+05  -5.315798114318606e+06  1.616562491488506e+04  6.635100079946177e+03  3.725388038629679e-01  3.305406439363610e-01  -5.970904829383752e-04
  1.040000000000000e+00  -8.532167044730296e+06  -1.099845948667128e+06  2.091832386943245e+05  -5.415870696445592e+06  1.606207299605140e+04  5.511338531939000e+03  3.666196621624149e-01  3.414139684786520e-01  -5.677599953340514e-04
  1.045000000000000e+00  -8.488612294898912e+06  -1.230325994382645e+06  2.298323595858323e+05  -5.508829698914206e+06  1.560418720321269e+04  4.502716140333888e+03  3.603332908049390e-01  3.518267363563596e-01  -5.394024943950911e-04
  1.050000000000000e+00  -8.440502658111608e+06  -1.363408007882266e+06  2.493025192616206e+05  -5.594570493821321e+06  1.476990401866203e+04  3.617774482995207e+03  3.537991718407048e-01  3.617373815099771e-01  -5.062385397710600e-04
  1.054999999999999e+00  -8.389630696521904e+06  -1.498873572968231e+06  2.670611560508215e+05  -5.673090172709582e+06  1.353661387384782e+04  2.815309624509769e+03  3.471387553906802e-01  3.711102376048973e-01  -4.561695258826023e-04
  1.059999999999999e+00  -8.337503454151148e+06  -1.636355310622267e+06  2.826142186037998e+05  -5.744398127830741e+06  1.188138167245589e+04  2.022690767977929e+03  3.404511398088643e-01  3.799072439167794e-01  -3.744251651786329e-04
  1.064999999999999e+00  -8.288662331530820e+06  -1.775553290476304e+06  2.955285189623743e+05  -5.810575133132003e+06  1.045142794569225e+04  1.516191026827662e+03  3.338213226740205e-01  3.881476165416947e-01  -2.412492591718913e-04
  1.069999999999999e+00  -8.236920145587082e+06  -1.915630119231690e+06  3.058920771847520e+05  -5.867723159694561e+06  8.063485614803642e+03  5.767736909449156e+02  3.272499973810611e-01  3.957009770347303e-01  -8.196928028835835e-05
  1.074999999999999e+00  -8.186869550224822e+06  -2.055835349289570e+06  3.133943971577407e+05  -5.917579529478572e+06  5.386946666663665e+03  -4.559797212877773e+02  3.208227673590092e-01  4.025575989220218e-01  9.966568082176604e-05
  1.079999999999999e+00  -8.138870120141362e+06  -2.195350239862732e+06  3.182894247865030e+05  -5.960067062201223e+06  2.561236849668415e+03  -1.517453583376816e+03  3.145399344505364e-01  4.086784056755340e-01  2.782349656848105e-04
  1.084999999999999e+00  -8.093062168199052e+06  -2.333568056779326e+06  3.208844852114997e+05  -5.995183689430418e+06  -2.661814121454760e+02  -2.566176005555361e+03  3.083917209033540e-01  4.140491945826206e-01  4.304339262970157e-04
  1.089999999999999e+00  -8.049346164894345e+06  -2.470039241756671e+06  3.215556293096791e+05  -6.023004002572009e+06  -2.976462099642888e+03  -3.624042212319535e+03  3.023660975253225e-01  4.186756861172541e-01  5.407232780189032e-04
  1.094999999999999e+00  -8.007423029313071e+06  -2.604316307510210e+06  3.207546760466633e+05  -6.043646229455781e+06  -5.454607638269391e+03  -4.726182048299484e+03  2.964599619072487e-01  4.225686798645816e-01  5.965427886805933e-04
  1.099999999999999e+00  -7.967742778993963e+06  -2.738524783404372e+06  3.190085711167405e+05  -6.060379296474923e+06  -6.942811907068524e+03  -5.873712682479753e+03  2.905488827737667e-01  4.259822042840148e-01  6.384862359126658e-04
  1.104999999999998e+00  -7.928100485034669e+06  -2.866937414475305e+06  3.167355023767478e+05  -6.067197187815639e+06  -8.816785549127604e+03  -7.141580258170402e+03  2.848655055525261e-01  4.284130704281515e-01  5.756270960643138e-04
  1.109999999999998e+00  -7.889190617996607e+06  -2.991347502745507e+06  3.145491364174967e+05  -6.067428941454826e+06  -1.033176159351977e+04  -8.455764461638350e+03  2.793015068536647e-01  4.300938854760352e-01  4.627352465351722e-04
  1.114999999999998e+00  -7.850842035424583e+06  -3.111534182582058e+06  3.126232356168480e+05  -6.061487520036746e+06  -1.148331549950228e+04  -9.774076398945746e+03  2.738653103300809e-01  4.310393369355821e-01  3.212665393307677e-04
  1.119999999999998e+00  -7.813141950792731e+06  -3.227593696098351e+06  3.107966931809587e+05  -6.049955203135258e+06  -1.232688629005969e+04  -1.102871876593158e+04  2.685805199695174e-01  4.312827007835559e-01  1.826644960963271e-04
  1.124999999999998e+00  -7.776745805055287e+06  -3.339917469468112e+06  3.085538181841082e+05  -6.033605140890653e+06  -1.303275396209881e+04  -1.219851299914972e+04  2.634979288348342e-01  4.308726330791458e-01  8.546195597109142e-05
  1.129999999999998e+00  -7.743346707050217e+06  -3.451791501604180e+06  3.043786785527041e+05  -6.015650653462493e+06  -1.366028850135664e+04  -1.361964365374647e+04  2.585095753078960e-01  4.301057690860344e-01  6.246048165202901e-05
  1.134999999999998e+00  -7.711827181625482e+06  -3.557103589948577e+06  2.997530082564482e+05  -5.991323133086544e+06  -1.467966263620503e+04  -1.468411689658292e+04  2.539379234394596e-01  4.284883451534949e-01  9.596972225564637e-05
  1.139999999999998e+00  -7.684235649302414e+06  -3.659278329327103e+06  2.932147226532077e+05  -5.963877403195865e+06  -1.593442821233828e+04  -1.566514287251889e+04  2.496531055541002e-01  4.263251286821738e-01  1.938220117612951e-04
  1.144999999999998e+00  -7.661099494110526e+06  -3.758363914415628e+06  2.845598561725092e+05  -5.933488718721809e+06  -1.731180863948859e+04  -1.655584147352250e+04  2.456292870003737e-01  4.236510859824562e-01  3.181462670384521e-04
  1.149999999999997e+00  -7.642479713808490e+06  -3.854339468452184e+06  2.738542626484564e+05  -5.900134981967062e+06  -1.859308781071195e+04  -1.730504383977163e+04  2.418185860757694e-01  4.205047970140635e-01  4.218509782058467e-04
  1.154999999999997e+00  -7.628121421253687e+06  -3.947208203459665e+06  2.613802647940587e+05  -5.863755037893407e+06  -1.958784471676036e+04  -1.788136110563431e+04  2.381730828281919e-01  4.169322666609531e-01  4.735668663478536e-04
  1.159999999999997e+00  -7.617581218485241e+06  -4.037040750623764e+06  2.475524113061501e+05  -5.824357441587720e+06  -2.017969975404917e+04  -1.827931031725307e+04  2.346587571542225e-01  4.129871707802386e-01  4.641444100560448e-04
  1.164999999999997e+00  -7.607619207379904e+06  -4.124433055464331e+06  2.329620785238553e+05  -5.782155011097919e+06  -2.066514470389997e+04  -1.912891608075626e+04  2.311519734540932e-01  4.088104841249868e-01  4.683469180285238e-04
  1.169999999999997e+00  -7.603023767877093e+06  -4.208116814055173e+06  2.173576083582880e+05  -5.736821701852933e+06  -2.048557812404882e+04  -1.920658366103631e+04  2.278787910002921e-01  4.042302500111711e-01  3.764543537743223e-04
  1.174999999999997e+00  -7.600492446889075e+06  -4.288922852999843e+06  2.010786649527674e+05  -5.688948517546101e+06  -1.989338863960404e+04  -1.912048886186010e+04  2.247076195157652e-01  3.994228120828407e-01  2.727000287656334e-04
  1.179999999999997e+00  -7.599170783383512e+06  -4.366679613749851e+06  1.841491319857486e+05  -5.638731685590436e+06  -1.892169338166145e+04  -1.889928218737970e+04  2.216291061079005e-01  3.944126734640606e-01  1.819380244889770e-04
  1.184999999999997e+00  -7.598422760308459e+06  -4.441147686196217e+06  1.665465393332974e+05  -5.586418803995381e+06  -1.760265679118955e+04  -1.857513479014094e+04  2.186371098663122e-01  3.892084110247656e-01  1.190379552732507e-04
  1.189999999999997e+00  -7.597528934494226e+06  -4.511929886955991e+06  1.483488365384985e+05  -5.532339744315371e+06  -1.595998725163785e+04  -1.807208187564678e+04  2.157426383043357e-01  3.838023190625425e-01  8.711291070880203e-05
  1.194999999999997e+00  -7.594409622089867e+06  -4.576549841975605e+06  1.303908824391482e+05  -5.475290613832157e+06  -1.465921940532782e+04  -1.802382625763084e+04  2.129381413740153e-01  3.780163700305839e-01  9.981718102474212e-05
  1.199999999999996e+00  -7.591619439430108e+06  -4.638637659069029e+06  1.115793510116534e+05  -5.418195152834242e+06  -1.242917545487521e+04  -1.676496505910060e+04  2.102539128165536e-01  3.721641966022881e-01  1.013704947144691e-04
  1.204999999999996e+00  -7.587290943513948e+06  -4.696646466677931e+06  9.264878902245729e+04  -5.360123320375009e+06  -9.986512909267107e+03  -1.499903527203063e+04  2.076489584799769e-01  3.661219278687590e-01  9.928101901409726e-05
  1.209999999999996e+00  -7.581792359900362e+06  -4.751078028031505e+06  7.355769016037736e+04  -5.301162311076848e+06  -7.321399082409447e+03  -1.274851122350283e+04  2.050887423421361e-01  3.599316010900558e-01  7.459444358920737e-05
  1.214999999999996e+00  -7.575660355740853e+06  -4.802547977084745e+06  5.409302898730144e+04  -5.241300131688497e+06  -4.449993326497098e+03  -1.004351440237996e+04  2.025370369384262e-01  3.536546082799346e-01  1.830734159821485e-05
  1.219999999999996e+00  -7.569621932437572e+06  -4.851638581024194e+06  3.403686212774721e+04  -5.180397220094714e+06  -1.394026545541579e+03  -7.098162538662596e+03  1.999606284198207e-01  3.473544812705728e-01  -7.700197357905234e-05
  1.224999999999996e+00  -7.563908261477753e+06  -4.898413000366502e+06  1.360823521057689e+04  -5.118357770529419e+06  1.741606308001354e+03  -4.047012518102938e+03  1.973525731300391e-01  3.410600549103088e-01  -1.983630156385817e-04
  1.229999999999996e+00  -7.558016593717705e+06  -4.940585616035445e+06  -6.253521759551125e+03  -5.052626788284156e+06  4.465151158242576e+03  -1.182309039172250e+03  1.948688036827722e-01  3.345773751428502e-01  -2.980399470848575e-04
  1.234999999999996e+00  -7.552682728650786e+06  -4.982014236129367e+06  -2.626670669192412e+04  -4.988380613913358e+06  7.484978151669526e+03  1.980472332220009e+03  1.922456725395783e-01  3.282793644408703e-01  -4.271187537842630e-04
  1.239999999999996e+00  -7.547252111025133e+06  -5.020233927353983e+06  -4.561261960622096e+04  -4.923035513988050e+06  1.028941437579404e+04  5.095517730888681e+03  1.896250524698547e-01  3.219607332574553e-01  -5.397325089913394e-04
  1.244999999999995e+00  -7.541848589857402e+06  -5.055200356205481e+06  -6.467479538468960e+04  -4.856802792324652e+06  1.279252814464200e+04  7.949158561590680e+03  1.870401541019059e-01  3.156049243527602e-01  -6.442708449289825e-04
  1.249999999999995e+00  -7.537019778531809e+06  -5.087195802558670e+06  -8.418374682969668e+04  -4.789909912302579e+06  1.499714060185954e+04  1.025011372097381e+04  1.845122572075628e-01  3.092145247630944e-01  -7.568579962664442e-04
  1.254999999999995e+00  -7.533613329585199e+06  -5.116640305276557e+06  -1.048602528857485e+05  -4.722561287587124e+06  1.695623218655638e+04  1.176773963546553e+04  1.820697918568811e-01  3.028074127692024e-01  -8.782055535743439e-04
  1.259999999999995e+00  -7.532241079385666e+06  -5.142738856234523e+06  -1.265313709452441e+05  -4.654004493552023e+06  1.833771250493544e+04  1.288977054541724e+04  1.799623615988284e-01  2.962084894856508e-01  -9.605108546197409e-04
  1.264999999999995e+00  -7.532710075200342e+06  -5.167197493660301e+06  -1.498420594562793e+05  -4.586546539242379e+06  1.980938658684774e+04  1.309946807026796e+04  1.777817197238578e-01  2.897655409864997e-01  -1.042397947240694e-03
  1.269999999999995e+00  -7.535263486475197e+06  -5.188647565538679e+06  -1.742066731189298e+05  -4.519366379374107e+06  2.097163581803117e+04  1.289649209520435e+04  1.757831955738218e-01  2.832762451945704e-01  -1.078280185722599e-03
  1.274999999999995e+00  -7.540018978839682e+06  -5.206901154988598e+06  -1.994091096668450e+05  -4.452692816700980e+06  2.179760251349704e+04  1.250131026187052e+04  1.739603914139858e-01  2.767289128902988e-01  -1.058266673374848e-03
  1.279999999999995e+00  -7.547158047774510e+06  -5.222011487408975e+06  -2.254558768168069e+05  -4.386725895791179e+06  2.226441601644435e+04  1.205476583496538e+04  1.722826066238309e-01  2.701324255474976e-01  -9.828132106469670e-04
  1.284999999999995e+00  -7.556952523249575e+06  -5.234290915978818e+06  -2.524751110295386e+05  -4.321643711392048e+06  2.242798503673098e+04  1.149448599953318e+04  1.707199740632822e-01  2.635174350638952e-01  -8.749636844901341e-04
  1.289999999999994e+00  -7.569306676591269e+06  -5.243936141014772e+06  -2.803726188355229e+05  -4.257638935248166e+06  2.239008528772223e+04  1.069129702481997e+04  1.692645692071690e-01  2.569077727293744e-01  -7.640658227914650e-04
  1.294999999999994e+00  -7.582805726061029e+06  -5.252266802479893e+06  -3.090928684584116e+05  -4.194083370345199e+06  2.247609698413060e+04  9.539466491014880e+03  1.680127570978422e-01  2.502833614863954e-01  -6.682626474125448e-04
  1.299999999999994e+00  -7.598987272084970e+06  -5.257119844536281e+06  -3.381407800275673e+05  -4.132779113926317e+06  2.210872670703594e+04  8.191184385719612e+03  1.667632237701488e-01  2.437518022873852e-01  -5.613661716856132e-04
  1.304999999999994e+00  -7.616464610725096e+06  -5.259386097314980e+06  -3.671617216109366e+05  -4.073021354689493e+06  2.148038039626853e+04  6.690536314272890e+03  1.656366550683166e-01  2.372648906835753e-01  -4.354894045783672e-04
  1.309999999999994e+00  -7.634898295397910e+06  -5.259089660925001e+06  -3.960018028911662e+05  -4.014879992129663e+06  2.055176568963058e+04  5.131924582062713e+03  1.646346486896977e-01  2.308310313683485e-01  -2.829145456019261e-04
  1.314999999999994e+00  -7.654408190101070e+06  -5.256487573036550e+06  -4.247929432003688e+05  -3.958366859211340e+06  1.936373346907822e+04  3.551951920349913e+03  1.637403181992534e-01  2.244688527502634e-01  -1.169721248414588e-04
  1.319999999999994e+00  -7.675140380613649e+06  -5.251825188742103e+06  -4.535333923069892e+05  -3.903543590590940e+06  1.800190444042186e+04  2.003035526857119e+03  1.629606980841882e-01  2.181935042672557e-01  5.000572743277047e-05
  1.324999999999994e+00  -7.695770001836846e+06  -5.247091855694033e+06  -4.829238567337458e+05  -3.850548174667061e+06  1.682819493274061e+04  9.611480857944111e+02  1.623447920222545e-01  2.120380635953930e-01  1.520254141016006e-04
  1.329999999999994e+00  -7.718986013611717e+06  -5.238711429440332e+06  -5.115435540066932e+05  -3.799650928110707e+06  1.535042350837833e+04  -2.813480242333520e+02  1.618407610625986e-01  2.059575781622063e-01  2.951621970704712e-04
  1.334999999999994e+00  -7.743908846394483e+06  -5.228934988175835e+06  -5.403962048647442e+05  -3.750639639215149e+06  1.399306956200051e+04  -1.408408325602617e+03  1.614893637207503e-01  1.999883227784205e-01  4.142170484506686e-04
  1.339999999999993e+00  -7.770763400624164e+06  -5.218101689194202e+06  -5.696152642062678e+05  -3.703426213501581e+06  1.285071762301121e+04  -2.444426267135345e+03  1.612716826897709e-01  1.941469274960129e-01  5.063646104313748e-04
  1.344999999999993e+00  -7.799438771916360e+06  -5.206378245100730e+06  -5.991348971596006e+05  -3.657946184864347e+06  1.196420677799234e+04  -3.358109523641529e+03  1.611753678154982e-01  1.884434737491878e-01  5.746531354566643e-04
  1.349999999999993e+00  -7.829544823126777e+06  -5.193727840312649e+06  -6.287572285561075e+05  -3.614202022139315e+06  1.130935145874018e+04  -4.099378201984629e+03  1.612014544458681e-01  1.828739168653614e-01  6.245681782142063e-04
  1.354999999999993e+00  -7.860695907401132e+06  -5.180106352363540e+06  -6.583366851613434e+05  -3.572200329147458e+06  1.080933920393818e+04  -4.642110467337013e+03  1.613464176460397e-01  1.774325260334332e-01  6.636364251188762e-04
  1.359999999999993e+00  -7.890995509688073e+06  -5.166293016504322e+06  -6.881748856219464e+05  -3.532489370124176e+06  1.028231877818019e+04  -5.255041131237770e+03  1.615083427018319e-01  1.721663663491723e-01  6.764461438663004e-04
  1.364999999999993e+00  -7.923245983134901e+06  -5.151024692463091e+06  -7.175207171924176e+05  -3.493791404018792e+06  9.730924749210744e+03  -5.588549498776836e+03  1.618231911761650e-01  1.670152410854198e-01  7.257525508252759e-04
  1.369999999999993e+00  -7.955246674482808e+06  -5.135201372991499e+06  -7.465648861715457e+05  -3.456546142920316e+06  9.136407948876926e+03  -5.825834759136484e+03  1.621902774511319e-01  1.620273514509983e-01  7.852615024183335e-04
  1.374999999999993e+00  -7.986198765225126e+06  -5.118834134016292e+06  -7.750470521278955e+05  -3.420609142351596e+06  8.533439327175094e+03  -6.059863046209743e+03  1.625817927721700e-01  1.572106410219476e-01  8.467870099207120e-04
  1.379999999999993e+00  -8.015420017714257e+06  -5.101876176579528e+06  -8.027081544709880e+05  -3.385865514426253e+06  7.952822535452018e+03  -6.390738673278528e+03  1.629704441478973e-01  1.525674418146484e-01  8.951607625708450e-04
  1.384999999999992e+00  -8.042263532674965e+06  -5.084100789479310e+06  -8.291602040198782e+05  -3.352314033564631e+06  7.385396816676225e+03  -6.864763260719735e+03  1.633546580486030e-01  1.480837948930301e-01  9.197372176712556e-04
  1.389999999999992e+00  -8.066331620513942e+06  -5.065235074544740e+06  -8.539239060627975e+05  -3.321163537589548e+06  6.345047201319023e+03  -7.367595393903189e+03  1.636886940692717e-01  1.437260538971061e-01  8.914432135404426e-04
  1.394999999999992e+00  -8.087277994972518e+06  -5.044726153862405e+06  -8.767947738605856e+05  -3.290492922292399e+06  5.667353318268350e+03  -7.813815011840570e+03  1.641261797392363e-01  1.394625509492024e-01  8.724889142787724e-04
  1.399999999999992e+00  -8.104947672560615e+06  -5.022663653242256e+06  -8.978135064073798e+05  -3.261438894882691e+06  4.887451452057790e+03  -8.172182901303511e+03  1.646231537068153e-01  1.352779795582820e-01  8.427127609852167e-04
  1.404999999999992e+00  -8.120087333287353e+06  -4.999315202325178e+06  -9.173589378835232e+05  -3.234070314820044e+06  3.992658662272500e+03  -8.417791107181118e+03  1.651709728570302e-01  1.311696127108969e-01  7.995958764179577e-04
  1.409999999999992e+00  -8.133605641409016e+06  -4.975049562255522e+06  -9.358341051914905e+05  -3.208412420489413e+06  3.002547872015844e+03  -8.563024472865041e+03  1.657561271502296e-01  1.271391479759687e-01  7.403339665263224e-04
  1.414999999999992e+00  -8.146206440433931e+06  -4.950215000593842e+06  -9.535738536525631e+05  -3.184456850091747e+06  1.931038779370493e+03  -8.592074495183761e+03  1.663686610661316e-01  1.231891426958591e-01  6.727275365849997e-04
  1.419999999999992e+00  -8.158412300062449e+06  -4.925102535031846e+06  -9.708451694166926e+05  -3.162117817607686e+06  7.478670991577993e+02  -8.486423506833808e+03  1.669945488869077e-01  1.193223240924015e-01  6.127309890704584e-04
  1.424999999999992e+00  -8.171357807198018e+06  -4.900261160642524e+06  -9.879956929679085e+05  -3.141767440741251e+06  -5.882506686703995e+02  -7.974672168038728e+03  1.674888506404297e-01  1.155997546935001e-01  5.315717061213733e-04
  1.429999999999992e+00  -8.183921578721036e+06  -4.875413323449205e+06  -1.004979185785138e+06  -3.121791375368141e+06  -2.002488642954282e+03  -7.681792647528179e+03  1.680638372982417e-01  1.119296578779418e-01  5.193083462084193e-04
  1.434999999999991e+00  -8.197199611191888e+06  -4.850903410917222e+06  -1.022070983455914e+06  -3.102588662999916e+06  -3.572199598210215e+03  -7.423092526474024e+03  1.685511886670675e-01  1.083515802686044e-01  5.302875151781306e-04
  1.439999999999991e+00  -8.211474227452457e+06  -4.826832256596778e+06  -1.039483498267395e+06  -3.083822650792468e+06  -5.248485344706560e+03  -7.300536456625048e+03  1.689126856855726e-01  1.048728926040925e-01  5.588855486884776e-04
  1.444999999999991e+00  -8.226863696631345e+06  -4.803140131970354e+06  -1.057282931851224e+06  -3.065235534144422e+06  -6.995065744984710e+03  -7.337897623279776e+03  1.691343948586563e-01  1.015000734161656e-01  6.028025768517302e-04
  1.449999999999991e+00  -8.243105454625465e+06  -4.779530860308713e+06  -1.075260879628278e+06  -3.046718053327460e+06  -8.755590479585211e+03  -7.485916813982474e+03  1.692343998959389e-01  9.822959743905602e-02  6.563945420587931e-04
  1.454999999999991e+00  -8.259707561887703e+06  -4.755723335225591e+06  -1.092643617947291e+06  -3.028746366032115e+06  -1.047721794875890e+04  -7.336472532931733e+03  1.692557837134191e-01  9.510582573121434e-02  7.158295920332060e-04
  1.459999999999991e+00  -8.276278858499722e+06  -4.730920911192720e+06  -1.109997162544785e+06  -3.010542237333220e+06  -1.195556980315658e+04  -7.613767000024162e+03  1.692256182896823e-01  9.198123401727899e-02  7.649070040413195e-04
  1.464999999999991e+00  -8.292169770329051e+06  -4.705003173857130e+06  -1.126601561364467e+06  -2.992784091221282e+06  -1.305363661490918e+04  -7.828052238244543e+03  1.691930552076534e-01  8.891167186034071e-02  7.950305687606126e-04
  1.469999999999991e+00  -8.306860007870485e+06  -4.677665822011587e+06  -1.142140745810167e+06  -2.975746720762818e+06  -1.365910640660050e+04  -7.880477200325680e+03  1.692011662953027e-01  8.587868037083347e-02  8.022876877044212e-04
  1.474999999999991e+00  -8.320312555932581e+06  -4.648870819120227e+06  -1.156539565156751e+06  -2.959615779070669e+06  -1.368850515783488e+04  -7.763222424182334e+03  1.692627740924933e-01  8.287562700059269e-02  7.809860055168716e-04
  1.479999999999990e+00  -8.332711028733740e+06  -4.618690072367418e+06  -1.169888248509694e+06  -2.944553234033381e+06  -1.315366649793554e+04  -7.484726772265002e+03  1.693778609182040e-01  7.989973427085045e-02  7.287465159315352e-04
  1.484999999999990e+00  -8.345333402507248e+06  -4.586787811461091e+06  -1.182225865091718e+06  -2.930454222266721e+06  -1.233757932429852e+04  -7.161514752329926e+03  1.694919479501089e-01  7.696581901518132e-02  6.457016518362914e-04
  1.489999999999990e+00  -8.356981283537964e+06  -4.554291421914304e+06  -1.193991685205707e+06  -2.917544834061504e+06  -1.082649604585035e+04  -6.766843336616561e+03  1.696728187482001e-01  7.404869007224606e-02  5.320983739800230e-04
  1.494999999999990e+00  -8.368725458657737e+06  -4.520890190559966e+06  -1.205065174532264e+06  -2.905885044254122e+06  -9.032325107764673e+03  -6.254815572722928e+03  1.698738097208667e-01  7.115488896465011e-02  4.112000530321038e-04
  1.499999999999990e+00  -8.380601408853021e+06  -4.486528457313251e+06  -1.215456720318681e+06  -2.895598664559715e+06  -7.166177531798701e+03  -5.550983236009833e+03  1.701044740813647e-01  6.826425433746523e-02  3.011900883103082e-04
  1.504999999999990e+00  -8.392803221893476e+06  -4.451281577999715e+06  -1.225383863032361e+06  -2.886749783442843e+06  -5.409133319128701e+03  -4.697321685361786e+03  1.703648859549583e-01  6.536209180382212e-02  2.066825687380230e-04
  1.509999999999990e+00  -8.405799032392204e+06  -4.415464094575712e+06  -1.235290260549308e+06  -2.879267703773201e+06  -3.868465643844356e+03  -3.855132951663274e+03  1.706384616106582e-01  6.245233393297844e-02  1.218559686973348e-04
  1.514999999999990e+00  -8.419996071190154e+06  -4.379460064966256e+06  -1.245561524857658e+06  -2.873002820954621e+06  -2.594284431398418e+03  -3.167215531069056e+03  1.709122817415653e-01  5.955284363218087e-02  4.275100974106307e-05
  1.519999999999990e+00  -8.435915369186018e+06  -4.342967612695467e+06  -1.256001515508526e+06  -2.866774210997009e+06  -1.428934798781430e+03  -2.672874561246493e+03  1.712315502778698e-01  5.674961886268173e-02  2.090278398205703e-05
  1.524999999999989e+00  -8.452696017951317e+06  -4.307599037946410e+06  -1.267448584995589e+06  -2.862407813142677e+06  -6.557140831047473e+02  -2.360978699661622e+03  1.715230175270247e-01  5.394667988783391e-02  -2.786267163656753e-05
  1.529999999999989e+00  -8.470541347387511e+06  -4.272986172098404e+06  -1.279453378087220e+06  -2.858726258790233e+06  -5.991516126573796e+01  -2.197877109268970e+03  1.718329134085052e-01  5.124171355748527e-02  -6.300795559982506e-05
  1.534999999999989e+00  -8.488952893118348e+06  -4.239291786710724e+06  -1.291657986894794e+06  -2.855538087148266e+06  4.525542221291401e+02  -2.017950495009206e+03  1.721844715140333e-01  4.866901254273727e-02  -7.108349440468529e-05
  1.539999999999989e+00  -8.507422544518767e+06  -4.206620024759730e+06  -1.303657384648850e+06  -2.852686502708493e+06  9.929165949678110e+02  -1.674094499183560e+03  1.725963380971473e-01  4.625426126469254e-02  -4.407608170464968e-05
  1.544999999999989e+00  -8.525579244498601e+06  -4.175013435147563e+06  -1.315217475733630e+06  -2.850092860486530e+06  1.658426978116514e+03  -1.058487115586347e+03  1.730707008128856e-01  4.400834570772309e-02  1.700717046923765e-05
  1.549999999999989e+00  -8.543942110219447e+06  -4.143281706429565e+06  -1.326244587245276e+06  -2.847299363488473e+06  2.299918492649287e+03  -2.346667350424929e+02  1.736114501062168e-01  4.183269425004433e-02  1.157132104987000e-04
  1.554999999999989e+00  -8.560387624288553e+06  -4.112926828160782e+06  -1.336445803276615e+06  -2.845637439685058e+06  3.303943482276117e+03  8.804234884560177e+02  1.742232963296196e-01  3.982860141932702e-02  1.954958805237827e-04
  1.559999999999989e+00  -8.575341610963698e+06  -4.082516063900434e+06  -1.345664476020387e+06  -2.844753644615433e+06  4.497052114441848e+03  2.166393352306371e+03  1.749176135986207e-01  3.789189352208494e-02  2.708808415224932e-04
  1.564999999999989e+00  -8.588357956637334e+06  -4.051353348099962e+06  -1.353636873453932e+06  -2.845000023602144e+06  5.752788647087424e+03  3.570264371128979e+03  1.757122378990064e-01  3.595567651061361e-02  3.354973860123968e-04
  1.569999999999989e+00  -8.599137031957529e+06  -4.018840390684264e+06  -1.360231929910738e+06  -2.846695205040051e+06  6.910178677882511e+03  5.036305160274308e+03  1.766221054590277e-01  3.395838718147091e-02  3.860220980722265e-04
  1.574999999999988e+00  -8.607912295368776e+06  -3.984769261139911e+06  -1.365696720749220e+06  -2.849988940961679e+06  7.823374903520541e+03  6.447776606828367e+03  1.776304553960115e-01  3.186520432943898e-02  4.159517300000316e-04
  1.579999999999988e+00  -8.615490641074337e+06  -3.949387284353643e+06  -1.370540791614445e+06  -2.854783627806772e+06  8.405177580728714e+03  7.630123459761114e+03  1.786875026079097e-01  2.967601140929800e-02  4.229073277856634e-04
  1.584999999999988e+00  -8.623902090150405e+06  -3.912916609045434e+06  -1.375385040375473e+06  -2.860183646546588e+06  8.807841761206389e+03  8.488595335876347e+03  1.797792446373128e-01  2.741640156339472e-02  4.378722783037495e-04
  1.589999999999988e+00  -8.631718991468955e+06  -3.876746824758588e+06  -1.380557200403000e+06  -2.867091313575959e+06  8.634276220226684e+03  9.035448507485537e+03  1.807873861187375e-01  2.514991510454289e-02  4.335047806720915e-04
  1.594999999999988e+00  -8.640972954419333e+06  -3.841059708386511e+06  -1.386588568383666e+06  -2.874535287076529e+06  8.034523212190642e+03  9.136387164596650e+03  1.816940037126915e-01  2.289239968036376e-02  4.346889748463983e-04
  1.599999999999988e+00  -8.652272767990204e+06  -3.806485979545301e+06  -1.393751100373592e+06  -2.882123347075812e+06  7.083475535189355e+03  8.801846951449370e+03  1.824683838250790e-01  2.069201534310763e-02  4.495385348658481e-04
  1.604999999999988e+00  -8.665899695181286e+06  -3.773480776623462e+06  -1.402083254462893e+06  -2.889528353339365e+06  5.879705795867020e+03  8.097298282201014e+03  1.831004877645482e-01  1.858909280109709e-02  4.830610366428388e-04
  1.609999999999988e+00  -8.681696390132064e+06  -3.742202775443665e+06  -1.411395558728367e+06  -2.896574275142484e+06  4.512406416350843e+03  7.157118969807157e+03  1.836071704719854e-01  1.660478465390284e-02  5.386452358025859e-04
  1.614999999999988e+00  -8.698267606292918e+06  -3.712333783088307e+06  -1.421059951581383e+06  -2.903253983641281e+06  3.206495774136285e+03  6.579444683372737e+03  1.841412260987902e-01  1.474615869647502e-02  6.091814152263270e-04
  1.619999999999987e+00  -8.716403270785853e+06  -3.683745353181260e+06  -1.431242768015583e+06  -2.909883949257909e+06  1.662599831246066e+03  5.621373197114244e+03  1.845153090623421e-01  1.296266509069422e-02  6.935527514702411e-04
  1.624999999999987e+00  -8.734522207931641e+06  -3.655741285345105e+06  -1.441128635453696e+06  -2.916533853706152e+06  1.151297299654838e+02  4.912869073204089e+03  1.849076548709281e-01  1.124295208663841e-02  7.865761382255107e-04
  1.629999999999987e+00  -8.751715762894241e+06  -3.627720377410743e+06  -1.450251421760680e+06  -2.923479675200559e+06  -1.395339988467787e+03  4.592293057960437e+03  1.853715302138526e-01  9.551432024455728e-03  8.739888506234768e-04
  1.634999999999987e+00  -8.767282915550651e+06  -3.599201285548252e+06  -1.458319005905330e+06  -2.930966261758152e+06  -2.817664804959290e+03  4.723981695984221e+03  1.859444354309835e-01  7.857943105349045e-03  9.385287323497912e-04
  1.639999999999987e+00  -8.780764591202043e+06  -3.569885098250628e+06  -1.465253949956515e+06  -2.939171438661645e+06  -4.105167966758600e+03  5.321630617091761e+03  1.866468616480338e-01  6.143175636888496e-03  9.661493873755677e-04
  1.644999999999987e+00  -8.792095339783631e+06  -3.539751591768988e+06  -1.471248312740181e+06  -2.948153406525658e+06  -5.190258685377778e+03  6.278192775453006e+03  1.874742461941006e-01  4.403436991375243e-03  9.411939889611765e-04
  1.649999999999987e+00  -8.802126046483343e+06  -3.509388944035321e+06  -1.477309283143487e+06  -2.957906224247782e+06  -5.812006685276336e+03  6.958879410551252e+03  1.883547986221803e-01  2.650401584239217e-03  8.570653186559798e-04
  1.654999999999987e+00  -8.810621353594346e+06  -3.478565993076658e+06  -1.482753381568562e+06  -2.968087490431651e+06  -6.238317939697683e+03  7.890304842289194e+03  1.893133499409486e-01  9.095993734647975e-04  6.981486286216002e-04
  1.659999999999987e+00  -8.818566314083003e+06  -3.448034930499945e+06  -1.488681170913727e+06  -2.978604881539183e+06  -6.218197809156340e+03  8.459539362677126e+03  1.902692070716472e-01  -7.960414938143701e-04  4.594004007898049e-04
  1.664999999999986e+00  -8.826296213848444e+06  -3.418026780925784e+06  -1.495292205459077e+06  -2.989326505463404e+06  -5.796168216734069e+03  8.585403721190596e+03  1.911886870346019e-01  -2.448036767573897e-03  1.616690929663047e-04
  1.669999999999986e+00  -8.833856777492153e+06  -3.388582224850070e+06  -1.502514644263105e+06  -3.000185391322475e+06  -5.079484638977056e+03  8.262971221006021e+03  1.920583073176324e-01  -4.037766414908669e-03  -1.639577054100169e-04
  1.674999999999986e+00  -8.841243802130826e+06  -3.359689243333595e+06  -1.510214285317853e+06  -3.011136583629942e+06  -4.181712903653158e+03  7.502308678112416e+03  1.928688164192707e-01  -5.562275882894937e-03  -4.836924306615249e-04
  1.679999999999986e+00  -8.848381398044309e+06  -3.331277103628470e+06  -1.517998830942634e+06  -3.022308624557676e+06  -3.279693505688172e+03  6.377777018838338e+03  1.936010533768056e-01  -7.031412583837669e-03  -7.241455174933503e-04
  1.684999999999986e+00  -8.855211020751469e+06  -3.303270656738491e+06  -1.526146309397049e+06  -3.033425312660592e+06  -2.357642125165931e+03  4.958909122963782e+03  1.942751925281449e-01  -8.429775123542009e-03  -9.560920092143712e-04
  1.689999999999986e+00  -8.861516398307666e+06  -3.275434802750513e+06  -1.534100267329117e+06  -3.044661592969177e+06  -1.583240444200537e+03  3.323517482189755e+03  1.948879777843766e-01  -9.776829808227217e-03  -1.104901598770890e-03
  1.694999999999986e+00  -8.867004181264225e+06  -3.247525885809724e+06  -1.541469620562353e+06  -3.056088441428530e+06  -1.034529873454171e+03  1.605377164937720e+03  1.954554899427292e-01  -1.108619339375458e-02  -1.159036490039527e-03
  1.699999999999986e+00  -8.871436658613373e+06  -3.219348443984025e+06  -1.547884297976321e+06  -3.067766661641487e+06  -7.551107145969557e+02  -6.145408170301409e+01  1.959915905751152e-01  -1.236992839618823e-02  -1.119359901126624e-03
  1.704999999999986e+00  -8.874684487914998e+06  -3.190806846691458e+06  -1.553036284510090e+06  -3.079719570562488e+06  -7.469493281428007e+02  -1.567142552603854e+03  1.965061259773704e-01  -1.363512434627554e-02  -9.995609711951590e-04
  1.709999999999986e+00  -8.876588736221274e+06  -3.161840099155417e+06  -1.556678122683356e+06  -3.091985136907362e+06  -9.886956226910430e+02  -2.818726566905102e+03  1.970167250397323e-01  -1.488966356553308e-02  -8.225033865667221e-04
  1.714999999999985e+00  -8.876979103640793e+06  -3.132710545378534e+06  -1.559076820647749e+06  -3.104782187286061e+06  -1.157663809235537e+03  -3.865909209452648e+03  1.975240512277956e-01  -1.614284888338043e-02  -6.730887530933483e-04
  1.719999999999985e+00  -8.876374428346401e+06  -3.103284779339825e+06  -1.559831289720315e+06  -3.117650281365509e+06  -1.694718921165071e+03  -4.554472956567546e+03  1.980590171022245e-01  -1.737776228246399e-02  -4.654359329318791e-04
  1.724999999999985e+00  -8.874965394942300e+06  -3.074059732397984e+06  -1.559532373078657e+06  -3.130726370581572e+06  -2.283006390876462e+03  -4.963917666407555e+03  1.986074812744462e-01  -1.859390523918195e-02  -2.833177987377975e-04
  1.729999999999985e+00  -8.873326444160623e+06  -3.045513034523424e+06  -1.558768257722659e+06  -3.143870404679090e+06  -2.823713447077747e+03  -5.156478727283035e+03  1.991529898710305e-01  -1.977385771151896e-02  -1.517067705414885e-04
  1.734999999999985e+00  -8.872034059983298e+06  -3.018089036961139e+06  -1.558104839676749e+06  -3.156925992218661e+06  -3.232022697254279e+03  -5.208661970325589e+03  1.996777660235035e-01  -2.089879178250873e-02  -8.961904660193058e-05
  1.739999999999985e+00  -8.871495576793587e+06  -2.992074756917926e+06  -1.557937433011796e+06  -3.169771167564619e+06  -3.459661948000221e+03  -5.173334471921605e+03  2.001738708368401e-01  -2.195633633560387e-02  -1.048122061870715e-04
  1.744999999999985e+00  -8.871501225423247e+06  -2.967562686444851e+06  -1.558379985310382e+06  -3.182532218509519e+06  -3.458511335730191e+03  -5.086760722809730e+03  2.006487257072171e-01  -2.295711442105290e-02  -1.659081077810974e-04
  1.749999999999985e+00  -8.872724823239645e+06  -2.944320072798687e+06  -1.559517172093893e+06  -3.194897398317105e+06  -3.426080649977607e+03  -4.836361448800210e+03  2.011167991134011e-01  -2.389480525017328e-02  -2.927760145283739e-04
  1.754999999999985e+00  -8.874717750115743e+06  -2.922207591858358e+06  -1.561308989059348e+06  -3.207073884823432e+06  -3.303262038083044e+03  -4.437955118387542e+03  2.015908781760852e-01  -2.479202508819429e-02  -4.506670525529925e-04
  1.759999999999984e+00  -8.877423805661803e+06  -2.900999596356750e+06  -1.563656896460947e+06  -3.219085163809733e+06  -3.151539345784288e+03  -3.877536226302987e+03  2.020736225096890e-01  -2.566265959328062e-02  -6.145466258851212e-04
  1.764999999999984e+00  -8.880856511030100e+06  -2.880498976986757e+06  -1.566470823989817e+06  -3.230912467320220e+06  -3.021442635210232e+03  -3.184042153768772e+03  2.025565673545353e-01  -2.651508523545181e-02  -7.626893081107630e-04
  1.769999999999984e+00  -8.884958231492847e+06  -2.860479041759057e+06  -1.569613299806570e+06  -3.242528618043304e+06  -2.952858067333736e+03  -2.414509349006596e+03  2.030321049050273e-01  -2.735583378095079e-02  -8.775682726616574e-04
  1.774999999999984e+00  -8.889515414656263e+06  -2.840644128806998e+06  -1.572886300562612e+06  -3.253944445648208e+06  -2.976995710066074e+03  -1.642990071802238e+03  2.035012286856094e-01  -2.819465754451679e-02  -9.471832909601106e-04
  1.779999999999984e+00  -8.893912688404303e+06  -2.820535689798497e+06  -1.576076781566720e+06  -3.265524690782553e+06  -3.295174440182019e+03  -9.496643524136415e+02  2.039630644570655e-01  -2.905740875133799e-02  -9.737781162627696e-04
  1.784999999999984e+00  -8.898301841022961e+06  -2.799975262558074e+06  -1.578895110098979e+06  -3.276807808414065e+06  -3.569292672560432e+03  -3.800616049731738e+02  2.044474559016709e-01  -2.993935987548008e-02  -9.466562590179005e-04
  1.789999999999984e+00  -8.902189508432625e+06  -2.778624807278584e+06  -1.581220067161289e+06  -3.288144654970260e+06  -3.967504288709477e+03  -2.629854674317980e+01  2.049472080231825e-01  -3.086571522677910e-02  -8.678818670178039e-04
  1.794999999999984e+00  -8.905393958378047e+06  -2.756265892808422e+06  -1.582927442857784e+06  -3.299640596115918e+06  -4.497325737611657e+03  5.058969918243935e+01  2.054613699675656e-01  -3.185141248054445e-02  -7.482850155827868e-04
  1.799999999999984e+00  -8.907827110423733e+06  -2.732767473707539e+06  -1.583936601566122e+06  -3.311386220233829e+06  -5.158955556086084e+03  -1.939010774241591e+02  2.059839236193687e-01  -3.290728250707715e-02  -6.045296273377793e-04
  1.804999999999984e+00  -8.909538049508056e+06  -2.708125816388333e+06  -1.584262293235760e+06  -3.323437121472069e+06  -5.945856316001692e+03  -7.712522166637551e+02  2.065011056054864e-01  -3.403629320865260e-02  -4.564241767984135e-04
  1.809999999999983e+00  -8.910524886523316e+06  -2.682524227954369e+06  -1.583846540735719e+06  -3.335917548657197e+06  -6.822626184073860e+03  -1.395445847288411e+03  2.069849260640927e-01  -3.519158926639156e-02  -3.285303569063967e-04
  1.814999999999983e+00  -8.911637558550667e+06  -2.656327517552724e+06  -1.583264550989958e+06  -3.348379439146379e+06  -7.726605100523428e+03  -2.458614641390530e+03  2.074173533100219e-01  -3.640741816169740e-02  -2.106141535303129e-04
  1.819999999999983e+00  -8.912780382705115e+06  -2.629787470687754e+06  -1.582484690852419e+06  -3.360956465343910e+06  -8.667729172540203e+03  -3.625117564851776e+03  2.077776305412333e-01  -3.763356146113272e-02  -1.254317200131221e-04
  1.824999999999983e+00  -8.914083719010554e+06  -2.603269281108715e+06  -1.581628608894406e+06  -3.373524157798457e+06  -9.595263855706888e+03  -4.720046414722970e+03  2.080585531634064e-01  -3.883263675060145e-02  -7.095498172532950e-05
  1.829999999999983e+00  -8.915577648757963e+06  -2.577134814484953e+06  -1.580783534300995e+06  -3.385960420891579e+06  -1.044724629533820e+04  -5.561130997354004e+03  2.082637979490885e-01  -3.996525009304665e-02  -4.116677996826264e-05
  1.834999999999983e+00  -8.917166437361844e+06  -2.551685397716133e+06  -1.579984427585888e+06  -3.398181062400604e+06  -1.115346017799559e+04  -5.996741218557460e+03  2.084101728208204e-01  -4.099671235514426e-02  -2.956324698853180e-05
  1.839999999999983e+00  -8.918594271186478e+06  -2.527095536103823e+06  -1.579184697531210e+06  -3.410178004794671e+06  -1.164525180518382e+04  -5.925330559873561e+03  2.085304888625201e-01  -4.190406227072634e-02  -3.083926931031406e-05
  1.844999999999983e+00  -8.919402368586484e+06  -2.503603383237082e+06  -1.578273957793529e+06  -3.422151493243086e+06  -1.188309757246509e+04  -5.474240916726311e+03  2.086831553655469e-01  -4.267673850484961e-02  -5.092483319950394e-05
  1.849999999999983e+00  -8.919298169185651e+06  -2.480538872499049e+06  -1.577014979735726e+06  -3.434131844205205e+06  -1.186842537333974e+04  -4.450821865524867e+03  2.088931411214375e-01  -4.335138641484980e-02  -7.962190807398871e-05
  1.854999999999982e+00  -8.917761915182767e+06  -2.457941068401478e+06  -1.575194738815719e+06  -3.446377172203695e+06  -1.153856414382663e+04  -2.959364889685511e+03  2.092294804328541e-01  -4.392305558542649e-02  -1.197598419234846e-04
  1.859999999999982e+00  -8.914421685599295e+06  -2.435499079988416e+06  -1.572642530074612e+06  -3.459154102228281e+06  -1.091001693294052e+04  -1.110156459401206e+03  2.097421688315010e-01  -4.442210117131592e-02  -1.754577516900051e-04
  1.864999999999982e+00  -8.909138597980626e+06  -2.412938245218237e+06  -1.569308820429930e+06  -3.472709265260471e+06  -1.002855869026742e+04  9.449156590890989e+02  2.104617785945638e-01  -4.488158172499854e-02  -2.508046386527468e-04
  1.869999999999982e+00  -8.902088153670207e+06  -2.390094824343923e+06  -1.565294887939413e+06  -3.487215585733628e+06  -8.961623660752766e+03  3.028519934549686e+03  2.113919324829218e-01  -4.532950097859191e-02  -3.476339125229228e-04
  1.874999999999982e+00  -8.894415300092254e+06  -2.366939900611565e+06  -1.560932228426818e+06  -3.502760912278259e+06  -7.927480434534240e+03  4.590854462696465e+03  2.124452064081687e-01  -4.581504236128372e-02  -4.562201457740009e-04
  1.879999999999982e+00  -8.885648252370205e+06  -2.343671237142650e+06  -1.556354431321541e+06  -3.519116154747098e+06  -6.682849190163191e+03  6.292835764255427e+03  2.136966897452530e-01  -4.626623875701696e-02  -5.842312940110118e-04
  1.884999999999982e+00  -8.877218895350464e+06  -2.320547306768972e+06  -1.552066294329321e+06  -3.536230857448474e+06  -5.450205577108462e+03  7.546505292334909e+03  2.150257268258135e-01  -4.671451712693356e-02  -7.285380035643503e-04
  1.889999999999982e+00  -8.870039034971645e+06  -2.297921322829871e+06  -1.548419853950465e+06  -3.553844940988197e+06  -4.270188331968255e+03  8.248139532553854e+03  2.163576002023997e-01  -4.714036352526530e-02  -8.848500714660724e-04
  1.894999999999982e+00  -8.864890870938854e+06  -2.276151237195148e+06  -1.545666139971411e+06  -3.571657561127348e+06  -3.166699626709155e+03  8.368536066874263e+03  2.176207524112690e-01  -4.751856829690452e-02  -1.046300379888562e-03
  1.899999999999981e+00  -8.862299884880885e+06  -2.255527282260545e+06  -1.543915151299547e+06  -3.589384063058689e+06  -2.157394310535470e+03  7.960539253492806e+03  2.187577264642730e-01  -4.782437551186091e-02  -1.203089605420258e-03
  1.904999999999981e+00  -8.862296037083369e+06  -2.236064618803812e+06  -1.542885211322673e+06  -3.606596012732687e+06  -1.227645764364304e+03  7.418534357420576e+03  2.197669495884142e-01  -4.803314090974196e-02  -1.323141110576576e-03
  1.909999999999981e+00  -8.864876479426568e+06  -2.218074971968695e+06  -1.542899125159841e+06  -3.623609301651309e+06  -4.430920277612278e+02  6.379087399581820e+03  2.205857205715788e-01  -4.814510206613688e-02  -1.441896234737316e-03
  1.914999999999981e+00  -8.869646854396978e+06  -2.201305117900219e+06  -1.543443629744095e+06  -3.640182750546118e+06  1.678407375426452e+02  5.258455850017260e+03  2.212319787107609e-01  -4.815675141503701e-02  -1.521660756823180e-03
  1.919999999999981e+00  -8.875925688821010e+06  -2.185495650336238e+06  -1.544164226580027e+06  -3.656389997294954e+06  5.741374329396731e+02  4.249469374397057e+03  2.217316373483199e-01  -4.807778558407438e-02  -1.553103857823044e-03
  1.924999999999981e+00  -8.882892895381516e+06  -2.170294067995567e+06  -1.544688514556231e+06  -3.672386190792340e+06  7.515996416256271e+02  3.513054532019167e+03  2.221224455536721e-01  -4.792675360736016e-02  -1.531561061292450e-03
  1.929999999999981e+00  -8.889698152173579e+06  -2.155301595893245e+06  -1.544677163434624e+06  -3.688382841859430e+06  6.880069949169382e+02  3.161779894844042e+03  2.224467852257936e-01  -4.772867018696103e-02  -1.457839639462973e-03
  1.934999999999981e+00  -8.895566077712081e+06  -2.140124460083966e+06  -1.543864698801568e+06  -3.704614817875983e+06  3.855130555319201e+02  3.256939143297571e+03  2.227445834269446e-01  -4.751140249621241e-02  -1.337769141245965e-03
  1.939999999999981e+00  -8.899568584250577e+06  -2.124441166837309e+06  -1.542322865091476e+06  -3.721302182430201e+06  3.248387490591160e+00  3.706615791277603e+03  2.230728023053095e-01  -4.729917610013090e-02  -1.206636972969296e-03
  1.944999999999981e+00  -8.901929825973079e+06  -2.107948035578818e+06  -1.539490406552297e+06  -3.738664709862706e+06  -7.312258520462869e+02  4.695760928356397e+03  2.233936868570739e-01  -4.712026946531092e-02  -1.021828876113485e-03
  1.949999999999980e+00  -8.902047398407098e+06  -2.090472867506514e+06  -1.535586626642812e+06  -3.756808706989729e+06  -1.627086887609651e+03  6.115505344304898e+03  2.237613521037856e-01  -4.698895331274568e-02  -8.226938194009801e-04
  1.954999999999980e+00  -8.899905505461624e+06  -2.071960595034902e+06  -1.530714329211407e+06  -3.775802734181076e+06  -2.639795444240685e+03  7.900965880192510e+03  2.241789179685025e-01  -4.691407643042519e-02  -6.233363664715703e-04
  1.959999999999980e+00  -8.895684943884587e+06  -2.052471716283807e+06  -1.525048251401072e+06  -3.795645509267242e+06  -3.719630997154253e+03  9.964689351985693e+03  2.246390815480844e-01  -4.689594005456878e-02  -4.373768948189913e-04
  1.964999999999980e+00  -8.889719586568644e+06  -2.032169305256546e+06  -1.518821512844487e+06  -3.816273981207568e+06  -4.811960119485579e+03  1.219749475624907e+04  2.251270221317268e-01  -4.692754990523791e-02  -2.767565486254726e-04
  1.969999999999980e+00  -8.882587356572066e+06  -2.011425903382758e+06  -1.512381225308701e+06  -3.837554650222330e+06  -5.834129347168026e+03  1.448175619451357e+04  2.255890402090521e-01  -4.698701313419976e-02  -1.424200209781143e-04
  1.974999999999980e+00  -8.874480522779584e+06  -1.990251621164716e+06  -1.505841819451324e+06  -3.859420033897843e+06  -6.826252778386804e+03  1.674475739129444e+04  2.260729334959699e-01  -4.707962487181164e-02  -4.970701414354834e-05
  1.979999999999980e+00  -8.866001426902074e+06  -1.969101641601482e+06  -1.499652467256597e+06  -3.881692857882458e+06  -7.693964166181672e+03  1.881987847478009e+04  2.265239487217791e-01  -4.717894244300885e-02  3.503442773586088e-06
  1.984999999999980e+00  -8.857576754299168e+06  -1.948274038662196e+06  -1.494106489279573e+06  -3.904239895106800e+06  -8.418251202237509e+03  2.061756501671824e+04  2.269219106538929e-01  -4.726966954611975e-02  2.321489255943927e-05
  1.989999999999980e+00  -8.849532096412424e+06  -1.928016768965388e+06  -1.489420560949850e+06  -3.926948518885389e+06  -9.002112316570205e+03  2.208735819794484e+04  2.272514581550108e-01  -4.733848673304737e-02  1.995295995236053e-05
  1.994999999999979e+00  -8.842061886114480e+06  -1.908508077293282e+06  -1.485702102090772e+06  -3.949730654477975e+06  -9.468284014806546e+03  2.322137151995888e+04  2.275041129856379e-01  -4.737425533699025e-02  6.791348796212099e-06
  1.999999999999979e+00  -8.835217025819050e+06  -1.889851100668170e+06  -1.482942031111332e+06  -3.972522061917288e+06  -9.849158222135786e+03  2.404006464848457e+04  2.276800946657334e-01  -4.736807297818861e-02  -3.838162803446406e-06
