TITLE = "Temporal Signal for receiver number 00002"
VARIABLES = "Time","s_xx","s_yy","s_zz","s_xy","s_yz","s_xz","v1","v2","v3"
# x1       0.000000000000e+00
# x2       2.000000000000e+03
# x3       0.000000000000e+00
# cell-global-id 5952
  0.000000000000000e+00  0.000000000000000e+00  0.000000000000000e+00  0.000000000000000e+00  0.000000000000000e+00  0.000000000000000e+00  0.000000000000000e+00  0.000000000000000e+00  0.000000000000000e+00  0.000000000000000e+00
  5.000000000000000e-03  0.000000000000000e+00  0.000000000000000e+00  0.000000000000000e+00  0.000000000000000e+00  0.000000000000000e+00  0.000000000000000e+00  0.000000000000000e+00  0.000000000000000e+00  0.000000000000000e+00
  1.000000000000000e-02  0.000000000000000e+00  0.000000000000000e+00  0.000000000000000e+00  0.000000000000000e+00  0.000000000000000e+00  0.000000000000000e+00  0.000000000000000e+00  0.000000000000000e+00  0.000000000000000e+00
  1.500000000000000e-02  -3.832619668372959e-11  3.026883352327043e-10  6.977343884515572e-11  -2.046156129102126e-11  -3.252193177591471e-11  5.005850119888149e-11  9.747499079643205e-18  -1.868710995802105e-17  -1.976744117711355e-18
  2.000000000000000e-02  -4.342239406681931e-08  3.817153760856457e-08  -9.750609971924989e-08  1.005867479883828e-07  -2.837865668145842e-08  3.897536185600638e-08  -1.688829962929728e-16  1.542640458374259e-15  -6.398863944541475e-15
  2.500000000000000e-02  3.568957385716193e-06  1.695635284435895e-05  1.078942375909461e-05  -5.253014082908508e-06  -6.605705664690928e-07  3.206120419416510e-07  3.951187979281906e-13  -1.294174296345309e-12  2.870612577493085e-13
  3.000000000000000e-02  -4.053855699812949e-05  -2.064555685389853e-04  -1.264723600517174e-04  2.822851053899859e-05  -1.596044633012754e-06  -9.211302903159429e-06  -2.785206838966711e-12  1.542413012600376e-11  -1.660696748828851e-12
  3.500000000000000e-02  2.484458905924514e-04  1.166803179997942e-03  7.425618974492000e-04  -1.615055539923125e-05  1.041219061719502e-04  6.956170120142934e-05  5.465105287895122e-12  -8.809062301305495e-11  -2.163516456927967e-12
  4.000000000000000e-02  -1.003426913684944e-03  -4.334485288961513e-03  -2.843470315596630e-03  -2.777826613891863e-04  -7.629320540702248e-04  -2.328082425984982e-04  1.643294111698972e-11  3.327530343869034e-10  4.548316977939987e-11
  4.500000000000000e-02  2.866121793104063e-03  1.804982376834165e-02  1.007281824297000e-02  -3.634917048358023e-05  3.322279469875849e-03  7.461223118275279e-04  -7.751917125258318e-12  -1.215136643421666e-09  -2.894684312276229e-10
  5.000000000000000e-02  -4.787088436799289e-03  -4.258474600440190e-02  -2.416526826519324e-02  1.467101624821488e-03  -7.536785778573578e-03  1.105791789965868e-03  1.693907964523676e-10  2.958480911610517e-09  2.703950763110627e-10
  5.499999999999999e-02  1.310405026696580e-02  7.969316542957475e-02  4.715467871469421e-02  -1.102058870670283e-02  1.177210463779674e-02  -8.133457201721095e-03  -7.508052730676245e-10  -6.411692794760976e-09  1.196251449250563e-09
  5.999999999999999e-02  -6.569572520334739e-02  -1.069838267149623e-01  -5.994366697217327e-02  3.584956933604292e-02  -1.974622613783898e-02  1.501127339157153e-02  2.878794536887019e-09  1.202690657648929e-08  -3.797435334073420e-09
  6.499999999999999e-02  1.716422636581799e-01  1.067075282149559e-01  1.835124748188648e-02  -4.397687784246994e-02  5.996941677135810e-02  -8.737284155299565e-03  -5.987905760094135e-09  -1.658626689823697e-08  1.196838238697450e-12
  6.999999999999999e-02  -2.064742841157673e-01  7.878160223443355e-02  2.373192877396424e-01  -3.029276812735272e-02  -1.568183499629923e-01  -1.007524645826183e-02  9.488605517550648e-09  -5.691333727067367e-09  2.630870249199405e-08
  7.500000000000000e-02  -2.769868401152804e-01  -4.790305384172198e-01  -5.378331849708318e-01  3.342701603827533e-01  9.020503758716696e-02  3.858140409380968e-02  8.935162050526277e-10  8.251348598301558e-08  -5.192293203685682e-08
  8.000000000000000e-02  1.188319875341139e+00  1.497605769887971e+00  3.214820278796378e-01  -1.153993732795515e+00  5.361478911092550e-01  -1.261405479148666e-01  -3.636038583122576e-09  -1.837319618630541e-07  -2.030856642214626e-08
  8.500000000000001e-02  -7.200401744092433e-01  -1.675113184322230e+00  9.697663258197736e-01  1.402361493255915e+00  -1.734950810199975e+00  5.184719835667988e-01  -5.315343151766326e-08  9.827076096078325e-08  2.219600551287965e-07
  9.000000000000001e-02  -1.110220021331992e+00  -1.365267917449098e+00  -2.445320694380727e+00  1.108599244820644e+00  6.940772109866963e-01  -3.863392730600835e-01  6.955179027060342e-08  3.837792972579157e-07  -2.120933311245414e-07
  9.500000000000001e-02  1.885195121990497e+00  9.349895348153696e+00  1.219512949216703e+00  -7.541471273720108e+00  4.903504433015011e+00  -9.308203004361506e-01  2.174266263410290e-07  -8.909672024881714e-07  -5.046345502732077e-07
  1.000000000000000e-01  -7.679601413318325e-01  -1.545273087129055e+01  4.812185560807709e-01  8.420374140183641e+00  -9.199763530406033e+00  2.629061843754022e+00  -7.440406108460125e-07  4.392941235945840e-07  1.244610581758364e-06
  1.050000000000000e-01  2.854687398801995e+00  -9.359704196540328e+00  -3.194896730575729e+00  9.188257968942043e+00  -2.036971598876615e+00  -1.797462348766326e+00  2.188251677266021e-07  1.568511636608137e-06  2.763004953806825e-08
  1.100000000000000e-01  -1.620377450114579e+00  4.418349365548738e+01  6.081788579429778e+00  -2.853508576727198e+01  3.104627985077641e+01  -5.657143927242907e+00  1.838513119393081e-06  -2.837717304666909e-06  -3.734805913081045e-06
  1.150000000000000e-01  -1.978060540762595e+01  -4.615594047436988e+01  -1.860956462183879e+01  4.909121872099246e+00  -2.735183728362772e+01  1.126468778116519e+01  -2.469643322841611e-06  8.353920326904912e-07  3.313796380372036e-06
  1.200000000000000e-01  2.622203293236533e+01  -5.074485398737935e+01  2.114844087819570e+00  5.518672890431579e+01  -4.392567190651856e+01  9.784085376442188e-01  -2.519945613658236e-06  4.178494496959534e-06  5.739804286122695e-06
  1.250000000000000e-01  4.204501352802161e+01  1.403809684062090e+02  5.981995842718682e+01  -4.697028935977880e+01  1.025758163262153e+02  -3.055049380903757e+01  7.585921285680304e-06  -6.321382322364938e-06  -1.212173245234589e-05
  1.300000000000000e-01  -9.731297129340116e+01  -6.924703494814823e+01  -6.686628404395290e+01  -8.248449677285078e+01  7.756189869654351e+00  7.938526247050993e+00  1.391370915069200e-06  8.584334831013159e-07  -3.162773661615810e-06
  1.350000000000000e-01  -3.681253846730178e+01  -2.251105172881626e+02  -9.469473076631023e+01  1.360509664131367e+02  -1.867747644577721e+02  5.648801372544400e+01  -1.764844799308825e-05  9.329978952133627e-06  2.280489558981925e-05
  1.400000000000000e-01  1.932108605888514e+02  3.689811797744551e+02  2.049930551974092e+02  9.875025811687601e+01  1.051928110403651e+02  -3.059120870934849e+01  3.568419555832428e-06  -1.443669151857115e-05  -4.088907368050762e-06
  1.450000000000000e-01  -3.032965593765440e+01  1.712856505460291e+01  2.201378946561351e+01  -3.096890213146765e+02  2.390176101952378e+02  -1.191955470895190e+02  3.618544449537639e-05  5.103994124423557e-06  -3.414633180564524e-05
  1.500000000000000e-01  -2.822064048625734e+02  -6.877684009478198e+02  -3.336472470789155e+02  -7.814747196644635e+01  -2.556412891962974e+02  6.472220463441489e+01  -1.661442635889001e-05  2.623797285273693e-05  1.224187519580761e-05
  1.550000000000001e-01  1.762109670883137e+02  4.967078293856729e+02  1.512941671550585e+02  5.874329551184118e+02  -2.334563284705820e+02  1.940547895952211e+02  -6.756816767431187e-05  -4.748051431962459e-05  4.425972598681103e-05
  1.600000000000001e-01  2.457856776154015e+02  8.690161631443516e+02  3.739802668232917e+02  -2.176352612006255e+01  3.535666946934049e+02  -1.441511992732621e+02  4.251350432032127e-05  -2.022454884072503e-05  -3.083767480337181e-06
  1.650000000000001e-01  -4.093819825757032e+02  -1.638975261789186e+03  -4.972940271235047e+02  -9.700413037037462e+02  2.142447330867829e+02  -3.456097562434131e+02  1.129735971863015e-04  1.321167690213628e-04  -6.291629327396707e-05
  1.700000000000001e-01  -1.145629680497307e+02  -3.361681673164369e+02  -8.508239345311756e+01  2.558953967956482e+02  -1.897945295396892e+02  3.013158401787212e+02  -9.066729150710817e-05  -2.714269402029109e-05  -3.941783907946655e-05
  1.750000000000001e-01  7.852465386071754e+02  3.130466292262620e+03  9.141745802553758e+02  1.353659853094445e+03  -2.343948358512849e+02  5.207187351182731e+02  -1.744477082278852e-04  -2.684578336288432e-04  8.352023022643117e-05
  1.800000000000001e-01  -1.911008074947965e+02  -1.002052868124915e+03  -5.798642131168976e+02  -7.553219056474655e+02  -2.805042840821322e+02  -5.836412459242757e+02  1.704834672066026e-04  1.252491280889241e-04  1.422423456979969e-04
  1.850000000000001e-01  -1.343029517487531e+03  -6.111900139226064e+03  -1.769190169731879e+03  -1.759013298246255e+03  1.428613272028154e+02  -9.579636586583650e+02  2.609065066555709e-04  4.946604502953404e-04  -9.590303826187687e-05
  1.900000000000001e-01  4.327263461365454e+02  3.700042344431334e+03  1.933799569412845e+03  1.789342911765845e+03  1.389798768418464e+03  8.680599702595404e+02  -3.145300533765777e-04  -2.913525483628347e-04  -3.152249181973713e-04
  1.950000000000001e-01  2.279160210375146e+03  1.071249711054771e+04  3.298429580959400e+03  2.266474403018887e+03  4.211663385976929e+02  1.728046083458767e+03  -4.242818024772347e-04  -8.695568178823488e-04  8.675233204493819e-06
  2.000000000000001e-01  -3.308205053600460e+02  -6.561690897576185e+03  -3.519819656878532e+03  -3.647785143900431e+03  -2.587805525396117e+03  -9.227050907580436e+02  4.936640247565281e-04  4.422014971898215e-04  5.222672166202839e-04
  2.050000000000001e-01  -3.471080869656661e+03  -1.893035680553925e+04  -6.356086910762077e+03  -3.720987127963877e+03  -2.056467318314079e+03  -3.036057572615196e+03  7.657360682906028e-04  1.498299766388746e-03  2.616641658042871e-04
  2.100000000000001e-01  -5.417993377803328e+02  7.128245568083205e+03  4.490662526534925e+03  5.836352108217080e+03  3.295896236569808e+03  -1.465022072383211e+02  -6.271845338082709e-04  -4.416629343796887e-04  -6.551070644922493e-04
  2.150000000000001e-01  4.416034491159314e+03  3.293519197431969e+04  1.181985918645031e+04  7.124643408068073e+03  5.503061837481578e+03  4.527991831245808e+03  -1.390997316331536e-03  -2.484239790031576e-03  -7.359908773905562e-04
  2.200000000000001e-01  2.801642263180610e+03  -1.239249359956898e+02  -2.712425287668548e+03  -7.162094103211778e+03  -1.288313451558997e+03  2.681240085834390e+03  3.622867149086542e-04  -1.696177882740779e-04  4.191544973233507e-04
  2.250000000000001e-01  -4.022017397060342e+03  -4.783895997959970e+04  -1.828126692049958e+04  -1.217698726948299e+04  -8.867205830269550e+03  -4.859240566478912e+03  2.071639230451894e-03  3.578000099556620e-03  1.318712105463994e-03
  2.300000000000001e-01  -5.373629230406724e+03  -2.185496700479456e+04  -4.315399366112992e+03  5.763140135695577e+03  -5.428173099722656e+03  -7.162382956371323e+03  5.091536972226705e-04  1.844619755418438e-03  4.014400466883306e-04
  2.350000000000001e-01  1.910092892639909e+03  5.793698528886292e+04  2.410518385670164e+04  1.662260881308280e+04  9.275577509569583e+03  1.939395125252510e+03  -2.368970672202735e-03  -4.132656796818178e-03  -1.541119356449297e-03
  2.400000000000001e-01  7.887700769291651e+03  6.134641905649367e+04  1.865541258341971e+04  -3.007475890299396e+03  1.534602954036066e+04  1.107678007726630e+04  -1.866055551644694e-03  -4.833811178689112e-03  -1.878849010547002e-03
  2.450000000000001e-01  2.725528243896281e+03  -4.137506976675597e+04  -2.235216921315357e+04  -2.112548247280726e+04  -7.083935598688887e+02  5.186492537919615e+03  1.537780738692741e-03  2.672050831704634e-03  5.948158198663522e-04
  2.500000000000001e-01  -9.071913713169301e+03  -1.143564659280026e+05  -4.106447416019193e+04  8.102118357550929e+02  -2.369214338419314e+04  -1.101938791853825e+04  2.829293388977662e-03  8.246891581391490e-03  3.272457003988232e-03
  2.550000000000001e-01  -9.479071044844342e+03  -2.646183248474113e+04  2.277597464231841e+03  3.072457643443675e+04  -1.808380856580994e+04  -1.577326503918925e+04  -6.242654639447540e-05  2.091912770907094e-03  1.845974672219833e-03
  2.600000000000001e-01  7.018163452761507e+03  1.348843307217439e+05  5.911760231097062e+04  9.970441578536303e+03  1.803689993466157e+04  1.672515654336509e+03  -2.490315690399452e-03  -9.669789501682921e-03  -2.969404631221914e-03
  2.650000000000001e-01  2.362906217110990e+04  1.533526755980174e+05  4.846196422059630e+04  -4.502826690175512e+04  3.806533379359621e+04  2.142912865018022e+04  -1.122994416271264e-03  -1.081406994193307e-02  -4.997339290278537e-03
  2.700000000000001e-01  9.530142344388605e+03  -4.621805581835645e+04  -3.834294481894520e+04  -4.713144839887715e+04  6.554122055507100e+03  1.694368692060758e+04  1.563778214520187e-03  4.362818834442740e-03  -1.732655435514521e-04
  2.750000000000001e-01  -2.826248866946810e+04  -2.677848647783585e+05  -1.060737877693652e+05  3.124233879334321e+04  -4.618411106629843e+04  -1.047392337506971e+04  1.081736190453005e-03  1.923086793492110e-02  6.236090914338460e-03
  2.800000000000001e-01  -5.303961302293526e+04  -2.170301990669346e+05  -6.170356449343268e+04  9.757561584799337e+04  -4.519651057108212e+04  -2.908395716450854e+04  -1.152906217266268e-03  1.326459102940286e-02  5.505725989116606e-03
  2.850000000000001e-01  -1.818637591472982e+04  1.426972851258896e+05  7.654368410034903e+04  5.180944582872741e+04  1.997951741881005e+04  -1.676080965245627e+04  -8.685590682245234e-04  -1.392408077561238e-02  -2.584517540707734e-03
  2.900000000000001e-01  6.388759228748767e+04  4.866363629088816e+05  1.765544415088596e+05  -7.425990141494786e+04  7.320001257372621e+04  1.458908190859042e+04  1.786400713813991e-03  -3.487013095317384e-02  -8.523677984785833e-03
  2.950000000000002e-01  1.144349227314937e+05  3.832403203076751e+05  1.130152334358371e+05  -1.387816525170688e+05  4.313932520487086e+04  2.934068582819016e+04  2.754734930346179e-03  -2.209659394362882e-02  -4.451326823513136e-03
  3.000000000000002e-01  5.446461899562927e+04  -2.013533496037691e+05  -9.299099184514768e+04  -6.114094471084646e+04  -4.146708021392035e+04  1.488500253612564e+04  -1.033567807907907e-03  2.217735441479895e-02  4.574414239478300e-03
  3.050000000000002e-01  -1.034553099365384e+05  -7.798188640124642e+05  -2.727554751133214e+05  8.632606249972309e+04  -8.508455319679277e+04  -1.181136351954286e+04  -5.598836496962111e-03  5.954604162723107e-02  7.800495544119423e-03
  3.100000000000002e-01  -2.205983257545230e+05  -7.454694969390027e+05  -2.397597949011906e+05  1.463180790315440e+05  -4.107577175694086e+04  -2.620399978708706e+04  -4.023582476306766e-03  4.671622516844367e-02  2.181862718238735e-03
  3.150000000000002e-01  -1.724545687682449e+05  5.640057413989022e+04  2.581240133379828e+04  4.825149554745851e+04  4.007457656928498e+04  -1.513313653508113e+04  5.218263932817886e-03  -1.489134540369775e-02  -4.693772368380702e-03
  3.200000000000002e-01  6.409548378891176e+04  1.036308613354028e+06  3.435567837460242e+05  -1.323742937182997e+05  7.751134088428340e+04  7.345626091200853e+03  1.586756461083652e-02  -8.105034605327641e-02  -4.619224580437727e-03
  3.250000000000002e-01  3.306460194620871e+05  1.392728374002143e+06  4.662014648750530e+05  -1.706884616737835e+05  4.974622989356335e+04  2.564275963717272e+04  1.271669117633116e-02  -9.663392064372382e-02  9.071655727888702e-04
  3.300000000000002e-01  3.999032203130452e+05  8.548615776872067e+05  2.938845852783960e+05  2.643366461052886e+05  6.662348680239805e+02  2.680246251457366e+04  -2.521050511975263e-02  -4.845416626464194e-02  3.988659176141341e-03
  3.350000000000002e-01  1.878491550112691e+05  -2.114858526976321e+04  -1.194426821873500e+04  1.531398846984898e+06  -2.983094340353586e+04  1.163832880985341e+04  -1.181345321445173e-01  1.557219361911759e-02  4.871273693783351e-04
  3.400000000000002e-01  -1.877667485091473e+05  -3.329143785587839e+05  -1.751748986243868e+05  3.911376389489382e+06  -4.397673970897860e+04  -1.438730752831307e+04  -2.788398888005685e-01  3.570495168435235e-02  -4.793939974414570e-03
  3.450000000000002e-01  -4.504867720951796e+05  2.837973254962424e+05  -4.135389987637334e+04  7.378811776829545e+06  -5.977327281246683e+04  -4.028587321788166e+04  -4.990748402044040e-01  -8.995789021393384e-03  -4.439892159524094e-03
  3.500000000000002e-01  -3.782116203620444e+05  1.305483829905896e+06  2.840135199983909e+05  1.150150800273546e+07  -7.202535342384467e+04  -4.209259844004637e+04  -7.477477663650923e-01  -7.872640896501124e-02  2.457196198339764e-03
  3.550000000000002e-01  3.579470450218517e+03  1.721913263734787e+06  4.990577738589686e+05  1.554732278555130e+07  -3.943501957747355e+04  -2.044291411709773e+04  -9.825167934381056e-01  -1.076712842634259e-01  9.815724985480695e-03
  3.600000000000002e-01  4.192071960370207e+05  1.019784865151172e+06  3.854034980492699e+05  1.890539376965139e+07  4.047086800676314e+04  2.628434929987890e+04  -1.170794573091404e+00  -6.605305947407941e-02  1.024476079691569e-02
  3.650000000000002e-01  5.250386620277158e+05  -3.805431689787835e+05  -2.460188176618385e+04  2.148347667119341e+07  1.148774030746545e+05  7.575336627644394e+04  -1.314098990684686e+00  1.699147793109696e-02  3.081481875092858e-03
  3.700000000000002e-01  1.723759123782334e+05  -1.475646736433606e+06  -4.765690624974653e+05  2.375009945484793e+07  1.141886472770617e+05  8.399085560370992e+04  -1.446517242067814e+00  7.933544861464671e-02  -5.006863630157099e-03
  3.750000000000002e-01  -4.555382594699821e+05  -1.422761732933751e+06  -6.514544603244471e+05  2.647027287969764e+07  5.949240709183197e+03  4.514569471331759e+04  -1.610182394210385e+00  7.851862027618657e-02  -7.670033677567035e-03
  3.800000000000002e-01  -9.225473632211109e+05  -3.470157776508963e+05  -4.440619697196255e+05  2.999797557891124e+07  -1.379270848086573e+05  -4.465682655956216e+04  -1.819600403031004e+00  2.480240805889643e-02  -3.688752192827082e-03
  3.850000000000002e-01  -8.491567996409317e+05  8.931900194987948e+05  6.103098748673726e+03  3.397355347570400e+07  -2.044720649501208e+05  -1.398722178451758e+05  -2.037415200075219e+00  -3.209906343176494e-02  1.466122579406654e-03
  3.900000000000002e-01  -1.912752787109239e+05  1.356620744911344e+06  4.103975967273202e+05  3.751239553892658e+07  -1.273345743356377e+05  -1.708290606728016e+05  -2.194280500984618e+00  -4.534819750780999e-02  1.533860254070985e-03
  3.950000000000002e-01  6.959219925283990e+05  6.731151142957022e+05  5.188291118080622e+05  3.992170128113418e+07  5.270340222098908e+04  -8.609075297337497e+04  -2.244117555629925e+00  -8.402495301689735e-03  -3.940616046972239e-03
  4.000000000000002e-01  1.235161809349066e+06  -6.552699030622317e+05  2.510310620777539e+05  4.116156464693005e+07  2.026048789957495e+05  8.188061294053021e+04  -2.203620551064446e+00  4.816320179167059e-02  -8.210514218872714e-03
  4.050000000000002e-01  1.001861058195041e+06  -1.703592465590038e+06  -2.349402498298449e+05  4.234977012450095e+07  2.000710451534110e+05  2.528140166701943e+05  -2.174535865912007e+00  7.712749110727224e-02  -4.101884247276143e-03
  4.100000000000003e-01  1.463168159172866e+04  -1.769545397219066e+06  -6.762279465200135e+05  4.496609252592102e+07  3.027107383384275e+04  3.085901319488145e+05  -2.283906033327255e+00  5.370055059193371e-02  9.603227164642148e-03
  4.150000000000003e-01  -1.253197858427251e+06  -7.544312622186980e+05  -8.416780409227869e+05  4.978387059377579e+07  -1.966004287507206e+05  1.751063262014112e+05  -2.591429427504815e+00  -5.159054563218118e-03  2.442260981931746e-02
  4.200000000000003e-01  -2.080893867928498e+06  6.850544778698678e+05  -6.258906679219751e+05  5.632960858550993e+07  -3.003773494494905e+05  -9.317122497797171e+04  -3.037018903426830e+00  -6.279592081684922e-02  2.770883185605357e-02
  4.250000000000003e-01  -1.947111774579113e+06  1.677584694293645e+06  -1.443324737405286e+05  6.245886637461197e+07  -1.811751854041412e+05  -3.689462703907341e+05  -3.427034122354704e+00  -7.522335511972027e-02  1.258677778228799e-02
  4.300000000000003e-01  -8.233658611429607e+05  1.632421796787511e+06  3.735203204245021e+05  6.564516025326323e+07  1.090731997224287e+05  -4.849871001025027e+05  -3.538047766907127e+00  -2.796790568875540e-02  -1.597625291826711e-02
  4.350000000000003e-01  8.233535682212387e+05  4.987947925296267e+05  6.912931121799159e+05  6.457203553993289e+07  3.835577809230682e+05  -3.357429273818999e+05  -3.259722288796862e+00  5.009547226282771e-02  -4.088536065303129e-02
  4.400000000000003e-01  2.171354286350098e+06  -1.054829245802538e+06  6.432110047869360e+05  6.001457369090527e+07  4.235752153923354e+05  1.407786943038970e+04  -2.678546013422328e+00  1.214118533825954e-01  -4.302954855316583e-02
  4.450000000000003e-01  2.590673012719693e+06  -2.193819613020162e+06  2.837563889311259e+05  5.535963355045941e+07  1.414276191927097e+05  4.059529484251709e+05  -2.101435119075254e+00  1.374673143502589e-01  -1.579182511804198e-02
  4.500000000000003e-01  1.899344342749842e+06  -2.329346190394146e+06  -2.039585010060066e+05  5.501168077896788e+07  -3.521372798289835e+05  6.243949235723503e+05  -1.920630552705597e+00  8.221955076619235e-02  3.025865116500591e-02
  4.550000000000003e-01  3.922229947753540e+05  -1.341739506475787e+06  -5.934455312442500e+05  6.216902344782196e+07  -7.856526819425900e+05  5.156237313432570e+05  -2.412596408437246e+00  -1.219416686426733e-02  7.001149860538768e-02
  4.600000000000003e-01  -1.200980646457493e+06  2.182958883344054e+05  -6.873873925687203e+05  7.705199368001592e+07  -8.755704706068232e+05  1.241617175404799e+05  -3.575361368489373e+00  -1.094230385120873e-01  7.455495438476854e-02
  4.650000000000003e-01  -2.242901807766789e+06  1.584647117637640e+06  -4.871885764183789e+05  9.574197156967479e+07  -4.951892932789685e+05  -3.831841175610983e+05  -5.046655199000195e+00  -1.566323424168605e-01  3.588980510310760e-02
  4.700000000000003e-01  -2.401476476823998e+06  2.193140054290526e+06  -1.099399245559356e+05  1.111629828559248e+08  2.378957509748470e+05  -7.532129244213379e+05  -6.188568997053913e+00  -1.306652359760642e-01  -3.208387897239300e-02
  4.750000000000003e-01  -1.756173019490656e+06  1.964415175275032e+06  2.819631785526077e+05  1.153544537054820e+08  9.954942892581346e+05  -7.682621160530719e+05  -6.292590227395344e+00  -4.756989469736412e-02  -9.908067379024392e-02
  4.800000000000003e-01  -6.286605737885354e+05  9.873834244354878e+05  4.849910562615363e+05  1.022386331239356e+08  1.372421588289504e+06  -4.291803649882698e+05  -4.842838442396603e+00  4.803596518678026e-02  -1.202260766585623e-01
  4.850000000000003e-01  4.596184798661849e+05  -3.061347389213769e+04  4.800895387007429e+05  6.981111852118766e+07  1.121908794163523e+06  1.395658174517348e+05  -1.680266850520524e+00  1.196380280398816e-01  -8.174190532022298e-02
  4.900000000000003e-01  1.163087646436558e+06  -6.395464902672035e+05  3.130530924557514e+05  2.111022768437801e+07  2.557515270061072e+05  6.907984913070290e+05  2.899455136654938e+00  1.431840341249571e-01  6.294539090324580e-03
  4.950000000000003e-01  1.512536918061197e+06  -1.095853804779703e+06  1.880977802547742e+04  -3.656005847358897e+07  -9.489486752214455e+05  9.479008835477934e+05  8.214069889259138e+00  9.854567972004741e-02  1.154761573681115e-01
  5.000000000000003e-01  1.269363646622236e+06  -7.602868816638833e+05  -1.821202208087772e+05  -9.407076378118838e+07  -1.941143481989678e+06  8.580310878154294e+05  1.344145168316296e+01  5.867509123565679e-02  1.833128292246260e-01
  5.050000000000003e-01  7.967540637826485e+05  -4.225746556372883e+05  -3.144608643733953e+05  -1.424573408159671e+08  -2.297786139243754e+06  4.396636415060930e+05  1.775730649605181e+01  2.198946770516498e-02  1.828421705541405e-01
  5.100000000000003e-01  3.211970492812321e+05  -4.539419991288646e+05  -3.903784991826219e+05  -1.755663146575561e+08  -1.782859481146646e+06  -1.436613328404947e+05  2.059403453034885e+01  -2.715207333037434e-03  1.082459767430229e-01
  5.150000000000003e-01  -1.854499361344441e+05  -4.978408403855753e+05  -3.595221262798408e+05  -1.912411265065359e+08  -4.429598861253444e+05  -6.529011802346574e+05  2.175059449481124e+01  7.957395632184203e-03  -2.169662830328746e-02
  5.200000000000004e-01  -3.402010325989632e+05  -1.154923506867963e+06  -3.637964816482056e+05  -1.906390704868223e+08  1.181209766457585e+06  -9.501375226521235e+05  2.133797095156887e+01  -1.663203652948263e-02  -1.480641426392972e-01
  5.250000000000004e-01  -2.504884467666415e+05  -1.798307386059720e+06  -3.342184011575880e+05  -1.780301306175179e+08  2.552951014373526e+06  -9.708790344945035e+05  1.976276250235312e+01  -6.732435579764798e-02  -2.251041939366049e-01
  5.300000000000004e-01  -9.047793941873377e+03  -2.015775881363601e+06  -2.378300850277996e+05  -1.586598131821873e+08  3.145248004010591e+06  -7.370809965989528e+05  1.754829793398432e+01  -1.308452374708944e-01  -2.226535775901722e-01
  5.350000000000004e-01  1.921638133631278e+05  -1.479156182923785e+06  -6.828859688308013e+04  -1.373146843962319e+08  2.647825946500532e+06  -2.939759663529895e+05  1.520447782768110e+01  -1.688947963735372e-01  -1.433057233431420e-01
  5.400000000000004e-01  4.097437028822821e+05  -6.466264536714965e+05  1.219925825284679e+05  -1.176535954350875e+08  1.254480451347946e+06  1.534805654493396e+05  1.309517632584209e+01  -1.698252812139668e-01  -7.054059638745970e-03
  5.450000000000004e-01  3.349138236882151e+05  6.431928312824273e+05  3.049490050607181e+05  -1.014591954474503e+08  -6.131694569988423e+05  5.896098361651344e+05  1.143764746576861e+01  -9.168453722146190e-02  1.318544367594295e-01
  5.500000000000004e-01  -8.532918617037774e+04  2.083868498518511e+06  4.209547961446790e+05  -8.903427088019387e+07  -2.343127581049850e+06  9.432099457525507e+05  1.025921419587756e+01  5.029669004284860e-02  2.271551457573051e-01
  5.550000000000004e-01  -5.192862044057586e+05  2.847725461753354e+06  3.984775269226383e+05  -7.966274408342241e+07  -3.362907687580306e+06  1.058228425472375e+06  9.435369627189678e+00  1.753339706070625e-01  2.606678696499504e-01
  5.600000000000004e-01  -1.289988378639396e+06  3.662553422950478e+06  3.029865184603361e+05  -7.230981804010776e+07  -3.385437685182027e+06  1.043279008872730e+06  8.830556339891336e+00  2.867318259459993e-01  2.064683075816922e-01
  5.650000000000004e-01  -1.828650779066703e+06  3.706589386253410e+06  1.108978594277211e+05  -6.583161071801275e+07  -2.467073005810488e+06  7.628776343588243e+05  8.249467864678504e+00  3.016675729981645e-01  9.706516803488036e-02
  5.700000000000004e-01  -1.845008712478756e+06  2.782606783216527e+06  -1.420793749013664e+05  -5.944645092233143e+07  -9.502298055833547e+05  2.164574039638021e+05  7.566985179926163e+00  2.071311199255148e-01  -3.147929199505207e-02
  5.750000000000004e-01  -1.195858992038527e+06  9.380673532413956e+05  -3.993177262602786e+05  -5.274003581512266e+07  6.727349180273648e+05  -5.087958551197955e+05  6.736906929883008e+00  3.431162227881643e-02  -1.427767539082540e-01
  5.800000000000004e-01  -1.227205926223589e+05  -1.249096907438183e+06  -6.032866917442714e+05  -4.562824904839344e+07  1.915204674882562e+06  -1.175351655004169e+06  5.801458445731851e+00  -1.416071252010471e-01  -2.205385063794726e-01
  5.850000000000004e-01  1.418915174679365e+06  -3.600630131280860e+06  -6.340052378737581e+05  -3.816561560853921e+07  2.531777262185656e+06  -1.700048705121990e+06  4.821889286942123e+00  -2.842518468013082e-01  -2.360694935952111e-01
  5.900000000000004e-01  2.837736542201037e+06  -5.205023841870871e+06  -4.621104808771943e+05  -3.062150302686654e+07  2.469127709514237e+06  -1.832777270498775e+06  3.909283701691498e+00  -3.357552958477674e-01  -2.021009318201774e-01
  5.950000000000004e-01  3.668594142319793e+06  -5.489319150121361e+06  -1.017898679426577e+05  -2.327171299878758e+07  1.877467987538732e+06  -1.471438446010478e+06  3.146478681437483e+00  -2.829385324542425e-01  -1.336451659856314e-01
  6.000000000000004e-01  3.646555122329225e+06  -4.295065974615616e+06  3.871202950840775e+05  -1.636482235421817e+07  1.023521518703504e+06  -6.831256005678688e+05  2.568048122000394e+00  -1.489185553560477e-01  -4.559688128158781e-02
  6.050000000000004e-01  2.639853262830270e+06  -1.906484592418403e+06  8.088987427921223e+05  -1.016153681962637e+07  1.827153593593817e+05  3.812499408431918e+05  2.165830254166584e+00  2.435762914288720e-02  4.122508454131736e-02
  6.100000000000004e-01  8.915308899233101e+05  1.007507390091951e+06  1.032635605315424e+06  -4.769439494540429e+06  -4.641924606399838e+05  1.435711326016926e+06  1.882917640176418e+00  1.860526565600103e-01  1.125261349225394e-01
  6.150000000000004e-01  -1.122307302972795e+06  3.598835587641015e+06  9.696557290242026e+05  -2.172207629040913e+05  -8.260022420990044e+05  2.182721280971243e+06  1.642471864509591e+00  2.921190130272323e-01  1.583792212785726e-01
  6.200000000000004e-01  -2.867868103281024e+06  5.248437534814459e+06  6.477082671641671e+05  3.536393574540649e+06  -8.846075449358070e+05  2.403478610942632e+06  1.376483066622897e+00  3.240884105179243e-01  1.740813691881072e-01
  6.250000000000004e-01  -3.864413518123252e+06  5.400332797871400e+06  1.130209628436455e+05  6.679046212172524e+06  -7.765362818547919e+05  2.040367508894669e+06  1.040375627095619e+00  2.706798765417788e-01  1.514415365556910e-01
  6.300000000000004e-01  -3.860841011228673e+06  4.168628605311894e+06  -4.418095901781328e+05  9.363200214118995e+06  -5.624756542550734e+05  1.170218721716776e+06  6.294086776064804e-01  1.546482674563450e-01  9.775828168939071e-02
  6.350000000000005e-01  -2.920982240784269e+06  1.980881332229306e+06  -8.575306521315790e+05  1.174963184563937e+07  -3.259915263471666e+05  2.277674620273614e+04  1.748034711255003e-01  9.388453183865046e-03  2.231428087503694e-02
  6.400000000000005e-01  -1.393263201938846e+06  -5.448167965056287e+05  -1.048573478342362e+06  1.396368026058847e+07  -1.402204979933225e+05  -1.095625360119543e+06  -2.693663571912921e-01  -1.275183026021597e-01  -6.253921890771660e-02
  6.450000000000005e-01  3.399494275282636e+05  -2.754224782530511e+06  -9.441568759343090e+05  1.610202567975083e+07  1.241218575388326e+04  -1.943929790515200e+06  -6.550109365274314e-01  -2.306315413926882e-01  -1.326404662293137e-01
  6.500000000000005e-01  1.759984167269650e+06  -4.121275976456703e+06  -6.165717268213788e+05  1.820328216659572e+07  1.158372685159098e+05  -2.321804646909288e+06  -9.399388574963340e-01  -2.768237688087575e-01  -1.743854571620133e-01
  6.550000000000005e-01  2.537043584658196e+06  -4.420278833046157e+06  -1.753039554961430e+05  2.030380666534937e+07  1.779048724400193e+05  -2.177337494421456e+06  -1.112579723853901e+00  -2.622542575333463e-01  -1.771829724407476e-01
  6.600000000000005e-01  2.612971020496806e+06  -3.801008422988155e+06  2.476796829394635e+05  2.245553893917972e+07  2.060832725310739e+05  -1.598384375350947e+06  -1.193324994256769e+00  -2.040739603439096e-01  -1.384450109184374e-01
  6.650000000000005e-01  1.980398351423219e+06  -2.368233053356863e+06  5.596956172836116e+05  2.461064746166557e+07  2.101290507924315e+05  -7.213519704933299e+05  -1.210046228376873e+00  -1.048850235318220e-01  -7.064466946041612e-02
  6.700000000000005e-01  9.718709183269418e+05  -6.367265909306150e+05  6.922659176105311e+05  2.676436415483772e+07  1.947576824582096e+05  2.399342214916777e+05  -1.211299726885966e+00  4.951043718118914e-03  9.710073804696379e-03
  6.750000000000005e-01  -6.412610314889302e+04  9.724765663695232e+05  6.436762172086942e+05  2.883046829668716e+07  1.760571422126316e+05  1.095401510563609e+06  -1.236237199433215e+00  1.037043803591004e-01  8.171911896270320e-02
  6.800000000000005e-01  -8.309006352461247e+05  2.160535119527104e+06  4.675540322061474e+05  3.065992608817967e+07  1.752336477332762e+05  1.705917071830006e+06  -1.308239866958096e+00  1.767468449380902e-01  1.267730933512285e-01
  6.850000000000005e-01  -1.145154559124417e+06  2.712856034009424e+06  2.241564189614205e+05  3.211604815768578e+07  2.069418513405850e+05  1.990506234883233e+06  -1.432736071317652e+00  2.128803203355626e-01  1.343090496006035e-01
  6.900000000000005e-01  -9.855668350458808e+05  2.620906403718045e+06  -3.444381127708344e+03  3.306411355762102e+07  2.742258924094335e+05  1.933315802782384e+06  -1.597636295626305e+00  2.099570009897177e-01  1.046419598869390e-01
  6.950000000000005e-01  -4.839424000055966e+05  2.005436600744475e+06  -1.560655281585373e+05  3.344779457706614e+07  3.560211739674922e+05  1.574556238105810e+06  -1.778991566421683e+00  1.731504821380969e-01  4.806482675871439e-02
  7.000000000000005e-01  1.302793810657704e+05  1.086141978657594e+06  -2.064488582886074e+05  3.330818422180853e+07  4.120852278305922e+05  9.999155279995936e+05  -1.948183333190189e+00  1.145938441424044e-01  -1.884368615679780e-02
  7.050000000000005e-01  6.764236375392278e+05  6.522085877371691e+04  -1.502115841022510e+05  3.279504851290170e+07  3.989652855165213e+05  2.958255063697294e+05  -2.083912782873830e+00  4.062996751663401e-02  -7.553555742913477e-02
  7.100000000000005e-01  9.738821548904972e+05  -8.190361864061992e+05  -1.336328671544370e+04  3.210019120362532e+07  2.861022053947033e+05  -4.181982150440853e+05  -2.169424357401125e+00  -3.238810812362408e-02  -1.078589538656711e-01
  7.150000000000005e-01  9.604399865784810e+05  -1.413492817805151e+06  1.626921089863048e+05  3.142969748999238e+07  7.584331195709646e+04  -1.037401948217510e+06  -2.199830499641926e+00  -9.328420026057817e-02  -1.088803555711694e-01
  7.200000000000005e-01  6.802051300094898e+05  -1.656813589503333e+06  3.295642050834973e+05  3.094619420724590e+07  -1.895148733995842e+05  -1.485776705568325e+06  -2.180466625918918e+00  -1.365695076478447e-01  -8.050125518533403e-02
  7.250000000000005e-01  2.077000620679426e+05  -1.531898638687468e+06  4.490533268147843e+05  3.072149650474198e+07  -4.486713778970766e+05  -1.688137509274599e+06  -2.121999932765089e+00  -1.528339255044417e-01  -3.405928085090117e-02
  7.300000000000005e-01  -3.195147756202978e+05  -1.119263864537810e+06  4.865747075449098e+05  3.075038338013820e+07  -6.258410126583907e+05  -1.632916034643487e+06  -2.040627073705234e+00  -1.446822929667722e-01  1.624906092912273e-02
  7.350000000000005e-01  -7.841019925827206e+05  -5.250214441679762e+05  4.277262760708646e+05  3.096231220133244e+07  -6.658902434294393e+05  -1.341590227604220e+06  -1.953627361561089e+00  -1.161707611332942e-01  5.655200637998785e-02
  7.400000000000005e-01  -1.115550600362174e+06  1.493227073830414e+05  2.825224340002807e+05  3.126731940960160e+07  -5.512083368795598e+05  -8.681548467660635e+05  -1.877172732549484e+00  -7.191059752761128e-02  7.785371592147211e-02
  7.450000000000006e-01  -1.248692399056746e+06  7.551945791078618e+05  5.967376401583285e+04  3.158502469281401e+07  -3.081102395687020e+05  -2.979540607666377e+05  -1.826347087282462e+00  -2.207160541604514e-02  7.636636066242809e-02
  7.500000000000006e-01  -1.188915996129858e+06  1.206111923231513e+06  -2.001645230357357e+05  3.188212904534256e+07  2.058443567255430e+03  2.729676538985115e+05  -1.811093838508933e+00  2.711068846786263e-02  5.679524597697327e-02
  7.550000000000006e-01  -9.605664418307673e+05  1.427020768304536e+06  -4.531018489380477e+05  3.215549151374485e+07  2.972160643291401e+05  7.577380069012829e+05  -1.834929535337588e+00  7.023779329065713e-02  2.785075523980700e-02
  7.600000000000006e-01  -6.023702390663965e+05  1.375752688771787e+06  -6.529237446161456e+05  3.240906412749778e+07  4.974592971158621e+05  1.091499738571727e+06  -1.892881241251851e+00  1.035507757264191e-01  -1.379622261562857e-04
  7.650000000000006e-01  -1.503303744050913e+05  1.038754946709271e+06  -7.642505277497419e+05  3.261973334068177e+07  5.428595531411802e+05  1.244834348761814e+06  -1.971473482315977e+00  1.241757027259062e-01  -1.926043838441666e-02
  7.700000000000006e-01  3.349713710793901e+05  4.834647671239424e+05  -7.502526856096154e+05  3.273701889600538e+07  4.207542969807863e+05  1.204235149747308e+06  -2.049156822604311e+00  1.306087494082396e-01  -2.253071714266380e-02
  7.750000000000006e-01  8.017605902907436e+05  -2.045699213803499e+05  -6.101448426912116e+05  3.266768428657748e+07  1.498797362302316e+05  1.008966396753348e+06  -2.102725898618709e+00  1.230400514344130e-01  -1.103427269679927e-02
  7.800000000000006e-01  1.187682613324432e+06  -9.009383668336986e+05  -3.652433300634103e+05  3.232392402199350e+07  -2.081306201417224e+05  7.093641973729627e+05  -2.112895792917484e+00  1.016724822202986e-01  1.060307764032682e-02
  7.850000000000006e-01  1.430283382105804e+06  -1.476036123048702e+06  -5.873451737132620e+04  3.166452667305422e+07  -5.603044500375123e+05  3.532538809150996e+05  -2.070452775785145e+00  6.608479182394364e-02  3.550113562682065e-02
  7.900000000000006e-01  1.460223916723721e+06  -1.802595132391156e+06  2.490866279670394e+05  3.072152398062083e+07  -8.220913440084732e+05  1.427964780032918e+04  -1.978907481294473e+00  2.254759179579275e-02  5.447357082463929e-02
  7.950000000000006e-01  1.258087422924447e+06  -1.820872691558102e+06  4.985921977555705e+05  2.961056883836242e+07  -9.110610486225083e+05  -2.773901988329758e+05  -1.855401170579428e+00  -2.721284061979752e-02  6.127196078838894e-02
  8.000000000000006e-01  8.418079447828620e+05  -1.526935569841483e+06  6.453311376281698e+05  2.850141958736478e+07  -7.845992797672107e+05  -5.007541147105464e+05  -1.724524905901263e+00  -7.829403214544092e-02  5.266377481852386e-02
  8.050000000000006e-01  2.725295468660228e+05  -9.747486998722638e+05  6.712945551393963e+05  2.756612446227586e+07  -4.477120156769741e+05  -6.518216195742241e+05  -1.610833519406804e+00  -1.243177327443788e-01  2.997927331323070e-02
  8.100000000000006e-01  -3.297667854439184e+05  -2.878185089947020e+05  5.802292938532968e+05  2.692000851468484e+07  3.627220858233445e+04  -7.344730614876699e+05  -1.534102016985686e+00  -1.610554572719740e-01  -3.420570663935132e-03
  8.150000000000006e-01  -8.564889477812856e+05  4.087269011712209e+05  4.068035876213575e+05  2.658997668426026e+07  5.728549842683598e+05  -7.640611869125213e+05  -1.500321103654596e+00  -1.834639677330459e-01  -3.953235831417634e-02
  8.200000000000006e-01  -1.214075350595396e+06  9.967959819411515e+05  1.965626240224561e+05  2.650335178794010e+07  1.044290960970403e+06  -7.505977506053381e+05  -1.503494070556059e+00  -1.883220661947519e-01  -7.013063598428820e-02
  8.250000000000006e-01  -1.351928411622190e+06  1.401214914526590e+06  -4.798479249126237e+03  2.651802056368321e+07  1.333731921303067e+06  -6.921270150605980e+05  -1.528498404039503e+00  -1.735128973233468e-01  -8.848908606012960e-02
  8.300000000000006e-01  -1.279739447515738e+06  1.584947799377267e+06  -1.535353788470133e+05  2.647422553335231e+07  1.378852962792851e+06  -6.015995460651177e+05  -1.554261822511509e+00  -1.408777400957052e-01  -8.949970936240838e-02
  8.350000000000006e-01  -1.047265291420425e+06  1.574176890093966e+06  -2.274974429006157e+05  2.624597016886339e+07  1.149679812648958e+06  -4.686608353548312e+05  -1.563325849009378e+00  -9.138341111800180e-02  -7.278516327052383e-02
  8.400000000000006e-01  -7.274844681164039e+05  1.419755267186021e+06  -2.215257888321056e+05  2.577979080368324e+07  6.807669284234112e+05  -2.902456195096065e+05  -1.544738849254710e+00  -2.823835940885042e-02  -4.163869269667447e-02
  8.450000000000006e-01  -3.874519905961370e+05  1.167220626885647e+06  -1.492274797678898e+05  2.510423141977490e+07  5.765828360732216e+04  -6.785976303167932e+04  -1.497076588245847e+00  4.382207196103628e-02  -2.806093077533540e-03
  8.500000000000006e-01  -8.972904193634824e+04  8.860903765925568e+05  -3.878388699937720e+04  2.430892376864928e+07  -6.017664463429338e+05  1.869340901466448e+05  -1.426288369218341e+00  1.188230485904780e-01  3.704213846932724e-02
  8.550000000000006e-01  1.465768434408759e+05  5.901345799266722e+05  7.181498062180070e+04  2.351380416311602e+07  -1.177059074823478e+06  4.576407947991848e+05  -1.345335315481204e+00  1.894201148084376e-01  6.989750490020573e-02
  8.600000000000007e-01  3.221338877795726e+05  2.816238984909378e+05  1.456989769563261e+05  2.282757218329600e+07  -1.565109991637802e+06  7.173557447909327e+05  -1.268280343167468e+00  2.473815401761808e-01  9.013229841001276e-02
  8.650000000000007e-01  4.471328429929602e+05  -4.746099727013354e+04  1.564546920511527e+05  2.232043854972449e+07  -1.698125360197447e+06  9.312640031983720e+05  -1.206364521393254e+00  2.842601824811015e-01  9.519251183727818e-02
  8.700000000000007e-01  5.542728973328877e+05  -4.012176504515169e+05  9.288677212108266e+04  2.201336309001746e+07  -1.570503625452798e+06  1.072284268770172e+06  -1.167880662473163e+00  2.946092345639454e-01  8.480218880571354e-02
  8.750000000000007e-01  6.569364554274780e+05  -7.778727452767236e+05  -3.191649350499168e+04  2.188303358653300e+07  -1.213099538938753e+06  1.111716487654700e+06  -1.153955897556015e+00  2.746853488746839e-01  6.209712806538156e-02
  8.800000000000007e-01  7.621430306770867e+05  -1.152546308083232e+06  -1.867132187681297e+05  2.187744158300698e+07  -7.011828980004485e+05  1.035886356984275e+06  -1.161151762692335e+00  2.251394416613458e-01  3.211360891290104e-02
  8.850000000000007e-01  8.631894147577612e+05  -1.469802386528587e+06  -3.289826945927635e+05  2.193039273336511e+07  -1.322275934715112e+05  8.449063682572843e+05  -1.182101952910547e+00  1.503898212103754e-01  9.353147623058379e-04
  8.900000000000007e-01  9.509861067627526e+05  -1.707873241147125e+06  -4.150082046743109e+05  2.198527979296512e+07  3.935149699030572e+05  5.623166851584938e+05  -1.209868161663909e+00  5.962860883420554e-02  -2.616060910661258e-02
  8.950000000000007e-01  9.976514460616864e+05  -1.805816296415977e+06  -4.147000632107918e+05  2.198538945554258e+07  7.953263319820127e+05  2.182152147924613e+05  -1.235328766043504e+00  -3.722871964426401e-02  -4.492442501463216e-02
  9.000000000000007e-01  9.781203588507770e+05  -1.731145002639299e+06  -3.187765409662847e+05  2.188402030994118e+07  1.025191696131123e+06  -1.482268666183112e+05  -1.251128670163577e+00  -1.293967984429824e-01  -5.375716691051567e-02
  9.050000000000007e-01  8.781921738244249e+05  -1.473441022256739e+06  -1.392264206402191e+05  2.164226457358292e+07  1.075797368958955e+06  -4.989907859119273e+05  -1.252072327717913e+00  -2.070002628170375e-01  -5.339686978048633e-02
  9.100000000000007e-01  6.723770499961200e+05  -1.048911132315109e+06  8.479642516540473e+04  2.122886057227605e+07  9.695587743986555e+05  -7.931503978951256e+05  -1.232085800239968e+00  -2.636856538968655e-01  -4.716335286205334e-02
  9.150000000000007e-01  3.700129374027382e+05  -4.895600008610750e+05  3.103787541480674e+05  2.062642437440079e+07  7.576609510664601e+05  -1.006054659650774e+06  -1.188701398508791e+00  -2.956913556612709e-01  -3.849650777468835e-02
  9.200000000000007e-01  -1.091781633560803e+04  1.532503507761858e+05  4.943325597376027e+05  1.984159328330261e+07  4.969582334259767e+05  -1.119316971841470e+06  -1.120711318622318e+00  -3.025879858383323e-01  -3.026408785041833e-02
  9.250000000000007e-01  -4.414325593574530e+05  8.076641123856786e+05  6.028803670320887e+05  1.891538356116273e+07  2.318310199834958e+05  -1.117459546985878e+06  -1.029523670242231e+00  -2.856416636826915e-01  -2.378584249554200e-02
  9.300000000000007e-01  -8.782362382534489e+05  1.423099310488475e+06  6.220622996115710e+05  1.790827967472076e+07  6.072431918368216e+03  -1.017434302723820e+06  -9.181863112808175e-01  -2.507120869823243e-01  -1.814052755388012e-02
  9.350000000000007e-01  -1.277434946863818e+06  1.924250402797751e+06  5.538650064315188e+05  1.691789209545565e+07  -1.673241504911712e+05  -8.288740481550733e+05  -7.939645418592556e-01  -2.015337264407883e-01  -1.109418839530770e-02
  9.400000000000007e-01  -1.596527508390381e+06  2.251680875078124e+06  4.136841623278016e+05  1.604593934697958e+07  -2.853119228698701e+05  -5.776554525032800e+05  -6.657999631665372e-01  -1.430970375480369e-01  -2.457487556215298e-04
  9.450000000000007e-01  -1.800249390383680e+06  2.356474424564782e+06  2.217506826815057e+05  1.537982236059848e+07  -3.534752777834356e+05  -2.957169010496030e+05  -5.433659678058850e-01  -8.109254418441669e-02  1.536793316992983e-02
  9.500000000000007e-01  -1.857876403172430e+06  2.241261010702877e+06  1.343949297043205e+04  1.497999845482195e+07  -3.693844832962512e+05  -2.492289574102282e+04  -4.369310386624400e-01  -1.964615426964789e-02  3.630745738524771e-02
  9.550000000000007e-01  -1.758783419106961e+06  1.912897841271841e+06  -1.901715879659164e+05  1.485999769020001e+07  -3.393695527783297e+05  2.098609327904909e+05  -3.540519248039753e-01  3.620858608492020e-02  5.952312685308469e-02
  9.600000000000007e-01  -1.507083558785060e+06  1.418504121360365e+06  -3.687316661024612e+05  1.498839696950475e+07  -2.632878698128151e+05  3.900296698367147e+05  -2.999410987010057e-01  8.215095721599615e-02  8.083361134973756e-02
  9.650000000000007e-01  -1.126372634022542e+06  8.269673512878609e+05  -5.093944019078343e+05  1.529785644528906e+07  -1.418632534213032e+05  5.109294133975739e+05  -2.769772425444677e-01  1.150609571153764e-01  9.535372171733536e-02
  9.700000000000008e-01  -6.583664682847998e+05  2.244225371299438e+05  -6.049642604063472e+05  1.570061408718456e+07  2.478886208214359e+04  5.740345877783120e+05  -2.848514154361967e-01  1.334599863946585e-01  9.898307088246340e-02
  9.750000000000008e-01  -1.565549720374680e+05  -3.424337703132731e+05  -6.641288552568542e+05  1.611445860463040e+07  2.116368151618439e+05  6.113993378526400e+05  -3.217466388198402e-01  1.394215938008846e-01  8.800020048850586e-02
  9.800000000000008e-01  3.240165614763186e+05  -8.191353975141390e+05  -6.923665397487977e+05  1.646599289728166e+07  4.043143993766078e+05  6.322857502826266e+05  -3.837246057619548e-01  1.356556611165435e-01  6.193450963219992e-02
  9.850000000000008e-01  7.393310122155063e+05  -1.186948838999288e+06  -6.962915108437025e+05  1.670836365818098e+07  5.767383931192147e+05  6.485917533822088e+05  -4.656646773678807e-01  1.270641714386349e-01  2.265772042628342e-02
  9.900000000000008e-01  1.069263846141448e+06  -1.451350583677195e+06  -6.745048734924672e+05  1.682054637779040e+07  6.999875994903024e+05  6.654813276965251e+05  -5.611236713199274e-01  1.191803940114110e-01  -2.543584038830043e-02
  9.950000000000008e-01  1.309054868138734e+06  -1.633698912885832e+06  -6.244703881634680e+05  1.679340875477882e+07  7.517285967432400e+05  6.711074292939890e+05  -6.621773949474153e-01  1.153947596952212e-01  -7.633979809988764e-02
  1.000000000000001e+00  1.482468387753398e+06  -1.754870705080270e+06  -5.287504004097199e+05  1.663320289678033e+07  7.152016407417512e+05  6.537506558136088e+05  -7.600881875013291e-01  1.181562487062547e-01  -1.228800726945092e-01
  1.005000000000001e+00  1.614880346302324e+06  -1.820263852649717e+06  -3.728891439976795e+05  1.634223924538668e+07  5.882659818331064e+05  5.925963541268378e+05  -8.453378387635135e-01  1.265693251026711e-01  -1.581650559200719e-01
  1.010000000000000e+00  1.729905888502078e+06  -1.833964961225773e+06  -1.489209774599446e+05  1.592379294064067e+07  3.795240015511182e+05  4.770915068809331e+05  -9.095656361522025e-01  1.377390157936112e-01  -1.769577432552716e-01
  1.015000000000000e+00  1.831582979730973e+06  -1.785025327024531e+06  1.366385653616088e+05  1.537798918358269e+07  1.105844570650427e+05  3.029259428924733e+05  -9.458422950286240e-01  1.473888965954733e-01  -1.762601285959100e-01
  1.020000000000000e+00  1.903509322636812e+06  -1.659686559343891e+06  4.595167014358999e+05  1.471112756538024e+07  -1.897512545979149e+05  7.686559734050497e+04  -9.497679950315531e-01  1.510256001094948e-01  -1.556926311093620e-01
  1.025000000000000e+00  1.907314460552291e+06  -1.442821466413478e+06  7.791395023847274e+05  1.393908199153424e+07  -4.905701163532686e+05  -1.822832367497853e+05  -9.196874840023417e-01  1.456013549346888e-01  -1.171149138837784e-01
  1.030000000000000e+00  1.815639801390043e+06  -1.144337024928015e+06  1.053153680395170e+06  1.309389783623647e+07  -7.622645650948778e+05  -4.491386382914240e+05  -8.571450126495180e-01  1.292742164946256e-01  -6.457271305224735e-02
  1.035000000000000e+00  1.594067345310524e+06  -7.719886405031668e+05  1.239282173912879e+06  1.222833702468932e+07  -9.844835280993159e+05  -6.941367836021390e+05  -7.660249527623647e-01  1.029742550953629e-01  -3.154659276681147e-03
  1.040000000000000e+00  1.230742616681527e+06  -3.461676690777321e+05  1.309254942650985e+06  1.141094751712932e+07  -1.144897556077435e+06  -8.896779374242115e+05  -6.524692374758221e-01  6.915725014692331e-02  6.135924063187356e-02
  1.045000000000000e+00  7.392517441567839e+05  1.062954240339132e+05  1.250901678604636e+06  1.071650455392880e+07  -1.239957704605646e+06  -1.012979308149361e+06  -5.242344794089170e-01  3.130362035218062e-02  1.229658811376823e-01
  1.050000000000000e+00  1.484762715315337e+05  5.604506890981332e+05  1.078054261010899e+06  1.021804046825713e+07  -1.264023797797456e+06  -1.059175499699580e+06  -3.904952853136697e-01  -7.828115982915634e-03  1.758913218097267e-01
  1.054999999999999e+00  -4.951222229556848e+05  9.954977332685468e+05  8.111312640531159e+05  9.967506701103322e+06  -1.219828458911213e+06  -1.026378539453360e+06  -2.602184405037208e-01  -4.549955650444904e-02  2.148950618004920e-01
  1.059999999999999e+00  -1.140526834040611e+06  1.392888670620204e+06  4.806499310403418e+05  9.986491669372441e+06  -1.107871422168349e+06  -9.245950945930078e+05  -1.420158126607173e-01  -8.046437314454467e-02  2.356015848317582e-01
  1.064999999999999e+00  -1.734882613065276e+06  1.728845411816691e+06  1.198495825605181e+05  1.025714165672994e+07  -9.272801855145730e+05  -7.731045039471044e+05  -4.347343400433303e-02  -1.132338030065561e-01  2.349488563425692e-01
  1.069999999999999e+00  -2.248892719098414e+06  2.007118788039326e+06  -2.440160356467000e+05  1.072893563241319e+07  -6.845958431016632e+05  -5.842845233305093e+05  3.126227674278447e-02  -1.430732365242922e-01  2.120786212668042e-01
  1.074999999999999e+00  -2.645756908383952e+06  2.205785373910313e+06  -5.856417853969014e+05  1.131801488846570e+07  -3.874420057199550e+05  -3.766672047405054e+05  7.947460772217643e-02  -1.709547149842499e-01  1.679529388765797e-01
  1.079999999999999e+00  -2.903597595008541e+06  2.312367524735778e+06  -8.833572060406042e+05  1.192915998470369e+07  -5.162489622051815e+04  -1.636151365423412e+05  1.014049426329876e-01  -1.967885527232495e-01  1.060507743817224e-01
  1.084999999999999e+00  -3.012217957973806e+06  2.319922998506360e+06  -1.115216267231968e+06  1.247286883193881e+07  2.999791382906656e+05  4.369560729482954e+04  9.952264376159652e-02  -2.195751621569792e-01  3.212842194400661e-02
  1.089999999999999e+00  -2.958365998892815e+06  2.216761849199581e+06  -1.267532781781757e+06  1.288074701771336e+07  6.359920098439184e+05  2.433310607302443e+05  7.776284182863202e-02  -2.370006292063312e-01  -4.670175660976925e-02
  1.094999999999999e+00  -2.744207387845143e+06  2.002139910913126e+06  -1.320364556197148e+06  1.311598857343596e+07  9.266419280291232e+05  4.267752936755815e+05  4.053668852668897e-02  -2.467988928736456e-01  -1.221539194205700e-01
  1.099999999999999e+00  -2.377941351653265e+06  1.681625529526417e+06  -1.260635292507658e+06  1.317568119166823e+07  1.143602970151261e+06  5.886475471330523e+05  -7.617830599964403e-03  -2.462913293691703e-01  -1.861786431762538e-01
  1.104999999999998e+00  -1.880219248122615e+06  1.276741147852680e+06  -1.084133661500143e+06  1.308680990392936e+07  1.265605642558148e+06  7.262738621251035e+05  -6.215846630094676e-02  -2.327413185962758e-01  -2.321117024155264e-01
  1.109999999999998e+00  -1.274659784454360e+06  7.912014935996674e+05  -7.971001565934804e+05  1.288466948202349e+07  1.287338415923071e+06  8.256169176463441e+05  -1.202588003650502e-01  -2.065587025513426e-01  -2.548803661356060e-01
  1.114999999999998e+00  -6.065747274640625e+05  2.621626057316939e+05  -4.220637945929123e+05  1.261410596020170e+07  1.213041925052911e+06  8.828479169136991e+05  -1.783173271676500e-01  -1.677396406712349e-01  -2.526647209007591e-01
  1.119999999999998e+00  7.322579914618141e+04  -2.763225031254562e+05  3.279105472560082e+03  1.230940719247004e+07  1.061203865861848e+06  8.922586107712978e+05  -2.334380394009214e-01  -1.185354168232809e-01  -2.265630578030058e-01
  1.124999999999998e+00  7.124337144855422e+05  -7.914591185182126e+05  4.286998369979758e+05  1.199113080088152e+07  8.617481648384951e+05  8.496790789728793e+05  -2.829718866459283e-01  -6.281953248909478e-02  -1.803399890712692e-01
  1.129999999999998e+00  1.256653640098966e+06  -1.240982658543324e+06  8.006380843439823e+05  1.166277734856196e+07  6.424808966210412e+05  7.564430165462856e+05  -3.247606083768144e-01  -4.878178095854442e-03  -1.202973591137902e-01
  1.134999999999998e+00  1.668972743028587e+06  -1.594132040921948e+06  1.066022333705942e+06  1.132246189157818e+07  4.353098256579177e+05  6.181080992842433e+05  -3.567976887906187e-01  5.056629985780525e-02  -5.382462842530093e-02
  1.139999999999998e+00  1.930262627474759e+06  -1.828338269608908e+06  1.185208711261731e+06  1.096360843318014e+07  2.637423694073028e+05  4.443266889257219e+05  -3.778039011715346e-01  9.923759482797628e-02  1.151519621481128e-02
  1.144999999999998e+00  2.046595171716459e+06  -1.941116020303730e+06  1.139340644634711e+06  1.057912901517804e+07  1.396080933203967e+05  2.471435928846355e+05  -3.874984491490291e-01  1.375064182594978e-01  6.931392349815292e-02
  1.149999999999997e+00  2.036754732928686e+06  -1.921910854909000e+06  9.313079334091654e+05  1.018070701592838e+07  6.644094941647757e+04  4.785786958207341e+04  -3.853272470382435e-01  1.643045626309513e-01  1.139774834148970e-01
  1.154999999999997e+00  1.944297765367279e+06  -1.798780073278488e+06  5.913499061846806e+05  9.776240129127055e+06  3.541082085993618e+04  -1.379697532164317e+05  -3.722542048574377e-01  1.787168144351994e-01  1.432209485806266e-01
  1.159999999999997e+00  1.816106381541361e+06  -1.602274527816642e+06  1.692991643373947e+05  9.383743995863892e+06  3.011950915900091e+04  -2.928502138008309e+05  -3.494951302340613e-01  1.815650827070170e-01  1.568045820223024e-01
  1.164999999999997e+00  1.691549255717262e+06  -1.363588231820170e+06  -2.745542387067599e+05  9.026166909803078e+06  2.872473398503753e+04  -3.991453355480133e+05  -3.186621327372628e-01  1.750143053928750e-01  1.561289123117763e-01
  1.169999999999997e+00  1.607326929696187e+06  -1.124071800261111e+06  -6.717244236774150e+05  8.725797243740777e+06  1.682882067759301e+04  -4.526693782855095e+05  -2.818235891150651e-01  1.611304169993606e-01  1.453256021822994e-01
  1.174999999999997e+00  1.573867092153919e+06  -9.096173325927184e+05  -9.664078630636029e+05  8.504822155359978e+06  -2.265040267015752e+04  -4.482920988927177e+05  -2.415946706750211e-01  1.429996007938802e-01  1.280966227533677e-01
  1.179999999999997e+00  1.584863286557049e+06  -7.386892632647626e+05  -1.118278889210724e+06  8.383794762229776e+06  -9.612220236689445e+04  -3.908075262788817e+05  -2.008533224917761e-01  1.236599319418218e-01  1.082410078722262e-01
  1.184999999999997e+00  1.617665127231377e+06  -6.144820414286769e+05  -1.109664529532621e+06  8.381148962572031e+06  -1.982876192413602e+05  -2.929116035343559e+05  -1.624555734454670e-01  1.061956001488227e-01  8.857581785700343e-02
  1.189999999999997e+00  1.644112193811672e+06  -5.485134757350340e+05  -9.446968908820002e+05  8.504172204457134e+06  -3.227565444746210e+05  -1.735015315045748e+05  -1.298758160893915e-01  9.257454059808362e-02  7.123622558261297e-02
  1.194999999999997e+00  1.627141484180425e+06  -5.276338330056581e+05  -6.524944975724837e+05  8.757647608537856e+06  -4.502751869144592e+05  -5.238477347406652e+04  -1.052763271178730e-01  8.489570886792368e-02  5.617271963261958e-02
  1.199999999999996e+00  1.536109813905674e+06  -5.396394228726015e+05  -2.759406717330192e+05  9.131620139997387e+06  -5.616385302818256e+05  5.035344070389065e+04  -9.013540318574599e-02  8.391555585340464e-02  4.256296411098408e-02
  1.204999999999996e+00  1.348916625186708e+06  -5.679634307058305e+05  1.349681582258116e+05  9.600810056810444e+06  -6.400925603476800e+05  1.189307298146216e+05  -8.466247721514653e-02  8.905309066511044e-02  2.895256527372967e-02
  1.209999999999996e+00  1.057719844862741e+06  -5.952636476419728e+05  5.342461229374351e+05  1.012361965956845e+07  -6.757430047092083e+05  1.419065579728351e+05  -8.798209261721335e-02  9.792712701574680e-02  1.433011113002734e-02
  1.214999999999996e+00  6.539493246866862e+05  -5.913736510897287e+05  8.744909010868600e+05  1.064582692382800e+07  -6.649324172195874e+05  1.249278300142289e+05  -9.683804830782165e-02  1.079472035569296e-01  -3.702891906831692e-03
  1.219999999999996e+00  1.531116892326609e+05  -5.320341671883798e+05  1.130824554559509e+06  1.110400404917041e+07  -6.132146138974652e+05  7.106211599086371e+04  -1.080651618719974e-01  1.145956810764013e-01  -2.501534195800440e-02
  1.224999999999996e+00  -4.248739317491020e+05  -3.936731317848874e+05  1.288457084775202e+06  1.143632262494915e+07  -5.323489674758773e+05  -7.882115490861575e+03  -1.177798952128068e-01  1.137141547078665e-01  -4.920596102819667e-02
  1.229999999999996e+00  -1.057284366405306e+06  -1.643957168303692e+05  1.342464604586902e+06  1.159199211807564e+07  -4.381773723859419e+05  -9.462879202707096e+04  -1.221006408360771e-01  1.022751350084180e-01  -7.533964907258278e-02
  1.234999999999996e+00  -1.700899096938725e+06  1.698809014745477e+05  1.303771129717197e+06  1.154278961479214e+07  -3.422781168577794e+05  -1.804760141444380e+05  -1.186245929852894e-01  7.829923579315241e-02  -1.012401107487555e-01
  1.239999999999996e+00  -2.321774333584754e+06  5.912888313395928e+05  1.183287981785228e+06  1.128639280647368e+07  -2.572976359691304e+05  -2.523060794713250e+05  -1.057589656903989e-01  4.259250455175653e-02  -1.247201306896649e-01
  1.244999999999995e+00  -2.879989030813809e+06  1.070812005487319e+06  9.958514246964456e+05  1.084909768255716e+07  -1.894766118056015e+05  -3.032992524843246e+05  -8.342822641736532e-02  -1.929755559112326e-03  -1.434600784293240e-01
  1.249999999999995e+00  -3.333873578529406e+06  1.570140447656255e+06  7.562801019140480e+05  1.028157160536508e+07  -1.388851963123966e+05  -3.311306454526334e+05  -5.283652914403123e-02  -5.080249040107254e-02  -1.556739298375205e-01
  1.254999999999995e+00  -3.649949727015342e+06  2.035954611548173e+06  4.827414521476367e+05  9.649716654077660e+06  -1.054790929516347e+05  -3.405174438559952e+05  -1.672660996912166e-02  -9.853770244500709e-02  -1.588057057227870e-01
  1.259999999999995e+00  -3.799946401671835e+06  2.424838750077144e+06  1.890590060146438e+05  9.022889820114318e+06  -8.424374832953597e+04  -3.353737763358333e+05  2.206752613795080e-02  -1.400292283747467e-01  -1.522549111576762e-01
  1.264999999999995e+00  -3.765967141874952e+06  2.699723874489140e+06  -1.096744033543581e+05  8.463604023951689e+06  -7.141639864226655e+04  -3.226043512269806e+05  6.020003568721092e-02  -1.714486665066624e-01  -1.357443482402312e-01
  1.269999999999995e+00  -3.540285995910458e+06  2.836718866961603e+06  -3.982358279662164e+05  8.020928627250723e+06  -6.468159319626090e+04  -3.103641393773954e+05  9.416201461715393e-02  -1.911113746734222e-01  -1.096001519688629e-01
  1.274999999999995e+00  -3.139881765696071e+06  2.828439576691639e+06  -6.638368322049708e+05  7.715431748292294e+06  -6.400902905008686e+04  -2.979207555640698e+05  1.216906010144252e-01  -1.985347643761325e-01  -7.571948257109049e-02
  1.279999999999995e+00  -2.582549339677617e+06  2.683946155342748e+06  -8.935820665528715e+05  7.555933198407485e+06  -6.899752090795380e+04  -2.877636181780572e+05  1.402190078951498e-01  -1.960474369510694e-01  -3.614616946166773e-02
  1.284999999999995e+00  -1.901357054743152e+06  2.420702751503627e+06  -1.078044879012899e+06  7.531714238347867e+06  -7.932381751206053e+04  -2.765379181579321e+05  1.482119293548284e-01  -1.866107912557748e-01  6.367127800254405e-03
  1.289999999999994e+00  -1.141682438230366e+06  2.060404133400208e+06  -1.210593173878733e+06  7.617681632905582e+06  -9.372515813007242e+04  -2.563407906007800e+05  1.452996788204582e-01  -1.726154437684415e-01  4.875910524870518e-02
  1.294999999999994e+00  -3.351009885212937e+05  1.625646358193375e+06  -1.290128050352949e+06  7.792200806145026e+06  -1.037404927569166e+05  -2.229088270796333e+05  1.312791989858881e-01  -1.574893962810644e-01  8.766322024417114e-02
  1.299999999999994e+00  4.741412126752395e+05  1.132311383747575e+06  -1.316920297068885e+06  8.027481126282961e+06  -1.022412262841074e+05  -1.691069298173664e+05  1.074182134926640e-01  -1.418182596407126e-01  1.203487076412568e-01
  1.304999999999994e+00  1.251244725972866e+06  5.944476888443142e+05  -1.293856925911052e+06  8.301806937708147e+06  -7.920932566404199e+04  -9.185060098277441e+04  7.553170164030450e-02  -1.252990992208042e-01  1.444685357478888e-01
  1.309999999999994e+00  1.968123793075739e+06  2.849150424561848e+04  -1.223841432338727e+06  8.596825564976774e+06  -2.447576083100730e+04  7.691202371367968e+03  3.793629557683599e-02  -1.064178448141683e-01  1.582306525783320e-01
  1.314999999999994e+00  2.602321581742151e+06  -5.667834827930557e+05  -1.117420515722361e+06  8.908197951291788e+06  6.635507232220570e+04  1.220404011609583e+05  -3.308909493631249e-03  -8.379170518781538e-02  1.615724286192213e-01
  1.319999999999994e+00  3.131715945134291e+06  -1.171917125048006e+06  -9.802147668141711e+05  9.224408336999252e+06  1.944629790568406e+05  2.425286699356792e+05  -4.574712400965229e-02  -5.539938702537801e-02  1.545805513516327e-01
  1.324999999999994e+00  3.537309110186033e+06  -1.766134817541229e+06  -8.204853987455503e+05  9.538440138158258e+06  3.540171880573533e+05  3.574378612994849e+05  -8.752880463428930e-02  -2.062764200590795e-02  1.384675425031615e-01
  1.329999999999994e+00  3.805517328909588e+06  -2.326089557589856e+06  -6.482090524258483e+05  9.845577533691689e+06  5.329724501995777e+05  4.533667597050694e+05  -1.276660824735814e-01  1.891720197213615e-02  1.153133877404863e-01
  1.334999999999994e+00  3.909413702706940e+06  -2.806154841644723e+06  -4.674935932345703e+05  1.012799089293689e+07  7.125732752820051e+05  5.261919997734515e+05  -1.643611357508270e-01  6.197840409417805e-02  8.724743329417195e-02
  1.339999999999993e+00  3.841788486692830e+06  -3.169795823630666e+06  -2.842937693730321e+05  1.037472984437611e+07  8.734192165157186e+05  5.691875784287606e+05  -1.971971306190835e-01  1.040904172596884e-01  5.686129073146691e-02
  1.344999999999993e+00  3.598275973792905e+06  -3.381598840059017e+06  -1.017623674778375e+05  1.057042668549064e+07  9.957452387815225e+05  5.822950702215810e+05  -2.253809628803310e-01  1.407806609393217e-01  2.659269080748638e-02
  1.349999999999993e+00  3.183804876669107e+06  -3.420716331237975e+06  7.597399126552189e+04  1.070146874720442e+07  1.062424322444068e+06  5.702065961201099e+05  -2.478434699170615e-01  1.677641003733228e-01  -1.315271990831266e-03
  1.354999999999993e+00  2.621837545014595e+06  -3.267442553096655e+06  2.550152212983682e+05  1.075198084902891e+07  1.065855418208054e+06  5.379602961812153e+05  -2.632446313454012e-01  1.823230318736923e-01  -2.572497398140281e-02
  1.359999999999993e+00  1.946396563660983e+06  -2.938711214546327e+06  4.316062833812470e+05  1.071734190436096e+07  1.002843543352245e+06  4.921865052022550e+05  -2.701446483600192e-01  1.827403256197404e-01  -4.545345601975406e-02
  1.364999999999993e+00  1.203211369544288e+06  -2.463353455200420e+06  6.039050942923615e+05  1.059701165123985e+07  8.790976453299755e+05  4.381969817222944e+05  -2.669741438013197e-01  1.694661102681415e-01  -6.016640007545665e-02
  1.369999999999993e+00  4.418331494613709e+05  -1.878309125119481e+06  7.692924158875563e+05  1.039605406043774e+07  7.075052424218890e+05  3.800213268238545e+05  -2.522080972844304e-01  1.449271305154265e-01  -7.014674207113451e-02
  1.374999999999993e+00  -2.799032929957047e+05  -1.245009395463486e+06  9.188374593757066e+05  1.012959873225866e+07  5.039078607685687e+05  3.156957873132200e+05  -2.257099252054070e-01  1.118879700055660e-01  -7.569808773003683e-02
  1.379999999999993e+00  -9.201203658091299e+05  -6.083934966131857e+05  1.044166826354335e+06  9.813944636854799e+06  2.864069419537316e+05  2.457976586413150e+05  -1.874497392016704e-01  7.444590338256662e-02  -7.753710896456420e-02
  1.384999999999992e+00  -1.445718251122164e+06  -1.074558766011401e+04  1.135766466430769e+06  9.469331532936992e+06  7.136246419980540e+04  1.689958240188924e+05  -1.387240365346686e-01  3.627632766110833e-02  -7.620582245781080e-02
  1.389999999999992e+00  -1.838519478890077e+06  5.172545298849453e+05  1.185272210214583e+06  9.116659083887894e+06  -1.288217996009506e+05  8.487372658476488e+04  -8.188217020903443e-02  3.685585104741661e-04  -7.198575328853732e-02
  1.394999999999992e+00  -2.093400346848391e+06  9.571613706857557e+05  1.189372048740896e+06  8.774619771251192e+06  -3.067710946418603e+05  -6.319001623005180e+03  -2.026395530425123e-02  -3.108791695196489e-02  -6.476804538587141e-02
  1.399999999999992e+00  -2.224518167079623e+06  1.304555235285706e+06  1.142630097619621e+06  8.461329136552289e+06  -4.613104410954632e+05  -9.775222279765827e+04  4.264035206457697e-02  -5.736828961117814e-02  -5.447610631139435e-02
  1.404999999999992e+00  -2.248966431755929e+06  1.564495020182940e+06  1.052406204776014e+06  8.188703892778217e+06  -5.936741634803886e+05  -1.849389280901173e+05  1.028390055879341e-01  -7.805298197703876e-02  -4.078054904996363e-02
  1.409999999999992e+00  -2.190103571582805e+06  1.747057348850325e+06  9.285806216235658e+05  7.965350606623558e+06  -7.075236395069151e+05  -2.612688623747111e+05  1.566213198893449e-01  -9.341501043129159e-02  -2.363136351141155e-02
  1.414999999999992e+00  -2.071664408723013e+06  1.863376249786669e+06  7.835703027574681e+05  7.795521193411364e+06  -8.072901875910563e+05  -3.197596354341860e+05  2.007609185235974e-01  -1.038695865292729e-01  -3.595808640332560e-03
  1.419999999999992e+00  -1.916224500585075e+06  1.927923067221432e+06  6.342842603689953e+05  7.682294746261656e+06  -8.916689642053314e+05  -3.585196263048445e+05  2.327003878161467e-01  -1.100784374118037e-01  1.850812409010379e-02
  1.424999999999992e+00  -1.741006550030315e+06  1.947033378160507e+06  4.938052180566138e+05  7.623923835775272e+06  -9.597594309176105e+05  -3.769446959398999e+05  2.505929064035669e-01  -1.121744254559264e-01  4.096480768877519e-02
  1.429999999999992e+00  -1.560197424911556e+06  1.925640006768043e+06  3.718595262872149e+05  7.617012498814176e+06  -1.006614410665636e+06  -3.784841538617879e+05  2.534550660373367e-01  -1.101933592852099e-01  6.162309167656334e-02
  1.434999999999991e+00  -1.385794684312265e+06  1.867445503125566e+06  2.714298382528893e+05  7.656590762107800e+06  -1.024723952434349e+06  -3.686975910403210e+05  2.412514605546484e-01  -1.042933337418904e-01  7.791189940507989e-02
  1.439999999999991e+00  -1.222047121940820e+06  1.768305348785159e+06  1.931856906362007e+05  7.732902985024986e+06  -1.007567723934024e+06  -3.580320128863590e+05  2.146049429641785e-01  -9.383836733634786e-02  8.810863773087937e-02
  1.444999999999991e+00  -1.074121816033964e+06  1.629859756056528e+06  1.284858974149472e+05  7.835440512361368e+06  -9.493088967609521e+05  -3.525925643165500e+05  1.752878249740916e-01  -7.905747419297937e-02  9.024108850996364e-02
  1.449999999999991e+00  -9.422897745443890e+05  1.453050506285718e+06  6.709951617873462e+04  7.951266027328232e+06  -8.472774622796606e+05  -3.575028644064502e+05  1.258581446940724e-01  -6.025972065739488e-02  8.342943729768586e-02
  1.454999999999991e+00  -8.231453270374207e+05  1.239224057223461e+06  -9.329901111627464e+02  8.067767429364000e+06  -7.019247905514064e+05  -3.758192958232207e+05  6.955665224979911e-02  -3.830356869712379e-02  6.808309488476634e-02
  1.459999999999991e+00  -7.098215025003179e+05  9.966929134683294e+05  -8.519763258285241e+04  8.170644212834181e+06  -5.218050207412161e+05  -4.009401043440079e+05  1.027362552780423e-02  -1.370836514051716e-02  4.496018587079829e-02
  1.464999999999991e+00  -5.941632610135077e+05  7.326990586528108e+05  -1.893894805653995e+05  8.252428504426794e+06  -3.156558998100860e+05  -4.269388017113443e+05  -4.798870920896444e-02  1.201477469594327e-02  1.631991407981543e-02
  1.469999999999991e+00  -4.669740808515731e+05  4.565248506033061e+05  -3.124936328886903e+05  8.310434384967485e+06  -9.639699314624009e+04  -4.438860008075066e+05  -1.013504775210901e-01  3.754243433229588e-02  -1.511671273076128e-02
  1.474999999999991e+00  -3.189462888065174e+05  1.755080858016949e+05  -4.489968975819814e+05  8.349040057569244e+06  1.206031815503879e+05  -4.413734074836166e+05  -1.464970424214889e-01  6.186595326400667e-02  -4.624292128223784e-02
  1.479999999999990e+00  -1.476044109652316e+05  -9.501622177735165e+04  -5.885605536156403e+05  8.379250013027320e+06  3.240141515139014e+05  -4.095417973084986e+05  -1.806683899843804e-01  8.352004445298639e-02  -7.477329192384852e-02
  1.484999999999990e+00  4.957075368546101e+04  -3.490480394572162e+05  -7.194091026048523e+05  8.418047557315838e+06  5.015702768219796e+05  -3.440554559046894e+05  -2.023239564735559e-01  1.018886231289429e-01  -9.821662025806346e-02
  1.489999999999990e+00  2.696301473948702e+05  -5.784012975667056e+05  -8.297154497933210e+05  8.484467184047492e+06  6.449920760883812e+05  -2.446429785830288e+05  -2.108661335330743e-01  1.164659203443826e-01  -1.151066681956141e-01
  1.494999999999990e+00  5.062857563909711e+05  -7.745434600022869e+05  -9.100200626962653e+05  8.595245181349320e+06  7.490234023240005e+05  -1.147008887619422e+05  -2.065866031598254e-01  1.271111066007079e-01  -1.250136856097274e-01
  1.499999999999990e+00  7.483821200337349e+05  -9.329583986730477e+05  -9.520202854073701e+05  8.763923506043034e+06  8.137402026038682e+05  3.312197324891987e+04  -1.907571164304235e-01  1.333280796914217e-01  -1.276078165785930e-01
  1.504999999999990e+00  9.853199331640152e+05  -1.048996294998273e+06  -9.539313109813705e+05  8.993586661665620e+06  8.393779583780173e+05  1.879082125734239e+05  -1.650585447984733e-01  1.353317678979304e-01  -1.236784718029137e-01
  1.509999999999990e+00  1.205230072366178e+06  -1.120609464096451e+06  -9.170831500129075e+05  9.277694409858413e+06  8.289899402128059e+05  3.361253459852392e+05  -1.315568868045971e-01  1.331921525383238e-01  -1.141677676849166e-01
  1.514999999999990e+00  1.396348933481402e+06  -1.146053650584596e+06  -8.445778523957257e+05  9.599161397756051e+06  7.878565011479926e+05  4.643434734059723e+05  -9.246754618844082e-02  1.267998037489456e-01  -1.001661601888011e-01
  1.519999999999990e+00  1.550184344973474e+06  -1.135310387119028e+06  -7.467650846499560e+05  9.935361477218566e+06  7.184885960330464e+05  5.632062221066793e+05  -4.999434280665956e-02  1.168266069086967e-01  -8.245711010986839e-02
  1.524999999999989e+00  1.659389772965122e+06  -1.092909476155698e+06  -6.305536738373929e+05  1.025695161359899e+07  6.269248475234905e+05  6.258753589322037e+05  -6.173432309276795e-03  1.033702708455976e-01  -6.203437576596350e-02
  1.529999999999989e+00  1.719724193774798e+06  -1.028353726458849e+06  -5.040550404454492e+05  1.053545771084348e+07  5.183345859582226e+05  6.496442806312973e+05  3.712011678127596e-02  8.679588000828990e-02  -3.962897536923536e-02
  1.534999999999989e+00  1.727785969103439e+06  -9.515874020599065e+05  -3.740491551613299e+05  1.074672423540838e+07  3.980202528177318e+05  6.349058001598717e+05  7.821378506257423e-02  6.752734636325543e-02  -1.579457051524546e-02
  1.539999999999989e+00  1.689494631697516e+06  -8.738444662399709e+05  -2.473615202762420e+05  1.087376481837808e+07  2.707012669593096e+05  5.882487359311442e+05  1.157680038359631e-01  4.621621925520789e-02  8.588973315050808e-03
  1.544999999999989e+00  1.607071090392533e+06  -8.013911180372436e+05  -1.269834543671342e+05  1.090881816782168e+07  1.417558081982959e+05  5.154428442106991e+05  1.485741550529104e-01  2.329290783343038e-02  3.292545230449722e-02
  1.549999999999989e+00  1.486541650567821e+06  -7.384109090384935e+05  -1.581296801630893e+04  1.085383833255500e+07  1.583178946374977e+04  4.248326878724361e+05  1.757207849068101e-01  -6.321337161832296e-04  5.644751231499960e-02
  1.554999999999989e+00  1.334379721465030e+06  -6.868809093254356e+05  8.188071530916293e+04  1.071971318791684e+07  -1.035647476669095e+05  3.264423701271628e+05  1.966398293394637e-01  -2.455284627423112e-02  7.832009661076855e-02
  1.559999999999989e+00  1.159753183002633e+06  -6.405743365804650e+05  1.670399788843435e+05  1.052209655513199e+07  -2.112545138251453e+05  2.262994842480001e+05  2.107176873612189e-01  -4.837544689639024e-02  9.767447963279098e-02
  1.564999999999989e+00  9.676494639744092e+05  -5.949487439981905e+05  2.347479401594277e+05  1.028189662255450e+07  -3.045807508625032e+05  1.324390133235454e+05  2.178279565382658e-01  -7.096739494036571e-02  1.137110384514932e-01
  1.569999999999989e+00  7.632402542658043e+05  -5.425676580675874e+05  2.812221996424362e+05  1.002063271907293e+07  -3.805022958979851e+05  5.031134344938433e+04  2.179563577756142e-01  -9.142187438247740e-02  1.256890626835828e-01
  1.574999999999988e+00  5.504575966281407e+05  -4.759813064275552e+05  3.027444746723296e+05  9.758717732319392e+06  -4.362402169093254e+05  -1.664212988263676e+04  2.112618038955152e-01  -1.088042548191666e-01  1.330110035929880e-01
  1.579999999999988e+00  3.357487763071782e+05  -3.903938281865182e+05  2.966642247183728e+05  9.514127320983851e+06  -4.692780086826271e+05  -6.714362349541539e+04  1.979987432459391e-01  -1.223190413916100e-01  1.352871714504323e-01
  1.584999999999988e+00  1.149360064302823e+05  -2.802872138695612e+05  2.624130694763186e+05  9.300106890318055e+06  -4.776939809674522e+05  -1.023195384251954e+05  1.787787071597240e-01  -1.311177916628660e-01  1.323140041584452e-01
  1.589999999999988e+00  -1.055859955420875e+05  -1.473740298222615e+05  2.015536334038539e+05  9.126825329527469e+06  -4.606664157103427e+05  -1.239729439871273e+05  1.542515315721906e-01  -1.346164004503155e-01  1.241543240500761e-01
  1.594999999999988e+00  -3.214996097300219e+05  4.101182282002837e+03  1.192639736090543e+05  8.999572563182613e+06  -4.185895750497499e+05  -1.355765398148721e+05  1.252994966810289e-01  -1.325661048067681e-01  1.111164745143717e-01
  1.599999999999988e+00  -5.262935159593557e+05  1.665285627348358e+05  2.510192941072195e+04  8.919317262836777e+06  -3.528066860015884e+05  -1.426978652595517e+05  9.291123247178308e-02  -1.255232217351769e-01  9.373801370940166e-02
  1.604999999999988e+00  -7.164839142862805e+05  3.303530915424298e+05  -7.342463738340541e+04  8.883187208750140e+06  -2.688474334962224e+05  -1.460253021421563e+05  5.851313276772670e-02  -1.131474355822803e-01  7.275683094477819e-02
  1.609999999999988e+00  -8.833414249420895e+05  4.845574051805679e+05  -1.637531777222024e+05  8.884929720111873e+06  -1.719290270770791e+05  -1.500257231941723e+05  2.333368260155880e-02  -9.675779714476002e-02  4.909420369015650e-02
  1.614999999999988e+00  -1.021110846118931e+06  6.193916660312525e+05  -2.352093416913648e+05  8.915904517627817e+06  -6.962678549400391e+04  -1.565323327776969e+05  -1.129486029698287e-02  -7.760796664731452e-02  2.377376581408838e-02
  1.619999999999987e+00  -1.128973914703004e+06  7.294542492100162e+05  -2.784843021732453e+05  8.966165944082446e+06  2.927503517793328e+04  -1.662457657418013e+05  -4.413861204256421e-02  -5.725299470824669e-02  -2.191830019672401e-03
  1.624999999999987e+00  -1.200773548680575e+06  8.083053749384409e+05  -2.892907756455719e+05  9.026564342120249e+06  1.153986206910272e+05  -1.771458661288698e+05  -7.413822156754725e-02  -3.699148513119374e-02  -2.757352558066927e-02
  1.629999999999987e+00  -1.241293896446635e+06  8.588266052158949e+05  -2.642627834867343e+05  9.088806258473139e+06  1.803041182266595e+05  -1.883925803361218e+05  -1.005050727379452e-01  -1.860170970961012e-02  -5.140213754261590e-02
  1.634999999999987e+00  -1.256038677315560e+06  8.865258663230286e+05  -2.043961811720806e+05  9.147476250320245e+06  2.167398822781270e+05  -1.979649937537750e+05  -1.226839303141075e-01  -3.451941710877103e-03  -7.273938002026149e-02
  1.639999999999987e+00  -1.254820409855401e+06  8.995892847984195e+05  -1.147054487893613e+05  9.199819106985383e+06  2.190485031259348e+05  -2.024141214194602e+05  -1.402320872531242e-01  7.948209254989069e-03  -9.076504845623112e-02
  1.644999999999987e+00  -1.240403276068049e+06  9.070198752785230e+05  6.133277619198100e+02  9.247348288394364e+06  1.874488503607845e+05  -2.035757071033740e+05  -1.530624730128384e-01  1.405985154704870e-02  -1.048561091402807e-01
  1.649999999999987e+00  -1.222894658922756e+06  9.170336985784463e+05  1.332256555412314e+05  9.292634331415830e+06  1.233302461327350e+05  -1.995146316622040e+05  -1.608854975227562e-01  1.529271555852446e-02  -1.145677765953961e-01
  1.654999999999987e+00  -1.206797638155877e+06  9.339137596320508e+05  2.751407699378885e+05  9.339729533868933e+06  3.283853321931009e+04  -1.900790092817309e+05  -1.634140455560301e-01  1.220796463341959e-02  -1.196183622431035e-01
  1.659999999999987e+00  -1.191562311697421e+06  9.555183440878930e+05  4.179004510910971e+05  9.392073785424417e+06  -7.416717202077420e+04  -1.746032841959536e+05  -1.601638680951747e-01  6.117567985555107e-03  -1.197853466234403e-01
  1.664999999999986e+00  -1.175004298121580e+06  9.789460925424758e+05  5.565016076088286e+05  9.452548919934765e+06  -1.854473578817131e+05  -1.547883793402625e+05  -1.509144826956448e-01  -2.121355294978025e-03  -1.152683497203216e-01
  1.669999999999986e+00  -1.148564326240190e+06  9.913192786263135e+05  6.841576932331283e+05  9.520703615010444e+06  -2.874944038775356e+05  -1.286423784364441e+05  -1.351437738203666e-01  -1.036834776613135e-02  -1.060807830232805e-01
  1.674999999999986e+00  -1.100758773916766e+06  9.781591330032182e+05  7.963281695288044e+05  9.593783933934785e+06  -3.668415489662512e+05  -9.493961426172292e+04  -1.126212888467065e-01  -1.682498690172297e-02  -9.243910259061895e-02
  1.679999999999986e+00  -1.016330546597674e+06  9.255492579936951e+05  8.898660655497666e+05  9.667475712238794e+06  -4.111350153941186e+05  -5.371506493757788e+04  -8.353412819826310e-02  -2.034348829641512e-02  -7.471405512811906e-02
  1.684999999999986e+00  -8.881474761191834e+05  8.173069938022395e+05  9.611762862096375e+05  9.734115681678640e+06  -4.132783077598166e+05  -1.700421302285258e+03  -4.836196532219721e-02  -1.880542654355690e-02  -5.339962282007790e-02
  1.689999999999986e+00  -7.048049724348022e+05  6.453110336627986e+05  1.007953852937641e+06  9.787452979607701e+06  -3.681044430466683e+05  5.955488689791092e+04  -8.274282361475932e-03  -1.186696671647525e-02  -2.920154443535930e-02
  1.694999999999986e+00  -4.629507378888057e+05  4.073879388091048e+05  1.027651966626156e+06  9.821523875179272e+06  -2.759066980620630e+05  1.275206704743338e+05  3.504187569926564e-02  5.104332900234884e-04  -3.079103723153860e-03
  1.699999999999986e+00  -1.662918220969269e+05  1.113794815797739e+05  1.017887654804362e+06  9.832896365971074e+06  -1.419737400790410e+05  1.967700064599793e+05  7.932295159504166e-02  1.736037304407479e-02  2.365220204310198e-02
  1.704999999999986e+00  1.730040575722072e+05  -2.324088070831424e+05  9.751991900899244e+05  9.818104015448866e+06  2.474171900181095e+04  2.622084046890601e+05  1.224458490945583e-01  3.820110902735300e-02  4.981837232969989e-02
  1.709999999999986e+00  5.369284806259235e+05  -5.992497918324054e+05  8.975025512925081e+05  9.778835950579887e+06  2.116102361044634e+05  3.144378155277599e+05  1.618003433890408e-01  6.079044051918358e-02  7.378131744883014e-02
  1.714999999999985e+00  9.011448253602631e+05  -9.612400948436094e+05  7.829824987968979e+05  9.718457203184543e+06  4.039333411145385e+05  3.449373312439870e+05  1.950936077389042e-01  8.302342051581663e-02  9.401930929390699e-02
  1.719999999999985e+00  1.237241075225177e+06  -1.289671968904826e+06  6.312993007534735e+05  9.641682512203494e+06  5.859198956985913e+05  3.471186376043775e+05  2.204593154501706e-01  1.030422832060597e-01  1.091804300874978e-01
  1.724999999999985e+00  1.520178310737272e+06  -1.551796087174989e+06  4.436178190932374e+05  9.556587909885094e+06  7.439208256274358e+05  3.147212352323047e+05  2.364331393419599e-01  1.182770370467307e-01  1.182179496605608e-01
  1.729999999999985e+00  1.724769712907602e+06  -1.723385727672460e+06  2.239179482642323e+05  9.470339984826997e+06  8.648230244098624e+05  2.470925321322229e+05  2.422329391731120e-01  1.273038624225267e-01  1.204701348334875e-01
  1.734999999999985e+00  1.833147938600175e+06  -1.786741150791126e+06  -2.109193478785104e+04  9.390295203449255e+06  9.390881171842538e+05  1.471530054775223e+05  2.376939739160823e-01  1.290785188827549e-01  1.158176437436715e-01
  1.739999999999985e+00  1.835788126005881e+06  -1.736878338913189e+06  -2.813440684300784e+05  9.321573167836722e+06  9.609785410300239e+05  2.200254946048319e+04  2.233356311528043e-01  1.235844814790971e-01  1.048183949853164e-01
  1.744999999999985e+00  1.732696521420107e+06  -1.570539425639540e+06  -5.453578517441571e+05  9.270987073711894e+06  9.287499258499134e+05  -1.188099425479138e+05  1.999252358583340e-01  1.103938704295947e-01  8.812348003463202e-02
  1.749999999999985e+00  1.532811945768967e+06  -1.305115705955671e+06  -7.983492489693228e+05  9.238956166161397e+06  8.445569106057903e+05  -2.625900908087710e+05  1.689964875161362e-01  9.096025591846348e-02  6.719620981558477e-02
  1.754999999999985e+00  1.253461759661569e+06  -9.640754348349404e+05  -1.024745373732363e+06  9.224245859127689e+06  7.141420840287965e+05  -3.965549877537898e+05  1.323398164637090e-01  6.687038385485547e-02  4.366079171698532e-02
  1.759999999999984e+00  9.179796292875061e+05  -5.777019714091299e+05  -1.209019365929700e+06  9.222798037327610e+06  5.460335839732768e+05  -5.088978192084937e+05  9.200254639257723e-02  4.007812334007302e-02  1.927037135551226e-02
  1.764999999999984e+00  5.523449982572902e+05  -1.781961035975024e+05  -1.337414757119818e+06  9.229213559140719e+06  3.507608254962335e+05  -5.900487863863515e+05  5.013122834397526e-02  1.249735971589648e-02  -4.277918248873474e-03
  1.769999999999984e+00  1.846975901212395e+05  1.985100576587962e+05  -1.398084688846431e+06  9.234222180753835e+06  1.392904892452369e+05  -6.335763299349910e+05  8.995529478064876e-03  -1.348985098444212e-02  -2.543755317553109e-02
  1.774999999999984e+00  -1.605123043143011e+05  5.233871546416247e+05  -1.383772975056503e+06  9.230812402051721e+06  -7.709845590014326e+04  -6.369134865050393e+05  -2.938189308498826e-02  -3.623304896135673e-02  -4.292558563029212e-02
  1.779999999999984e+00  -4.629227702735892e+05  7.736461482964986e+05  -1.292103679724450e+06  9.212673617944652e+06  -2.881862651214204e+05  -6.010082387307147e+05  -6.322762732467226e-02  -5.440828566790898e-02  -5.587213104952664e-02
  1.784999999999984e+00  -7.086545536947487e+05  9.382902603217296e+05  -1.127210261178620e+06  9.176475922978060e+06  -4.849152888330949e+05  -5.294872224436378e+05  -9.117565651130527e-02  -6.744598733858755e-02  -6.401689369916416e-02
  1.789999999999984e+00  -8.882121555337667e+05  1.007198639887756e+06  -8.962440078891965e+05  9.119799506803844e+06  -6.609856465100417e+05  -4.297855444830419e+05  -1.122794455215396e-01  -7.467399643546176e-02  -6.705079559136995e-02
  1.794999999999984e+00  -1.000716124450012e+06  9.893489025722933e+05  -6.144664532758069e+05  9.045854581185905e+06  -8.109200030978376e+05  -3.093186353111576e+05  -1.261652456713290e-01  -7.669871027766141e-02  -6.560689564910492e-02
  1.799999999999984e+00  -1.049778503978729e+06  8.987426796028820e+05  -3.007950656030011e+05  8.959531114357417e+06  -9.310815488630687e+05  -1.764270528748531e+05  -1.328945308336312e-01  -7.431337902776357e-02  -6.055965990936027e-02
  1.804999999999984e+00  -1.041611736255885e+06  7.549803500699623e+05  2.272749123382422e+04  8.866805572957888e+06  -1.018859101404186e+06  -3.949062898875192e+04  -1.328969430562092e-01  -6.857705817991851e-02  -5.312800487211398e-02
  1.809999999999983e+00  -9.882081819588201e+05  5.806052055906877e+05  3.330147876392021e+05  8.775745752793385e+06  -1.073085509365008e+06  9.498794825916189e+04  -1.269507161569946e-01  -6.070101603275886e-02  -4.456476841078520e-02
  1.814999999999983e+00  -8.990142416625094e+05  3.991345360557591e+05  6.069660553712934e+05  8.692230002588218e+06  -1.092308399784343e+06  2.211753594450856e+05  -1.159264168695328e-01  -5.186397693450498e-02  -3.639627892347168e-02
  1.819999999999983e+00  -7.836532308699724e+05  2.305958261160128e+05  8.244528430119047e+05  8.620962474820897e+06  -1.075797376967769e+06  3.347896580250553e+05  -1.007793454422630e-01  -4.301916897688747e-02  -2.996079063185531e-02
  1.824999999999983e+00  -6.488987217225183e+05  8.791371980311423e+04  9.707339683840851e+05  8.564655416611545e+06  -1.023914100214413e+06  4.319876075771147e+05  -8.248181218138381e-02  -3.474051711347050e-02  -2.619084864045003e-02
  1.829999999999983e+00  -5.037303424949772e+05  -1.542612645641916e+04  1.034378119231905e+06  8.524193211977948e+06  -9.361949524001857e+05  5.127747710895101e+05  -6.189494430935107e-02  -2.756902503173246e-02  -2.608816104532998e-02
  1.834999999999983e+00  -3.508710766007907e+05  -7.903513844597482e+04  1.013283361349785e+06  8.498412753965368e+06  -8.148701485920780e+05  5.751615888823469e+05  -3.988008137852014e-02  -2.144063030793572e-02  -2.975788383016219e-02
  1.839999999999983e+00  -1.933571822083360e+05  -1.060798878400261e+05  9.115562629597866e+05  8.485486000194775e+06  -6.633384621345188e+05  6.186046993831070e+05  -1.725571796767276e-02  -1.616467028450009e-02  -3.691407365832548e-02
  1.844999999999983e+00  -3.450156144374130e+04  -1.047958388123448e+05  7.400060796248501e+05  8.483863993982574e+06  -4.872483288621419e+05  6.429731953044411e+05  5.128151355554741e-03  -1.141590817322901e-02  -4.667022916768900e-02
  1.849999999999983e+00  1.238934431740292e+05  -8.259599910149691e+04  5.136576665539916e+05  8.491009600785410e+06  -2.927028442486314e+05  6.484870999708947e+05  2.654371513403951e-02  -6.906799635704482e-03  -5.808032762931195e-02
  1.854999999999982e+00  2.776705969012358e+05  -5.094087156132092e+04  2.524140211878093e+05  8.506632240184955e+06  -8.905461074000887e+04  6.352315743429268e+05  4.612213739459638e-02  -2.349133114742834e-03  -6.951901838648475e-02
  1.859999999999982e+00  4.218030807401277e+05  -1.854407515295850e+04  -2.270828169947079e+04  8.530801965828419e+06  1.138531728698675e+05  6.038615487952626e+05  6.305838087672444e-02  2.367047723172992e-03  -7.938410039494470e-02
  1.864999999999982e+00  5.487609368930202e+05  9.492040916651873e+03  -2.915738806346629e+05  8.563792332815429e+06  3.062320962969967e+05  5.563612950312421e+05  7.663803563223213e-02  7.174010138327374e-03  -8.620478296706370e-02
  1.869999999999982e+00  6.552009827772967e+05  2.788795708785197e+04  -5.348249264575972e+05  8.606706441409431e+06  4.778783202127796e+05  4.926215479622684e+05  8.619978661849403e-02  1.193522991270993e-02  -8.857336827398331e-02
  1.874999999999982e+00  7.335205128179623e+05  3.669690196257680e+04  -7.380417999889299e+05  8.659541182333311e+06  6.208723533165248e+05  4.156800061115968e+05  9.130680470085986e-02  1.636130472014226e-02  -8.559465657598560e-02
  1.879999999999982e+00  7.790778265180667e+05  3.719204761862551e+04  -8.909397825840446e+05  8.721404753566233e+06  7.292709664539979e+05  3.283373248992370e+05  9.173830561936719e-02  2.017283130136278e-02  -7.681927618822007e-02
  1.884999999999982e+00  7.890110136668808e+05  3.333578218282248e+04  -9.883966160367102e+05  8.789581805945123e+06  8.001256958475851e+05  2.343307209272315e+05  8.759799486120759e-02  2.315169930164000e-02  -6.245060134072255e-02
  1.889999999999982e+00  7.652414598970299e+05  2.343443013151390e+04  -1.028911584895749e+06  8.861899541811422e+06  8.321827955536229e+05  1.360453878154213e+05  7.903953960891047e-02  2.518059476855538e-02  -4.278649847447498e-02
  1.894999999999982e+00  7.107018944116443e+05  1.054857768808404e+04  -1.016120771316339e+06  8.933426885374546e+06  8.281444984159138e+05  3.773978237668904e+04  6.666719688982709e-02  2.625700349398486e-02  -1.898021458390606e-02
  1.899999999999981e+00  6.320137219638356e+05  -5.355123421056554e+03  -9.563749070120135e+05  8.999495017181708e+06  7.925624804938583e+05  -5.717363587682835e+04  5.121650021555068e-02  2.650701665663686e-02  7.611773637924720e-03
  1.904999999999981e+00  5.386746053958859e+05  -2.550894489755911e+04  -8.580465181908637e+05  9.055914774802949e+06  7.316283299407272e+05  -1.460103063581312e+05  3.359061182073498e-02  2.617054418678147e-02  3.537288437631484e-02
  1.909999999999981e+00  4.394185864059966e+05  -5.253527811789898e+04  -7.306570404941991e+05  9.099116032346746e+06  6.525355197260131e+05  -2.259474807186610e+05  1.467340122593815e-02  2.544167944540322e-02  6.281662147053955e-02
  1.914999999999981e+00  3.445538958470798e+05  -8.786636455173037e+04  -5.839064484057477e+05  9.127102056593040e+06  5.627081218576249e+05  -2.955295569105812e+05  -4.533881540944024e-03  2.457236501976576e-02  8.831199105455192e-02
  1.919999999999981e+00  2.625685753642485e+05  -1.329274381768547e+05  -4.269877754562508e+05  9.139476976049107e+06  4.690352045294658e+05  -3.539662475252000e+05  -2.312108963492496e-02  2.372885006714592e-02  1.105141199750174e-01
  1.924999999999981e+00  2.009330497880300e+05  -1.898744644126579e+05  -2.678749888660015e+05  9.137702898230979e+06  3.773272077123428e+05  -4.019043671315922e+05  -4.031997218230009e-02  2.301652436660565e-02  1.284636269625218e-01
  1.929999999999981e+00  1.599297484273135e+05  -2.533145648005605e+05  -1.140393445009087e+05  9.122960882831326e+06  2.921613905541981e+05  -4.386099280313259e+05  -5.537704813169786e-02  2.231026292488264e-02  1.413349082716948e-01
  1.934999999999981e+00  1.404292440887406e+05  -3.217301071715038e+05  2.910750910752228e+04  9.098211126641832e+06  2.162971253873477e+05  -4.656977918702748e+05  -6.779449514236922e-02  2.151185885201582e-02  1.488886992078991e-01
  1.939999999999981e+00  1.387597527774887e+05  -3.903124145059266e+05  1.573966010716094e+05  9.065706508278528e+06  1.509908252744662e+05  -4.842731115840671e+05  -7.720180251239125e-02  2.039745184807269e-02  1.512009233216643e-01
  1.944999999999981e+00  1.494416401292965e+05  -4.544435058867596e+05  2.683295678450390e+05  9.026867859831195e+06  9.611547020332194e+04  -4.957270576915010e+05  -8.345641732666949e-02  1.868681027507551e-02  1.487911798446509e-01
  1.949999999999980e+00  1.622832040574399e+05  -5.045729606668138e+05  3.601461010427594e+05  8.981812834183717e+06  5.042163372977622e+04  -4.994584030786121e+05  -8.632482333995965e-02  1.609968798534868e-02  1.420370649794171e-01
  1.954999999999980e+00  1.695812392964348e+05  -5.362800068081773e+05  4.331796208382617e+05  8.929582821333313e+06  1.200493423747786e+04  -4.958819355071600e+05  -8.591587125124053e-02  1.240482346764728e-02  1.318592746135821e-01
  1.959999999999980e+00  1.629673064095913e+05  -5.443054622131980e+05  4.887826057790066e+05  8.868028649282582e+06  -2.128951160027080e+04  -4.841442595417743e+05  -8.235658592703361e-02  7.428384433650022e-03  1.191047359444122e-01
  1.964999999999980e+00  1.355406308002417e+05  -5.249197407522562e+05  5.293664062384313e+05  8.794405728704093e+06  -5.148864819687929e+04  -4.627736331178136e+05  -7.583875726811207e-02  1.095831351012384e-03  1.045888991701564e-01
  1.969999999999980e+00  8.139284065953923e+04  -4.753765150808385e+05  5.580300172536037e+05  8.705883846504277e+06  -8.039215610692369e+04  -4.293874537576042e+05  -6.659673287205625e-02  -6.610450098191701e-03  8.899749110429361e-02
  1.974999999999980e+00  7.918290262642317e+02  -3.978864982295324e+05  5.784763647835104e+05  8.600842483240377e+06  -1.086756352316343e+05  -3.829568454770201e+05  -5.485223740387623e-02  -1.539531909004387e-02  7.293287551720784e-02
  1.979999999999980e+00  -1.062414258697840e+05  -2.943848539711855e+05  5.942571088803136e+05  8.478508949870240e+06  -1.368344091890086e+05  -3.216639041154822e+05  -4.088671392269870e-02  -2.504443024355900e-02  5.682056939990515e-02
  1.984999999999980e+00  -2.362500509264028e+05  -1.693607231078508e+05  6.085175752310040e+05  8.340121616227250e+06  -1.646777190611271e+05  -2.448181934217704e+05  -2.496224781821883e-02  -3.519146736623132e-02  4.093558466272137e-02
  1.989999999999980e+00  -3.854717920488183e+05  -2.706608383489987e+04  6.235107136080315e+05  8.188942558333034e+06  -1.918609929249944e+05  -1.521070617529721e+05  -7.284487940177459e-03  -4.544554901570397e-02  2.532898679996371e-02
  1.994999999999979e+00  -5.432999636352729e+05  1.224252713854398e+05  6.407305413287904e+05  8.030422399717776e+06  -2.171609464620687e+05  -4.706771594578681e+04  1.171594710371265e-02  -5.528342997407661e-02  1.031300645145558e-02
  1.999999999999979e+00  -7.040516710256933e+05  2.739749116735677e+05  6.602992025249023e+05  7.871573539609741e+06  -2.401227983206410e+05  6.782379286944370e+04  3.175406745574273e-02  -6.432387415923511e-02  -4.162887028383185e-03
