TITLE = "Temporal Signal for receiver number 00007"
VARIABLES = "Time","s_xx","s_yy","s_zz","s_xy","s_yz","s_xz","v1","v2","v3"
# x1       5.000000000000e+02
# x2       3.000000000000e+02
# x3       1.000000000000e+02
# cell-global-id 5462
  0.000000000000000e+00  0.000000000000000e+00  0.000000000000000e+00  0.000000000000000e+00  0.000000000000000e+00  0.000000000000000e+00  0.000000000000000e+00  0.000000000000000e+00  0.000000000000000e+00  0.000000000000000e+00
  5.000000000000000e-03  -3.302838084787111e-01  -5.166921485161513e-01  -3.770862074232510e-01  -3.713250786410685e-01  2.247101307725627e-01  2.249604342692738e-01  2.654973145532014e-08  4.470768994568974e-08  -3.197342390796960e-08
  1.000000000000000e-02  1.335331578969978e+03  6.247624903947740e+02  5.928772625077075e+02  9.325419750826692e+02  -1.167206063883925e+03  -1.194958833567030e+03  -6.542691996638255e-05  -5.659782626054887e-05  8.884077883502567e-05
  1.500000000000000e-02  -1.457132349477727e+04  -4.821642514855717e+03  2.461441209062653e+03  -9.616337169236089e+03  -1.240321748630221e+04  -6.762521716681551e+03  1.355836232561768e-03  1.130184962373271e-03  2.341758379463306e-04
  2.000000000000000e-02  5.371410885830021e+04  1.657996863848905e+04  3.830693880983870e+04  8.056010760593298e+03  -6.015299193557152e+02  3.963495673660420e+04  -4.083005702726453e-03  -4.849807639464708e-05  -3.633677929742037e-03
  2.500000000000000e-02  3.377885021787343e+04  -1.542646516975040e+04  -4.635433250392526e+04  2.598901667719831e+04  -1.711310761132778e+04  -2.789698287217113e+03  -3.478306525698044e-03  -1.583817217412807e-03  5.539159850609003e-03
  3.000000000000000e-02  -4.128912882839930e+05  -1.407355234722327e+05  -1.820637082939812e+05  -1.374459083929617e+05  -7.822346750237716e+04  -1.720970330092056e+05  3.059774753903213e-02  8.462629332943460e-03  1.731044701595502e-02
  3.500000000000000e-02  2.220185838830764e+05  2.158262052189522e+05  3.179164217156791e+05  7.703641099808880e+04  1.341787861716403e+04  4.718961861236568e+04  -1.453373154535739e-02  -1.255482464434566e-02  -1.592029605945867e-02
  4.000000000000000e-02  1.323424971930721e+06  2.226307138966998e+05  6.066835081309883e+05  2.817417501666556e+05  1.386541721511938e+05  4.138652701371444e+05  -9.093050968259934e-02  -9.343484581367861e-03  -5.030362051311742e-02
  4.500000000000000e-02  -7.008529554107380e+05  -1.022539876000284e+06  -7.444075115315747e+05  -6.116038223257278e+05  -2.488342418156953e+04  5.656276654072451e+04  5.153812470413045e-02  7.800140080849567e-02  5.874831621611934e-03
  5.000000000000000e-02  -2.969069474971926e+06  -5.013816237783692e+05  -1.336843808525118e+06  -7.217442116931614e+05  -2.455466491790914e+05  -6.119015990246545e+05  1.958154352147670e-01  2.504698805429378e-02  8.632227212321655e-02
  5.499999999999999e-02  1.289863233935934e+04  2.566297472170886e+06  6.875735502465351e+05  1.255990846132017e+06  1.216618809746792e+05  -2.371783900362487e+05  -2.866656415563243e-02  -2.101151648917274e-01  2.819979799062843e-02
  5.999999999999999e-02  4.476835433161029e+06  2.893005015819043e+06  2.095985720185228e+06  1.935795629911125e+06  7.259310972270087e+05  8.169278387490998e+05  -3.272493988802679e-01  -2.058206876037971e-01  -1.238671532440383e-01
  6.499999999999999e-02  1.668539817399027e+06  -2.869014361636972e+06  -7.461630040746217e+05  -1.887317811204750e+06  2.691065751047097e+05  5.418549093668379e+05  -9.722560577771069e-02  2.802172831778856e-01  -1.014181644770348e-01
  6.999999999999999e-02  -6.627281152681480e+06  -8.157850951000361e+06  -4.612920528252296e+06  -6.122454908971572e+06  -1.063784449786382e+06  -1.256877052312671e+06  4.868754177801533e-01  6.818522741188339e-01  1.458695170319355e-01
  7.500000000000000e-02  -5.983135725989590e+06  -3.382335368199569e+06  -2.197013298423718e+06  -2.722309121629874e+06  -1.247296291032887e+06  -1.851890209704081e+06  4.021864478013040e-01  2.168761470054655e-01  2.608340138224924e-01
  8.000000000000000e-02  9.660174200060163e+06  1.044664469211839e+07  7.203386082012475e+06  8.850882762156611e+06  8.419837613086152e+05  5.996696872090796e+05  -7.272781266049336e-01  -9.974018231893679e-01  -2.782438203482052e-02
  8.500000000000001e-02  2.206503602131917e+07  1.775397345645436e+07  1.247656694971830e+07  1.586020715405236e+07  3.246826219976938e+06  3.546150212817201e+06  -1.561842653027374e+00  -1.618242185110252e+00  -4.448466010881602e-01
  9.000000000000001e-02  -5.219581501012884e+05  2.021967923359412e+06  -2.921698933206734e+05  1.003758826488755e+06  2.039804582130502e+06  1.451243621673306e+06  1.003097839822308e-01  -1.748646832454965e-01  -3.047816537553425e-01
  9.500000000000001e-02  -7.366708153642702e+07  -3.607581422983810e+07  -3.362878946842908e+07  -4.124336743641098e+07  -5.083163648071767e+06  -9.393434060783558e+06  5.217338515019089e+00  3.445114352203789e+00  8.304257886351191e-01
  1.000000000000000e-01  -1.843404506281936e+08  -7.845185554910089e+07  -7.571133110683712e+07  -1.008345358547882e+08  -1.681701267752404e+07  -2.808744403236033e+07  1.271187023472576e+01  7.930757865823929e+00  2.793271399343899e+00
  1.050000000000000e-01  -3.040882062318940e+08  -1.030467076348427e+08  -1.096469146359617e+08  -1.612820150865208e+08  -2.875124863913830e+07  -5.013720084677747e+07  2.047510782952478e+01  1.159804077783933e+01  4.932343698722584e+00
  1.100000000000000e-01  -4.096918812891905e+08  -9.463998573422964e+07  -1.241129695814472e+08  -2.093764383405861e+08  -3.694923906918411e+07  -7.111349204326756e+07  2.681080723225526e+01  1.325396790502029e+01  6.614291044781567e+00
  1.150000000000000e-01  -4.975038264707408e+08  -5.367502309179890e+07  -1.197357248407661e+08  -2.449473657759983e+08  -3.976888236058384e+07  -8.866344758520743e+07  3.144884054459215e+01  1.298049509377253e+01  7.522770935231827e+00
  1.200000000000000e-01  -5.767900127388070e+08  8.802311568713855e+06  -1.048627934584454e+08  -2.769092975433186e+08  -3.906276241017647e+07  -1.033618097800440e+08  3.508265352362380e+01  1.172073719925707e+01  7.810699800078362e+00
  1.250000000000000e-01  -6.565641567954583e+08  7.751248255230005e+07  -8.834286784881577e+07  -3.163642984902160e+08  -3.935589969201569e+07  -1.177992712102144e+08  3.844388829319008e+01  1.071889344712042e+01  8.020457780971720e+00
  1.300000000000000e-01  -7.344519790699829e+08  1.340857974952510e+08  -7.490608052790007e+07  -3.723682456058627e+08  -4.505706026092600e+07  -1.350627031791901e+08  4.155746168825051e+01  1.135575214129102e+01  8.776299554495512e+00
  1.350000000000000e-01  -7.977825472073100e+08  1.655313825479147e+08  -6.315018102636044e+07  -4.449232134825425e+08  -6.027304329435097e+07  -1.578825225624924e+08  4.369648061343237e+01  1.433673372386678e+01  1.060835794693533e+01
  1.400000000000000e-01  -8.322825893666489e+08  1.626908957902670e+08  -4.944222829732978e+07  -5.284725488334862e+08  -8.665145266553834e+07  -1.876143865439861e+08  4.398614974555589e+01  1.986002370266429e+01  1.367121107209580e+01
  1.450000000000000e-01  -8.309210893195868e+08  1.235290437126262e+08  -3.094582015555535e+07  -6.140079951798611e+08  -1.222709070533150e+08  -2.232224417152831e+08  4.199347051286776e+01  2.745749387379170e+01  1.758727924862669e+01
  1.500000000000000e-01  -8.022451930365484e+08  5.755653390013681e+07  -5.597742181461383e+06  -6.915065134181560e+08  -1.628861778836640e+08  -2.620742511361374e+08  3.828523983603133e+01  3.581304909198177e+01  2.169019782974412e+01
  1.550000000000001e-01  -7.629101162245363e+08  -2.077261362103809e+07  2.605917323874430e+07  -7.538859078691093e+08  -2.013557992842494e+08  -2.991147553466496e+08  3.391072775456060e+01  4.350262442160611e+01  2.502499174652770e+01
  1.600000000000001e-01  -7.322920842939990e+08  -9.468673046816117e+07  6.282578450814795e+07  -7.972228849499123e+08  -2.306394312131689e+08  -3.288853796364266e+08  3.006924929979470e+01  4.923123978627329e+01  2.671369284333106e+01
  1.650000000000001e-01  -7.248404862701776e+08  -1.514759097549287e+08  1.034059254753148e+08  -8.216507184368429e+08  -2.460391656039107e+08  -3.474872391211129e+08  2.763870498049849e+01  5.230637149510992e+01  2.624302012216016e+01
  1.700000000000001e-01  -7.446354504949917e+08  -1.850951957007412e+08  1.455371119636716e+08  -8.291396047879825e+08  -2.470484529103934e+08  -3.533218238172128e+08  2.675499440762994e+01  5.266596768597446e+01  2.362729094921630e+01
  1.750000000000001e-01  -7.872568977528934e+08  -1.971867327353285e+08  1.866389769318649e+08  -8.243598920656278e+08  -2.360055596041356e+08  -3.471140296256771e+08  2.712013241273948e+01  5.088021862689449e+01  1.923609220823548e+01
  1.800000000000001e-01  -8.431252276342139e+08  -1.938359583537327e+08  2.238183961667227e+08  -8.124929886713156e+08  -2.179687290700457e+08  -3.320619630509685e+08  2.814226532162603e+01  4.780542234424050e+01  1.386206259437735e+01
  1.850000000000001e-01  -9.024249641147736e+08  -1.818564144730133e+08  2.548380812889755e+08  -7.979124371313183e+08  -1.994070759288857e+08  -3.134587439014036e+08  2.924401275822194e+01  4.425679382975719e+01  8.588184385987107e+00
  1.900000000000001e-01  -9.535799087059464e+08  -1.693245280167185e+08  2.762165191765554e+08  -7.831383398054501e+08  -1.831784406425746e+08  -2.937963734391647e+08  2.979174148783953e+01  4.097254219491155e+01  3.894034741119292e+00
  1.950000000000001e-01  -9.925910699734963e+08  -1.600796230393959e+08  2.881078532990775e+08  -7.694890212322381e+08  -1.731280623310010e+08  -2.783873239304971e+08  2.955681381544688e+01  3.824539562944017e+01  5.478123684729818e-01
  2.000000000000001e-01  -1.018295859903423e+09  -1.559526415502057e+08  2.912754659838952e+08  -7.566407661936084e+08  -1.700583948122699e+08  -2.699453024489411e+08  2.848246802570858e+01  3.607050621625027e+01  -1.244566117515432e+00
  2.050000000000001e-01  -1.032936082173522e+09  -1.565069261305994e+08  2.876539845146918e+08  -7.437772667897327e+08  -1.728713958118244e+08  -2.692468722101279e+08  2.674990229123170e+01  3.424155835099744e+01  -1.642165622258428e+00
  2.100000000000001e-01  -1.039354326552409e+09  -1.603685492245440e+08  2.789060826608480e+08  -7.299339764578129e+08  -1.783133301714338e+08  -2.739292602295313e+08  2.460544176716057e+01  3.252778874635437e+01  -1.254069820369498e+00
  2.150000000000001e-01  -1.045486177470132e+09  -1.641725180747677e+08  2.695731506368831e+08  -7.161537555702332e+08  -1.858814381833140e+08  -2.841991909032687e+08  2.259687938896697e+01  3.071247545583213e+01  -1.857329364728477e-01
  2.200000000000001e-01  -1.053383979046844e+09  -1.663961134024486e+08  2.607147442263594e+08  -7.022573493064232e+08  -1.926370982855513e+08  -2.958161362479527e+08  2.083575296978600e+01  2.872525574377558e+01  8.923009616191412e-01
  2.250000000000001e-01  -1.064437787549317e+09  -1.663855821466940e+08  2.536563286280537e+08  -6.890026800657569e+08  -1.975325911552470e+08  -3.062744447726004e+08  1.936601814477597e+01  2.662552405043473e+01  1.649055129596283e+00
  2.300000000000001e-01  -1.078998903181472e+09  -1.647129623548207e+08  2.494940881843520e+08  -6.776911164649464e+08  -2.009237085512223e+08  -3.148078814312327e+08  1.818982288679974e+01  2.457812058391814e+01  2.044523957725543e+00
  2.350000000000001e-01  -1.094720139566158e+09  -1.625438999557853e+08  2.473667161493564e+08  -6.680214791979810e+08  -2.030020400809153e+08  -3.203880925500726e+08  1.712070559110144e+01  2.267048754748735e+01  2.023719200443787e+00
  2.400000000000001e-01  -1.110724776326691e+09  -1.613502254897093e+08  2.469363402227364e+08  -6.606490707428794e+08  -2.045757150563857e+08  -3.239718029498510e+08  1.614858853942062e+01  2.102695581654479e+01  1.776385878199872e+00
  2.450000000000001e-01  -1.126403431420106e+09  -1.615552236197353e+08  2.475352015748063e+08  -6.553736768703768e+08  -2.062172791239936e+08  -3.267146104159849e+08  1.526830658113547e+01  1.964401333725885e+01  1.506460593720288e+00
  2.500000000000001e-01  -1.142031017855216e+09  -1.625034245135540e+08  2.487430698142869e+08  -6.517848813923566e+08  -2.083988463333394e+08  -3.299716858842006e+08  1.450818639636357e+01  1.844446709831150e+01  1.419211561653813e+00
  2.550000000000001e-01  -1.156193103784856e+09  -1.636348696405242e+08  2.495569590751123e+08  -6.488851143194281e+08  -2.103283998370949e+08  -3.332752546756008e+08  1.377614813550069e+01  1.732852266016715e+01  1.394334805525250e+00
  2.600000000000001e-01  -1.169814413042906e+09  -1.641133171738940e+08  2.500363900822764e+08  -6.466008222846656e+08  -2.124055346719470e+08  -3.372544429087576e+08  1.308255939294508e+01  1.621732259943722e+01  1.479491714033040e+00
  2.650000000000001e-01  -1.182864169873623e+09  -1.639194729788897e+08  2.499955907931656e+08  -6.448944801901330e+08  -2.146151093312626e+08  -3.415264579607328e+08  1.238791849137542e+01  1.509002584958469e+01  1.574660343448367e+00
  2.700000000000001e-01  -1.194580010806220e+09  -1.635201723447128e+08  2.491830230291909e+08  -6.436275869457121e+08  -2.166934523031679e+08  -3.452600804389347e+08  1.164527721912367e+01  1.397995992261863e+01  1.538880410724316e+00
  2.750000000000001e-01  -1.205870068613147e+09  -1.633295558721237e+08  2.482090054442869e+08  -6.433344839630344e+08  -2.192191009038187e+08  -3.488231440722971e+08  1.094539802153486e+01  1.296678126729686e+01  1.459452414947901e+00
  2.800000000000001e-01  -1.216212757984505e+09  -1.636896507958927e+08  2.469981121850771e+08  -6.436912389673848e+08  -2.218179499388901e+08  -3.518886542340114e+08  1.028700414057221e+01  1.208708105761521e+01  1.313981444855361e+00
  2.850000000000001e-01  -1.225865259385638e+09  -1.645354309918938e+08  2.457269527341569e+08  -6.444689693892671e+08  -2.243076418886748e+08  -3.546798550610447e+08  9.680106606639765e+00  1.131908929647289e+01  1.157421102057154e+00
  2.900000000000001e-01  -1.235433593364499e+09  -1.654603814127894e+08  2.446133607192890e+08  -6.455255198458699e+08  -2.265372421631001e+08  -3.575442875528442e+08  9.120918713214943e+00  1.059644305447377e+01  1.050789677249976e+00
  2.950000000000002e-01  -1.244975636932018e+09  -1.660303531055172e+08  2.438530561806421e+08  -6.467185532426333e+08  -2.283491589020837e+08  -3.606737821503512e+08  8.558289415370366e+00  9.833995411324752e+00  1.019099022486633e+00
  3.000000000000002e-01  -1.254693782914401e+09  -1.659351728546864e+08  2.435109903342152e+08  -6.480150522021952e+08  -2.297068010732414e+08  -3.640251204431823e+08  7.988007332883909e+00  9.014924068808194e+00  1.055865537978550e+00
  3.050000000000002e-01  -1.264557524501932e+09  -1.652680741527867e+08  2.435797767367278e+08  -6.494527516831918e+08  -2.307524907537221e+08  -3.674546340305957e+08  7.430186581995973e+00  8.185355108598927e+00  1.142268761800384e+00
  3.100000000000002e-01  -1.274472411672080e+09  -1.644760960208147e+08  2.439909563854086e+08  -6.511555594459223e+08  -2.317403222703235e+08  -3.708350514557664e+08  6.927280954924016e+00  7.434863818473405e+00  1.259683210715560e+00
  3.150000000000002e-01  -1.283929764422386e+09  -1.640776758682290e+08  2.445001643527475e+08  -6.530443144631302e+08  -2.328200276057402e+08  -3.738123412703298e+08  6.486150386599562e+00  6.816122728392712e+00  1.346562600562420e+00
  3.200000000000002e-01  -1.292932292509251e+09  -1.644591165387526e+08  2.449928689268119e+08  -6.553779469019917e+08  -2.341965174754145e+08  -3.764427120730639e+08  6.125507468606505e+00  6.352667550855825e+00  1.397524704901041e+00
  3.250000000000002e-01  -1.301458543855371e+09  -1.656355407935487e+08  2.453058881437277e+08  -6.583065307463324e+08  -2.358878372971245e+08  -3.787688026576574e+08  5.830402244518922e+00  6.003225827476831e+00  1.398589903167572e+00
  3.300000000000002e-01  -1.309571124671599e+09  -1.671911122999352e+08  2.453353709708737e+08  -6.618530289037575e+08  -2.377700462242420e+08  -3.808767085458980e+08  5.572656089267930e+00  5.693507127512089e+00  1.341010752112166e+00
  3.350000000000002e-01  -1.317411285390576e+09  -1.684748216426737e+08  2.452263654508091e+08  -6.659374952753667e+08  -2.397724397263559e+08  -3.829445824768530e+08  5.324223508928550e+00  5.351514923775839e+00  1.252312923750635e+00
  3.400000000000002e-01  -1.324966547040310e+09  -1.689529808292443e+08  2.451238780593425e+08  -6.703109389002422e+08  -2.416614196512053e+08  -3.850402079005134e+08  5.057464051299803e+00  4.943935449472918e+00  1.145053705791242e+00
  3.450000000000002e-01  -1.332215933402498e+09  -1.685536282737344e+08  2.451817706447530e+08  -6.747148889374548e+08  -2.432736123525960e+08  -3.871922371710041e+08  4.756610383090663e+00  4.479523628945068e+00  1.043320994161699e+00
  3.500000000000002e-01  -1.339232424770677e+09  -1.677616099816395e+08  2.454144526205679e+08  -6.789507367726172e+08  -2.445269634508405e+08  -3.893978228912884e+08  4.430102260991077e+00  4.006147541373213e+00  9.748874050191221e-01
  3.550000000000002e-01  -1.345797761917245e+09  -1.673518971819084e+08  2.457276605966772e+08  -6.828600948481373e+08  -2.453858491616408e+08  -3.915096925021070e+08  4.074043303466771e+00  3.569295932237776e+00  9.313708628426886e-01
  3.600000000000002e-01  -1.351949827381112e+09  -1.677906706578461e+08  2.460291490334558e+08  -6.863282392535709e+08  -2.459849559713798e+08  -3.934785976963074e+08  3.723744123905957e+00  3.209702735080415e+00  9.164936153951917e-01
  3.650000000000002e-01  -1.357668737556151e+09  -1.690076151836302e+08  2.463313557935664e+08  -6.893175814675980e+08  -2.465129042965823e+08  -3.952703622905887e+08  3.411041944765696e+00  2.938083779713457e+00  9.194766509291465e-01
  3.700000000000002e-01  -1.363021283708930e+09  -1.704669823326342e+08  2.467107263969192e+08  -6.919716139896454e+08  -2.471246266467473e+08  -3.969000278570499e+08  3.158639197664731e+00  2.742499333260062e+00  9.223658074831720e-01
  3.750000000000002e-01  -1.368362800453676e+09  -1.714610758763703e+08  2.472347981055344e+08  -6.945545832594697e+08  -2.480166262931047e+08  -3.984447222599540e+08  2.982410169636779e+00  2.574621334151051e+00  9.261186313155714e-01
  3.800000000000002e-01  -1.374011427584955e+09  -1.716560819935197e+08  2.478435739990361e+08  -6.975790998657391e+08  -2.491732299984545e+08  -3.999970800891917e+08  2.868121630511539e+00  2.405619539404092e+00  9.252027290488660e-01
  3.850000000000002e-01  -1.380146358246557e+09  -1.711221138222380e+08  2.484078002580737e+08  -7.014774660418723e+08  -2.505067177980784e+08  -4.016191533182686e+08  2.784139009540953e+00  2.210468017235093e+00  9.196883612456594e-01
  3.900000000000002e-01  -1.386636328629955e+09  -1.702514814327996e+08  2.488199842931694e+08  -7.063852116373471e+08  -2.518774840590194e+08  -4.033253593955985e+08  2.695053366410855e+00  1.982039758915663e+00  9.098339995599809e-01
  3.950000000000002e-01  -1.393168703478119e+09  -1.695157918513306e+08  2.490730237677419e+08  -7.120068494876612e+08  -2.531762041061577e+08  -4.051107086105689e+08  2.587084762425244e+00  1.732586042615574e+00  9.013258920921786e-01
  4.000000000000002e-01  -1.399071943988387e+09  -1.693379059822095e+08  2.492444715709765e+08  -7.177381961148512e+08  -2.542739522218482e+08  -4.068470985233573e+08  2.439677290294125e+00  1.484809644549663e+00  8.757419278269800e-01
  4.050000000000002e-01  -1.404086447730630e+09  -1.698488696181994e+08  2.494591416725738e+08  -7.228694743695259e+08  -2.551536031712391e+08  -4.084555767249072e+08  2.272851692858334e+00  1.267889602638070e+00  8.341842979833571e-01
  4.100000000000003e-01  -1.408159060125664e+09  -1.709527718695419e+08  2.498178937722479e+08  -7.269588745266031e+08  -2.558295087949173e+08  -4.098480324408122e+08  2.101561698867925e+00  1.106946314373195e+00  7.798645078287275e-01
  4.150000000000003e-01  -1.411493102714067e+09  -1.723837268014098e+08  2.503455387099795e+08  -7.300134329307953e+08  -2.563297578435875e+08  -4.109793566756743e+08  1.934019912274620e+00  1.019828272070888e+00  7.246508271544766e-01
  4.200000000000003e-01  -1.414400116151975e+09  -1.736986996228928e+08  2.510311983438756e+08  -7.322871001368828e+08  -2.567232523420380e+08  -4.117777450189128e+08  1.767240266452353e+00  9.843430841432166e-01  6.811560703050284e-01
  4.250000000000003e-01  -1.417291110115147e+09  -1.746069161196466e+08  2.517647281266381e+08  -7.343530047481369e+08  -2.570792253618928e+08  -4.123254277966300e+08  1.603451680114427e+00  9.777323781853838e-01  6.668088477806304e-01
  4.300000000000003e-01  -1.420457734056298e+09  -1.749602565452318e+08  2.524143973221771e+08  -7.367177882915434e+08  -2.574721834412906e+08  -4.127502122498127e+08  1.444839588700675e+00  9.596902833435129e-01  6.820321532771694e-01
  4.350000000000003e-01  -1.424043545488657e+09  -1.747938251048563e+08  2.528631017830967e+08  -7.396856960407224e+08  -2.579524298348980e+08  -4.132214085597678e+08  1.298901666283811e+00  8.941381441179443e-01  7.072016109513068e-01
  4.400000000000003e-01  -1.428104634003488e+09  -1.743738422503037e+08  2.530343052550167e+08  -7.434409129871320e+08  -2.586107044336474e+08  -4.139676480165136e+08  1.179328738559461e+00  7.621496803810892e-01  7.232396498332696e-01
  4.450000000000003e-01  -1.432433601364251e+09  -1.739176282061044e+08  2.529734766362805e+08  -7.477775087563015e+08  -2.594265082137881e+08  -4.150880500593770e+08  1.096202833371576e+00  5.739301293778687e-01  6.997056555902231e-01
  4.500000000000003e-01  -1.436755519074220e+09  -1.735837504949338e+08  2.528226924317132e+08  -7.523056615566499e+08  -2.603544598576151e+08  -4.165711102126515e+08  1.058417230236292e+00  3.621029043108554e-01  6.273090159660444e-01
  4.550000000000003e-01  -1.440862471014657e+09  -1.734417862145497e+08  2.527667924417995e+08  -7.566005649443475e+08  -2.613275655757619e+08  -4.183068083778535e+08  1.072248214502923e+00  1.758771401855338e-01  5.268073203426439e-01
  4.600000000000003e-01  -1.444416403478668e+09  -1.733757287691652e+08  2.529902123979104e+08  -7.601626918569462e+08  -2.622215621142923e+08  -4.200255529365010e+08  1.110696127108097e+00  4.586323482345687e-02  4.211564249478044e-01
  4.650000000000003e-01  -1.447480807457690e+09  -1.733660340987827e+08  2.535334232781450e+08  -7.629098142661139e+08  -2.629722459442557e+08  -4.215309808185828e+08  1.151677409834783e+00  -6.196231802004413e-03  3.537591746675245e-01
  4.700000000000003e-01  -1.450191529563489e+09  -1.734381924293852e+08  2.543227047026538e+08  -7.650341401035703e+08  -2.635525685041157e+08  -4.226812342733706e+08  1.160329463238006e+00  1.208892544700040e-02  3.522318146150129e-01
  4.750000000000003e-01  -1.452706646381571e+09  -1.736611506062976e+08  2.552222584094104e+08  -7.669169603853291e+08  -2.639816559329114e+08  -4.234569674111311e+08  1.108226806419681e+00  7.447941168231084e-02  4.222178339041504e-01
  4.800000000000003e-01  -1.455137370111018e+09  -1.741272563670088e+08  2.560687946170293e+08  -7.690301066879390e+08  -2.643127764075773e+08  -4.238814931607490e+08  9.838662011586329e-01  1.349036989163893e-01  5.386873034974564e-01
  4.850000000000003e-01  -1.457479073696189e+09  -1.748633588929631e+08  2.567864133623825e+08  -7.716630281773880e+08  -2.646126899797621e+08  -4.241125232823873e+08  8.033478164013692e-01  1.663486221639741e-01  6.672965591769483e-01
  4.900000000000003e-01  -1.459653173234779e+09  -1.758015710971023e+08  2.573528774915117e+08  -7.748700680035424e+08  -2.649243293131312e+08  -4.242938235983775e+08  5.999382006970689e-01  1.521739334459738e-01  7.643125755175144e-01
  4.950000000000003e-01  -1.461613931058277e+09  -1.767926479262722e+08  2.577584207506391e+08  -7.784883612771330e+08  -2.652456421879031e+08  -4.245094274927298e+08  4.149775396300097e-01  9.284840340789978e-02  7.893063851568100e-01
  5.000000000000003e-01  -1.463452598922543e+09  -1.777121273630711e+08  2.580320404463867e+08  -7.822873485833249e+08  -2.656101279056451e+08  -4.248515407874840e+08  2.905317148439483e-01  9.964864227713408e-03  7.354265462172677e-01
  5.050000000000003e-01  -1.465309215227720e+09  -1.783380257720300e+08  2.581765955853217e+08  -7.859371384670631e+08  -2.659837136441658e+08  -4.252787520492173e+08  2.517432283104862e-01  -7.466909295131849e-02  6.041532337888916e-01
  5.100000000000003e-01  -1.467364400010431e+09  -1.785048448077312e+08  2.582186332199042e+08  -7.891994406963015e+08  -2.663504630307728e+08  -4.257350497952010e+08  3.062546188484803e-01  -1.385715156572314e-01  4.234757128919025e-01
  5.150000000000003e-01  -1.469750553298636e+09  -1.781667460537946e+08  2.582272922426889e+08  -7.919906280457971e+08  -2.667094354977049e+08  -4.262100599557699e+08  4.416311527020316e-01  -1.610634830312438e-01  2.412271804904507e-01
  5.200000000000004e-01  -1.472372290457547e+09  -1.772474804536182e+08  2.582664024188600e+08  -7.942076367381598e+08  -2.670168539966608e+08  -4.266405390945212e+08  6.094424871607437e-01  -1.589966474827975e-01  8.814210856606618e-02
  5.250000000000004e-01  -1.475095892896318e+09  -1.759864115160078e+08  2.583889852762925e+08  -7.960009565589557e+08  -2.672562578886233e+08  -4.270865003830137e+08  7.562758034615092e-01  -1.404039136318161e-01  -2.793676760089348e-04
  5.300000000000004e-01  -1.477687092778875e+09  -1.747127110143737e+08  2.586091151374097e+08  -7.975245213237292e+08  -2.674164066318617e+08  -4.276092148648782e+08  8.249924031642525e-01  -1.274629067240411e-01  -1.061322990546822e-02
  5.350000000000004e-01  -1.479939552698589e+09  -1.737791731326438e+08  2.589077620573944e+08  -7.989007678336046e+08  -2.675196404389598e+08  -4.282545422936142e+08  7.802168596812125e-01  -1.415649763966567e-01  5.114300369112741e-02
  5.400000000000004e-01  -1.481645111302729e+09  -1.735342091197062e+08  2.592174706395794e+08  -8.002291122642460e+08  -2.676032974292661e+08  -4.289703025911728e+08  6.179363171343800e-01  -1.943282703334867e-01  1.562869544148529e-01
  5.450000000000004e-01  -1.482783942731808e+09  -1.740806855374626e+08  2.595429019454477e+08  -8.015362860328895e+08  -2.677607691431018e+08  -4.297133117808057e+08  3.786943590596427e-01  -2.779456012571907e-01  2.768003410686574e-01
  5.500000000000004e-01  -1.483440740821973e+09  -1.752816607194629e+08  2.599070040366897e+08  -8.028388386992763e+08  -2.680687250355908e+08  -4.303872977500789e+08  1.270217339134179e-01  -3.715112892712594e-01  3.809665453359894e-01
  5.550000000000004e-01  -1.483786480347672e+09  -1.767899490366528e+08  2.603328242385297e+08  -8.041587509021184e+08  -2.685531934623374e+08  -4.308890812407032e+08  -7.193365126937343e-02  -4.468666427633066e-01  4.417411574945255e-01
  5.600000000000004e-01  -1.484177020049425e+09  -1.782283380043171e+08  2.608637777801471e+08  -8.056665066168224e+08  -2.692275352435762e+08  -4.312541541243606e+08  -1.702568976308718e-01  -4.747110274510798e-01  4.608103982997845e-01
  5.650000000000004e-01  -1.484892368039340e+09  -1.792347937177940e+08  2.614361730858192e+08  -8.074449648454190e+08  -2.700136958905736e+08  -4.314909628406677e+08  -1.588104350363714e-01  -4.450177239360423e-01  4.384008775375280e-01
  5.700000000000004e-01  -1.486142017450138e+09  -1.796518330872803e+08  2.619503423307812e+08  -8.095674020743244e+08  -2.708196562972841e+08  -4.316814700336053e+08  -6.192655783471328e-02  -3.634046135206540e-01  3.892402910623445e-01
  5.750000000000004e-01  -1.487954913786572e+09  -1.795132651038139e+08  2.623018424117902e+08  -8.120098149209197e+08  -2.715558034736176e+08  -4.319175072018653e+08  7.605218542893999e-02  -2.504455222262075e-01  3.307155860210401e-01
  5.800000000000004e-01  -1.490179631929059e+09  -1.790128892905988e+08  2.624505857034196e+08  -8.146779303122176e+08  -2.721670806094108e+08  -4.322962278038082e+08  2.118290138356881e-01  -1.286483471736647e-01  2.813206637815744e-01
  5.850000000000004e-01  -1.492446215206577e+09  -1.783017832174611e+08  2.623950635142162e+08  -8.172792983188703e+08  -2.726084181212095e+08  -4.327756980930644e+08  3.126275559203360e-01  -3.668122560613409e-02  2.394684235099933e-01
  5.900000000000004e-01  -1.494404880484022e+09  -1.776278728535209e+08  2.622424872630024e+08  -8.196443815288417e+08  -2.728857759086387e+08  -4.333576467449890e+08  3.659489212625501e-01  1.106966383592270e-02  2.110984410575313e-01
  5.950000000000004e-01  -1.495819087810501e+09  -1.771647653917873e+08  2.621186763383442e+08  -8.216409042787410e+08  -2.730183460045782e+08  -4.339827290129662e+08  3.748544614126456e-01  5.093123282886461e-03  1.966687349782958e-01
  6.000000000000004e-01  -1.496687882188872e+09  -1.770032522266036e+08  2.621393871001522e+08  -8.232329830280759e+08  -2.730392020642805e+08  -4.345773041984928e+08  3.534539236864336e-01  -5.259149046075180e-02  1.996352824248498e-01
  6.050000000000004e-01  -1.497110290739066e+09  -1.771679908687485e+08  2.623532783759998e+08  -8.244799116482782e+08  -2.729384332522131e+08  -4.350531936418033e+08  3.032062826789944e-01  -1.481090191180535e-01  2.181093703767350e-01
  6.100000000000004e-01  -1.497412661409949e+09  -1.775417838687150e+08  2.627731538333265e+08  -8.254801503426962e+08  -2.727448168274224e+08  -4.353650606058872e+08  2.381781602644763e-01  -2.564664612243449e-01  2.564658486994137e-01
  6.150000000000004e-01  -1.497865869273542e+09  -1.779306253129897e+08  2.633438277564052e+08  -8.263112704582956e+08  -2.724878515047178e+08  -4.354890650217190e+08  1.664308276882525e-01  -3.506233742705931e-01  3.099056922249095e-01
  6.200000000000004e-01  -1.498584532096173e+09  -1.781274604849161e+08  2.639584883774349e+08  -8.269956508179808e+08  -2.722170911877853e+08  -4.354313483918272e+08  9.169050699904947e-02  -4.097674767663743e-01  3.620057313020879e-01
  6.250000000000004e-01  -1.499647385432611e+09  -1.780553974078118e+08  2.644744166183746e+08  -8.276128995345651e+08  -2.720159237998301e+08  -4.352714272104701e+08  3.050929934988778e-02  -4.232010524976700e-01  3.968718869491735e-01
  6.300000000000004e-01  -1.500903510880889e+09  -1.777314687572172e+08  2.647604106749292e+08  -8.281767595589880e+08  -2.719556610584387e+08  -4.350742407353706e+08  -1.378701401225969e-02  -3.991446819100126e-01  3.910111825081760e-01
  6.350000000000005e-01  -1.502167318505299e+09  -1.773006709828698e+08  2.647403234531039e+08  -8.287538238637037e+08  -2.720735692674140e+08  -4.349115781396009e+08  -3.847965974752662e-02  -3.548718764970053e-01  3.305415020575785e-01
  6.400000000000005e-01  -1.503242448751153e+09  -1.769634211127880e+08  2.644332946658526e+08  -8.294406959239477e+08  -2.723477170880857e+08  -4.348307523491277e+08  -4.445057099645810e-02  -3.054382127404259e-01  2.155902456111063e-01
  6.450000000000005e-01  -1.504029440892815e+09  -1.768138940086370e+08  2.639758466151443e+08  -8.302997693752451e+08  -2.727250333337518e+08  -4.348403385723299e+08  -3.336817126849632e-02  -2.682534341916952e-01  6.538110576279429e-02
  6.500000000000005e-01  -1.504448108082579e+09  -1.769186907496423e+08  2.635555111822775e+08  -8.313817696123345e+08  -2.731140986342888e+08  -4.349170345508904e+08  -1.121482360978488e-02  -2.422346312285281e-01  -9.346387523354466e-02
  6.550000000000005e-01  -1.504539282452089e+09  -1.772708910643369e+08  2.633569035732212e+08  -8.326970363384855e+08  -2.734491956731941e+08  -4.350296369560390e+08  1.767117545337720e-02  -2.220727262808223e-01  -2.284296940502937e-01
  6.600000000000005e-01  -1.504459378518912e+09  -1.778479337019165e+08  2.635063202163954e+08  -8.342378352449529e+08  -2.737209108966287e+08  -4.351740856815340e+08  5.071344906675872e-02  -1.998403528212080e-01  -3.065784629420797e-01
  6.650000000000005e-01  -1.504341791635941e+09  -1.785640047675014e+08  2.640041578523616e+08  -8.359093063972604e+08  -2.739172052577825e+08  -4.353187323651984e+08  7.752772826504600e-02  -1.774680683195571e-01  -3.195280047966287e-01
  6.700000000000005e-01  -1.504379256864140e+09  -1.793470896228758e+08  2.647954574435819e+08  -8.376305817604141e+08  -2.740891505856107e+08  -4.355059538763615e+08  9.650306114083115e-02  -1.527569688870261e-01  -2.590183780299672e-01
  6.750000000000005e-01  -1.504672978728912e+09  -1.800480245090800e+08  2.657735290671611e+08  -8.392531031717448e+08  -2.742797660398842e+08  -4.357766141246653e+08  1.059573875273634e-01  -1.275309999405967e-01  -1.351989494737003e-01
  6.800000000000005e-01  -1.505224674218897e+09  -1.804609449860167e+08  2.668194484067952e+08  -8.405818787288349e+08  -2.745260611901568e+08  -4.361628122583837e+08  1.067580999457406e-01  -1.048449579625741e-01  2.771782351565874e-02
  6.850000000000005e-01  -1.505943976090880e+09  -1.804877807051028e+08  2.677776670255071e+08  -8.414770024802392e+08  -2.748317879722041e+08  -4.366858255198182e+08  1.018619424345508e-01  -8.549957869515097e-02  1.984190082655822e-01
  6.900000000000005e-01  -1.506742951733854e+09  -1.800789437734244e+08  2.685153255820567e+08  -8.418527255769032e+08  -2.752056020396678e+08  -4.373265084225467e+08  9.278022141463926e-02  -7.702854462824198e-02  3.432380799054567e-01
  6.950000000000005e-01  -1.507552869717267e+09  -1.793393920349588e+08  2.688963121481808e+08  -8.417599267486215e+08  -2.756254720739651e+08  -4.380222264941006e+08  7.824824639589004e-02  -8.960017650738664e-02  4.329077581103180e-01
  7.000000000000005e-01  -1.508322068457402e+09  -1.784655166424384e+08  2.688250372176111e+08  -8.413649651265894e+08  -2.760420903034481e+08  -4.386684476758488e+08  5.307752333440782e-02  -1.320819817859710e-01  4.481247391581984e-01
  7.050000000000005e-01  -1.509153062554911e+09  -1.776374716289404e+08  2.683053449349483e+08  -8.409448190468106e+08  -2.764031158717200e+08  -4.391719369639292e+08  2.200400441377500e-02  -2.056081882027744e-01  3.966994018996614e-01
  7.100000000000005e-01  -1.510044794311816e+09  -1.769408071932645e+08  2.674307745263184e+08  -8.407141583497185e+08  -2.766408115937506e+08  -4.394264428267005e+08  -1.303707747987183e-02  -2.996936118798469e-01  2.923310183917059e-01
  7.150000000000005e-01  -1.511005758801446e+09  -1.763741236192424e+08  2.663794087305060e+08  -8.408233240753372e+08  -2.767131158338799e+08  -4.393824928145822e+08  -4.376035404054308e-02  -3.919824538269225e-01  1.642384206203286e-01
  7.200000000000005e-01  -1.512004023376585e+09  -1.759301278616149e+08  2.653661599110921e+08  -8.413348792440540e+08  -2.766228039918447e+08  -4.390683511293258e+08  -6.159629461776617e-02  -4.521308237509349e-01  4.936531741055245e-02
  7.250000000000005e-01  -1.512987492918965e+09  -1.755573129198532e+08  2.645498771138174e+08  -8.421595658578786e+08  -2.763997611780769e+08  -4.385479798990853e+08  -6.137368307096588e-02  -4.668838629920043e-01  -3.163616734479578e-02
  7.300000000000005e-01  -1.513845156958713e+09  -1.753844665005428e+08  2.640362290136594e+08  -8.432147476255134e+08  -2.761199450035010e+08  -4.379634039003580e+08  -4.723316155691974e-02  -4.243136380742316e-01  -5.943061560028629e-02
  7.350000000000005e-01  -1.514459049320544e+09  -1.755685713107976e+08  2.638514965022506e+08  -8.443847558531622e+08  -2.758692767097649e+08  -4.374647493188469e+08  -2.805099501206089e-02  -3.299672411638983e-01  -3.210131814300222e-02
  7.400000000000005e-01  -1.514725467970467e+09  -1.762239613797528e+08  2.639759202066076e+08  -8.455520150246599e+08  -2.757362260824732e+08  -4.371781180774454e+08  -1.284486587153679e-02  -2.007762231314619e-01  3.859949890064672e-02
  7.450000000000006e-01  -1.514521396515128e+09  -1.774009930377094e+08  2.643404436980805e+08  -8.466235442046323e+08  -2.757558502169439e+08  -4.371688618198023e+08  -1.071874714999543e-02  -5.594227800459864e-02  1.282098340729245e-01
  7.500000000000006e-01  -1.513851828616582e+09  -1.789535713476576e+08  2.649055313323453e+08  -8.475226638279966e+08  -2.759610686142892e+08  -4.374384090628638e+08  -1.990258949556953e-02  8.569860989777413e-02  2.135886326839609e-01
  7.550000000000006e-01  -1.512819518943826e+09  -1.806026881871436e+08  2.656220543624345e+08  -8.482074635949289e+08  -2.763375070725098e+08  -4.379134608874651e+08  -3.433625780292963e-02  2.075975191503534e-01  2.725145110219080e-01
  7.600000000000006e-01  -1.511646420597243e+09  -1.820040749830047e+08  2.664354764742205e+08  -8.486881023309782e+08  -2.768340674736948e+08  -4.384755612172042e+08  -4.575010235847377e-02  2.958315537772978e-01  2.908217415455219e-01
  7.650000000000006e-01  -1.510611716438415e+09  -1.828541522206655e+08  2.672762307058291e+08  -8.490270608126538e+08  -2.773703032325113e+08  -4.389934229619479e+08  -4.913151522682183e-02  3.388376136306748e-01  2.627478002576119e-01
  7.700000000000006e-01  -1.510044552699250e+09  -1.829653192049812e+08  2.680808071503865e+08  -8.493397279471774e+08  -2.778485262171386e+08  -4.393863891160346e+08  -3.856837288241454e-02  3.285220480889545e-01  1.991501063851247e-01
  7.750000000000006e-01  -1.510128004094011e+09  -1.823118421014857e+08  2.687726994985337e+08  -8.497205078420061e+08  -2.781785888732220e+08  -4.396013181349407e+08  -1.638440096783398e-02  2.596252122009422e-01  1.094278704219747e-01
  7.800000000000006e-01  -1.510895460646605e+09  -1.810392457815697e+08  2.693017886153548e+08  -8.502310366533418e+08  -2.782940500308803e+08  -4.396518078063622e+08  1.450696439788666e-02  1.360038214859207e-01  9.069997670473510e-03
  7.850000000000006e-01  -1.512181609569946e+09  -1.794325558038370e+08  2.696626523993605e+08  -8.508770632571937e+08  -2.781719427117376e+08  -4.396039568697893e+08  4.941732737413917e-02  -2.558589914583219e-02  -8.395389784889125e-02
  7.900000000000006e-01  -1.513760837800704e+09  -1.777550100849045e+08  2.698475993147802e+08  -8.515710822515516e+08  -2.778337250377118e+08  -4.395057786560727e+08  8.867872037618399e-02  -2.087612548455305e-01  -1.606737179263954e-01
  7.950000000000006e-01  -1.515284317525650e+09  -1.763133485583840e+08  2.699019833791454e+08  -8.522169045998050e+08  -2.773503987883497e+08  -4.394251085498276e+08  1.279799719441613e-01  -3.815697108065794e-01  -2.094065093364748e-01
  8.000000000000006e-01  -1.516464473612080e+09  -1.753064747955918e+08  2.698648684639852e+08  -8.527064343572413e+08  -2.768260103562393e+08  -4.393920597840643e+08  1.634758081535784e-01  -5.150668873669473e-01  -2.249562273325334e-01
  8.050000000000006e-01  -1.517120025019307e+09  -1.748098203858135e+08  2.697620114749099e+08  -8.529501029667642e+08  -2.763866707885351e+08  -4.393978228422026e+08  1.891272308019180e-01  -5.876485088159817e-01  -2.075334532344083e-01
  8.100000000000006e-01  -1.517225758997675e+09  -1.748165317766653e+08  2.695832956995401e+08  -8.529257503928647e+08  -2.761362218784202e+08  -4.394324945698595e+08  2.001626134292598e-01  -5.878362184023075e-01  -1.635648774166312e-01
  8.150000000000006e-01  -1.516877420553584e+09  -1.752191432015149e+08  2.693135519198359e+08  -8.526458846514940e+08  -2.761625712600801e+08  -4.394652699353734e+08  1.894985507014710e-01  -5.194873379371765e-01  -1.017022232305804e-01
  8.200000000000006e-01  -1.516276749469023e+09  -1.758691262895588e+08  2.689275386980948e+08  -8.521714640801548e+08  -2.764965677531823e+08  -4.394746084030988e+08  1.533348138137657e-01  -4.003846823922180e-01  -3.336763114670162e-02
  8.250000000000006e-01  -1.515665240822523e+09  -1.766005058138752e+08  2.684196177256503e+08  -8.515931089505142e+08  -2.771123205731810e+08  -4.394480816461479e+08  9.259091893625819e-02  -2.583277751150821e-01  3.014377531414921e-02
  8.300000000000006e-01  -1.515218693942932e+09  -1.773039744146537e+08  2.678268915580562e+08  -8.510452088258810e+08  -2.778900016689266e+08  -4.394037661351365e+08  1.121346620777428e-02  -1.192961159878710e-01  8.386884691059661e-02
  8.350000000000006e-01  -1.515043412904275e+09  -1.778692884085434e+08  2.672229667688907e+08  -8.506341658268915e+08  -2.786945972946792e+08  -4.393456817890794e+08  -8.088098373160794e-02  -8.478761572072353e-03  1.234953142994609e-01
  8.400000000000006e-01  -1.515128399633661e+09  -1.782536836047687e+08  2.667101384357552e+08  -8.504614041568798e+08  -2.793730395692903e+08  -4.392891159582584e+08  -1.715646598010009e-01  6.124522934628740e-02  1.495074916653814e-01
  8.450000000000006e-01  -1.515369204308528e+09  -1.784942322359797e+08  2.663963004509880e+08  -8.506175949380260e+08  -2.798069701277491e+08  -4.392600632756702e+08  -2.493813461961927e-01  9.202987838637243e-02  1.659891304142745e-01
  8.500000000000006e-01  -1.515638644969834e+09  -1.786161065819628e+08  2.663325415017278e+08  -8.510779908850011e+08  -2.799289487694017e+08  -4.392397649681975e+08  -3.044223545846014e-01  8.872536539714589e-02  1.726741625271434e-01
  8.550000000000006e-01  -1.515829082491301e+09  -1.787292703255984e+08  2.665405183628965e+08  -8.518277266853312e+08  -2.797611147379310e+08  -4.392404895996102e+08  -3.311581622217036e-01  6.892387706949088e-02  1.726635446871744e-01
  8.600000000000007e-01  -1.515896328556463e+09  -1.789220416555509e+08  2.669822021684698e+08  -8.527779551011878e+08  -2.793851904080550e+08  -4.392583747775085e+08  -3.284688287847725e-01  4.833475445504376e-02  1.667468758842413e-01
  8.650000000000007e-01  -1.515832511544425e+09  -1.792395645297274e+08  2.675838820676655e+08  -8.537846125756423e+08  -2.789200413666029e+08  -4.392802517345668e+08  -3.019353928479833e-01  3.813802698668489e-02  1.539864078254202e-01
  8.700000000000007e-01  -1.515791158184491e+09  -1.796511792922215e+08  2.682460072450069e+08  -8.547039437665476e+08  -2.784916122076813e+08  -4.393139670383491e+08  -2.498190762225707e-01  4.253487738239738e-02  1.345607400098084e-01
  8.750000000000007e-01  -1.515838002064156e+09  -1.800809175338725e+08  2.688850361584306e+08  -8.553993615218313e+08  -2.781975473000934e+08  -4.393634900427517e+08  -1.809285090943834e-01  6.029992235317380e-02  1.080539933616959e-01
  8.800000000000007e-01  -1.516044971853550e+09  -1.804048454313574e+08  2.694294222390479e+08  -8.557859964887451e+08  -2.780916528233864e+08  -4.394398968092068e+08  -1.018803082213729e-01  8.421655081287988e-02  7.427138386081404e-02
  8.850000000000007e-01  -1.516423535941905e+09  -1.804908835070994e+08  2.698261210962195e+08  -8.558425530955338e+08  -2.781801935172502e+08  -4.395418858625840e+08  -1.993587751378885e-02  1.035344055789280e-01  3.219523465317681e-02
  8.900000000000007e-01  -1.516959032364831e+09  -1.802961191950843e+08  2.700586269594375e+08  -8.557079820351589e+08  -2.784223747551461e+08  -4.397089401319560e+08  6.007614407925959e-02  1.108462018245149e-01  -1.174457091521151e-02
  8.950000000000007e-01  -1.517539712594464e+09  -1.798007041882262e+08  2.701212197877330e+08  -8.555172862257322e+08  -2.787525122256135e+08  -4.399219996998569e+08  1.311315674948780e-01  9.774911891803136e-02  -5.540417306566461e-02
  9.000000000000007e-01  -1.518052843079865e+09  -1.790702423053177e+08  2.700318537732626e+08  -8.554548037351700e+08  -2.790959715681591e+08  -4.401682971580078e+08  1.894108998324542e-01  6.148400309460399e-02  -9.279013132081294e-02
  9.050000000000007e-01  -1.518420092755740e+09  -1.782323452898107e+08  2.698303111142977e+08  -8.556919041510513e+08  -2.793999127528205e+08  -4.404397078850248e+08  2.344071841195517e-01  5.840716380280648e-03  -1.151382545398334e-01
  9.100000000000007e-01  -1.518550360791147e+09  -1.773936375783079e+08  2.695462646258379e+08  -8.562562227708548e+08  -2.796037856237385e+08  -4.407041232445791e+08  2.643072701972896e-01  -6.340117330434943e-02  -1.202976549804098e-01
  9.150000000000007e-01  -1.518474203042028e+09  -1.766752183225215e+08  2.692237271405599e+08  -8.571107131602148e+08  -2.797098994864982e+08  -4.409564196466632e+08  2.824948491921856e-01  -1.335773762091896e-01  -1.042763084687878e-01
  9.200000000000007e-01  -1.518264013508386e+09  -1.761498124905510e+08  2.688980324689008e+08  -8.580991882834778e+08  -2.797409048561012e+08  -4.411947547648324e+08  2.915018148514697e-01  -1.910826455946976e-01  -6.818647784737153e-02
  9.250000000000007e-01  -1.518016549761327e+09  -1.758457378626425e+08  2.686052064484422e+08  -8.590071393722600e+08  -2.797441827033429e+08  -4.414274960798428e+08  2.915670485871922e-01  -2.227401362446215e-01  -1.606162029427978e-02
  9.300000000000007e-01  -1.517858913004213e+09  -1.757325067636962e+08  2.683474983229054e+08  -8.595794548984309e+08  -2.797508030392546e+08  -4.416376987708499e+08  2.852836107325861e-01  -2.222666453128415e-01  4.085231294527848e-02
  9.350000000000007e-01  -1.517867956049506e+09  -1.757774978702689e+08  2.681499200220293e+08  -8.596672149377438e+08  -2.798022963591642e+08  -4.418293261033441e+08  2.698841550551155e-01  -1.870046264975669e-01  9.504142135717954e-02
  9.400000000000007e-01  -1.518067040161763e+09  -1.759335467063303e+08  2.680233363087156e+08  -8.592146092906839e+08  -2.799086723427299e+08  -4.419878097268162e+08  2.424126249764174e-01  -1.227987748015772e-01  1.377235705551939e-01
  9.450000000000007e-01  -1.518393081627689e+09  -1.761538395056704e+08  2.679731732833836e+08  -8.582755663884778e+08  -2.800541758792413e+08  -4.420805905400620e+08  1.988668213555012e-01  -4.272111599751134e-02  1.604316858449981e-01
  9.500000000000007e-01  -1.518796851114213e+09  -1.764352082836366e+08  2.680059521861472e+08  -8.570689865499284e+08  -2.802030827708039e+08  -4.421047866360431e+08  1.409387111956776e-01  3.757299830828478e-02  1.635234984812827e-01
  9.550000000000007e-01  -1.519128524950695e+09  -1.767585643197176e+08  2.681233385415014e+08  -8.558189196530770e+08  -2.803104496041317e+08  -4.420291596590960e+08  6.931003504155780e-02  1.008448063085173e-01  1.458566780050090e-01
  9.600000000000007e-01  -1.519265108273257e+09  -1.771178882076505e+08  2.683231275442654e+08  -8.547600448341434e+08  -2.803367833952193e+08  -4.418373374129789e+08  -1.048129688158561e-02  1.335662918841481e-01  1.110250181052839e-01
  9.650000000000007e-01  -1.519121691982877e+09  -1.775037585855596e+08  2.685966522041696e+08  -8.540635764397061e+08  -2.802598538315189e+08  -4.415228208982711e+08  -9.030445064957095e-02  1.286356362771933e-01  6.491856750568370e-02
  9.700000000000008e-01  -1.518669921568903e+09  -1.779109995202302e+08  2.689273960389392e+08  -8.538131365463241e+08  -2.800848327184270e+08  -4.410925306264672e+08  -1.624370464629626e-01  8.718404817584756e-02  1.474019418282189e-02
  9.750000000000008e-01  -1.517975888335321e+09  -1.782957478051988e+08  2.692795016353671e+08  -8.539603164093817e+08  -2.798293233055050e+08  -4.405674823599151e+08  -2.171338677605649e-01  1.667914603950542e-02  -3.321439609977000e-02
  9.800000000000008e-01  -1.517146362789638e+09  -1.786396175796420e+08  2.696110769766488e+08  -8.544044055761473e+08  -2.795414017885105e+08  -4.399793671828581e+08  -2.514548744793266e-01  -6.993289443739149e-02  -7.406775042903978e-02
  9.850000000000008e-01  -1.516328867884055e+09  -1.789187146935913e+08  2.698765111620829e+08  -8.550057102641816e+08  -2.792738748378491e+08  -4.393732538939264e+08  -2.656057851831726e-01  -1.575923766227252e-01  -1.042516785344900e-01
  9.900000000000008e-01  -1.515657152327978e+09  -1.791185807334979e+08  2.700416446273677e+08  -8.556361626714091e+08  -2.790794988817641e+08  -4.387993749582254e+08  -2.642858671135125e-01  -2.313777292327867e-01  -1.209361854831248e-01
  9.950000000000008e-01  -1.515245771341637e+09  -1.792146757665096e+08  2.700876653939513e+08  -8.561968560333555e+08  -2.789935919861297e+08  -4.383077052032638e+08  -2.529004517032816e-01  -2.827352883952401e-01  -1.246345956351520e-01
  1.000000000000001e+00  -1.515118375875144e+09  -1.792114049447879e+08  2.700300912380183e+08  -8.566521104873610e+08  -2.790411578930489e+08  -4.379407676791090e+08  -2.396438426449230e-01  -3.047678125400871e-01  -1.140388698894932e-01
  1.005000000000001e+00  -1.515250168536242e+09  -1.791277969388779e+08  2.699048379361907e+08  -8.570150053609141e+08  -2.792155707254577e+08  -4.377381354591073e+08  -2.299660287159477e-01  -2.971057427440555e-01  -8.986781012578754e-02
  1.010000000000000e+00  -1.515563192349235e+09  -1.789868385653166e+08  2.697589280226900e+08  -8.573032397773509e+08  -2.795003831115547e+08  -4.377179579253588e+08  -2.267027793872520e-01  -2.631853437581691e-01  -5.397535979454052e-02
  1.015000000000000e+00  -1.515969531191707e+09  -1.788302845024400e+08  2.696315742373170e+08  -8.575404387266220e+08  -2.798610417852741e+08  -4.378851883382682e+08  -2.285247690912696e-01  -2.087956566158914e-01  -1.065347398124447e-02
  1.020000000000000e+00  -1.516396839649152e+09  -1.786940865032097e+08  2.695485006658587e+08  -8.577265053140950e+08  -2.802611776049478e+08  -4.382298266730579e+08  -2.306897694240972e-01  -1.413693509460189e-01  3.394798569449765e-02
  1.025000000000000e+00  -1.516795521386672e+09  -1.786148343316969e+08  2.695171225381189e+08  -8.578489094875851e+08  -2.806685939961742e+08  -4.387277735375772e+08  -2.273973745381297e-01  -6.746286105938498e-02  7.211966824797629e-02
  1.030000000000000e+00  -1.517175814764454e+09  -1.785923174498989e+08  2.695128530093080e+08  -8.578675244814466e+08  -2.810398281470910e+08  -4.393337811319182e+08  -2.087915328091929e-01  7.629190137703858e-03  9.696438062142404e-02
  1.035000000000000e+00  -1.517554680199302e+09  -1.786076725722059e+08  2.695180528415864e+08  -8.577701508080126e+08  -2.813613198304199e+08  -4.399961991469262e+08  -1.701275244830416e-01  8.027760515564332e-02  1.031326181119794e-01
  1.040000000000000e+00  -1.517958860914844e+09  -1.786060021272056e+08  2.695213643932883e+08  -8.575686207607775e+08  -2.816253301249333e+08  -4.406559209792145e+08  -1.096221567727630e-01  1.471182025384847e-01  8.939619178542650e-02
  1.045000000000000e+00  -1.518390854414793e+09  -1.785218561177138e+08  2.695250604996383e+08  -8.573154198193344e+08  -2.818351637786371e+08  -4.412578788064803e+08  -3.102875309318186e-02  2.047984072382269e-01  5.946135083014807e-02
  1.050000000000000e+00  -1.518866616423807e+09  -1.783000167556211e+08  2.695193530338013e+08  -8.570999976760143e+08  -2.819947803196741e+08  -4.417650277330863e+08  5.931014762084844e-02  2.492133143750636e-01  1.977600705797252e-02
  1.054999999999999e+00  -1.519360194934896e+09  -1.779279273918798e+08  2.695139465959222e+08  -8.570457360827557e+08  -2.821180165832702e+08  -4.421603734509364e+08  1.508449220943240e-01  2.761465385095126e-01  -1.956555028952478e-02
  1.059999999999999e+00  -1.519810827914231e+09  -1.774244541262256e+08  2.695190974292614e+08  -8.572541083901469e+08  -2.822120244992779e+08  -4.424417554044417e+08  2.311966103603572e-01  2.807257395765939e-01  -4.966000268901685e-02
  1.064999999999999e+00  -1.520151515837029e+09  -1.768605687286108e+08  2.695293055032710e+08  -8.577857960161631e+08  -2.822838262875102e+08  -4.426216119657899e+08  2.897206773918912e-01  2.606710245269739e-01  -6.414661355980621e-02
  1.069999999999999e+00  -1.520361396097414e+09  -1.763451323245386e+08  2.695294518393575e+08  -8.586490841230609e+08  -2.823211106436053e+08  -4.427396393373500e+08  3.229481506984945e-01  2.170197124319971e-01  -5.851736456138820e-02
  1.074999999999999e+00  -1.520391898913558e+09  -1.759720632892032e+08  2.695071699774617e+08  -8.597520128469313e+08  -2.823165940256827e+08  -4.428166532926377e+08  3.292733175537713e-01  1.548572599938119e-01  -3.345842992377385e-02
  1.079999999999999e+00  -1.520220679051546e+09  -1.758119582781275e+08  2.694548669681171e+08  -8.609356987326266e+08  -2.822503704601778e+08  -4.428653141235172e+08  3.118475211953608e-01  8.334890863849387e-02  6.441913806136726e-03
  1.084999999999999e+00  -1.519845986106164e+09  -1.759002459352234e+08  2.693708104848847e+08  -8.620043598239084e+08  -2.821036669726108e+08  -4.428841323964888e+08  2.759078834163394e-01  1.490781237473623e-02  5.366234707924743e-02
  1.089999999999999e+00  -1.519346610314087e+09  -1.762127206647985e+08  2.692516313523976e+08  -8.627623239559069e+08  -2.818618390094419e+08  -4.428631911910343e+08  2.333187355033288e-01  -3.763426517818873e-02  1.013534902360037e-01
  1.094999999999999e+00  -1.518766628818821e+09  -1.766895821203729e+08  2.691103160704602e+08  -8.630628149456478e+08  -2.815326985087940e+08  -4.427845723349949e+08  1.893904492116462e-01  -6.416296999657442e-02  1.414171372611601e-01
  1.099999999999999e+00  -1.518173192451954e+09  -1.772404879678213e+08  2.689614523685717e+08  -8.628413430839711e+08  -2.811409493312995e+08  -4.426334164376075e+08  1.486371198083382e-01  -5.972411698985019e-02  1.678319943984815e-01
  1.104999999999998e+00  -1.517634298301882e+09  -1.777709161320200e+08  2.688185616847212e+08  -8.621345602190112e+08  -2.807318346912838e+08  -4.424015051374029e+08  1.127138632496408e-01  -2.581140322818811e-02  1.772296054076927e-01
  1.109999999999998e+00  -1.517211690670391e+09  -1.781914009264597e+08  2.686876520561416e+08  -8.610658855903281e+08  -2.803560898937888e+08  -4.421003056122315e+08  8.225016228054195e-02  2.833362320603141e-02  1.675805488020572e-01
  1.114999999999998e+00  -1.516943784709507e+09  -1.784455039519581e+08  2.685759763520690e+08  -8.598270249720536e+08  -2.800690034375238e+08  -4.417462272788881e+08  5.536530932006563e-02  8.878348909650229e-02  1.404953881498147e-01
  1.119999999999998e+00  -1.516844783486095e+09  -1.785068852342192e+08  2.684892938485653e+08  -8.586297764037858e+08  -2.799118245239658e+08  -4.413648480411187e+08  3.038924252940923e-02  1.389820122836194e-01  9.944858256523766e-02
  1.124999999999998e+00  -1.516896852240600e+09  -1.783865788120140e+08  2.684354634567829e+08  -8.576675101832157e+08  -2.799088333186085e+08  -4.409829198744123e+08  5.631952845226592e-03  1.640142879307950e-01  4.951016667201608e-02
  1.129999999999998e+00  -1.517071605662309e+09  -1.781205849688320e+08  2.684267192354820e+08  -8.570653975988371e+08  -2.800401746946722e+08  -4.406318026824924e+08  -1.884273422904911e-02  1.524876463324999e-01  -2.771040285327503e-03
  1.134999999999998e+00  -1.517322573152661e+09  -1.777671990724202e+08  2.684760517897626e+08  -8.568759613259614e+08  -2.802781098562469e+08  -4.403309589136740e+08  -4.287509717126869e-02  1.010444157145669e-01  -5.080765744450004e-02
  1.139999999999998e+00  -1.517605596077810e+09  -1.773892203007936e+08  2.685967291419900e+08  -8.570648796634887e+08  -2.805725938559736e+08  -4.400943777307250e+08  -6.552612121307594e-02  1.367932408260689e-02  -8.895957285806931e-02
  1.144999999999998e+00  -1.517875796593186e+09  -1.770467908944113e+08  2.688002521128091e+08  -8.575294139529893e+08  -2.808708290165891e+08  -4.399261425448218e+08  -8.660043486182642e-02  -9.854890284973254e-02  -1.136574727779799e-01
  1.149999999999997e+00  -1.518131821096263e+09  -1.767760130601211e+08  2.690843760036306e+08  -8.581195338505543e+08  -2.811179262521852e+08  -4.398222967345440e+08  -1.033627832425424e-01  -2.202213189249630e-01  -1.233445695081147e-01
  1.154999999999997e+00  -1.518357882538577e+09  -1.766043426264019e+08  2.694427043727607e+08  -8.586846504944268e+08  -2.812858414553116e+08  -4.397718001539243e+08  -1.158585927218859e-01  -3.334868535093898e-01  -1.197195708292838e-01
  1.159999999999997e+00  -1.518560898880446e+09  -1.765364827135359e+08  2.698565743792717e+08  -8.590962076709284e+08  -2.813647075667565e+08  -4.397610359311246e+08  -1.234983232727521e-01  -4.219646221869549e-01  -1.063420285768990e-01
  1.164999999999997e+00  -1.518749885528794e+09  -1.765614108818175e+08  2.703005910523023e+08  -8.592728858956693e+08  -2.813679523579292e+08  -4.397753031059117e+08  -1.265994151136521e-01  -4.732983752114280e-01  -8.781297473639491e-02
  1.169999999999997e+00  -1.518948789024544e+09  -1.766527116766084e+08  2.707360543006905e+08  -8.591954491492120e+08  -2.813213516185825e+08  -4.398100459233095e+08  -1.234307837264078e-01  -4.807235489113300e-01  -6.924683809605406e-02
  1.174999999999997e+00  -1.519157744703032e+09  -1.767850936865203e+08  2.711284180985518e+08  -8.588975833172736e+08  -2.812623232972464e+08  -4.398598541212699e+08  -1.150433055906469e-01  -4.441399853419906e-01  -5.443879219590077e-02
  1.179999999999997e+00  -1.519370034181442e+09  -1.769338253291340e+08  2.714417047543139e+08  -8.584556705744241e+08  -2.812262035465584e+08  -4.399263908280582e+08  -1.022174699448103e-01  -3.694217223729447e-01  -4.567951170215051e-02
  1.184999999999997e+00  -1.519560864986192e+09  -1.770798403328436e+08  2.716459785998292e+08  -8.579684406906418e+08  -2.812446722885766e+08  -4.400138183150554e+08  -8.682988584674332e-02  -2.670674808125845e-01  -4.353244440880115e-02
  1.189999999999997e+00  -1.519706974070419e+09  -1.772180408303604e+08  2.717138340472414e+08  -8.575297540114233e+08  -2.813220580659714e+08  -4.401287979850084e+08  -6.953295899914848e-02  -1.503642233612601e-01  -4.638866000418057e-02
  1.194999999999997e+00  -1.519768216674318e+09  -1.773478409751846e+08  2.716334903315453e+08  -8.572170126970805e+08  -2.814624334506680e+08  -4.402729779009996e+08  -5.258840486389731e-02  -3.298527933115450e-02  -5.175759709282454e-02
  1.199999999999996e+00  -1.519711115492550e+09  -1.774753622722480e+08  2.714033300877130e+08  -8.570751761965244e+08  -2.816538800448043e+08  -4.404442242677519e+08  -3.732946724830274e-02  7.285425334815025e-02  -5.658291514593707e-02
  1.204999999999996e+00  -1.519512434708611e+09  -1.776080669911176e+08  2.710349224400474e+08  -8.571140527649500e+08  -2.818770023706286e+08  -4.406349348907263e+08  -2.438307203896465e-02  1.579218294318647e-01  -5.811707750008270e-02
  1.209999999999996e+00  -1.519157370525005e+09  -1.777544898887101e+08  2.705517149303918e+08  -8.573136039107627e+08  -2.821114518071037e+08  -4.408294767684710e+08  -1.427426649520807e-02  2.171005681554337e-01  -5.479221098309271e-02
  1.214999999999996e+00  -1.518672078125575e+09  -1.779092022114084e+08  2.699931337645357e+08  -8.576291139326445e+08  -2.823334564673147e+08  -4.410199244370534e+08  -4.660969379223422e-03  2.485627344138554e-01  -4.564268365280904e-02
  1.219999999999996e+00  -1.518080557377254e+09  -1.780683268119087e+08  2.694033997033106e+08  -8.580103244337369e+08  -2.825311572062048e+08  -4.411896771976867e+08  4.831089503257368e-03  2.547087413620665e-01  -3.185102343624520e-02
  1.224999999999996e+00  -1.517430219358343e+09  -1.782223954834083e+08  2.688317178985684e+08  -8.584083957247691e+08  -2.826967136355700e+08  -4.413290127236716e+08  1.495198202982994e-02  2.405014704770256e-01  -1.534521329357839e-02
  1.229999999999996e+00  -1.516771521610149e+09  -1.783671721745268e+08  2.683275057869496e+08  -8.587878580766160e+08  -2.828299084246274e+08  -4.414334688745254e+08  2.502618672710755e-02  2.130707894761791e-01  1.762617101820616e-03
  1.234999999999996e+00  -1.516182341557438e+09  -1.784770083981711e+08  2.679293491463604e+08  -8.591200474990064e+08  -2.829320342333333e+08  -4.415096953579174e+08  3.503863502951728e-02  1.787785410502259e-01  1.685725794484674e-02
  1.239999999999996e+00  -1.515712459764304e+09  -1.785498816020701e+08  2.676659334354461e+08  -8.593962580690732e+08  -2.830088165260505e+08  -4.415641448307987e+08  4.220688476268908e-02  1.448725151981401e-01  2.863552610367610e-02
  1.244999999999995e+00  -1.515406667069716e+09  -1.785794326017142e+08  2.675498624891370e+08  -8.596143050751055e+08  -2.830647686449190e+08  -4.416082523803822e+08  4.385323675632163e-02  1.168673121094511e-01  3.668384640903279e-02
  1.249999999999995e+00  -1.515284857212878e+09  -1.785627691653567e+08  2.675798512146492e+08  -8.597775289940110e+08  -2.831067498942009e+08  -4.416539538851884e+08  3.686045054571602e-02  9.843178551113538e-02  4.174634732594978e-02
  1.254999999999995e+00  -1.515361424578547e+09  -1.784948007388665e+08  2.677258200627210e+08  -8.598790184737468e+08  -2.831248696821938e+08  -4.417040691328365e+08  2.157610554704938e-02  9.026351412059133e-02  4.494884323862976e-02
  1.259999999999995e+00  -1.515609489860575e+09  -1.783800208616316e+08  2.679559359126759e+08  -8.599174525655743e+08  -2.831204222999987e+08  -4.417605931565186e+08  -1.945125480416193e-03  9.131668199429097e-02  4.841229926642510e-02
  1.264999999999995e+00  -1.515988876730959e+09  -1.782223379563913e+08  2.682257716847932e+08  -8.598857987162638e+08  -2.830903689775529e+08  -4.418178493992121e+08  -3.083047198320905e-02  9.810548003856509e-02  5.397239140898014e-02
  1.269999999999995e+00  -1.516444065009291e+09  -1.780229126598233e+08  2.684878778846477e+08  -8.597758975655277e+08  -2.830364189108701e+08  -4.418617833548722e+08  -6.100242297027975e-02  1.052242718268452e-01  6.233625097303092e-02
  1.274999999999995e+00  -1.516923608826383e+09  -1.778002843182334e+08  2.687041095892735e+08  -8.595911712401407e+08  -2.829554762656224e+08  -4.418894386202587e+08  -8.580625957309401e-02  1.079137613725597e-01  7.517617542469097e-02
  1.279999999999995e+00  -1.517373432588260e+09  -1.775593476064471e+08  2.688473170994608e+08  -8.593413693836411e+08  -2.828589792385895e+08  -4.418904121242978e+08  -1.008702935806328e-01  1.009224268530228e-01  9.155774592956993e-02
  1.284999999999995e+00  -1.517756256094009e+09  -1.773097053862087e+08  2.689080418880049e+08  -8.590499336226660e+08  -2.827587599698378e+08  -4.418625837375508e+08  -1.027753254805106e-01  8.094646234791487e-02  1.101731926846628e-01
  1.289999999999994e+00  -1.518047675568308e+09  -1.770636664183172e+08  2.688951510557266e+08  -8.587525047405902e+08  -2.826684709413178e+08  -4.418072686473074e+08  -9.091245257316874e-02  4.725404992115830e-02  1.289840860050043e-01
  1.294999999999994e+00  -1.518260820142022e+09  -1.768273755298139e+08  2.688386465321061e+08  -8.584951086071172e+08  -2.825997711187336e+08  -4.417414462841778e+08  -6.632378043444159e-02  1.759910697919516e-03  1.462834769121557e-01
  1.299999999999994e+00  -1.518409765258546e+09  -1.766086981239228e+08  2.687759926065380e+08  -8.583212828133107e+08  -2.825604173019428e+08  -4.416723940304997e+08  -3.322111502548911e-02  -5.132063939033069e-02  1.596795277695053e-01
  1.304999999999994e+00  -1.518523085937764e+09  -1.764166122483578e+08  2.687512618799798e+08  -8.582704907684469e+08  -2.825510808792002e+08  -4.416103498500269e+08  3.260352598080947e-03  -1.059221877599318e-01  1.675911434328115e-01
  1.309999999999994e+00  -1.518623543660658e+09  -1.762704494651933e+08  2.688075050621146e+08  -8.583756250208403e+08  -2.825683666218225e+08  -4.415631277814605e+08  3.720340473182825e-02  -1.545760624845413e-01  1.696731905078094e-01
  1.314999999999994e+00  -1.518744980805492e+09  -1.761620040193755e+08  2.689703546036981e+08  -8.586317602144558e+08  -2.825946989088305e+08  -4.415254401796942e+08  6.593431841416426e-02  -1.929653125482663e-01  1.645919695104430e-01
  1.319999999999994e+00  -1.518886179288962e+09  -1.761131210110537e+08  2.692543110230384e+08  -8.590324918269579e+08  -2.826167767882168e+08  -4.414912649168919e+08  8.650037445205086e-02  -2.159521818637293e-01  1.531611016134982e-01
  1.324999999999994e+00  -1.519036719065040e+09  -1.761354774007758e+08  2.696519774204950e+08  -8.595466924712321e+08  -2.826194554096799e+08  -4.414485404644381e+08  9.864246681449673e-02  -2.214521712529646e-01  1.359527925660002e-01
  1.329999999999994e+00  -1.519170711638571e+09  -1.762345364901884e+08  2.701372301274236e+08  -8.601281398453473e+08  -2.825955583620698e+08  -4.413821725342638e+08  1.032869091999935e-01  -2.099571078035285e-01  1.133197889249896e-01
  1.334999999999994e+00  -1.519264503626064e+09  -1.764166170793523e+08  2.706615664655353e+08  -8.607213474598476e+08  -2.825292742842386e+08  -4.412843381570535e+08  1.041245792506209e-01  -1.836407199605126e-01  8.558131751447812e-02
  1.339999999999993e+00  -1.519289616025459e+09  -1.766767480572793e+08  2.711719918219415e+08  -8.612740588232735e+08  -2.824253190158615e+08  -4.411509201036682e+08  1.031545054953776e-01  -1.459015635198906e-01  5.277850671348679e-02
  1.344999999999993e+00  -1.519231415867638e+09  -1.769995334053121e+08  2.716115060970490e+08  -8.617379260292369e+08  -2.822890763286524e+08  -4.409866012228724e+08  1.023636025090972e-01  -1.006797078925340e-01  1.471817221032688e-02
  1.349999999999993e+00  -1.519085060522980e+09  -1.773568773719537e+08  2.719299763716088e+08  -8.620736636301672e+08  -2.821304454294073e+08  -4.408004547749755e+08  1.021768599930854e-01  -5.194575357344139e-02  -2.921953382256863e-02
  1.354999999999993e+00  -1.518879182263607e+09  -1.777225638848682e+08  2.720920107216139e+08  -8.622663086594017e+08  -2.819584543114811e+08  -4.406210759477816e+08  1.027816784644287e-01  -1.770052591148208e-03  -7.728221362590121e-02
  1.359999999999993e+00  -1.518638783221759e+09  -1.780523514540547e+08  2.720820706445446e+08  -8.623059646970998e+08  -2.817865680530655e+08  -4.404667625679621e+08  1.022250633937516e-01  4.713958813593078e-02  -1.288185567280026e-01
  1.364999999999993e+00  -1.518399861753446e+09  -1.783071088055884e+08  2.719047619863749e+08  -8.622007683822349e+08  -2.816266317394838e+08  -4.403592951694695e+08  9.842264074993326e-02  9.307570684222800e-02  -1.816291016357288e-01
  1.369999999999993e+00  -1.518192894284000e+09  -1.784621441923712e+08  2.715824595018334e+08  -8.619763596048313e+08  -2.814914528535978e+08  -4.403167788018373e+08  8.899775266981917e-02  1.351896172226920e-01  -2.323769837644966e-01
  1.374999999999993e+00  -1.518050524323639e+09  -1.784822050079882e+08  2.711509602262997e+08  -8.616501520589820e+08  -2.813919712276905e+08  -4.403475230299011e+08  7.381842553232541e-02  1.705148980743977e-01  -2.777354487627842e-01
  1.379999999999993e+00  -1.517978285034961e+09  -1.783694161505049e+08  2.706505393312094e+08  -8.612579043547990e+08  -2.813407670203742e+08  -4.404516683900445e+08  5.251991698518405e-02  1.975404994302001e-01  -3.138160850071474e-01
  1.384999999999992e+00  -1.517970048637656e+09  -1.781379379725426e+08  2.701213398584435e+08  -8.608323266112320e+08  -2.813492350511081e+08  -4.406208231648779e+08  2.639195195153905e-02  2.141126407549008e-01  -3.370486047385325e-01
  1.389999999999992e+00  -1.518005317224164e+09  -1.778180861925882e+08  2.695981902122421e+08  -8.604041897415490e+08  -2.814261997956981e+08  -4.408394211462948e+08  -2.370953569799242e-03  2.182670217392011e-01  -3.445861610472160e-01
  1.394999999999992e+00  -1.518049104578580e+09  -1.774519924977143e+08  2.691095393436839e+08  -8.600011530938201e+08  -2.815791710970620e+08  -4.410866909541142e+08  -3.174940282040566e-02  2.087254650105864e-01  -3.345943712011971e-01
  1.399999999999992e+00  -1.518077571948564e+09  -1.770822313329486e+08  2.686716382178752e+08  -8.596407789552706e+08  -2.817970227564646e+08  -4.413403210204137e+08  -5.817682212631358e-02  1.850507604582392e-01  -3.069121035027134e-01
  1.404999999999992e+00  -1.518059773592411e+09  -1.767545882310522e+08  2.682985630167348e+08  -8.593415782262440e+08  -2.820711815148804e+08  -4.415800783698563e+08  -8.038893508965726e-02  1.488150009774855e-01  -2.621009230241299e-01
  1.409999999999992e+00  -1.517979608684133e+09  -1.765019129145627e+08  2.679986345014530e+08  -8.591118313802495e+08  -2.823809466130993e+08  -4.417882304856452e+08  -9.741417629841680e-02  1.027704029453725e-01  -2.022604333110193e-01
  1.414999999999992e+00  -1.517829367573531e+09  -1.763399664257942e+08  2.677769140961793e+08  -8.589492586161631e+08  -2.827007336716105e+08  -4.419473518833655e+08  -1.096519840277766e-01  5.050394554666469e-02  -1.311295906675618e-01
  1.419999999999992e+00  -1.517636550402992e+09  -1.762786050489629e+08  2.676377806609205e+08  -8.588542067169410e+08  -2.829982765228821e+08  -4.420582170085810e+08  -1.165608910690945e-01  -2.582785780071319e-03  -5.186318606089749e-02
  1.424999999999992e+00  -1.517419323496295e+09  -1.763042499568629e+08  2.675835406063331e+08  -8.588105337747407e+08  -2.832494477028962e+08  -4.421142173293516e+08  -1.194901262170768e-01  -5.228643708604479e-02  3.025655923201508e-02
  1.429999999999992e+00  -1.517208157004026e+09  -1.763972145527733e+08  2.676138413233329e+08  -8.588004039684221e+08  -2.834359372167559e+08  -4.421171319054613e+08  -1.191724926817856e-01  -9.467005390308988e-02  1.100722452495322e-01
  1.434999999999991e+00  -1.517029238332222e+09  -1.765368501361469e+08  2.677240296884372e+08  -8.588055877989124e+08  -2.835513816655875e+08  -4.420703355081550e+08  -1.163905400472208e-01  -1.266695376638894e-01  1.824164058682702e-01
  1.439999999999991e+00  -1.516908875311129e+09  -1.766974744697522e+08  2.679076173500119e+08  -8.588040692586178e+08  -2.836005315814706e+08  -4.419862669294056e+08  -1.101677613742732e-01  -1.474714821880339e-01  2.429194617702095e-01
  1.444999999999991e+00  -1.516853259049326e+09  -1.768642417169758e+08  2.681499939896154e+08  -8.587802795951765e+08  -2.836005820072274e+08  -4.418709379111602e+08  -1.003638438163683e-01  -1.571709829408173e-01  2.876469372030567e-01
  1.449999999999991e+00  -1.516859394720126e+09  -1.770283115109932e+08  2.684332724215097e+08  -8.587240782803314e+08  -2.835755963251788e+08  -4.417336232409079e+08  -8.623683919762072e-02  -1.573002643031102e-01  3.141089739123915e-01
  1.454999999999991e+00  -1.516909986573374e+09  -1.771904840526924e+08  2.687386994259076e+08  -8.586356494630963e+08  -2.835541025783530e+08  -4.415839379881733e+08  -6.764428473855327e-02  -1.499989392969714e-01  3.214111417653119e-01
  1.459999999999991e+00  -1.516995228180640e+09  -1.773435904097094e+08  2.690410796706722e+08  -8.585123766791086e+08  -2.835533623873897e+08  -4.414293826230680e+08  -4.372311058961390e-02  -1.386918262004066e-01  3.099551311117998e-01
  1.464999999999991e+00  -1.517093422366622e+09  -1.774914078583249e+08  2.693221581344503e+08  -8.583683107137727e+08  -2.835889010176713e+08  -4.412779018815545e+08  -1.570905726930305e-02  -1.256131754656808e-01  2.819603448776562e-01
  1.469999999999991e+00  -1.517191189469913e+09  -1.776299651410126e+08  2.695662977200910e+08  -8.582183674172161e+08  -2.836628290469272e+08  -4.411364034298633e+08  1.469530510037988e-02  -1.127358491232750e-01  2.407955525594394e-01
  1.474999999999991e+00  -1.517279629517644e+09  -1.777503906762799e+08  2.697645926323479e+08  -8.580805999472005e+08  -2.837686940526010e+08  -4.410110232276696e+08  4.472955516058721e-02  -1.011641281909414e-01  1.906913099169689e-01
  1.479999999999990e+00  -1.517366134159619e+09  -1.778375187207384e+08  2.699102245250278e+08  -8.579695722922735e+08  -2.838827650779127e+08  -4.409061264519348e+08  7.219401758679232e-02  -9.101345684506247e-02  1.361787342589418e-01
  1.484999999999990e+00  -1.517452917870146e+09  -1.778765729642071e+08  2.700067739018105e+08  -8.579015054271284e+08  -2.839859684901989e+08  -4.408257487264137e+08  9.401934453604617e-02  -8.167704929522623e-02  8.165786497535099e-02
  1.489999999999990e+00  -1.517546932083951e+09  -1.778546061691873e+08  2.700602267976766e+08  -8.578878933236855e+08  -2.840573537022702e+08  -4.407719021241609e+08  1.080887986895794e-01  -7.208442659912576e-02  3.091085424160582e-02
  1.494999999999990e+00  -1.517650500544005e+09  -1.777679784609534e+08  2.700777050221749e+08  -8.579379337728910e+08  -2.840830890922711e+08  -4.407433846122598e+08  1.128944381109684e-01  -6.082101229794584e-02  -1.313734129312374e-02
  1.499999999999990e+00  -1.517765019820375e+09  -1.776175570790896e+08  2.700694844547721e+08  -8.580517850995719e+08  -2.840545616118238e+08  -4.407404129671172e+08  1.093643867088243e-01  -4.749725627993185e-02  -4.893615825815949e-02
  1.504999999999990e+00  -1.517881299091367e+09  -1.774199464578356e+08  2.700414357828732e+08  -8.582299928799319e+08  -2.839774571405753e+08  -4.407580179971610e+08  9.848295266001768e-02  -3.162843026566431e-02  -7.577461390102741e-02
  1.509999999999990e+00  -1.517986370609019e+09  -1.771992469516059e+08  2.699977874650129e+08  -8.584681986171280e+08  -2.838645354969929e+08  -4.407906256994244e+08  8.252152180653327e-02  -1.356910676264552e-02  -9.397503399332741e-02
  1.514999999999990e+00  -1.518059546482083e+09  -1.769870185643701e+08  2.699402759550409e+08  -8.587607978847926e+08  -2.837351585607941e+08  -4.408299432557922e+08  6.373291516449163e-02  5.936025892561847e-03  -1.046786355270217e-01
  1.519999999999990e+00  -1.518098622515856e+09  -1.768048043453619e+08  2.698692000322107e+08  -8.590944527917868e+08  -2.836060514728099e+08  -4.408742116689057e+08  4.580499227936900e-02  2.503699819179072e-02  -1.090568132916400e-01
  1.524999999999989e+00  -1.518091378398171e+09  -1.766773515295655e+08  2.697834451585139e+08  -8.594598534591845e+08  -2.834941974587220e+08  -4.409171663186060e+08  3.037618105136285e-02  4.254361008673633e-02  -1.085759894615397e-01
  1.529999999999989e+00  -1.518038215591657e+09  -1.766165648363186e+08  2.696829550805428e+08  -8.598446602404828e+08  -2.834090053143236e+08  -4.409572362907942e+08  1.871327953211416e-02  5.716410179001866e-02  -1.044356710839435e-01
  1.534999999999989e+00  -1.517943475834873e+09  -1.766232920072368e+08  2.695699614008071e+08  -8.602362715282302e+08  -2.833535664846147e+08  -4.409948191158198e+08  1.079349807519599e-02  6.791497263104078e-02  -9.775238276894967e-02
  1.539999999999989e+00  -1.517829907007988e+09  -1.766879022355498e+08  2.694470287793176e+08  -8.606196776534796e+08  -2.833184027302536e+08  -4.410376859060179e+08  6.571984524806892e-03  7.463594566177834e-02  -8.836423523411337e-02
  1.544999999999989e+00  -1.517708961749062e+09  -1.767956885708482e+08  2.693209299844312e+08  -8.609815116314102e+08  -2.832934032558492e+08  -4.410916909053710e+08  4.462297033359939e-03  7.748927375763556e-02  -7.665508528569290e-02
  1.549999999999989e+00  -1.517594603092880e+09  -1.769291112047885e+08  2.691992344752424e+08  -8.613071874983232e+08  -2.832642879048564e+08  -4.411651950438637e+08  2.959939123235288e-03  7.715768094961493e-02  -6.253634056204792e-02
  1.554999999999989e+00  -1.517492776666724e+09  -1.770726400392229e+08  2.690898943245124e+08  -8.615822846371651e+08  -2.832190315034048e+08  -4.412646685127074e+08  3.030522609187813e-04  7.464358176363797e-02  -4.596881816922810e-02
  1.559999999999989e+00  -1.517408672303572e+09  -1.772167076374856e+08  2.689994758893429e+08  -8.617926368292027e+08  -2.831451277238075e+08  -4.413965878113253e+08  -3.587074851755954e-03  7.100939185123022e-02  -2.687437362787183e-02
  1.564999999999989e+00  -1.517333683673360e+09  -1.773561755013753e+08  2.689325656318002e+08  -8.619262148392478e+08  -2.830402460947053e+08  -4.415600076384534e+08  -9.244993342341593e-03  6.712672722825251e-02  -5.779762573583739e-03
  1.569999999999989e+00  -1.517256954202601e+09  -1.774911163938257e+08  2.688902916672670e+08  -8.619740271549302e+08  -2.829072191962275e+08  -4.417494940908016e+08  -1.616654742890081e-02  6.361110826173101e-02  1.654370763334581e-02
  1.574999999999988e+00  -1.517167151119888e+09  -1.776234744936016e+08  2.688702359788230e+08  -8.619317868683674e+08  -2.827550586845146e+08  -4.419541610518527e+08  -2.332136181477653e-02  6.070010636468606e-02  3.898527467034200e-02
  1.579999999999988e+00  -1.517053605770947e+09  -1.777566940759824e+08  2.688670316311236e+08  -8.618028813322953e+08  -2.825990162700607e+08  -4.421578934172601e+08  -2.980719410234831e-02  5.850783817712661e-02  6.030033204363586e-02
  1.584999999999988e+00  -1.516923293518948e+09  -1.778802854569348e+08  2.688727218910652e+08  -8.615928178958204e+08  -2.824521984445138e+08  -4.423446095206747e+08  -3.359475240688527e-02  5.608815196215152e-02  7.883379985796664e-02
  1.589999999999988e+00  -1.516782364330837e+09  -1.779861883019297e+08  2.688790614329860e+08  -8.613180292571700e+08  -2.823324826620771e+08  -4.424954002792305e+08  -3.435239574598048e-02  5.310069672421488e-02  9.336015501780912e-02
  1.594999999999988e+00  -1.516648870794399e+09  -1.780580364626992e+08  2.688785373396347e+08  -8.609993946621939e+08  -2.822540481482055e+08  -4.425947122686139e+08  -3.193189820543418e-02  4.897891668883191e-02  1.027969648134599e-01
  1.599999999999988e+00  -1.516543807448771e+09  -1.780784425979590e+08  2.688662711402634e+08  -8.606637160261921e+08  -2.822285604333287e+08  -4.426313877986709e+08  -2.704483167586096e-02  4.344542133215459e-02  1.063978911181802e-01
  1.604999999999988e+00  -1.516496252520404e+09  -1.780248316840200e+08  2.688390186863569e+08  -8.603325355495807e+08  -2.822583460131676e+08  -4.426010000796429e+08  -2.062878161920710e-02  3.613780763075309e-02  1.039270949945787e-01
  1.609999999999988e+00  -1.516523189848162e+09  -1.778876874185993e+08  2.687981692978452e+08  -8.600324877902045e+08  -2.823446806054693e+08  -4.425048875132782e+08  -1.447221553715623e-02  2.743710948718569e-02  9.554605820205349e-02
  1.614999999999988e+00  -1.516634565000733e+09  -1.776650361147028e+08  2.687477867553884e+08  -8.597838113092358e+08  -2.824823388269499e+08  -4.423507517615048e+08  -1.030350482159949e-02  1.788416628646110e-02  8.181524726085575e-02
  1.619999999999987e+00  -1.516823948547682e+09  -1.773675865630071e+08  2.686946422924893e+08  -8.596012890881437e+08  -2.826632921584122e+08  -4.421500530925245e+08  -1.000829008233939e-02  8.315173154486993e-03  6.347715158834803e-02
  1.624999999999987e+00  -1.517082821356905e+09  -1.770171308921255e+08  2.686456763736550e+08  -8.594894487120129e+08  -2.828729175650255e+08  -4.419194998295124e+08  -1.377899433556908e-02  -6.019288544638595e-04  4.190116956945624e-02
  1.629999999999987e+00  -1.517381283182117e+09  -1.766459686433732e+08  2.686095459646409e+08  -8.594481879611213e+08  -2.830993334612657e+08  -4.416743619050270e+08  -2.206860323765556e-02  -8.096783364828341e-03  1.819747507325402e-02
  1.634999999999987e+00  -1.517685997935822e+09  -1.762908498119195e+08  2.685938435798550e+08  -8.594693220760552e+08  -2.833297168950393e+08  -4.414294024071234e+08  -3.418497368339276e-02  -1.370713137505821e-02  -6.359468787715237e-03
  1.639999999999987e+00  -1.517959245734254e+09  -1.759897255208955e+08  2.686042446529973e+08  -8.595404218691767e+08  -2.835540804790735e+08  -4.411949477768450e+08  -4.915921210949195e-02  -1.710314642567972e-02  -3.063455646882177e-02
  1.644999999999987e+00  -1.518178006587716e+09  -1.757695005951376e+08  2.686464767284882e+08  -8.596427488733673e+08  -2.837613855664979e+08  -4.409839074903278e+08  -6.403270927799909e-02  -1.887251211574067e-02  -5.326375403898354e-02
  1.649999999999987e+00  -1.518317140950336e+09  -1.756513007538040e+08  2.687229188155453e+08  -8.597590203123583e+08  -2.839471802215701e+08  -4.408001467371985e+08  -7.716283537062724e-02  -1.931304950694114e-02  -7.340492058251843e-02
  1.654999999999987e+00  -1.518366467313918e+09  -1.756426521071463e+08  2.688345225066172e+08  -8.598719066693531e+08  -2.841085573095106e+08  -4.406466015063472e+08  -8.653944207074515e-02  -1.903314803372731e-02  -9.030978229018768e-02
  1.659999999999987e+00  -1.518326417990598e+09  -1.757409080719920e+08  2.689802383123377e+08  -8.599682835521667e+08  -2.842461732846985e+08  -4.405236084408468e+08  -9.074476155579263e-02  -1.852122087920306e-02  -1.034205267173493e-01
  1.664999999999986e+00  -1.518210106792635e+09  -1.759264121068964e+08  2.691583627543087e+08  -8.600324256441232e+08  -2.843579406237103e+08  -4.404328018060371e+08  -8.851105508687179e-02  -1.841676742792684e-02  -1.126080495943039e-01
  1.669999999999986e+00  -1.518034206944422e+09  -1.761794919157732e+08  2.693639689786476e+08  -8.600580785961071e+08  -2.844459583444574e+08  -4.403726609385481e+08  -7.987801147097794e-02  -1.869935237537735e-02  -1.178994331720786e-01
  1.674999999999986e+00  -1.517820038164814e+09  -1.764750710527222e+08  2.695907081549181e+08  -8.600407670929277e+08  -2.845103659202065e+08  -4.403428196803127e+08  -6.535709478806218e-02  -1.915480451667489e-02  -1.195719009483955e-01
  1.679999999999986e+00  -1.517586579373978e+09  -1.767887783693954e+08  2.698311927543917e+08  -8.599797483660952e+08  -2.845516504788228e+08  -4.403432026227759e+08  -4.622465041995745e-02  -1.933086320235290e-02  -1.180066896232189e-01
  1.684999999999986e+00  -1.517357447767016e+09  -1.770977071986137e+08  2.700731789102877e+08  -8.598754082439373e+08  -2.845640106637216e+08  -4.403727795781494e+08  -2.350238241374109e-02  -1.838728222652216e-02  -1.138534714458693e-01
  1.689999999999986e+00  -1.517147165877303e+09  -1.773846799083638e+08  2.703055913141177e+08  -8.597327930457652e+08  -2.845453677005107e+08  -4.404305773455233e+08  1.152394526872085e-03  -1.558855764888964e-02  -1.074892920517260e-01
  1.694999999999986e+00  -1.516968625875773e+09  -1.776359488224093e+08  2.705157842582272e+08  -8.595582206958019e+08  -2.844916889622952e+08  -4.405142044650455e+08  2.632305657788947e-02  -1.024141812879845e-02  -9.924186971736244e-02
  1.699999999999986e+00  -1.516827882460282e+09  -1.778421057543603e+08  2.706917227300129e+08  -8.593603043157245e+08  -2.844006548758983e+08  -4.406187484364555e+08  5.041527204737242e-02  -1.778004559999634e-03  -8.942067879697072e-02
  1.704999999999986e+00  -1.516740394357648e+09  -1.779945618117096e+08  2.708217315746921e+08  -8.591489514801810e+08  -2.842683234574607e+08  -4.407405156568046e+08  7.321489865287595e-02  9.776203713011562e-03  -7.768506799981702e-02
  1.709999999999986e+00  -1.516707887285417e+09  -1.780883144989631e+08  2.708986687870808e+08  -8.589359236215692e+08  -2.840970747180306e+08  -4.408722376682511e+08  9.360899340262024e-02  2.415063198067420e-02  -6.396675314402758e-02
  1.714999999999985e+00  -1.516733483219652e+09  -1.781200301974452e+08  2.709187804837775e+08  -8.587339930491700e+08  -2.838914225484096e+08  -4.410068533539483e+08  1.110050751135037e-01  4.060349313097557e-02  -4.803928155055188e-02
  1.719999999999985e+00  -1.516815037646329e+09  -1.780908341962085e+08  2.708823132240813e+08  -8.585581286260370e+08  -2.836600943022565e+08  -4.411362389478353e+08  1.246349604540269e-01  5.829442469345954e-02  -2.993979868765052e-02
  1.724999999999985e+00  -1.516953409825359e+09  -1.779996181174393e+08  2.707959954284846e+08  -8.584172703106759e+08  -2.834131428036715e+08  -4.412579245592064e+08  1.346271585297168e-01  7.517375922083550e-02  -9.342613341553733e-03
  1.729999999999985e+00  -1.517137205151420e+09  -1.778549387408457e+08  2.706686843326215e+08  -8.583236195959419e+08  -2.831650482484663e+08  -4.413669514439556e+08  1.403046802405825e-01  8.988107770505763e-02  1.318008438475816e-02
  1.734999999999985e+00  -1.517352588557291e+09  -1.776683165541824e+08  2.705122385264650e+08  -8.582850164436222e+08  -2.829308789995416e+08  -4.414621959029451e+08  1.414028665494252e-01  1.007556826180357e-01  3.691136454299135e-02
  1.739999999999985e+00  -1.517579164384009e+09  -1.774569428758807e+08  2.703389584613595e+08  -8.583070568413450e+08  -2.827266101197517e+08  -4.415438590420818e+08  1.375816348953205e-01  1.063922150912809e-01  6.080603637387853e-02
  1.744999999999985e+00  -1.517799224508281e+09  -1.772371882142666e+08  2.701605613452834e+08  -8.583869006754936e+08  -2.825638270550814e+08  -4.416173758336955e+08  1.295315519465186e-01  1.053301649790435e-01  8.361919273944801e-02
  1.749999999999985e+00  -1.517988494200062e+09  -1.770306293727656e+08  2.699846500100185e+08  -8.585225008104059e+08  -2.824541372090890e+08  -4.416860972805595e+08  1.174956821683543e-01  9.705869309222299e-02  1.038937363904086e-01
  1.754999999999985e+00  -1.518126065022102e+09  -1.768560523347487e+08  2.698147875305344e+08  -8.587068454923942e+08  -2.824045123347894e+08  -4.417548686462986e+08  1.022733953628322e-01  8.151102797960942e-02  1.202439149128427e-01
  1.759999999999984e+00  -1.518195036250437e+09  -1.767282342540134e+08  2.696496909322240e+08  -8.589304748294342e+08  -2.824176000181087e+08  -4.418278928143433e+08  8.491596466599559e-02  5.930328480716843e-02  1.314570260745841e-01
  1.764999999999984e+00  -1.518181894469070e+09  -1.766575744734097e+08  2.694839105036607e+08  -8.591834008228098e+08  -2.824927765229774e+08  -4.419073734816874e+08  6.636744518656656e-02  3.168340622708225e-02  1.367085245570649e-01
  1.769999999999984e+00  -1.518088695827271e+09  -1.766417279756536e+08  2.693083072397146e+08  -8.594527571268270e+08  -2.826216342467029e+08  -4.419949823112762e+08  4.838054218325487e-02  6.727033300738487e-04  1.352799686791584e-01
  1.774999999999984e+00  -1.517916988941558e+09  -1.766756190479554e+08  2.691132287647642e+08  -8.597282968905375e+08  -2.827959523364614e+08  -4.420881578987859e+08  3.177811081290640e-02  -3.149244076930653e-02  1.271640265994132e-01
  1.779999999999984e+00  -1.517678193110749e+09  -1.767460029492227e+08  2.688899816726400e+08  -8.599997414870471e+08  -2.830038306316420e+08  -4.421826004069553e+08  1.741831818380539e-02  -6.231383171776201e-02  1.127040294836319e-01
  1.784999999999984e+00  -1.517387960657886e+09  -1.768367007980830e+08  2.686333535464360e+08  -8.602589718578156e+08  -2.832332217922438e+08  -4.422721271701944e+08  5.652561503804133e-03  -8.919446187409119e-02  9.265340315143840e-02
  1.789999999999984e+00  -1.517070372763063e+09  -1.769247687261502e+08  2.683425154589502e+08  -8.604946773091780e+08  -2.834685514596595e+08  -4.423490746393141e+08  -2.944117240425969e-03  -1.103110465642900e-01  6.811459132307629e-02
  1.794999999999984e+00  -1.516746038965339e+09  -1.769938602513462e+08  2.680231403057998e+08  -8.607001039220573e+08  -2.836986419376134e+08  -4.424055064673941e+08  -8.695678766041617e-03  -1.240067730461610e-01  4.054379379665947e-02
  1.799999999999984e+00  -1.516436412081535e+09  -1.770298602097466e+08  2.676866475947138e+08  -8.608678501863939e+08  -2.839129828899684e+08  -4.424340040714525e+08  -1.199660270464484e-02  -1.294314777730783e-01  1.160120173235616e-02
  1.804999999999984e+00  -1.516158095713569e+09  -1.770247635308060e+08  2.673496298204769e+08  -8.609919280080090e+08  -2.841046052082798e+08  -4.424279453577261e+08  -1.367537184090867e-02  -1.262991907854085e-01  -1.707002948440074e-02
  1.809999999999983e+00  -1.515928527023654e+09  -1.769772622830180e+08  2.670315922892081e+08  -8.610653842884754e+08  -2.842654336363522e+08  -4.423841223931832e+08  -1.391942578887322e-02  -1.157011756702204e-01  -4.332309116113718e-02
  1.814999999999983e+00  -1.515754861552093e+09  -1.768935375526234e+08  2.667537813163182e+08  -8.610853576290252e+08  -2.843934909319360e+08  -4.423007165881552e+08  -1.362244321383486e-02  -9.868615505622523e-02  -6.549996355238256e-02
  1.819999999999983e+00  -1.515640289652778e+09  -1.767851598975067e+08  2.665360749169126e+08  -8.610503911496725e+08  -2.844877167963508e+08  -4.421788931808906e+08  -1.337828954695304e-02  -7.695141874900317e-02  -8.199671078872306e-02
  1.824999999999983e+00  -1.515579860485280e+09  -1.766680440274799e+08  2.663947254300855e+08  -8.609622448684022e+08  -2.845495629574298e+08  -4.420208166097378e+08  -1.393686126408003e-02  -5.234933560352945e-02  -9.167668977194955e-02
  1.829999999999983e+00  -1.515573889131672e+09  -1.765579947263329e+08  2.663414759153818e+08  -8.608241626480330e+08  -2.845792007126660e+08  -4.418357908418417e+08  -1.503595060510595e-02  -2.686971934498728e-02  -9.332953826815082e-02
  1.834999999999983e+00  -1.515611101427775e+09  -1.764703794327569e+08  2.663812815834332e+08  -8.606432042386431e+08  -2.845804657794591e+08  -4.416303192273989e+08  -1.709907589701726e-02  -2.054902723155723e-03  -8.681578198099196e-02
  1.839999999999983e+00  -1.515681992499821e+09  -1.764168774868081e+08  2.665126418281289e+08  -8.604279644506601e+08  -2.845569449009945e+08  -4.414136316026625e+08  -2.010317097028281e-02  2.086824773799489e-02  -7.242778962596390e-02
  1.844999999999983e+00  -1.515775283554645e+09  -1.764063496020164e+08  2.667276508549807e+08  -8.601895569500492e+08  -2.845132881262946e+08  -4.411946114992995e+08  -2.408194332139504e-02  4.118796923609824e-02  -5.102840973475626e-02
  1.849999999999983e+00  -1.515887768339313e+09  -1.764352878363619e+08  2.670139728015001e+08  -8.599347903385625e+08  -2.844532965105443e+08  -4.409853196015971e+08  -2.832194766921931e-02  5.864358110205374e-02  -2.423683973725045e-02
  1.854999999999982e+00  -1.516011219708919e+09  -1.765007173456656e+08  2.673546922463010e+08  -8.596733032224886e+08  -2.843826807868955e+08  -4.407936154351482e+08  -3.267470551523575e-02  7.345415656774656e-02  5.900465916954153e-03
  1.859999999999982e+00  -1.516142212887414e+09  -1.765930835544423e+08  2.677311187919296e+08  -8.594116171913168e+08  -2.843070453927057e+08  -4.406274831030076e+08  -3.671538145550992e-02  8.616516506734606e-02  3.696337937764677e-02
  1.864999999999982e+00  -1.516278778527444e+09  -1.767014818524540e+08  2.681242965203041e+08  -8.591553887615832e+08  -2.842330682908792e+08  -4.404935396719058e+08  -4.015344602904282e-02  9.762926837871766e-02  6.649239592586817e-02
  1.869999999999982e+00  -1.516422726304623e+09  -1.768081138033755e+08  2.685160895041276e+08  -8.589033039665130e+08  -2.841646981596013e+08  -4.403961828873289e+08  -4.224296671800606e-02  1.084003226406030e-01  9.166404784143520e-02
  1.874999999999982e+00  -1.516574572882984e+09  -1.769018268649639e+08  2.688910245859976e+08  -8.586569175268972e+08  -2.841076534356976e+08  -4.403381345434981e+08  -4.273865739342007e-02  1.192274715424389e-01  1.103938454358679e-01
  1.879999999999982e+00  -1.516735911149447e+09  -1.769718312616452e+08  2.692369311123343e+08  -8.584151620137001e+08  -2.840657624416054e+08  -4.403201668384717e+08  -4.129205912848721e-02  1.305519344892079e-01  1.209655463042673e-01
  1.884999999999982e+00  -1.516906157276747e+09  -1.770113920764262e+08  2.695455066592875e+08  -8.581774582466375e+08  -2.840424142614095e+08  -4.403407462725884e+08  -3.782729785217936e-02  1.426683020564830e-01  1.222234969368835e-01
  1.889999999999982e+00  -1.517088222896497e+09  -1.770169723662100e+08  2.698125545729856e+08  -8.579424947270728e+08  -2.840354449464675e+08  -4.403975728600934e+08  -3.179809851289527e-02  1.551694910444535e-01  1.141423671977700e-01
  1.894999999999982e+00  -1.517279422582170e+09  -1.769910272485393e+08  2.700378940011387e+08  -8.577127610007761e+08  -2.840441430270860e+08  -4.404861091234446e+08  -2.333087811296420e-02  1.677952078272709e-01  9.727635130901446e-02
  1.899999999999981e+00  -1.517476652112427e+09  -1.769396198879099e+08  2.702247391078480e+08  -8.574923430922321e+08  -2.840645674349678e+08  -4.406007373291407e+08  -1.251071127696564e-02  1.799510125136184e-01  7.302133081466677e-02
  1.904999999999981e+00  -1.517672540676945e+09  -1.768727478559806e+08  2.703788309915364e+08  -8.572882631518784e+08  -2.840919349696541e+08  -4.407337941364219e+08  2.000194084167946e-04  1.910234634365205e-01  4.321398952856868e-02
  1.909999999999981e+00  -1.517865996876929e+09  -1.768011935191619e+08  2.705080151688941e+08  -8.571079687357827e+08  -2.841175806842882e+08  -4.408804554146836e+08  1.485165346076691e-02  2.000699878308674e-01  1.077486685937569e-02
  1.914999999999981e+00  -1.518047152011252e+09  -1.767377284576807e+08  2.706202224350277e+08  -8.569613652258629e+08  -2.841352751523093e+08  -4.410324310156478e+08  3.067952826551134e-02  2.064958405072694e-01  -2.186648371695718e-02
  1.919999999999981e+00  -1.518207918161322e+09  -1.766943234582838e+08  2.707228349884999e+08  -8.568578237776395e+08  -2.841381759140665e+08  -4.411827697466698e+08  4.701335237817405e-02  2.097008411846567e-01  -5.215035285892797e-02
  1.924999999999981e+00  -1.518338299610181e+09  -1.766827652035973e+08  2.708214879206204e+08  -8.568066138892671e+08  -2.841212171152769e+08  -4.413245707755402e+08  6.290104846233192e-02  2.092883947654958e-01  -7.783670459337617e-02
  1.929999999999981e+00  -1.518434424428970e+09  -1.767074360387558e+08  2.709190764665529e+08  -8.568107604637928e+08  -2.840792949982297e+08  -4.414540466912059e+08  7.797125021654733e-02  2.048023446090935e-01  -9.727393919100152e-02
  1.934999999999981e+00  -1.518487777522319e+09  -1.767733978121678e+08  2.710152969040323e+08  -8.568732958570776e+08  -2.840115281292039e+08  -4.415664487465320e+08  9.128034501797945e-02  1.961557641085318e-01  -1.095326572492886e-01
  1.939999999999981e+00  -1.518493616040446e+09  -1.768803386531841e+08  2.711064804544811e+08  -8.569921201136396e+08  -2.839189114019035e+08  -4.416592875400443e+08  1.021942642340917e-01  1.833461087783211e-01  -1.143918975194071e-01
  1.944999999999981e+00  -1.518448162302111e+09  -1.770252985470551e+08  2.711858280591614e+08  -8.571621187663040e+08  -2.838055431011227e+08  -4.417312505014705e+08  1.100548138497931e-01  1.665796530362027e-01  -1.122517446148040e-01
  1.949999999999980e+00  -1.518354159373859e+09  -1.771972261634709e+08  2.712443842640815e+08  -8.573713951385756e+08  -2.836759412266800e+08  -4.417832195309502e+08  1.149536153685985e-01  1.460727584105622e-01  -1.043643119136958e-01
  1.954999999999980e+00  -1.518213258906928e+09  -1.773867038788860e+08  2.712717672443076e+08  -8.576087749305047e+08  -2.835380504854064e+08  -4.418163343553436e+08  1.166450364624708e-01  1.223499333273684e-01  -9.210000792128101e-02
  1.959999999999980e+00  -1.518031077557399e+09  -1.775809674918245e+08  2.712576388523034e+08  -8.578605460284959e+08  -2.834002040201164e+08  -4.418328688917219e+08  1.152775334683207e-01  9.604888312370082e-02  -7.712133315645801e-02
  1.964999999999980e+00  -1.517815541204028e+09  -1.777666890015152e+08  2.711929667751355e+08  -8.581129184234746e+08  -2.832709243761361e+08  -4.418355890760958e+08  1.111812368043982e-01  6.795975507604886e-02  -6.108069536677270e-02
  1.969999999999980e+00  -1.517574700241636e+09  -1.779320189187047e+08  2.710711348298076e+08  -8.583538576446996e+08  -2.831589459170979e+08  -4.418269026981339e+08  1.046560510891690e-01  3.911300021269274e-02  -4.551954133640070e-02
  1.974999999999980e+00  -1.517322438577089e+09  -1.780648340756884e+08  2.708891690439402e+08  -8.585717847002953e+08  -2.830693448308249e+08  -4.418107422484934e+08  9.658991604301050e-02  1.031833564506730e-02  -3.141645472163875e-02
  1.979999999999980e+00  -1.517068145252001e+09  -1.781579233174767e+08  2.706477005287487e+08  -8.587595237118940e+08  -2.830077105257019e+08  -4.417891973690404e+08  8.738445105865342e-02  -1.728443514213161e-02  -1.956375074991375e-02
  1.984999999999980e+00  -1.516822274929549e+09  -1.782065838042403e+08  2.703514173659407e+08  -8.589122501444882e+08  -2.829767435825608e+08  -4.417644792662603e+08  7.757892453814626e-02  -4.267227196284257e-02  -1.028041179481852e-02
  1.989999999999980e+00  -1.516592560164536e+09  -1.782105028606198e+08  2.700086473001872e+08  -8.590288578852208e+08  -2.829778410893310e+08  -4.417378634651260e+08  6.746857598577685e-02  -6.477830264201899e-02  -3.570658113378468e-03
  1.994999999999979e+00  -1.516390030687309e+09  -1.781692622882750e+08  2.696302858662157e+08  -8.591074477523628e+08  -2.830076037176374e+08  -4.417117377016718e+08  5.771836447073928e-02  -8.311405743271430e-02  1.029175008256545e-03
  1.999999999999979e+00  -1.516219219965452e+09  -1.780876440015510e+08  2.692292798941948e+08  -8.591504532308279e+08  -2.830637154431848e+08  -4.416865235948512e+08  4.838505705543996e-02  -9.698100702874808e-02  3.957194935739248e-03
