TITLE = "Temporal Signal for receiver number 00001"
VARIABLES = "Time","s_xx","s_yy","s_zz","s_xy","s_yz","s_xz","v1","v2","v3"
# x1       0.000000000000e+00
# x2       2.000000000000e+03
# x3       -7.500000000000e+03
# cell-global-id 9467
  0.000000000000000e+00  0.000000000000000e+00  0.000000000000000e+00  0.000000000000000e+00  0.000000000000000e+00  0.000000000000000e+00  0.000000000000000e+00  0.000000000000000e+00  0.000000000000000e+00  0.000000000000000e+00
  5.000000000000000e-03  0.000000000000000e+00  0.000000000000000e+00  0.000000000000000e+00  0.000000000000000e+00  0.000000000000000e+00  0.000000000000000e+00  0.000000000000000e+00  0.000000000000000e+00  0.000000000000000e+00
  1.000000000000000e-02  0.000000000000000e+00  0.000000000000000e+00  0.000000000000000e+00  0.000000000000000e+00  0.000000000000000e+00  0.000000000000000e+00  0.000000000000000e+00  0.000000000000000e+00  0.000000000000000e+00
  1.500000000000000e-02  0.000000000000000e+00  0.000000000000000e+00  0.000000000000000e+00  0.000000000000000e+00  0.000000000000000e+00  0.000000000000000e+00  0.000000000000000e+00  0.000000000000000e+00  0.000000000000000e+00
  2.000000000000000e-02  0.000000000000000e+00  0.000000000000000e+00  0.000000000000000e+00  0.000000000000000e+00  0.000000000000000e+00  0.000000000000000e+00  0.000000000000000e+00  0.000000000000000e+00  0.000000000000000e+00
  2.500000000000000e-02  0.000000000000000e+00  0.000000000000000e+00  0.000000000000000e+00  0.000000000000000e+00  0.000000000000000e+00  0.000000000000000e+00  0.000000000000000e+00  0.000000000000000e+00  0.000000000000000e+00
  3.000000000000000e-02  0.000000000000000e+00  0.000000000000000e+00  0.000000000000000e+00  0.000000000000000e+00  0.000000000000000e+00  0.000000000000000e+00  0.000000000000000e+00  0.000000000000000e+00  0.000000000000000e+00
  3.500000000000000e-02  0.000000000000000e+00  0.000000000000000e+00  0.000000000000000e+00  0.000000000000000e+00  0.000000000000000e+00  0.000000000000000e+00  0.000000000000000e+00  0.000000000000000e+00  0.000000000000000e+00
  4.000000000000000e-02  0.000000000000000e+00  0.000000000000000e+00  0.000000000000000e+00  0.000000000000000e+00  0.000000000000000e+00  0.000000000000000e+00  0.000000000000000e+00  0.000000000000000e+00  0.000000000000000e+00
  4.500000000000000e-02  0.000000000000000e+00  0.000000000000000e+00  0.000000000000000e+00  0.000000000000000e+00  0.000000000000000e+00  0.000000000000000e+00  0.000000000000000e+00  0.000000000000000e+00  0.000000000000000e+00
  5.000000000000000e-02  0.000000000000000e+00  0.000000000000000e+00  0.000000000000000e+00  0.000000000000000e+00  0.000000000000000e+00  0.000000000000000e+00  0.000000000000000e+00  0.000000000000000e+00  0.000000000000000e+00
  5.499999999999999e-02  0.000000000000000e+00  0.000000000000000e+00  0.000000000000000e+00  0.000000000000000e+00  0.000000000000000e+00  0.000000000000000e+00  0.000000000000000e+00  0.000000000000000e+00  0.000000000000000e+00
  5.999999999999999e-02  0.000000000000000e+00  0.000000000000000e+00  0.000000000000000e+00  0.000000000000000e+00  0.000000000000000e+00  0.000000000000000e+00  0.000000000000000e+00  0.000000000000000e+00  0.000000000000000e+00
  6.499999999999999e-02  0.000000000000000e+00  0.000000000000000e+00  0.000000000000000e+00  0.000000000000000e+00  0.000000000000000e+00  0.000000000000000e+00  0.000000000000000e+00  0.000000000000000e+00  0.000000000000000e+00
  6.999999999999999e-02  0.000000000000000e+00  0.000000000000000e+00  0.000000000000000e+00  0.000000000000000e+00  0.000000000000000e+00  0.000000000000000e+00  0.000000000000000e+00  0.000000000000000e+00  0.000000000000000e+00
  7.500000000000000e-02  0.000000000000000e+00  0.000000000000000e+00  0.000000000000000e+00  0.000000000000000e+00  0.000000000000000e+00  0.000000000000000e+00  0.000000000000000e+00  0.000000000000000e+00  0.000000000000000e+00
  8.000000000000000e-02  0.000000000000000e+00  0.000000000000000e+00  0.000000000000000e+00  0.000000000000000e+00  0.000000000000000e+00  0.000000000000000e+00  0.000000000000000e+00  0.000000000000000e+00  0.000000000000000e+00
  8.500000000000001e-02  0.000000000000000e+00  0.000000000000000e+00  0.000000000000000e+00  0.000000000000000e+00  0.000000000000000e+00  0.000000000000000e+00  0.000000000000000e+00  0.000000000000000e+00  0.000000000000000e+00
  9.000000000000001e-02  0.000000000000000e+00  0.000000000000000e+00  0.000000000000000e+00  0.000000000000000e+00  0.000000000000000e+00  0.000000000000000e+00  0.000000000000000e+00  0.000000000000000e+00  0.000000000000000e+00
  9.500000000000001e-02  0.000000000000000e+00  0.000000000000000e+00  0.000000000000000e+00  0.000000000000000e+00  0.000000000000000e+00  0.000000000000000e+00  0.000000000000000e+00  0.000000000000000e+00  0.000000000000000e+00
  1.000000000000000e-01  0.000000000000000e+00  0.000000000000000e+00  0.000000000000000e+00  0.000000000000000e+00  0.000000000000000e+00  0.000000000000000e+00  0.000000000000000e+00  0.000000000000000e+00  0.000000000000000e+00
  1.050000000000000e-01  0.000000000000000e+00  0.000000000000000e+00  0.000000000000000e+00  0.000000000000000e+00  0.000000000000000e+00  0.000000000000000e+00  0.000000000000000e+00  0.000000000000000e+00  0.000000000000000e+00
  1.100000000000000e-01  0.000000000000000e+00  0.000000000000000e+00  0.000000000000000e+00  0.000000000000000e+00  0.000000000000000e+00  0.000000000000000e+00  0.000000000000000e+00  0.000000000000000e+00  0.000000000000000e+00
  1.150000000000000e-01  0.000000000000000e+00  0.000000000000000e+00  0.000000000000000e+00  0.000000000000000e+00  0.000000000000000e+00  0.000000000000000e+00  0.000000000000000e+00  0.000000000000000e+00  0.000000000000000e+00
  1.200000000000000e-01  0.000000000000000e+00  0.000000000000000e+00  0.000000000000000e+00  0.000000000000000e+00  0.000000000000000e+00  0.000000000000000e+00  0.000000000000000e+00  0.000000000000000e+00  0.000000000000000e+00
  1.250000000000000e-01  0.000000000000000e+00  0.000000000000000e+00  0.000000000000000e+00  0.000000000000000e+00  0.000000000000000e+00  0.000000000000000e+00  0.000000000000000e+00  0.000000000000000e+00  0.000000000000000e+00
  1.300000000000000e-01  0.000000000000000e+00  0.000000000000000e+00  0.000000000000000e+00  0.000000000000000e+00  0.000000000000000e+00  0.000000000000000e+00  0.000000000000000e+00  0.000000000000000e+00  0.000000000000000e+00
  1.350000000000000e-01  0.000000000000000e+00  0.000000000000000e+00  0.000000000000000e+00  0.000000000000000e+00  0.000000000000000e+00  0.000000000000000e+00  0.000000000000000e+00  0.000000000000000e+00  0.000000000000000e+00
  1.400000000000000e-01  0.000000000000000e+00  0.000000000000000e+00  0.000000000000000e+00  0.000000000000000e+00  0.000000000000000e+00  0.000000000000000e+00  0.000000000000000e+00  0.000000000000000e+00  0.000000000000000e+00
  1.450000000000000e-01  0.000000000000000e+00  0.000000000000000e+00  0.000000000000000e+00  0.000000000000000e+00  0.000000000000000e+00  0.000000000000000e+00  0.000000000000000e+00  0.000000000000000e+00  0.000000000000000e+00
  1.500000000000000e-01  0.000000000000000e+00  0.000000000000000e+00  0.000000000000000e+00  0.000000000000000e+00  0.000000000000000e+00  0.000000000000000e+00  0.000000000000000e+00  0.000000000000000e+00  0.000000000000000e+00
  1.550000000000001e-01  0.000000000000000e+00  0.000000000000000e+00  0.000000000000000e+00  0.000000000000000e+00  0.000000000000000e+00  0.000000000000000e+00  0.000000000000000e+00  0.000000000000000e+00  0.000000000000000e+00
  1.600000000000001e-01  0.000000000000000e+00  0.000000000000000e+00  0.000000000000000e+00  0.000000000000000e+00  0.000000000000000e+00  0.000000000000000e+00  0.000000000000000e+00  0.000000000000000e+00  0.000000000000000e+00
  1.650000000000001e-01  0.000000000000000e+00  0.000000000000000e+00  0.000000000000000e+00  0.000000000000000e+00  0.000000000000000e+00  0.000000000000000e+00  0.000000000000000e+00  0.000000000000000e+00  0.000000000000000e+00
  1.700000000000001e-01  0.000000000000000e+00  0.000000000000000e+00  0.000000000000000e+00  0.000000000000000e+00  0.000000000000000e+00  0.000000000000000e+00  0.000000000000000e+00  0.000000000000000e+00  0.000000000000000e+00
  1.750000000000001e-01  0.000000000000000e+00  0.000000000000000e+00  0.000000000000000e+00  0.000000000000000e+00  0.000000000000000e+00  0.000000000000000e+00  0.000000000000000e+00  0.000000000000000e+00  0.000000000000000e+00
  1.800000000000001e-01  0.000000000000000e+00  0.000000000000000e+00  0.000000000000000e+00  0.000000000000000e+00  0.000000000000000e+00  0.000000000000000e+00  0.000000000000000e+00  0.000000000000000e+00  0.000000000000000e+00
  1.850000000000001e-01  0.000000000000000e+00  0.000000000000000e+00  0.000000000000000e+00  0.000000000000000e+00  0.000000000000000e+00  0.000000000000000e+00  0.000000000000000e+00  0.000000000000000e+00  0.000000000000000e+00
  1.900000000000001e-01  0.000000000000000e+00  0.000000000000000e+00  0.000000000000000e+00  0.000000000000000e+00  0.000000000000000e+00  0.000000000000000e+00  0.000000000000000e+00  0.000000000000000e+00  0.000000000000000e+00
  1.950000000000001e-01  0.000000000000000e+00  0.000000000000000e+00  0.000000000000000e+00  0.000000000000000e+00  0.000000000000000e+00  0.000000000000000e+00  0.000000000000000e+00  0.000000000000000e+00  0.000000000000000e+00
  2.000000000000001e-01  0.000000000000000e+00  0.000000000000000e+00  0.000000000000000e+00  0.000000000000000e+00  0.000000000000000e+00  0.000000000000000e+00  0.000000000000000e+00  0.000000000000000e+00  0.000000000000000e+00
  2.050000000000001e-01  0.000000000000000e+00  0.000000000000000e+00  0.000000000000000e+00  0.000000000000000e+00  0.000000000000000e+00  0.000000000000000e+00  0.000000000000000e+00  0.000000000000000e+00  0.000000000000000e+00
  2.100000000000001e-01  0.000000000000000e+00  0.000000000000000e+00  0.000000000000000e+00  0.000000000000000e+00  0.000000000000000e+00  0.000000000000000e+00  0.000000000000000e+00  0.000000000000000e+00  0.000000000000000e+00
  2.150000000000001e-01  0.000000000000000e+00  0.000000000000000e+00  0.000000000000000e+00  0.000000000000000e+00  0.000000000000000e+00  0.000000000000000e+00  0.000000000000000e+00  0.000000000000000e+00  0.000000000000000e+00
  2.200000000000001e-01  0.000000000000000e+00  0.000000000000000e+00  0.000000000000000e+00  0.000000000000000e+00  0.000000000000000e+00  0.000000000000000e+00  0.000000000000000e+00  0.000000000000000e+00  0.000000000000000e+00
  2.250000000000001e-01  0.000000000000000e+00  0.000000000000000e+00  0.000000000000000e+00  0.000000000000000e+00  0.000000000000000e+00  0.000000000000000e+00  0.000000000000000e+00  0.000000000000000e+00  0.000000000000000e+00
  2.300000000000001e-01  0.000000000000000e+00  0.000000000000000e+00  0.000000000000000e+00  0.000000000000000e+00  0.000000000000000e+00  0.000000000000000e+00  0.000000000000000e+00  0.000000000000000e+00  0.000000000000000e+00
  2.350000000000001e-01  0.000000000000000e+00  0.000000000000000e+00  0.000000000000000e+00  0.000000000000000e+00  0.000000000000000e+00  0.000000000000000e+00  0.000000000000000e+00  0.000000000000000e+00  0.000000000000000e+00
  2.400000000000001e-01  0.000000000000000e+00  0.000000000000000e+00  0.000000000000000e+00  0.000000000000000e+00  0.000000000000000e+00  0.000000000000000e+00  0.000000000000000e+00  0.000000000000000e+00  0.000000000000000e+00
  2.450000000000001e-01  0.000000000000000e+00  0.000000000000000e+00  0.000000000000000e+00  0.000000000000000e+00  0.000000000000000e+00  0.000000000000000e+00  0.000000000000000e+00  0.000000000000000e+00  0.000000000000000e+00
  2.500000000000001e-01  0.000000000000000e+00  0.000000000000000e+00  0.000000000000000e+00  0.000000000000000e+00  0.000000000000000e+00  0.000000000000000e+00  0.000000000000000e+00  0.000000000000000e+00  0.000000000000000e+00
  2.550000000000001e-01  4.741129610801930e-01  -2.221060596079572e-01  -4.502775871701518e-02  -2.012995922271112e-01  2.002351122275953e-01  -3.177720825084794e-02  -3.294923620136489e-08  3.431293889109973e-08  -8.039619331753115e-09
  2.600000000000001e-01  1.006758811021483e+01  -2.837007377553844e+00  -1.083244230285685e+00  -3.712650028908167e+00  4.241108296678726e+00  7.910201040920593e-02  -9.320482146150076e-07  5.106148039358830e-07  -1.342615117778082e-07
  2.650000000000001e-01  2.189207276483393e+01  -5.249830663832372e+00  -3.531869076308686e+00  -7.717585453436461e+00  1.056167042645463e+01  4.560438772061615e-01  -2.574970021224720e-06  9.606559353394543e-07  -2.599740401561109e-07
  2.700000000000001e-01  6.895168498859299e+01  -4.299599150799392e+00  -1.249152323459764e+01  -1.766218612371209e+01  3.543829146237407e+01  7.930067737369894e+00  -1.177360853429443e-05  1.602956409245861e-06  -3.482207259981493e-07
  2.750000000000001e-01  1.386787058891051e+02  1.520373070338196e+01  -2.371052133407870e+01  -9.956224542844845e+00  7.124938280912524e+01  2.837245497491177e+01  -3.169055846105035e-05  3.812402271860588e-07  1.391937721652732e-07
  2.800000000000001e-01  2.220795723497025e+02  5.725306109831283e+01  -2.443346532128236e+01  4.328197418326089e+01  9.867257797685009e+01  5.862427133195673e+01  -6.033963868006675e-05  -3.497890840928472e-06  9.582456539810216e-07
  2.850000000000001e-01  2.290340310438895e+02  9.048983802419505e+01  -1.215853404833397e+01  9.809838523704774e+01  9.185157767037975e+01  6.536217570017405e+01  -7.370921673020778e-05  -6.546433310699804e-06  1.742917088726517e-06
  2.900000000000001e-01  3.130990786834587e+02  1.523674556062682e+02  2.722369130128846e+01  2.223905208368949e+02  5.998303631243714e+01  9.070701700599288e+01  -9.676851243873730e-05  -1.273925199199567e-05  2.172899216004450e-06
  2.950000000000002e-01  3.865112465449401e+02  2.036848458714093e+02  8.295634708654084e+01  3.427262786429654e+02  -2.025580546469646e+01  1.047421937621992e+02  -1.003689929988467e-04  -1.836525539436915e-05  2.376631654824086e-06
  3.000000000000002e-01  4.176607149512679e+02  2.303752152213700e+02  1.318604068350563e+02  3.924979080066437e+02  -1.385378014803540e+02  1.073888955424658e+02  -7.440463264683188e-05  -2.190126009350953e-05  3.488928096374386e-06
  3.050000000000002e-01  4.090648612259755e+02  2.563999566322051e+02  1.560130685627857e+02  3.510024332787021e+02  -2.208844051011861e+02  1.110614905595518e+02  -4.756910714983525e-05  -2.292046652201049e-05  5.254789255258096e-06
  3.100000000000002e-01  3.550364538176884e+02  2.279183772277437e+02  1.453695215068971e+02  1.676965253824808e+02  -3.425610849123488e+02  1.063100603395470e+02  2.828951160585828e-05  -2.112828151430393e-05  8.500372388789440e-06
  3.150000000000002e-01  2.052112856610732e+02  1.518623340160874e+02  7.900805194307857e+01  -1.938296123595218e+02  -4.282976826799204e+02  9.232552669149348e+01  1.319214770173646e-04  -1.466249474245608e-05  1.284942828310088e-05
  3.200000000000002e-01  -3.191626313792074e+01  2.992574247254800e+01  -3.610990016336476e+01  -7.006434230198938e+02  -4.561734552442978e+02  6.562158287471659e+01  2.504484330878335e-04  -3.336963289703652e-06  1.684316663722371e-05
  3.250000000000002e-01  -5.997264104868200e+01  -6.488724890780661e+01  -1.251642668594676e+02  -1.025219169520326e+03  -4.210073270237621e+02  5.760098289496850e+01  3.079521241004876e-04  4.563055755353703e-06  1.427608198620224e-05
  3.300000000000002e-01  -3.564950933168323e+02  -2.678151959901818e+02  -2.869295043408588e+02  -1.577997911870108e+03  -3.316089382455718e+02  3.699116649048556e+00  4.130111751794544e-04  2.319330177013485e-05  1.287558491832014e-05
  3.350000000000002e-01  -6.452001931608992e+02  -4.877394640248838e+02  -4.348648944662656e+02  -2.009945273548207e+03  -1.864538653843976e+02  -6.761999389384837e+01  4.834158439063659e-04  4.444431543120302e-05  7.306633944416312e-06
  3.400000000000002e-01  -6.897851101255159e+02  -6.921871063085501e+02  -5.526388166442512e+02  -2.137418643707505e+03  -2.615354143345168e+01  -1.062181633165412e+02  4.936020042283402e-04  5.993428503892196e-05  -3.769275846519658e-06
  3.450000000000002e-01  -8.989565295279497e+02  -9.153433511534244e+02  -6.384156489128711e+02  -2.146816665598988e+03  1.755331206467999e+02  -2.021336876690673e+02  4.765483741746490e-04  8.237104227059713e-05  -1.559544299863828e-05
  3.500000000000002e-01  -9.753603888879583e+02  -1.078304540870203e+03  -6.455914269963552e+02  -1.794779426139425e+03  3.722166228440818e+02  -3.030542830374860e+02  3.880533599226634e-04  1.000724903209064e-04  -2.975603382767733e-05
  3.550000000000002e-01  -8.875978922520101e+02  -1.154553788904939e+03  -5.650388437385650e+02  -1.065372208117225e+03  5.421572399496004e+02  -4.017526909387624e+02  2.267131976371533e-04  1.094976455411763e-04  -4.436379167031478e-05
  3.600000000000002e-01  -8.668780256972487e+02  -1.270248683640790e+03  -5.398110000190851e+02  -4.486488332915510e+02  6.731646525058982e+02  -4.875435311485721e+02  1.079117858676068e-04  1.177353109879498e-04  -5.191906287375673e-05
  3.650000000000002e-01  -5.780142890731088e+02  -1.155630145565592e+03  -3.120033965242752e+02  7.782672541360259e+02  7.451110730753132e+02  -5.830531912467637e+02  -1.454784634360010e-04  1.073947687066125e-04  -5.960962130676532e-05
  3.700000000000002e-01  -1.541098013608614e+02  -9.164970743433869e+02  -1.159761469644683e+01  2.179872693081853e+03  7.527821167188501e+02  -6.565747427442764e+02  -4.339502192348836e-04  8.170582961915784e-05  -6.242890784023798e-05
  3.750000000000002e-01  3.469475971006749e+02  -5.693741297608962e+02  3.346432963113544e+02  3.609431291040846e+03  6.988078680595702e+02  -6.992480231216953e+02  -7.299076189688309e-04  4.113305626909516e-05  -5.947666412943615e-05
  3.800000000000002e-01  4.030776210431297e+02  -3.006534818504475e+02  5.789089238263595e+02  4.400789978300528e+03  5.789556621119716e+02  -7.630154567821070e+02  -8.795853749074090e-04  1.010400084935483e-05  -4.377033393529927e-05
  3.850000000000002e-01  8.782966365498099e+02  2.283511596246202e+02  9.683585393579264e+02  5.542365220601675e+03  4.090156163832867e+02  -7.301469456069965e+02  -1.125493600805042e-03  -5.329419850504313e-05  -2.933342030686102e-05
  3.900000000000002e-01  1.253261783502009e+03  7.837048109049199e+02  1.315008885169023e+03  6.320836864770552e+03  2.103704253867452e+02  -6.387657959593113e+02  -1.303117308278515e-03  -1.218945415010744e-04  -1.060979558391017e-05
  3.950000000000002e-01  1.461130709878979e+03  1.324334056128867e+03  1.584461032785792e+03  6.625050130071611e+03  2.665687300072263e-01  -4.874905570451257e+02  -1.388612047610751e-03  -1.889745459990771e-04  1.117539530770962e-05
  4.000000000000002e-01  1.379940734717185e+03  1.879044292727039e+03  1.843159969491614e+03  6.497265625058264e+03  -2.842746124800199e+02  -3.504203301172364e+02  -1.376912577481843e-03  -2.426814638651246e-04  4.062589508755412e-05
  4.050000000000002e-01  1.339841218659551e+03  2.371576126835294e+03  1.954333306181756e+03  5.905601477185975e+03  -4.833488986864336e+02  -7.945855416662478e+01  -1.288341103731746e-03  -2.955833821786995e-04  6.305092511510033e-05
  4.100000000000003e-01  1.085174192449266e+03  2.745183751758163e+03  1.920671257670725e+03  4.740481467928164e+03  -6.431518604396326e+02  2.347769033624871e+02  -1.081741209495089e-03  -3.277684102802183e-04  8.369843740177295e-05
  4.150000000000003e-01  9.816778393572849e+02  3.228234353398695e+03  1.988145463565105e+03  3.727150992127598e+03  -8.660419529964101e+02  5.438600780911745e+02  -9.002140769188701e-04  -3.538029765193945e-04  1.053697503777293e-04
  4.200000000000003e-01  5.396153009724915e+02  3.340169115812730e+03  1.696775372394601e+03  1.753826488989395e+03  -9.163621000721126e+02  9.200485576230202e+02  -5.240865967341313e-04  -3.399726227387964e-04  1.161331312578682e-04
  4.250000000000003e-01  -4.460968145001153e+01  3.243372088973560e+03  1.251444307584935e+03  -6.004035082217279e+02  -9.032259761608150e+02  1.285912625983679e+03  -6.155051825790921e-05  -2.939428259415458e-04  1.210678039341559e-04
  4.300000000000003e-01  -7.120319982904318e+02  2.927430674955657e+03  6.746023631997953e+02  -3.197209688183651e+03  -8.328583149994897e+02  1.618760456770980e+03  4.611428227130634e-04  -2.165417832449227e-04  1.195522774440463e-04
  4.350000000000003e-01  -6.458812972524821e+02  2.776184830805242e+03  3.204175729966723e+02  -4.827294899892627e+03  -7.676914746005077e+02  1.948974410699659e+03  7.871908611202880e-04  -1.552172946919038e-04  1.064497094318553e-04
  4.400000000000003e-01  -1.254955988765831e+03  2.004628967327959e+03  -4.498198784139935e+02  -7.462928962550638e+03  -5.700990342752127e+02  2.173577304906277e+03  1.339147740875813e-03  -2.780455156286207e-05  8.755959325790887e-05
  4.450000000000003e-01  -1.776605415044155e+03  1.028571247530891e+03  -1.251626302962352e+03  -9.897873474657834e+03  -3.492866951581535e+02  2.298813450736480e+03  1.863577986302506e-03  1.166344470743915e-04  6.253345200923822e-05
  4.500000000000003e-01  -2.136655008648325e+03  -1.074517946109464e+02  -2.030636807993807e+03  -1.195555652718716e+04  -1.269871790881745e+02  2.309835088199984e+03  2.324244127819693e-03  2.678951215100389e-04  3.257905633055804e-05
  4.550000000000003e-01  -1.790110901405233e+03  -1.104915872977336e+03  -2.600827242601400e+03  -1.292220706609140e+04  1.959192613409338e+02  2.303856097979778e+03  2.549862149677561e-03  3.829688397338220e-04  -1.695774287094063e-05
  4.600000000000003e-01  -1.945630353157339e+03  -2.472397847474210e+03  -3.259670220869718e+03  -1.401520544141994e+04  3.822425429024869e+02  2.061517672721656e+03  2.847360651074412e-03  5.229915613229878e-04  -5.319171767646491e-05
  4.650000000000003e-01  -1.991557544195246e+03  -3.854190973193027e+03  -3.732864031610205e+03  -1.434794454471626e+04  4.480377214644083e+02  1.660091095499996e+03  3.027531052970653e-03  6.408501416787003e-04  -8.823512674793208e-05
  4.700000000000003e-01  -1.898324058552144e+03  -5.246345014452175e+03  -3.994527263606760e+03  -1.392718947045207e+04  3.998724196929939e+02  1.087520909011874e+03  3.086832648351203e-03  7.359094421128708e-04  -1.217399822905248e-04
  4.750000000000003e-01  -1.569988853605594e+03  -6.580037212406465e+03  -4.288699265500238e+03  -1.329482652299735e+04  6.733194476013981e+02  5.649505738636776e+02  3.019149589397298e-03  8.031337741556910e-04  -1.708491022580657e-04
  4.800000000000003e-01  -1.288006947916016e+03  -7.843178718439619e+03  -4.267964118200104e+03  -1.182693163311517e+04  6.025249100244705e+02  -2.326390808528191e+02  2.835767847486381e-03  8.445048639149621e-04  -1.908208314217050e-04
  4.850000000000003e-01  -7.816302182978745e+02  -8.771098464534958e+03  -4.088202067992202e+03  -9.755413569248056e+03  6.195536000042696e+02  -1.051109764987357e+03  2.457749386610029e-03  8.383006713699026e-04  -1.976154191948567e-04
  4.900000000000003e-01  -6.165865747914575e+02  -9.576687178302971e+03  -4.098566856727434e+03  -8.059865122714246e+03  9.592047854352357e+02  -1.748580538951638e+03  2.070313233427083e-03  8.058627087831195e-04  -2.109917640631605e-04
  4.950000000000003e-01  8.814524741135709e+01  -9.533070254237960e+03  -3.564485858207262e+03  -4.793261174155419e+03  1.099282392271984e+03  -2.526244363005268e+03  1.320086289902542e-03  6.912945615564903e-04  -1.883338519593670e-04
  5.000000000000003e-01  1.127562060693475e+03  -8.751793087243786e+03  -2.734465836169612e+03  -5.832329993493869e+02  1.261168383267622e+03  -3.198953477897282e+03  3.242601255108267e-04  5.108721658462140e-04  -1.572179788127516e-04
  5.050000000000003e-01  2.521347224994128e+03  -7.252369714586350e+03  -1.577404559769843e+03  4.646275279688593e+03  1.336877355257889e+03  -3.734824943168026e+03  -8.880402123039507e-04  2.731392324138484e-04  -1.228973364575324e-04
  5.100000000000003e-01  2.208752685527714e+03  -6.099728743191375e+03  -7.835173555425096e+02  8.266165148724400e+03  1.285946466770726e+03  -4.225279226368462e+03  -1.682724942358496e-03  7.501308987064662e-05  -7.271780101864772e-05
  5.150000000000003e-01  3.655150715928486e+03  -3.469905389393826e+03  8.419969336873571e+02  1.472269403694503e+04  9.344600077686594e+02  -4.383657482743056e+03  -3.071750789502040e-03  -2.281716933312874e-04  -2.133623728123354e-05
  5.200000000000004e-01  5.043685106522006e+03  -4.728272431246140e+02  2.546145453481456e+03  2.142323889260081e+04  3.357727257461773e+02  -4.228632330548861e+03  -4.450907406619468e-03  -5.386191118898331e-04  3.463305850663763e-05
  5.250000000000004e-01  6.106469140403149e+03  2.704402505168166e+03  4.159011457592664e+03  2.772202934643186e+04  -4.671022748959339e+02  -3.724669351072065e+03  -5.693751462988865e-03  -8.348872166962475e-04  9.908662267823190e-05
  5.300000000000004e-01  4.979419722672719e+03  5.556160146526114e+03  5.323055146946997e+03  3.085472416455976e+04  -1.410623992561745e+03  -3.233643668463844e+03  -6.253565825691619e-03  -1.053763075464298e-03  2.110092245218290e-04
  5.350000000000004e-01  5.344641003291666e+03  8.942844380671757e+03  6.613669895420626e+03  3.496498731365617e+04  -2.410550324132204e+03  -2.129156664913322e+03  -7.014053588971915e-03  -1.290086657976604e-03  2.931265281634156e-04
  5.400000000000004e-01  4.995093374242154e+03  1.202700628092391e+04  7.479496502182834e+03  3.683274200599919e+04  -3.273767502476470e+03  -7.926656174320980e+02  -7.331198165096820e-03  -1.461546493723378e-03  3.748158179051325e-04
  5.450000000000004e-01  3.805463375390275e+03  1.464000555930877e+04  7.850106778255650e+03  3.596761435531417e+04  -3.861996378436316e+03  6.711122440916846e+02  -7.129750226650763e-03  -1.553804638332509e-03  4.481752863727577e-04
  5.500000000000004e-01  2.705805048373677e+03  1.742682375478895e+04  8.416448795950362e+03  3.388068776990874e+04  -4.636683184652596e+03  1.825990521028806e+03  -6.705034925535086e-03  -1.617143272012439e-03  5.393308108211557e-04
  5.550000000000004e-01  6.906551597713407e+02  1.895066733663536e+04  7.937126479524827e+03  2.837612497954662e+04  -4.558340108157442e+03  3.314722064604747e+03  -5.659222531792667e-03  -1.556726559517751e-03  5.665913133302045e-04
  5.600000000000004e-01  -2.148970526341160e+03  1.959487635914014e+04  6.896944038874092e+03  2.025153292508707e+04  -4.013408307625875e+03  4.666547463369993e+03  -4.126049312827978e-03  -1.398059266980060e-03  5.620761571032027e-04
  5.650000000000004e-01  -5.631038894216060e+03  1.933555980017216e+04  5.366407461996541e+03  1.007200438067879e+04  -3.043103775015520e+03  5.813513180742703e+03  -2.199243604331822e-03  -1.145836823563408e-03  5.230999505624082e-04
  5.700000000000004e-01  -6.220415872503652e+03  1.954538383487305e+04  4.563857864238810e+03  3.398805214137261e+03  -2.536054490231360e+03  6.787379843894360e+03  -9.315208984543697e-04  -9.489212634644258e-04  4.657445513040328e-04
  5.750000000000004e-01  -9.849480802687232e+03  1.748722878760068e+04  2.316954788427473e+03  -8.276712675966168e+03  -8.832943827645896e+02  7.527535984732993e+03  1.334696360249802e-03  -5.472868221125142e-04  3.460794806816533e-04
  5.800000000000004e-01  -1.334146926402367e+04  1.462788107246180e+04  -8.438171640630661e+01  -1.975493574350575e+04  9.450296794416957e+02  7.929030759480763e+03  3.627126707587387e-03  -8.900084134317251e-05  1.958474461104704e-04
  5.850000000000004e-01  -1.295296530041733e+04  1.229617865500996e+04  -1.607198414262915e+03  -2.547789735944772e+04  2.298039325357956e+03  8.303909760534896e+03  4.869942310618481e-03  2.705416047441156e-04  1.040346945532060e-05
  5.900000000000004e-01  -1.538668897704624e+04  8.000622770440301e+03  -4.027055001788051e+03  -3.446596831897939e+04  4.299978818960070e+03  8.008250819201435e+03  6.855085474839511e-03  7.871713600032827e-04  -1.955665615980521e-04
  5.950000000000004e-01  -1.683213875810298e+04  3.314877708266211e+03  -6.141959818749191e+03  -4.099415538117618e+04  6.115358394958653e+03  7.261440958054068e+03  8.467668375111743e-03  1.284339453063607e-03  -4.093749584449743e-04
  6.000000000000004e-01  -1.707930170248443e+04  -1.608814669951935e+03  -7.839112697498121e+03  -4.446607564236081e+04  7.644297324955433e+03  6.073528813257577e+03  9.588797322033216e-03  1.730762772194664e-03  -6.217923164844122e-04
  6.050000000000004e-01  -1.467467231873650e+04  -6.373492922698678e+03  -9.096429272852323e+03  -4.277095602221250e+04  9.044820725968855e+03  4.950099514132160e+03  9.792400227706345e-03  2.076244875589651e-03  -8.693462964330952e-04
  6.100000000000004e-01  -1.325456338396946e+04  -1.166411597203560e+04  -1.007602156922792e+04  -4.014637102703904e+04  1.000851384231109e+04  2.975280788076861e+03  9.928641452304002e-03  2.379073125949125e-03  -1.056388863618978e-03
  6.150000000000004e-01  -1.078315839556853e+04  -1.674478122477874e+04  -1.054291005465022e+04  -3.384437517244906e+04  1.055636849372566e+04  7.304296819532424e+02  9.429032107018138e-03  2.554332799765972e-03  -1.213359136371074e-03
  6.200000000000004e-01  -7.504207324628491e+03  -2.148094886851014e+04  -1.054997481660765e+04  -2.398712775415336e+04  1.072408802891108e+04  -1.656107840603203e+03  8.311959146782170e-03  2.587051757725683e-03  -1.333590358335850e-03
  6.250000000000004e-01  -4.761202677686289e+03  -2.646011462839052e+04  -1.095454204831968e+04  -1.213388909439559e+04  1.114903564234376e+04  -3.852842172325606e+03  6.923091012665901e-03  2.588469965690529e-03  -1.465208629615829e-03
  6.300000000000004e-01  -1.344096623117427e+03  -3.027646701299731e+04  -1.034666950950678e+04  3.512848074958064e+03  1.071006081661779e+04  -6.226773944193699e+03  4.862941699566488e-03  2.354263079156636e-03  -1.493447785561330e-03
  6.350000000000005e-01  2.032021381003200e+03  -3.328999199445577e+04  -9.444309216242724e+03  2.189970064782884e+04  1.006250048216047e+04  -8.337484325736597e+03  2.372065926289941e-03  1.975909816850839e-03  -1.473884168334738e-03
  6.400000000000005e-01  5.029433959072171e+03  -3.540514203626900e+04  -8.343096499148271e+03  4.258580948419926e+04  9.300057547962529e+03  -1.006673615759778e+04  -4.385400068449569e-04  1.473341123605188e-03  -1.408446915817496e-03
  6.450000000000005e-01  5.633705792077232e+03  -3.775296362175659e+04  -7.963414002400957e+03  6.338720463708006e+04  8.789000822359876e+03  -1.147330155280707e+04  -3.058536141690358e-03  1.056194198332420e-03  -1.323418169655096e-03
  6.500000000000005e-01  7.289079012979898e+03  -3.784581064734672e+04  -6.586581060141612e+03  8.786006864893514e+04  7.870197316607423e+03  -1.225243915738096e+04  -6.254254323934098e-03  3.894683133116260e-04  -1.164642582228618e-03
  6.550000000000005e-01  8.019548028073416e+03  -3.692287470220384e+04  -5.268649711467959e+03  1.136685585899968e+05  7.051574784387464e+03  -1.243076823791019e+04  -9.488402631460479e-03  -3.080756360037698e-04  -9.756007797193814e-04
  6.600000000000005e-01  6.784722051360460e+03  -3.613318880092960e+04  -4.463312053910628e+03  1.403002006386284e+05  6.237915518271479e+03  -1.226060985245194e+04  -1.257162730069562e-02  -8.439236218444502e-04  -7.524206268976547e-04
  6.650000000000005e-01  5.972043167772182e+03  -3.325064765044140e+04  -3.272126757952348e+03  1.689764501895035e+05  5.574531469715101e+03  -1.124497889177049e+04  -1.580952589936959e-02  -1.505429937210854e-03  -5.159853084992276e-04
  6.700000000000005e-01  4.127446773535787e+03  -2.973362868887909e+04  -2.425273377609564e+03  1.985987307780362e+05  5.119326243266842e+03  -9.669485198227070e+03  -1.890490386555082e-02  -2.077095467028866e-03  -2.792326844699620e-04
  6.750000000000005e-01  1.310408006543675e+03  -2.579781692377679e+04  -1.977252281049257e+03  2.292139336317679e+05  4.865610409142803e+03  -7.619295270005845e+03  -2.183478959842771e-02  -2.523920614590811e-03  -5.299562747615806e-05
  6.800000000000005e-01  -9.050671370769946e+02  -2.180275625876705e+04  -1.168665683968070e+03  2.639117883955438e+05  4.203767628615809e+03  -5.398756740336672e+03  -2.511392925983506e-02  -2.801320835359036e-03  1.929333300124549e-04
  6.850000000000005e-01  -4.375795605401298e+03  -1.740337719956444e+04  -1.222383979913948e+03  2.979495553783815e+05  4.254457602086686e+03  -2.693594216218501e+03  -2.791110616899008e-02  -2.970222655101542e-03  3.650283803425019e-04
  6.900000000000005e-01  -8.220009759650491e+03  -1.329711724912826e+04  -1.644768213142692e+03  3.337139260499650e+05  4.455769443201163e+03  1.002134454125813e+02  -3.061772922093290e-02  -2.963489712392728e-03  4.922107697524008e-04
  6.950000000000005e-01  -1.213823828139773e+04  -9.712647005797540e+03  -2.365891585526245e+03  3.716850449521063e+05  4.742159652517006e+03  2.826675676290324e+03  -3.331519549951435e-02  -2.784864806047021e-03  5.692011837973461e-04
  7.000000000000005e-01  -1.272849151121195e+04  -6.154110524689333e+03  -2.005089772134656e+03  4.170860301118052e+05  4.574615689144952e+03  5.416810468044247e+03  -3.696229533227036e-02  -2.538685801080757e-03  6.202396605558749e-04
  7.050000000000005e-01  -1.567842261289961e+04  -4.130639628581749e+03  -3.130583855927279e+03  4.611692311598671e+05  4.963244351000737e+03  7.665370388481388e+03  -3.996080359470478e-02  -2.075808690103635e-03  5.821227006221897e-04
  7.100000000000005e-01  -1.800149981001905e+04  -3.234461769461791e+03  -4.424452604356892e+03  5.090173799306480e+05  5.199922714067218e+03  9.439893016646482e+03  -4.325054085872289e-02  -1.496806029082483e-03  5.002281389521090e-04
  7.150000000000005e-01  -1.942992149301920e+04  -3.518773355093875e+03  -5.798063991568109e+03  5.612832245463189e+05  5.160174396978074e+03  1.064594540577438e+04  -4.696607686359508e-02  -8.390835582285413e-04  3.870223495970196e-04
  7.200000000000005e-01  -1.710366087809508e+04  -4.117090209154533e+03  -6.252783794542871e+03  6.213567876033434e+05  5.195656064118063e+03  1.153908405607515e+04  -5.179248127709810e-02  -2.388197676813832e-04  2.146628089559400e-04
  7.250000000000005e-01  -1.670353590221797e+04  -6.768821240986699e+03  -7.769048354547603e+03  6.829694696810134e+05  4.640187110551963e+03  1.147766611975930e+04  -5.652260623912653e-02  4.715964538931225e-04  5.908280226026798e-05
  7.300000000000005e-01  -1.498807025699659e+04  -1.025513808338380e+04  -9.047809139873805e+03  7.502448330600155e+05  3.522676723656708e+03  1.072226444045830e+04  -6.197397221139868e-02  1.132651489568656e-03  -8.000433523022906e-05
  7.350000000000005e-01  -1.098256652172405e+04  -1.406513813874618e+04  -9.913945168651735e+03  8.225115405288028e+05  3.211798957711263e+03  9.699823115835910e+03  -6.816031730495949e-02  1.681882412994206e-03  -2.891792719875957e-04
  7.400000000000005e-01  -7.350254081278774e+03  -1.862443584184337e+04  -1.069754822938184e+04  8.998807807358559e+05  1.202642132558613e+03  7.681153494885397e+03  -7.493173594242220e-02  2.158657866140815e-03  -3.706026941360430e-04
  7.450000000000006e-01  -2.231709878475085e+03  -2.289573248210906e+04  -1.078984520375643e+04  9.829474993934763e+05  -1.464021761854767e+03  5.154018438007945e+03  -8.252667484090462e-02  2.468436267389856e-03  -3.929373527478218e-04
  7.500000000000006e-01  4.336619874977313e+03  -2.645082383323596e+04  -1.008888670622504e+04  1.071394960253412e+06  -4.742811373584141e+03  2.259818395134572e+03  -9.092480026187566e-02  2.587772306689427e-03  -3.502780681967247e-04
  7.550000000000006e-01  8.808836391908986e+03  -3.064016826164951e+04  -1.027155047052620e+04  1.157030469155199e+06  -6.068221307667841e+03  -5.870445802636023e+02  -9.884137095234248e-02  2.663248069674305e-03  -3.761986709664370e-04
  7.600000000000006e-01  1.631016037556000e+04  -3.219178211656821e+04  -8.364453657456277e+03  1.252469903881451e+06  -1.018615782882870e+04  -3.829732903199365e+03  -1.082859290131908e-01  2.425425457717176e-03  -1.903139626554534e-04
  7.650000000000006e-01  2.453505788710885e+04  -3.199100575767099e+04  -5.663117871495367e+03  1.351091242440579e+06  -1.470772948451544e+04  -6.960970543012464e+03  -1.182578216952665e-01  1.994446111591196e-03  6.662780047148110e-05
  7.700000000000006e-01  3.309929221583530e+04  -2.983431271595593e+04  -2.275978882595553e+03  1.451749503683011e+06  -1.950155657783596e+04  -9.822079579828884e+03  -1.285948335441179e-01  1.393482241418813e-03  3.878291086542585e-04
  7.750000000000006e-01  3.451870712224660e+04  -2.889961865032827e+04  -1.073709322999803e+03  1.539551305431208e+06  -2.177851254173884e+04  -1.249029115770160e+04  -1.368002375842204e-01  9.163697927217306e-04  6.810887426951793e-04
  7.800000000000006e-01  4.183037121007438e+04  -2.261648405936022e+04  3.252054854016016e+03  1.638840060963595e+06  -2.686896825148719e+04  -1.462619048497068e+04  -1.470237280497427e-01  7.220950633814191e-05  1.134042397910716e-03
  7.850000000000006e-01  4.861720237796564e+04  -1.400930641827860e+04  8.011727023285923e+03  1.735895005126168e+06  -3.186468136451365e+04  -1.617422462017315e+04  -1.569953986735132e-01  -8.485945128743179e-04  1.622186699045650e-03
  7.900000000000006e-01  5.461810683299408e+04  -3.134248329400552e+03  1.310663288856918e+04  1.828923248658064e+06  -3.659537840069418e+04  -1.706656775074557e+04  -1.664511369550565e-01  -1.803970573953397e-03  2.128350214904520e-03
  7.950000000000006e-01  5.099896815473922e+04  6.147133248747861e+03  1.566144649334176e+04  1.900003317802294e+06  -3.924175780615657e+04  -1.802683845247925e+04  -1.722862805276607e-01  -2.521523803832715e-03  2.669054566852151e-03
  8.000000000000006e-01  5.494259922852577e+04  2.131638156559081e+04  2.132708062230386e+04  1.979227849253717e+06  -4.344441212287464e+04  -1.768407408646151e+04  -1.798625495889192e-01  -3.462630472771871e-03  3.197532321881939e-03
  8.050000000000006e-01  5.787073836812731e+04  3.816506571424376e+04  2.708535293670637e+04  2.048896289049401e+06  -4.696187492045563e+04  -1.659854513810961e+04  -1.861381719191433e-01  -4.322484131188640e-03  3.681833521619876e-03
  8.100000000000006e-01  5.147844905839903e+04  5.308587406707596e+04  3.049072863654117e+04  2.092267371471024e+06  -4.927571461803289e+04  -1.583143338557088e+04  -1.881138505388973e-01  -4.924569408584550e-03  4.243451374118641e-03
  8.150000000000006e-01  5.268749172006109e+04  7.247440117359057e+04  3.631489521783795e+04  2.137789653185914e+06  -5.164532226408920e+04  -1.344896540018544e+04  -1.911119855226980e-01  -5.569456376181216e-03  4.622832073440228e-03
  8.200000000000006e-01  5.272865658071868e+04  9.204537969520848e+04  4.174896249234123e+04  2.168145618109021e+06  -5.299985705641912e+04  -1.038614728767750e+04  -1.920515441881283e-01  -6.026926448929583e-03  4.894850372981437e-03
  8.250000000000006e-01  5.144293131813102e+04  1.111244169701110e+05  4.656874458268382e+04  2.181482860489866e+06  -5.327428108781424e+04  -6.719480065936201e+03  -1.906854691105659e-01  -6.267610323607182e-03  5.046765691500543e-03
  8.300000000000006e-01  4.371613472082672e+04  1.283406553735566e+05  4.983751788778008e+04  2.166829764920742e+06  -5.415534472885791e+04  -3.854602513525821e+03  -1.849069938252743e-01  -6.365461093329627e-03  5.358754991592623e-03
  8.350000000000006e-01  4.086379959606945e+04  1.453812667118906e+05  5.336315845012884e+04  2.143130558076393e+06  -5.276446367053877e+04  6.756973580990731e+02  -1.786440015395078e-01  -6.201110474706503e-03  5.280676113436602e-03
  8.400000000000006e-01  3.655464487436818e+04  1.600392740497282e+05  5.573753758529974e+04  2.097903349727858e+06  -5.023949315354231e+04  5.476413636488288e+03  -1.695191425903000e-01  -5.785338872146728e-03  5.066708900508149e-03
  8.450000000000006e-01  3.078842369414159e+04  1.718058813286566e+05  5.685411624182010e+04  2.029888558097947e+06  -4.663052534935655e+04  1.037948973813284e+04  -1.573828873797148e-01  -5.126728787613982e-03  4.724652413501654e-03
  8.500000000000006e-01  2.372702920776874e+04  1.828414736612872e+05  5.784603959909754e+04  1.937025582536503e+06  -4.542692076654088e+04  1.408119422214117e+04  -1.416144605860244e-01  -4.570740690647910e-03  4.601395689775480e-03
  8.550000000000006e-01  1.694216257670892e+04  1.885442401151791e+05  5.676216627759711e+04  1.822950927514105e+06  -4.022168636764731e+04  1.882787807055704e+04  -1.236008127844601e-01  -3.546945066830466e-03  4.030045505183306e-03
  8.600000000000007e-01  9.060200129129627e+03  1.903859901339307e+05  5.432024894435340e+04  1.683631222824628e+06  -3.413920776866432e+04  2.321385742794595e+04  -1.023418301183590e-01  -2.349113810727001e-03  3.364790426031010e-03
  8.650000000000007e-01  3.061062804039204e+02  1.882970584631584e+05  5.058125529949758e+04  1.518665392158019e+06  -2.730838287596500e+04  2.708859807308265e+04  -7.782244285170585e-02  -1.016231002413295e-03  2.625891611241027e-03
  8.700000000000007e-01  -3.821271866221171e+03  1.874554576325550e+05  4.836238734218802e+04  1.335769066708709e+06  -2.409060255926547e+04  2.976849652228721e+04  -5.113588467888455e-02  -4.666453892421638e-05  2.099699944334308e-03
  8.750000000000007e-01  -1.217017311113454e+04  1.781039471974209e+05  4.260487192405160e+04  1.121596047849651e+06  -1.618678754917642e+04  3.250653743820189e+04  -2.064603636202040e-02  1.412670517017810e-03  1.231938690449657e-03
  8.800000000000007e-01  -2.064179133736732e+04  1.650757416049734e+05  3.585534627545998e+04  8.819282233344356e+05  -7.859312532926264e+03  3.443556540240360e+04  1.294894149768014e-02  2.887794397462531e-03  3.443352153677898e-04
  8.850000000000007e-01  -2.892800635628946e+04  1.486709897989967e+05  2.827587422985713e+04  6.173039446351682e+05  7.523280569724678e+02  3.549274976820668e+04  4.952710421889184e-02  4.334486774341635e-03  -5.440386043677568e-04
  8.900000000000007e-01  -2.787968709091442e+04  1.354987624181988e+05  2.357813248426018e+04  3.437106106903925e+05  5.527581674145376e+03  3.587036460687876e+04  8.647538249830043e-02  5.260660050991951e-03  -1.305739250969869e-03
  8.950000000000007e-01  -3.442107296892903e+04  1.133285472914225e+05  1.485504491940327e+04  3.326061157089761e+04  1.460299325555164e+04  3.540569462219305e+04  1.282092892609250e-01  6.559082978669487e-03  -2.207052476605835e-03
  9.000000000000007e-01  -4.033845601123188e+04  8.883104302773168e+04  5.732646814013103e+03  -2.994682825351683e+05  2.364318783657929e+04  3.404786257391403e+04  1.724323976538667e-01  7.729124663308948e-03  -3.064960293989094e-03
  9.050000000000007e-01  -3.539074880925807e+04  6.864596247341047e+04  1.350945677118465e+01  -6.345582597509676e+05  2.923888785972007e+04  3.260074371361692e+04  2.157552243038526e-01  8.358274401702399e-03  -3.884797582596365e-03
  9.100000000000007e-01  -3.974715175730473e+04  4.046204526114203e+04  -9.591947689055602e+03  -1.006770257801468e+06  3.826819083818483e+04  2.986417162121160e+04  2.640556203588619e-01  9.240726380771823e-03  -4.680256152202334e-03
  9.150000000000007e-01  -4.352407091294346e+04  1.131040234127811e+04  -1.916182916373702e+04  -1.396977285692665e+06  4.690524141441816e+04  2.637343154690985e+04  3.141565505879873e-01  9.931533193627787e-03  -5.393281244039483e-03
  9.200000000000007e-01  -4.670072184932538e+04  -1.826418519313959e+04  -2.852326598449621e+04  -1.803350628497986e+06  5.500493075670224e+04  2.220478479185825e+04  3.657728559889351e-01  1.041436386453849e-02  -6.012792959976936e-03
  9.250000000000007e-01  -3.965004101135486e+04  -4.319198241171063e+04  -3.463511494477305e+04  -2.204017645178108e+06  6.084389712917116e+04  1.896781365437292e+04  4.150039710951069e-01  1.046845811931927e-02  -6.744555764232415e-03
  9.300000000000007e-01  -4.225939752720838e+04  -7.276082040982695e+04  -4.341901558673498e+04  -2.636969855720746e+06  6.805916287381311e+04  1.390517398061458e+04  4.687467511756916e-01  1.057746164810511e-02  -7.204595668965062e-03
  9.350000000000007e-01  -4.434765599877692e+04  -1.011501308685604e+05  -5.150034321634111e+04  -3.080198884880164e+06  7.435715295952560e+04  8.416758018762212e+03  5.231347438380045e-01  1.046089168640923e-02  -7.543576924891818e-03
  9.400000000000007e-01  -4.583885583220739e+04  -1.278328536643828e+05  -5.871813298094614e+04  -3.531484748107291e+06  7.962983926253597e+04  2.623726432548116e+03  5.778454067055349e-01  1.012012973487113e-02  -7.759578195520760e-03
  9.450000000000007e-01  -4.007858187590315e+04  -1.505984466883253e+05  -6.349906394372871e+04  -3.971027525301951e+06  8.421768163853124e+04  -1.369772101876808e+03  6.292132737887054e-01  9.572562665453444e-03  -8.217059386764905e-03
  9.500000000000007e-01  -4.142044146338788e+04  -1.734364399878494e+05  -6.902241246074592e+04  -4.432757759889333e+06  8.778549453407766e+04  -7.317743548899837e+03  6.838153062542783e-01  8.886827991933176e-03  -8.219862344597465e-03
  9.550000000000007e-01  -4.207575573535985e+04  -1.933244735335618e+05  -7.333951364072211e+04  -4.895955086815836e+06  9.010986287878253e+04  -1.318817080804774e+04  7.378546036803401e-01  8.013248401202879e-03  -8.102580727980594e-03
  9.600000000000007e-01  -4.200556268879208e+04  -2.100000633637801e+05  -7.639727660338228e+04  -5.358365380167431e+06  9.116938450300859e+04  -1.882632929173817e+04  7.910410754209456e-01  6.973977050001429e-03  -7.874310083107640e-03
  9.650000000000007e-01  -3.898861640287876e+04  -2.244505432158612e+05  -7.829107700076669e+04  -5.805586182363263e+06  9.321399252971352e+04  -2.212797825482510e+04  8.406092253532950e-01  5.998794855986186e-03  -7.965998785605149e-03
  9.700000000000008e-01  -3.880948548686547e+04  -2.349646916238584e+05  -7.913784352132691e+04  -6.261640841091392e+06  9.220168296244908e+04  -2.698210021656412e+04  8.916330419730896e-01  4.765353173673224e-03  -7.542778077368612e-03
  9.750000000000008e-01  -3.789225034959797e+04  -2.418309947386947e+05  -7.868202584046230e+04  -6.710657597704527e+06  8.992933381240054e+04  -3.125160307073835e+04  9.410816992200599e-01  3.442427622760934e-03  -7.033255806977217e-03
  9.800000000000008e-01  -3.720638483722397e+04  -2.479154483506695e+05  -7.808092200728765e+04  -7.143556876827121e+06  8.966591995758089e+04  -3.315896484412081e+04  9.870845774546336e-01  2.342484051357372e-03  -6.855666836942314e-03
  9.850000000000008e-01  -3.606073899806100e+04  -2.480565065014220e+05  -7.537389691916193e+04  -7.574655527879477e+06  8.533718581886181e+04  -3.620714279404240e+04  1.033157717532351e+00  9.642398453426444e-04  -6.184451287108862e-03
  9.900000000000008e-01  -3.411171881604681e+04  -2.445586675076078e+05  -7.142248663216287e+04  -7.993205373293032e+06  7.989494280093035e+04  -3.853319530689202e+04  1.077105058848563e+00  -4.304167704418345e-04  -5.454996149551514e-03
  9.950000000000008e-01  -3.136106139235487e+04  -2.375427707671656e+05  -6.628064990787553e+04  -8.397582166770609e+06  7.344600965088890e+04  -4.014115346698776e+04  1.118782456618977e+00  -1.817683400296992e-03  -4.679971495212340e-03
  1.000000000000001e+00  -2.844906733503202e+04  -2.276466958056290e+05  -6.026050088367459e+04  -8.786187132822765e+06  6.642714466797799e+04  -4.092491089288532e+04  1.158020609855122e+00  -3.139054214416243e-03  -3.892834103884256e-03
  1.005000000000001e+00  -2.963391196515703e+04  -2.188741124937590e+05  -5.522224565308278e+04  -9.160141065620797e+06  6.226784179223249e+04  -4.027198578359382e+04  1.194887906120384e+00  -4.078444573878569e-03  -3.324001394622651e-03
  1.010000000000000e+00  -2.542710708792440e+04  -2.026869025326631e+05  -4.718705264808735e+04  -9.515691188077077e+06  5.350936353076748e+04  -4.014803415564380e+04  1.229549632783757e+00  -5.303761850844254e-03  -2.431524397047900e-03
  1.015000000000000e+00  -2.060951169234672e+04  -1.839065300959006e+05  -3.840903186698405e+04  -9.851872738563627e+06  4.418980659059244e+04  -3.946457946417572e+04  1.261575782442043e+00  -6.445552966321952e-03  -1.537384956405890e-03
  1.020000000000000e+00  -2.229834233021554e+04  -1.681103136818235e+05  -3.172854572189601e+04  -1.017445847561555e+07  3.819365693872478e+04  -3.772129673842455e+04  1.291788611697645e+00  -7.131791399147977e-03  -7.948245955898062e-04
  1.025000000000000e+00  -1.686147745815333e+04  -1.451940230419423e+05  -2.197863768192627e+04  -1.047092654316156e+07  2.804185979357862e+04  -3.627508458102919e+04  1.318810743962816e+00  -8.060399618966107e-03  1.157784953583464e-04
  1.030000000000000e+00  -1.109904292303088e+04  -1.208467808387144e+05  -1.200758728116025e+04  -1.074570380069509e+07  1.775992148957722e+04  -3.441998254708571e+04  1.343155944723340e+00  -8.859050565492518e-03  9.884787650909211e-04
  1.035000000000000e+00  -5.214830006822490e+03  -9.555515809698247e+04  -2.004142285227627e+03  -1.099834629102733e+07  7.485648660100357e+03  -3.220028016650225e+04  1.364848516107406e+00  -9.512680593500453e-03  1.815462159118566e-03
  1.040000000000000e+00  -6.659448143482025e+03  -7.449025639386418e+04  5.216254821248145e+03  -1.123993045694427e+07  1.932369382720288e+02  -2.981172315313446e+04  1.385689942086819e+00  -9.736363278360869e-03  2.647516274016831e-03
  1.045000000000000e+00  -7.731975525226558e+02  -4.830496662687209e+04  1.488067523061546e+04  -1.144850835502381e+07  -1.004462323489499e+04  -2.718270808327897e+04  1.402412663884852e+00  -1.010576482271272e-02  3.416970623503302e-03
  1.050000000000000e+00  4.842544085418421e+03  -2.250118500527149e+04  2.409856612172546e+04  -1.163438865231250e+07  -1.993909984046106e+04  -2.427545539740199e+04  1.416612256863145e+00  -1.031214104889914e-02  4.118748976873668e-03
  1.054999999999999e+00  1.004244240312465e+04  2.500521536720999e+03  3.272220593150457e+04  -1.179773290080388e+07  -2.938537947254886e+04  -2.111604869174709e+04  1.428370241230860e+00  -1.035465077093710e-02  4.749944253098012e-03
  1.059999999999999e+00  9.146965916557947e+03  2.324701377336510e+04  3.860061607266095e+04  -1.195268993625960e+07  -3.659224013847009e+04  -1.866627984513798e+04  1.440078126969889e+00  -1.009137445059167e-02  5.512679755110374e-03
  1.064999999999999e+00  1.388850307831826e+04  4.620431504740840e+04  4.588456284954817e+04  -1.207229921737950e+07  -4.523501390456218e+04  -1.530007906373624e+04  1.447324489429340e+00  -9.867272700941468e-03  6.028652322181802e-03
  1.069999999999999e+00  1.797200601317485e+04  6.738842625193534e+04  5.222228195253520e+04  -1.217054177550670e+07  -5.315435147930428e+04  -1.176143377759268e+04  1.452410126953035e+00  -9.500448286599295e-03  6.462656492474933e-03
  1.074999999999999e+00  2.131921083574539e+04  8.656044742414006e+04  5.751699800454701e+04  -1.224813469714515e+07  -6.026533946113881e+04  -8.080895984203714e+03  1.455463873752280e+00  -9.001799484923120e-03  6.812961055349682e-03
  1.079999999999999e+00  2.092230757257945e+04  1.024875563745902e+05  6.064532590045957e+04  -1.231984644436349e+07  -6.598066599692487e+04  -5.858485117794845e+03  1.459035896528560e+00  -8.362648777114621e-03  7.361832024830651e-03
  1.084999999999999e+00  2.339220344741196e+04  1.177393030763764e+05  6.390421558367056e+04  -1.235840173731956e+07  -7.159472008093934e+04  -2.115814734501640e+03  1.458396118640643e+00  -7.682264599188255e-03  7.547782084556545e-03
  1.089999999999999e+00  2.499455843489392e+04  1.305501869406846e+05  6.595599380143794e+04  -1.237895043733666e+07  -7.616516707740931e+04  1.704889654517664e+03  1.456118598601635e+00  -6.910273299846238e-03  7.636778604683627e-03
  1.094999999999999e+00  2.456917468285604e+04  1.410431963385170e+05  6.642932494901071e+04  -1.239515854354496e+07  -7.993713350418331e+04  3.725180896584651e+03  1.454600383814126e+00  -6.091837417734110e-03  7.938254235040628e-03
  1.099999999999999e+00  2.514272313751659e+04  1.494066525980342e+05  6.631087826880658e+04  -1.238230128570805e+07  -8.260644523006407e+04  7.562290939372961e+03  1.449371094915464e+00  -5.217034622933880e-03  7.832742481541768e-03
  1.104999999999998e+00  2.494526980976723e+04  1.553365419867047e+05  6.507642114365123e+04  -1.235472796243846e+07  -8.410466921197997e+04  1.141870502537568e+04  1.442914014765030e+00  -4.295987952943498e-03  7.628106163193227e-03
  1.109999999999998e+00  2.408520661808440e+04  1.589408328601682e+05  6.281881084472025e+04  -1.231362858404757e+07  -8.443908291594815e+04  1.526411084621769e+04  1.435364951614700e+00  -3.345031455903331e-03  7.330317819311716e-03
  1.114999999999998e+00  2.354096569828002e+04  1.617329911581623e+05  5.995648164447647e+04  -1.226950310665368e+07  -8.496027672227337e+04  1.715147959807613e+04  1.428614165834017e+00  -2.459699881649252e-03  7.249618007878112e-03
  1.119999999999998e+00  2.224687054542830e+04  1.613930821100917e+05  5.613159308397484e+04  -1.220385575651913e+07  -8.333764364578213e+04  2.091854237626992e+04  1.419071859147732e+00  -1.518459003067151e-03  6.778073585806156e-03
  1.124999999999998e+00  2.067735922032984e+04  1.591484798681585e+05  5.163517771380433e+04  -1.212813542253185e+07  -8.068962221069320e+04  2.459370609740075e+04  1.408780091593338e+00  -5.905985559996194e-04  6.240922175151301e-03
  1.129999999999998e+00  1.897067453004590e+04  1.551874108631786e+05  4.659326122543389e+04  -1.204347626791609e+07  -7.711657559617514e+04  2.813222105051874e+04  1.397842064629289e+00  3.100070077881466e-04  5.651865005496435e-03
  1.134999999999998e+00  1.945277449339064e+04  1.517607908258380e+05  4.193219144150062e+04  -1.195635711750829e+07  -7.466404631032914e+04  2.980731782486088e+04  1.387502288309395e+00  1.067301072958746e-03  5.259114710999464e-03
  1.139999999999998e+00  1.811785210787330e+04  1.450753019022449e+05  3.626697297404500e+04  -1.185607408094880e+07  -6.967521789017391e+04  3.304076453535667e+04  1.375364705441043e+00  1.861843283848112e-03  4.576475713644153e-03
  1.144999999999998e+00  1.686551399729523e+04  1.372040292828221e+05  3.038081681729626e+04  -1.175012806917030e+07  -6.406978133768209e+04  3.599357280649685e+04  1.362854037473956e+00  2.597372951393616e-03  3.877379018225642e-03
  1.149999999999997e+00  1.572170813890870e+04  1.283375101236778e+05  2.436335986549524e+04  -1.163956299906609e+07  -5.796673042554389e+04  3.860137706494212e+04  1.350052574976039e+00  3.264692835727070e-03  3.172514112944656e-03
  1.154999999999997e+00  1.756310651474444e+04  1.209200785758060e+05  1.942568712791294e+04  -1.152692503778071e+07  -5.357823515257364e+04  3.966461507885373e+04  1.337563242250435e+00  3.750483595483783e-03  2.606286671529207e-03
  1.159999999999997e+00  1.666824801285496e+04  1.105345266286502e+05  1.340112192188412e+04  -1.140919303836433e+07  -4.677940523911785e+04  4.159947948244939e+04  1.324233315697432e+00  4.257583482344585e-03  1.883743931117586e-03
  1.164999999999997e+00  1.574689235377242e+04  9.961537882082212e+04  7.434430506550626e+03  -1.128980546152962e+07  -3.976992320391537e+04  4.302620631296725e+04  1.310835093303748e+00  4.683607857755207e-03  1.180088470555558e-03
  1.169999999999997e+00  1.754048475622060e+04  9.036192338007392e+04  2.729010776532950e+03  -1.116862539216012e+07  -3.467284207502111e+04  4.329657562999548e+04  1.297558790994789e+00  4.935350046777922e-03  5.699903918755067e-04
  1.174999999999997e+00  1.637917509131403e+04  7.865266629369029e+04  -2.978422581349957e+03  -1.104769001051997e+07  -2.744524148341925e+04  4.380276858231118e+04  1.284041633693714e+00  5.198294260637821e-03  -1.063600378022910e-04
  1.179999999999997e+00  1.507824843833847e+04  6.681422949645520e+04  -8.460291933935932e+03  -1.092757143592713e+07  -2.026202526190749e+04  4.368870882621479e+04  1.270616947881227e+00  5.383597252439304e-03  -7.435970775811914e-04
  1.184999999999997e+00  1.366147683537737e+04  5.498542990273513e+04  -1.364975638094811e+04  -1.080891409637672e+07  -1.321118844116297e+04  4.293954350667418e+04  1.257315688100421e+00  5.494288222962199e-03  -1.336200977077486e-03
  1.189999999999997e+00  1.437060213179024e+04  4.468187692179999e+04  -1.753436274764584e+04  -1.068854655068056e+07  -8.118346923104274e+03  4.175094421006349e+04  1.243838745507452e+00  5.463315734896346e-03  -1.903343560300316e-03
  1.194999999999997e+00  1.271791175303032e+04  3.300851534328974e+04  -2.199335371343492e+04  -1.057386474891089e+07  -1.445762252720270e+03  3.993968219796490e+04  1.230736931956198e+00  5.445972295123806e-03  -2.417192804290922e-03
  1.199999999999996e+00  1.115043156873862e+04  2.171417332893424e+04  -2.594631678887323e+04  -1.046211586532309e+07  4.864636256800883e+03  3.751831037650641e+04  1.217810921514657e+00  5.370812789013340e-03  -2.871761927281269e-03
  1.204999999999996e+00  9.759164236157209e+03  1.090882232474229e+04  -2.932802377091789e+04  -1.035358939392532e+07  1.073975646867928e+04  3.453042984266993e+04  1.205058639506500e+00  5.243308363175948e-03  -3.264640982822442e-03
  1.209999999999996e+00  1.006836546192299e+04  1.360763589857481e+03  -3.138538937715139e+04  -1.024319416841287e+07  1.487173526489224e+04  3.182124079369488e+04  1.191879185931407e+00  5.011906949108920e-03  -3.692202375742590e-03
  1.214999999999996e+00  9.120745647881968e+03  -8.399536500252707e+03  -3.352048707384395e+04  -1.014152175238470e+07  1.989107200744825e+04  2.798208661854460e+04  1.179403791311004e+00  4.804358961304873e-03  -3.977016829276374e-03
  1.219999999999996e+00  8.549096510274383e+03  -1.741139248039187e+04  -3.495911577374649e+04  -1.004362335513735e+07  2.432945314971544e+04  2.375702742190705e+04  1.167092324569444e+00  4.561249798680087e-03  -4.197338522857170e-03
  1.224999999999996e+00  8.367840216505789e+03  -2.562537955739155e+04  -3.569393996238574e+04  -9.949549231637510e+06  2.815917020514589e+04  1.923444100631362e+04  1.154935902328655e+00  4.286872314263988e-03  -4.355100491794741e-03
  1.229999999999996e+00  9.442650313749056e+03  -3.283282760329980e+04  -3.521942400712122e+04  -9.853617912505340e+06  3.075416758829566e+04  1.552692194684228e+04  1.142213215116310e+00  3.935092672891447e-03  -4.599709146211269e-03
  1.234999999999996e+00  9.887098396739941e+03  -3.948302154800999e+04  -3.462469062126120e+04  -9.767322252382636e+06  3.355243391017201e+04  1.069463105268127e+04  1.130338419514399e+00  3.619582275394034e-03  -4.650657977048648e-03
  1.239999999999996e+00  1.062527866504383e+04  -4.523203630610042e+04  -3.338772392646867e+04  -9.684883158428583e+06  3.574160764427226e+04  5.825163140065564e+03  1.118615246255688e+00  3.283287757730463e-03  -4.646699789483669e-03
  1.244999999999995e+00  1.222282443178405e+04  -5.006167060400077e+04  -3.114058663375362e+04  -9.600804600562224e+06  3.713912180132949e+04  2.010119857364393e+03  1.106309293555741e+00  2.878849175549452e-03  -4.750883333885981e-03
  1.249999999999995e+00  1.327650732114100e+04  -5.406539179524389e+04  -2.879754563334752e+04  -9.526131246960228e+06  3.836732732607237e+04  -2.703543581358625e+03  1.094895992420368e+00  2.519205981335024e-03  -4.651308383509976e-03
  1.254999999999995e+00  1.440543494746272e+04  -5.712148799623235e+04  -2.595647650840802e+04  -9.455128367739052e+06  3.906304556981428e+04  -7.216003820620471e+03  1.083644455494451e+00  2.143522480515339e-03  -4.505952840718404e-03
  1.259999999999995e+00  1.552942973382164e+04  -5.923578162434655e+04  -2.268156836410419e+04  -9.387686345790267e+06  3.926680468681500e+04  -1.145909412599551e+04  1.072556801502722e+00  1.752930332437500e-03  -4.318314076134874e-03
  1.264999999999995e+00  1.700869271937595e+04  -6.063539275776118e+04  -1.884917242373111e+04  -9.319171155791130e+06  3.928273352919061e+04  -1.454181277104172e+04  1.060934972549052e+00  1.323310689764640e-03  -4.243028919990742e-03
  1.269999999999995e+00  1.785515389955523e+04  -6.097821212665707e+04  -1.499160693589300e+04  -9.258807020263553e+06  3.873362993056172e+04  -1.813805263192063e+04  1.050204014771292e+00  9.244278095312531e-04  -3.973238153130686e-03
  1.274999999999995e+00  1.847641753949516e+04  -6.045650773285910e+04  -1.094990487003796e+04  -9.201607043195337e+06  3.779467894801420e+04  -2.132207998931840e+04  1.039644343408535e+00  5.185154061453468e-04  -3.668122205927981e-03
  1.279999999999995e+00  1.881298329962965e+04  -5.913589247525509e+04  -6.824382407412204e+03  -9.147409565129619e+06  3.650820293897072e+04  -2.406246467297236e+04  1.029254414378349e+00  1.107991084168171e-04  -3.331479017294835e-03
  1.284999999999995e+00  1.918679431227813e+04  -5.736024473659784e+04  -2.643884328721103e+03  -9.092787864304962e+06  3.544880273651858e+04  -2.577069966236689e+04  1.018418860829283e+00  -2.943240171491524e-04  -3.091999887006636e-03
  1.289999999999994e+00  1.876911723069474e+04  -5.467191069769557e+04  1.333851105969365e+03  -9.044447542947397e+06  3.364707988897363e+04  -2.765454038484770e+04  1.008395328077978e+00  -6.776957058414001e-04  -2.694956416155319e-03
  1.294999999999994e+00  1.794447168533165e+04  -5.142862848501949e+04  5.115141562623813e+03  -8.998586862833956e+06  3.161811813851584e+04  -2.906454147249925e+04  9.985343628636905e-01  -1.045271816775316e-03  -2.282085509530009e-03
  1.299999999999994e+00  1.670528158536946e+04  -4.772736138719556e+04  8.622590260492208e+03  -8.955032942911111e+06  2.941363387549541e+04  -3.000701279638865e+04  9.888322598522946e-01  -1.390144005017405e-03  -1.861638869330444e-03
  1.304999999999994e+00  1.520652678920592e+04  -4.387322787075729e+04  1.178819567528945e+04  -8.911673462486031e+06  2.774534798130680e+04  -3.022271503738667e+04  9.787933725201328e-01  -1.696744309035340e-03  -1.522878998242883e-03
  1.309999999999994e+00  1.302080823894917e+04  -3.950292910891189e+04  1.453835463208537e+04  -8.872555849979997e+06  2.535970287199218e+04  -3.035547986996726e+04  9.694394962927987e-01  -1.975165889741520e-03  -1.097967926528556e-03
  1.314999999999994e+00  1.044608015577743e+04  -3.494281034688395e+04  1.684694712062013e+04  -8.835249396566387e+06  2.294782249879479e+04  -3.007839350053903e+04  9.602384760821980e-01  -2.216620177168872e-03  -6.923754635977940e-04
  1.319999999999994e+00  7.525884524748747e+03  -3.027014849607363e+04  1.868187423323200e+04  -8.799619188791057e+06  2.055943264488525e+04  -2.942335342154610e+04  9.511906035297855e-01  -2.417649290162675e-03  -3.148186393648748e-04
  1.324999999999994e+00  4.010576404457046e+03  -2.571475350904338e+04  1.990826014120333e+04  -8.764721595804429e+06  1.889382290595881e+04  -2.837678006754541e+04  9.419335017064161e-01  -2.562568267509099e-03  1.710829888346168e-06
  1.329999999999994e+00  3.869368840191851e+02  -2.100301345176204e+04  2.070037668087900e+04  -8.732297941587241e+06  1.664356545284517e+04  -2.712214784367002e+04  9.332330818536219e-01  -2.676486240310380e-03  3.204805554559235e-04
  1.334999999999994e+00  -3.380101894654561e+03  -1.636364830511521e+04  2.098560067890050e+04  -8.701182052059008e+06  1.450960508328278e+04  -2.559870032376375e+04  9.246897499161628e-01  -2.747089011273912e-03  5.945193707715296e-04
  1.339999999999993e+00  -7.871506245884470e+03  -1.203621665272378e+04  2.056366882681663e+04  -8.671125272510732e+06  1.309133281844086e+04  -2.388488327811463e+04  9.160338766827092e-01  -2.757738782995183e-03  8.306853116432352e-04
  1.344999999999993e+00  -1.180504781447977e+04  -7.671388936515506e+03  1.985302388699592e+04  -8.642490440290065e+06  1.116925556202738e+04  -2.197761310353879e+04  9.078423956566223e-01  -2.744519305587041e-03  1.027204153042166e-03
  1.349999999999993e+00  -1.556952054371005e+04  -3.491177000071299e+03  1.872627715168217e+04  -8.614868790764453e+06  9.371693667432246e+03  -1.992288535528061e+04  8.998062955113016e-01  -2.692382838478998e-03  1.179482614765602e-03
  1.354999999999993e+00  -1.906694201242247e+04  4.800173157637817e+02  1.724095962298330e+04  -8.588177961220914e+06  7.688167530871841e+03  -1.776112616785539e+04  8.919218687775760e-01  -2.603782442280993e-03  1.291441500428666e-03
  1.359999999999993e+00  -2.330090455265495e+04  3.914935712462411e+03  1.508013409782569e+04  -8.562781583875362e+06  6.519573576728166e+03  -1.560905354919820e+04  8.840382411553386e-01  -2.464792341435024e-03  1.406325508929373e-03
  1.364999999999993e+00  -2.608676954973731e+04  7.373144771867785e+03  1.304498191138410e+04  -8.537786882506760e+06  4.949163581970218e+03  -1.334522567803247e+04  8.764733447766988e-01  -2.315714813364901e-03  1.457661484870630e-03
  1.369999999999993e+00  -2.836638054146304e+04  1.054336581490309e+04  1.086567085154594e+04  -8.513474685874611e+06  3.440423651266581e+03  -1.107218065044698e+04  8.690389885289637e-01  -2.140921986048405e-03  1.480850161260112e-03
  1.374999999999993e+00  -3.011737860768155e+04  1.339198477217428e+04  8.609638308417321e+03  -8.489775425030444e+06  1.975641194049508e+03  -8.817900574696640e+03  8.617264936562862e-01  -1.944292584243961e-03  1.480188057446361e-03
  1.379999999999993e+00  -3.251462642018544e+04  1.554118586544429e+04  5.876201301802173e+03  -8.467419012373863e+06  8.138021214725949e+02  -6.671906857710151e+03  8.544978289163746e-01  -1.715244684244740e-03  1.504548264832386e-03
  1.384999999999992e+00  -3.320509096589775e+04  1.763444388688165e+04  3.634921421831753e+03  -8.444783230272533e+06  -6.394978569719318e+02  -4.519989787408632e+03  8.474325673257901e-01  -1.488500829024551e-03  1.466377394689097e-03
  1.389999999999992e+00  -3.342781184424788e+04  1.928677483590674e+04  1.470960487797142e+03  -8.422578360244205e+06  -2.071388677336047e+03  -2.449037609090815e+03  8.404626572573642e-01  -1.249902961087114e-03  1.411915311633764e-03
  1.394999999999992e+00  -3.325349030017704e+04  2.045672816307136e+04  -5.912984970304815e+02  -8.400760742434729e+06  -3.483521019128257e+03  -4.743659406096721e+02  8.335810863255082e-01  -1.002003169365292e-03  1.343257401515555e-03
  1.399999999999992e+00  -3.364842004946972e+04  2.086060394873576e+04  -2.918602731121225e+03  -8.380223419287016e+06  -4.663450977593367e+03  1.330053731527686e+03  8.268445114484717e-01  -7.370018027202471e-04  1.303531479648944e-03
  1.404999999999992e+00  -3.279020881342263e+04  2.100174999284600e+04  -4.683271246288958e+03  -8.359062384241829e+06  -6.036515221470954e+03  3.070713461682251e+03  8.201443825552978e-01  -4.782092842922914e-04  1.209945292810811e-03
  1.409999999999992e+00  -3.174261783727925e+04  2.059038655272310e+04  -6.300378739022221e+03  -8.338190191479672e+06  -7.363876560859993e+03  4.676140119543711e+03  8.135154423432236e-01  -2.151420722509151e-04  1.107025697974679e-03
  1.414999999999992e+00  -3.110681600309029e+04  1.950295293662726e+04  -8.001519394274143e+03  -8.318538162135141e+06  -8.453954251584468e+03  6.058738900937890e+03  8.070643503566659e-01  5.674548570705204e-05  1.033734371067784e-03
  1.419999999999992e+00  -2.969144110299951e+04  1.804058624394348e+04  -9.231148167159605e+03  -8.298161937781752e+06  -9.663726636896175e+03  7.352518702854095e+03  8.005846161579340e-01  3.214826993026709e-04  9.157970268504167e-04
  1.424999999999992e+00  -2.819051729576666e+04  1.608613093968709e+04  -1.026820699294203e+04  -8.278025482581456e+06  -1.078556027881750e+04  8.472376065582435e+03  7.941662459365973e-01  5.851606365640473e-04  7.943445603217301e-04
  1.429999999999992e+00  -2.659765928344345e+04  1.369519114387855e+04  -1.108699400782255e+04  -8.258118582156605e+06  -1.180489872368030e+04  9.403388842175054e+03  7.878075103970086e-01  8.449239470262928e-04  6.715634750126610e-04
  1.434999999999991e+00  -2.500187361279449e+04  1.091845782528729e+04  -1.173119485203070e+04  -8.239325991647734e+06  -1.257677809560590e+04  1.006148857383915e+04  7.816563656244010e-01  1.097550034468257e-03  5.792106825221978e-04
  1.439999999999991e+00  -2.306247886942849e+04  7.880803671255980e+03  -1.199730928932934e+04  -8.219834917638794e+06  -1.336091738167758e+04  1.058652563728541e+04  7.754199295613233e-01  1.337826979346479e-03  4.566177032838839e-04
  1.444999999999991e+00  -2.094134563086498e+04  4.647753396425195e+03  -1.196325229200716e+04  -8.200557253298282e+06  -1.400035654262985e+04  1.088902445017450e+04  7.692357812994172e-01  1.562190449925218e-03  3.382211373744141e-04
  1.449999999999991e+00  -1.858829382564432e+04  1.317907688221490e+03  -1.160388746803144e+04  -8.181488965605891e+06  -1.448213792625546e+04  1.096394285347295e+04  7.631020085006095e-01  1.765335207622124e-03  2.254611623126788e-04
  1.454999999999991e+00  -1.590373696202597e+04  -1.993582776078975e+03  -1.093734975598920e+04  -8.163417541367219e+06  -1.471226593069071e+04  1.079991262294601e+04  7.571772938049931e-01  1.941509038471074e-03  1.419854424348739e-04
  1.459999999999991e+00  -1.297697997770844e+04  -5.215382381171989e+03  -9.898136872013369e+03  -8.144731971429951e+06  -1.485191934453493e+04  1.044967230765273e+04  7.511370154549106e-01  2.087320919298367e-03  4.073235904612371e-05
  1.464999999999991e+00  -9.731563584922829e+03  -8.232369655764478e+03  -8.526677489804766e+03  -8.126246886390077e+06  -1.479609188548087e+04  9.895301089313631e+03  7.451385425344130e-01  2.196006547911676e-03  -5.239370499515282e-05
  1.469999999999991e+00  -6.160481255203895e+03  -1.095664856212715e+04  -6.847946545065587e+03  -8.107961759686839e+06  -1.453250905491504e+04  9.159959831656837e+03  7.391804508774310e-01  2.262867665647530e-03  -1.372800932792576e-04
  1.474999999999991e+00  -2.338961713089070e+03  -1.329210767085219e+04  -4.944099295950532e+03  -8.090522390069136e+06  -1.402817219319656e+04  8.309161842343819e+03  7.334047595111285e-01  2.292049065138767e-03  -1.959014538948403e-04
  1.479999999999990e+00  1.743587272495758e+03  -1.521483307689953e+04  -2.793782181608423e+03  -8.072600782794873e+06  -1.333075725392528e+04  7.306600540029454e+03  7.275160435535156e-01  2.268149267839371e-03  -2.662180549761984e-04
  1.484999999999990e+00  6.031972914374713e+03  -1.666480018121094e+04  -5.055979281487810e+02  -8.054885396625749e+06  -1.239707239916940e+04  6.220024024620070e+03  7.216647507226598e-01  2.194768758289368e-03  -3.287350040997695e-04
  1.489999999999990e+00  1.026465435707750e+04  -1.760759316903101e+04  1.821211847900186e+03  -8.037888115442614e+06  -1.125543396177602e+04  5.114362511884367e+03  7.159721159280894e-01  2.087760653463879e-03  -3.659364015775825e-04
  1.494999999999990e+00  1.465247694014432e+04  -1.805933461350748e+04  4.134939950035980e+03  -8.020570431213660e+06  -9.857386844502596e+03  3.965903524448745e+03  7.101890806722249e-01  1.920287452598755e-03  -4.156613288650813e-04
  1.499999999999990e+00  1.896834973960535e+04  -1.803604826498068e+04  6.309932726743477e+03  -8.003495491932803e+06  -8.223490059109407e+03  2.844538847391291e+03  7.044488713346809e-01  1.708101556405072e-03  -4.585242090719459e-04
  1.504999999999990e+00  2.309663340979403e+04  -1.757707020664864e+04  8.244564918818331e+03  -7.986684252639923e+06  -6.364081171122687e+03  1.782536573519119e+03  6.987550671287162e-01  1.455905601512681e-03  -4.945610711246858e-04
  1.509999999999990e+00  2.667146791879531e+04  -1.667524476388258e+04  9.944593697279188e+03  -7.970487722442201e+06  -4.405095063414748e+03  7.807086857511118e+02  6.931936074475039e-01  1.193063880437106e-03  -5.130881630448174e-04
  1.514999999999990e+00  3.011839310328188e+04  -1.547602834015688e+04  1.115878625451750e+04  -7.954240576670037e+06  -2.163480433671826e+03  -1.026011883705381e+02  6.875917775422590e-01  8.792384666254959e-04  -5.392980393283652e-04
  1.519999999999990e+00  3.309933424801186e+04  -1.401280343265281e+04  1.188826563175663e+04  -7.938343863908715e+06  2.389648863496022e+02  -8.626948759904451e+02  6.820473690404707e-01  5.447502394206090e-04  -5.589226863728287e-04
  1.524999999999989e+00  3.555289043816005e+04  -1.234591059943064e+04  1.208815795516018e+04  -7.922832852691768e+06  2.770234077110666e+03  -1.489733974085007e+03  6.765635582454089e-01  1.975897717996940e-04  -5.719965606837583e-04
  1.529999999999989e+00  3.730679172417210e+04  -1.040210365736311e+04  1.195674055349060e+04  -7.907916738428348e+06  5.240783899137845e+03  -2.055498481386961e+03  6.711888283149399e-01  -1.343551434520193e-04  -5.803703068234516e-04
  1.534999999999989e+00  3.870303369282959e+04  -8.447088274364070e+03  1.109159295162661e+04  -7.893253043901847e+06  7.910951744147248e+03  -2.417276431085930e+03  6.658210379986328e-01  -4.869487729679190e-04  -5.845843161191888e-04
  1.539999999999989e+00  3.956659562072346e+04  -6.417086112545173e+03  9.720957624544768e+03  -7.879089932335714e+06  1.059387937656463e+04  -2.644804400722909e+03  6.605193441567472e-01  -8.297942259569091e-04  -5.823174577796795e-04
  1.544999999999989e+00  3.994351387944065e+04  -4.329116892845701e+03  7.909818343361354e+03  -7.865465174620000e+06  1.324535967318899e+04  -2.746272098427648e+03  6.552842238012528e-01  -1.156089344564331e-03  -5.738016223577160e-04
  1.549999999999989e+00  3.991034603454846e+04  -2.056813598861351e+03  5.959655121143077e+03  -7.852463979140548e+06  1.565982714095985e+04  -2.828748063144165e+03  6.501306292830146e-01  -1.452610799430233e-03  -5.730708291435421e-04
  1.554999999999989e+00  3.955079213601245e+04  1.188983027470676e+02  3.513805152970138e+03  -7.839997126518236e+06  1.811229288385404e+04  -2.711417200709406e+03  6.450203514625436e-01  -1.733480703085638e-03  -5.541426566040413e-04
  1.559999999999989e+00  3.888157335685157e+04  2.327080192873097e+03  9.085068654420227e+02  -7.828178503491270e+06  2.039471077444337e+04  -2.501034203126230e+03  6.399787102476090e-01  -1.981824873993742e-03  -5.285115286991198e-04
  1.564999999999989e+00  3.794615398929523e+04  4.559494952272857e+03  -1.751696167119561e+03  -7.817040900025473e+06  2.245869671444900e+04  -2.210425403029708e+03  6.350066610570844e-01  -2.193793591913414e-03  -4.959874513125504e-04
  1.569999999999989e+00  3.691411613186336e+04  6.860419229779046e+03  -4.293061825013953e+03  -7.806590883210507e+06  2.414209988163589e+04  -1.935225806315200e+03  6.301018831072253e-01  -2.372289293238299e-03  -4.775592926486537e-04
  1.574999999999988e+00  3.550911307302422e+04  9.044015167643054e+03  -6.841055904575022e+03  -7.796911895054575e+06  2.564600417724186e+04  -1.503786281245264e+03  6.252740695095721e-01  -2.505493848692259e-03  -4.306975595275845e-04
  1.579999999999988e+00  3.380817693247357e+04  1.115398190142616e+04  -9.208961561090349e+03  -7.788022261341834e+06  2.679911872725719e+04  -1.014902359505433e+03  6.205271492869645e-01  -2.593507812762931e-03  -3.752896464192030e-04
  1.584999999999988e+00  3.205727631055845e+04  1.316515583229547e+04  -1.137573951521712e+04  -7.779920260235377e+06  2.751897416837279e+04  -5.507577001564532e+02  6.158586366391957e-01  -2.647995679065822e-03  -3.367154629137491e-04
  1.589999999999988e+00  2.962990429078560e+04  1.494496797065508e+04  -1.329199133108973e+04  -7.772736190998185e+06  2.788781894276465e+04  5.571905948216427e+01  6.112932138899686e-01  -2.643319238381316e-03  -2.631751628538586e-04
  1.594999999999988e+00  2.671200788554987e+04  1.647997714651857e+04  -1.492423780006601e+04  -7.766460578770684e+06  2.781331756192446e+04  7.177110686123928e+02  6.068287639790640e-01  -2.589945558837409e-03  -1.794393307248456e-04
  1.599999999999988e+00  2.324665145132220e+04  1.771650923387556e+04  -1.625600298952925e+04  -7.761132041562299e+06  2.728011240026403e+04  1.437918258415948e+03  6.024721634507695e-01  -2.488512702376067e-03  -8.523233876758048e-05
  1.604999999999988e+00  1.974817775452904e+04  1.865509015197548e+04  -1.735767962205150e+04  -7.756809748743454e+06  2.634227018621687e+04  2.132645046286265e+03  5.982341331418286e-01  -2.359936020080817e-03  -1.072084459496398e-05
  1.609999999999988e+00  1.515900294667456e+04  1.918973152164279e+04  -1.803671586050840e+04  -7.753521711651882e+06  2.490665265351443e+04  2.973022992972711e+03  5.941217725617558e-01  -2.169470756241068e-03  1.037976050079192e-04
  1.614999999999988e+00  1.002355200216649e+04  1.936271227420645e+04  -1.834025192783344e+04  -7.751292271851309e+06  2.302559934750629e+04  3.870783193085818e+03  5.901373299529565e-01  -1.939352841479883e-03  2.278592905092760e-04
  1.619999999999987e+00  4.419038007185835e+03  1.919363302112068e+04  -1.823222602594951e+04  -7.750152928341658e+06  2.072582893391065e+04  4.821747353612789e+03  5.862856377715574e-01  -1.674989676521125e-03  3.601604456881018e-04
  1.624999999999987e+00  -8.852153436759970e+02  1.877928733131703e+04  -1.777183989871739e+04  -7.750228688570898e+06  1.816881968608164e+04  5.702647613369269e+03  5.825941222642269e-01  -1.402703863581736e-03  4.720225099005888e-04
  1.629999999999987e+00  -7.077661570685735e+03  1.805444805822039e+04  -1.671730898709327e+04  -7.751372965651434e+06  1.515242576917464e+04  6.725843361888909e+03  5.790249660925403e-01  -1.089635168979049e-03  6.176380554159223e-04
  1.634999999999987e+00  -1.333902228306589e+04  1.714890070375406e+04  -1.513525243339795e+04  -7.753678235746830e+06  1.184938654904362e+04  7.768608279937248e+03  5.755957167908052e-01  -7.640272262441599e-04  7.652344850328617e-04
  1.639999999999987e+00  -1.950761370831321e+04  1.613341718783647e+04  -1.300598916145116e+04  -7.757165016027333e+06  8.320388723562011e+03  8.814948020142032e+03  5.723071159093643e-01  -4.342471753320530e-04  9.113555212409935e-04
  1.644999999999987e+00  -2.494561752115818e+04  1.506867101373277e+04  -1.044682391447053e+04  -7.761975795934550e+06  4.744754656935659e+03  9.720189503882890e+03  5.691969640817919e-01  -1.200263027231665e-04  1.040461849968161e-03
  1.649999999999987e+00  -3.053917149487827e+04  1.400173600813318e+04  -7.247423374861628e+03  -7.767877795018012e+06  9.512300142869942e+02  1.072396517171440e+04  5.661913385659514e-01  1.974918005750763e-04  1.176893841096189e-03
  1.654999999999987e+00  -3.562997207296854e+04  1.299567267302431e+04  -3.577150364733627e+03  -7.775008418502019e+06  -2.864071914944467e+03  1.168228484344921e+04  5.633234722122914e-01  4.975551488628162e-04  1.298903389081817e-03
  1.659999999999987e+00  -3.987084343215323e+04  1.199677135509700e+04  3.830806098384738e+02  -7.783462147484914e+06  -6.568477307894616e+03  1.247023531775797e+04  5.606327905214902e-01  7.732724086448233e-04  1.408953292867701e-03
  1.664999999999986e+00  -4.375550290767897e+04  1.115903524621254e+04  4.747584293698924e+03  -7.793072201276232e+06  -1.023505537603710e+04  1.330215016365383e+04  5.580359979379805e-01  1.027711271453589e-03  1.492916958235138e-03
  1.669999999999986e+00  -4.692709808427081e+04  1.042219096387517e+04  9.278194375279229e+03  -7.803944675329868e+06  -1.371547803843145e+04  1.404878134997559e+04  5.555718544734322e-01  1.253473679983795e-03  1.546745920837874e-03
  1.674999999999986e+00  -4.936346123579221e+04  9.768497173665704e+03  1.383679372827730e+04  -7.816084836452472e+06  -1.694730399861629e+04  1.470005832908698e+04  5.532388085566077e-01  1.449659248554785e-03  1.565784033570879e-03
  1.679999999999986e+00  -5.099393648794357e+04  9.025741943656236e+03  1.829982247860108e+04  -7.829443516756896e+06  -1.991539572990018e+04  1.518127568204423e+04  5.510695567664285e-01  1.623742264705386e-03  1.579478725692443e-03
  1.684999999999986e+00  -5.192215096698777e+04  8.448061590764646e+03  2.253093020290403e+04  -7.844072164827229e+06  -2.251033798275694e+04  1.562701510758450e+04  5.489884613890144e-01  1.763101006816581e-03  1.522144705732083e-03
  1.689999999999986e+00  -5.209182767108708e+04  7.863401397142805e+03  2.638063192044032e+04  -7.859939777052531e+06  -2.470851905455899e+04  1.595371680903472e+04  5.470312865845319e-01  1.874773506519515e-03  1.420127640675706e-03
  1.694999999999986e+00  -5.150874451135890e+04  7.238527449823393e+03  2.973549192681738e+04  -7.877020104586746e+06  -2.647623551498789e+04  1.615469268767816e+04  5.451955613321376e-01  1.960153173353542e-03  1.272627681086344e-03
  1.699999999999986e+00  -5.012078244997159e+04  6.434658281274949e+03  3.270940224614415e+04  -7.895089501871873e+06  -2.792885812512780e+04  1.620441963269666e+04  5.435003467012328e-01  2.026735747358589e-03  1.127282189671742e-03
  1.704999999999986e+00  -4.799751043795388e+04  5.671104477437437e+03  3.486439945629887e+04  -7.914458072817534e+06  -2.878756627565906e+04  1.613485782564423e+04  5.418935644867143e-01  2.061164669484982e-03  8.912760006719003e-04
  1.709999999999986e+00  -4.514392038197904e+04  4.805554585285346e+03  3.631973607196104e+04  -7.934916411244346e+06  -2.916559096968544e+04  1.591017453374888e+04  5.404003670336114e-01  2.070892363793929e-03  6.138965302911303e-04
  1.714999999999985e+00  -4.157641194201534e+04  3.828621970773391e+03  3.705708266231784e+04  -7.956409848927316e+06  -2.906374071068467e+04  1.551619532926818e+04  5.390187092080327e-01  2.055593479953881e-03  2.992921776761112e-04
  1.719999999999985e+00  -3.723561225244477e+04  2.695642057959266e+03  3.737004915775891e+04  -7.978586930020828e+06  -2.869747528833203e+04  1.499626390599544e+04  5.377485712183117e-01  2.017549033805434e-03  -3.796597891703216e-06
  1.724999999999985e+00  -3.231701241139445e+04  1.503981461878544e+03  3.669369225949894e+04  -8.001953683674963e+06  -2.768193940830659e+04  1.423493019198420e+04  5.365769872483209e-01  1.950502048686410e-03  -3.793348803916065e-04
  1.729999999999985e+00  -2.681413925603472e+04  1.924505582653712e+02  3.534562383178140e+04  -8.026167788654294e+06  -2.623709168592353e+04  1.325785964203061e+04  5.355119321797258e-01  1.857453627135809e-03  -7.737441148264647e-04
  1.734999999999985e+00  -2.075402716798612e+04  -1.232701799732675e+03  3.360708403557928e+04  -8.050809731076102e+06  -2.462043787627321e+04  1.220686569769766e+04  5.345362439909280e-01  1.741275173463312e-03  -1.147296310208450e-03
  1.739999999999985e+00  -1.429880024777494e+04  -2.765654358217098e+03  3.102664410899276e+04  -8.076491598359183e+06  -2.242415575664548e+04  1.078769737631533e+04  5.336709426892886e-01  1.598613144167148e-03  -1.559288003354425e-03
  1.744999999999985e+00  -7.483761391691162e+03  -4.417139844050840e+03  2.792154131535700e+04  -8.102796710238650e+06  -1.991572586503117e+04  9.121330194977001e+03  5.329069786668085e-01  1.433382520961773e-03  -1.964253257353410e-03
  1.749999999999985e+00  -3.836666658599775e+02  -6.182587151015043e+03  2.435439999957833e+04  -8.129641276530272e+06  -1.714723387537150e+04  7.206713338401667e+03  5.322417456802935e-01  1.248305347422010e-03  -2.352765806151636e-03
  1.754999999999985e+00  6.849827574418545e+03  -7.970420249291804e+03  2.049237798432276e+04  -8.156558502146292e+06  -1.437462716875849e+04  5.345270799808904e+03  5.316274924511305e-01  1.048028297422638e-03  -2.707032935384857e-03
  1.759999999999984e+00  1.423025297640879e+04  -9.905069213144412e+03  1.617935962267872e+04  -8.184208351713751e+06  -1.124326454834835e+04  2.989101491754393e+03  5.311424498005196e-01  8.324948239655625e-04  -3.040201232069778e-03
  1.764999999999984e+00  2.167194595028704e+04  -1.190293572299190e+04  1.162449211163919e+04  -8.212119504038751e+06  -8.023507480910546e+03  4.248602611514428e+02  5.307460895561705e-01  6.073996647242359e-04  -3.330028108243975e-03
  1.769999999999984e+00  2.911532362851023e+04  -1.393088019535839e+04  6.911768721814975e+03  -8.240192535505346e+06  -4.775688559110607e+03  -2.318573463559886e+03  5.304345082006943e-01  3.763056424004732e-04  -3.569032242051149e-03
  1.774999999999984e+00  3.628270626072196e+04  -1.578235794476937e+04  2.116516070236949e+03  -8.267987677958424e+06  -1.675314991362731e+03  -4.849198260231983e+03  5.301378923708435e-01  1.365734060278521e-04  -3.767663325508620e-03
  1.779999999999984e+00  4.347572411782815e+04  -1.772041077871473e+04  -2.661341842639903e+03  -8.296098517937481e+06  1.488137360406853e+03  -7.842210350728506e+03  5.299818391695928e-01  -9.981485607630827e-05  -3.891789785983146e-03
  1.784999999999984e+00  5.048804523227466e+04  -1.955076975942180e+04  -7.327510578268474e+03  -8.324081252558343e+06  4.520165373467419e+03  -1.090304065886262e+04  5.299030496920168e-01  -3.344899698489600e-04  -3.949897851097658e-03
  1.789999999999984e+00  5.724843570738595e+04  -2.122169555924552e+04  -1.179666378065386e+04  -8.351847991398131e+06  7.375517792209153e+03  -1.398630605180902e+04  5.299006813643667e-01  -5.659768313862668e-04  -3.940037338150197e-03
  1.794999999999984e+00  6.331616664554323e+04  -2.247520679320489e+04  -1.607784669968666e+04  -8.379098327492318e+06  1.002479872138641e+04  -1.673012756760808e+04  5.298989139159814e-01  -8.043439136928871e-04  -3.898171464867933e-03
  1.799999999999984e+00  6.922737277820903e+04  -2.368809368959795e+04  -1.995033757643285e+04  -8.406232118963769e+06  1.245851627703448e+04  -1.973584896830927e+04  5.300516971593080e-01  -1.025951068418356e-03  -3.755174764613595e-03
  1.804999999999984e+00  7.459948772717488e+04  -2.462104751466144e+04  -2.343159618020915e+04  -8.432944138527624e+06  1.462190029306264e+04  -2.262339999011476e+04  5.302861497804376e-01  -1.240505550393358e-03  -3.547308442452083e-03
  1.809999999999983e+00  7.888949345642724e+04  -2.505861073482940e+04  -2.661767023407012e+04  -8.459105856303167e+06  1.660044784010606e+04  -2.511938151184292e+04  5.305291434151744e-01  -1.457829442326006e-03  -3.323046577498312e-03
  1.814999999999983e+00  8.275374317708447e+04  -2.537738838628832e+04  -2.923232492240132e+04  -8.484877126877004e+06  1.821379413812520e+04  -2.765323290724484e+04  5.309377295243740e-01  -1.652375727586580e-03  -2.999359380529516e-03
  1.819999999999983e+00  8.573445549798432e+04  -2.536551359800971e+04  -3.137739018891510e+04  -8.510114759036183e+06  1.952032758638839e+04  -2.992767103783248e+04  5.314361161011462e-01  -1.834669145673606e-03  -2.626655107717043e-03
  1.824999999999983e+00  8.772790859522184e+04  -2.501642583061367e+04  -3.304648395040829e+04  -8.534799056124309e+06  2.052078473439239e+04  -3.189819555951612e+04  5.320248000300933e-01  -2.002481162090261e-03  -2.212754826387644e-03
  1.829999999999983e+00  8.810284709310571e+04  -2.421534221136420e+04  -3.442951131792636e+04  -8.559041785305982e+06  2.143614992843930e+04  -3.345203473379643e+04  5.326395871174893e-01  -2.159017786099432e-03  -1.807065104730690e-03
  1.834999999999983e+00  8.786246985641483e+04  -2.320317692937694e+04  -3.516219241283584e+04  -8.582633242088383e+06  2.187515980786840e+04  -3.473298486108250e+04  5.334088049387450e-01  -2.288380979485110e-03  -1.333538919703650e-03
  1.839999999999983e+00  8.648877800491521e+04  -2.183814107342658e+04  -3.541751966497832e+04  -8.605654889442079e+06  2.203879766345983e+04  -3.560249481057011e+04  5.342580925012494e-01  -2.395857918492743e-03  -8.453520222995909e-04
  1.844999999999983e+00  8.398940422951954e+04  -2.011120011543978e+04  -3.519496041021826e+04  -8.628112096116083e+06  2.194849978964070e+04  -3.603485559092240e+04  5.351789947555423e-01  -2.479134497468040e-03  -3.520527976455363e-04
  1.849999999999983e+00  7.981536171968002e+04  -1.803155125069580e+04  -3.473083338107161e+04  -8.650333315650338e+06  2.189146924252149e+04  -3.612535257630430e+04  5.361251408848529e-01  -2.537058899328052e-03  1.149677692112655e-04
  1.854999999999982e+00  7.523624047309406e+04  -1.558196959024773e+04  -3.355609155379421e+04  -8.671732535374716e+06  2.137097993844487e+04  -3.568011401774416e+04  5.371645166111689e-01  -2.565244120939857e-03  5.982866009955364e-04
  1.859999999999982e+00  6.975392016052631e+04  -1.274513118551962e+04  -3.189828930598194e+04  -8.692612683012435e+06  2.067138108491982e+04  -3.476595038560478e+04  5.382394804637214e-01  -2.564600799268341e-03  1.061640486105547e-03
  1.864999999999982e+00  6.347488345366211e+04  -9.522594972071733e+03  -2.976499478122616e+04  -8.713001346666260e+06  1.982319583652333e+04  -3.338673801862006e+04  5.393360404031344e-01  -2.534282643766838e-03  1.498368843033550e-03
  1.869999999999982e+00  5.598406300268064e+04  -6.100069456960246e+03  -2.743354995635861e+04  -8.733370831220144e+06  1.909251925820044e+04  -3.183252632846682e+04  5.404429343121480e-01  -2.471624188784452e-03  1.906451660850585e-03
  1.874999999999982e+00  4.851965453661379e+04  -2.189163992520030e+03  -2.440828570974539e+04  -8.752899163110849e+06  1.801856536178839e+04  -2.959226700672471e+04  5.415529705575512e-01  -2.380218617905030e-03  2.280422340986292e-03
  1.879999999999982e+00  4.060706767730461e+04  2.028407752197235e+03  -2.099200978095672e+04  -8.772056379786683e+06  1.688012075350937e+04  -2.693125603227969e+04  5.426475539158897e-01  -2.258741617712806e-03  2.614077648235803e-03
  1.884999999999982e+00  3.234122090148260e+04  6.495277192210227e+03  -1.724276907379978e+04  -8.790898382967919e+06  1.570437452096189e+04  -2.387491462870643e+04  5.437178067992916e-01  -2.107642293660378e-03  2.905274879675654e-03
  1.889999999999982e+00  2.345994160200776e+04  1.085806338844473e+04  -1.344843732044086e+04  -8.809939059819981e+06  1.467964214369272e+04  -2.081939418640110e+04  5.447979614619480e-01  -1.924521498455250e-03  3.175077922505908e-03
  1.894999999999982e+00  1.481649243189148e+04  1.558086762703341e+04  -9.235408822621521e+03  -8.828333857739486e+06  1.347633280393867e+04  -1.706770983925645e+04  5.458121361946291e-01  -1.716995984888305e-03  3.379465689336864e-03
  1.899999999999981e+00  6.031602629502460e+03  2.030713065348806e+04  -4.933544839055317e+03  -8.846613668230627e+06  1.230415656080570e+04  -1.300947106296961e+04  5.467901660775815e-01  -1.483726548118244e-03  3.538133045539724e-03
  1.904999999999981e+00  -3.011166857454588e+03  2.464507339826704e+04  -7.629578366214749e+02  -8.865234735690495e+06  1.128665094982315e+04  -9.057685499404903e+03  5.477949899743229e-01  -1.224025430254371e-03  3.681229773005477e-03
  1.909999999999981e+00  -1.182142099357492e+04  2.909247366704309e+04  3.463974845124778e+03  -8.883485390379570e+06  1.020549620813998e+04  -4.492070055988432e+03  5.487108930243464e-01  -9.467388717986241e-04  3.748913341672964e-03
  1.914999999999981e+00  -2.063156804154376e+04  3.325987195880622e+04  7.493098960196079e+03  -8.901847548350826e+06  9.208112451614026e+03  2.629922121105610e+02  5.495971367860779e-01  -6.522496469799664e-04  3.772599180532368e-03
  1.919999999999981e+00  -2.938858674872555e+04  3.706221527663445e+04  1.123880804736645e+04  -8.920395855233917e+06  8.308867426036335e+03  5.159744767542403e+03  5.504583017866563e-01  -3.444596451116339e-04  3.754180279993236e-03
  1.924999999999981e+00  -3.781728000992552e+04  4.020371212999767e+04  1.468674223224501e+04  -8.939400839025525e+06  7.521734834166260e+03  9.832560918112662e+03  5.513711976467991e-01  -2.318645488737742e-05  3.723973941807427e-03
  1.929999999999981e+00  -4.612898042008812e+04  4.309607827619381e+04  1.771101435844690e+04  -8.958467509573016e+06  6.813239810030898e+03  1.487276990449405e+04  5.521950552074872e-01  2.981536404370949e-04  3.626219762825164e-03
  1.934999999999981e+00  -5.414936071502150e+04  4.544834541210039e+04  2.028190885680189e+04  -8.977898865227196e+06  6.226002102836909e+03  1.988661409735500e+04  5.530040475634140e-01  6.191110312255738e-04  3.495512873930240e-03
  1.939999999999981e+00  -6.176717697790937e+04  4.722990867635630e+04  2.237718535656944e+04  -8.997736264451880e+06  5.761054258547450e+03  2.480927703020183e+04  5.537998125043327e-01  9.349933533251677e-04  3.336355836394759e-03
  1.944999999999981e+00  -6.829151052252474e+04  4.830463125117412e+04  2.419442514758780e+04  -9.017962169445131e+06  5.301400046530806e+03  2.937442180784142e+04  5.546435124221178e-01  1.250132478087704e-03  3.173098583487269e-03
  1.949999999999980e+00  -7.462660064849147e+04  4.893224936896237e+04  2.536539511575282e+04  -9.038625107939089e+06  5.028085362138088e+03  3.393844670482125e+04  5.554061468168943e-01  1.543285934755240e-03  2.968338875121923e-03
  1.954999999999980e+00  -8.018335223511854e+04  4.897046929955725e+04  2.608036890081602e+04  -9.059742067029791e+06  4.854670665858806e+03  3.820588415637484e+04  5.561501948600823e-01  1.819050591394330e-03  2.750612595246176e-03
  1.959999999999980e+00  -8.483077737702642e+04  4.843263977698303e+04  2.637034868129661e+04  -9.081302757824665e+06  4.765034444047811e+03  4.210899115126680e+04  5.568714791248924e-01  2.074265618203130e-03  2.524773052325969e-03
  1.964999999999980e+00  -8.763278525655088e+04  4.734104550342954e+04  2.656115050676009e+04  -9.103018435252836e+06  4.532772327995539e+03  4.553796253353488e+04  5.576006689705925e-01  2.318252377070996e-03  2.301045824597192e-03
  1.969999999999980e+00  -9.009205647548541e+04  4.573577741455689e+04  2.611879079551762e+04  -9.125357408264374e+06  4.531200498493946e+03  4.856023170415504e+04  5.582544669489934e-01  2.524518791267521e-03  2.066579316619828e-03
  1.974999999999980e+00  -9.136782493183106e+04  4.362267734420464e+04  2.536075561654759e+04  -9.148054424967077e+06  4.555922718413677e+03  5.104525846220954e+04  5.588692855321071e-01  2.703609435863261e-03  1.833422851997070e-03
  1.979999999999980e+00  -9.049584501208743e+04  4.114606937875758e+04  2.464704957269780e+04  -9.170689794170337e+06  4.354497183154229e+03  5.302352689252110e+04  5.594527845430026e-01  2.865128038218292e-03  1.600284204955678e-03
  1.984999999999980e+00  -8.930477289473520e+04  3.812911331153486e+04  2.336110830095455e+04  -9.193953826811224e+06  4.360288330362368e+03  5.434835922810571e+04  5.599680858922330e-01  2.985086802496389e-03  1.368085498057372e-03
  1.989999999999980e+00  -8.689773538203644e+04  3.469909080318278e+04  2.186201869929308e+04  -9.217433034401830e+06  4.329846555151282e+03  5.503481995002479e+04  5.604296552798680e-01  3.074876450502641e-03  1.136331637566721e-03
  1.994999999999979e+00  -8.331702863890587e+04  3.089407664478282e+04  2.018268646582373e+04  -9.241070591182098e+06  4.241112461032966e+03  5.506858924711363e+04  5.608334681207172e-01  3.134035013302329e-03  9.027860432314262e-04
  1.999999999999979e+00  -7.775583801185679e+04  2.698051201200790e+04  1.864169970410700e+04  -9.264430699093405e+06  3.876336772957158e+03  5.465582278658899e+04  5.611659387259067e-01  3.167471278225479e-03  6.576826902266122e-04
