TITLE = "Temporal Signal for receiver number 00002"
VARIABLES = "Time","s_xx","s_yy","s_zz","s_xy","s_yz","s_xz","v1","v2","v3"
# x1       0.000000000000e+00
# x2       -2.000000000000e+03
# x3       -7.500000000000e+03
# cell-global-id 8084
  0.000000000000000e+00  0.000000000000000e+00  0.000000000000000e+00  0.000000000000000e+00  0.000000000000000e+00  0.000000000000000e+00  0.000000000000000e+00  0.000000000000000e+00  0.000000000000000e+00  0.000000000000000e+00
  5.000000000000000e-03  0.000000000000000e+00  0.000000000000000e+00  0.000000000000000e+00  0.000000000000000e+00  0.000000000000000e+00  0.000000000000000e+00  0.000000000000000e+00  0.000000000000000e+00  0.000000000000000e+00
  1.000000000000000e-02  0.000000000000000e+00  0.000000000000000e+00  0.000000000000000e+00  0.000000000000000e+00  0.000000000000000e+00  0.000000000000000e+00  0.000000000000000e+00  0.000000000000000e+00  0.000000000000000e+00
  1.500000000000000e-02  0.000000000000000e+00  0.000000000000000e+00  0.000000000000000e+00  0.000000000000000e+00  0.000000000000000e+00  0.000000000000000e+00  0.000000000000000e+00  0.000000000000000e+00  0.000000000000000e+00
  2.000000000000000e-02  0.000000000000000e+00  0.000000000000000e+00  0.000000000000000e+00  0.000000000000000e+00  0.000000000000000e+00  0.000000000000000e+00  0.000000000000000e+00  0.000000000000000e+00  0.000000000000000e+00
  2.500000000000000e-02  0.000000000000000e+00  0.000000000000000e+00  0.000000000000000e+00  0.000000000000000e+00  0.000000000000000e+00  0.000000000000000e+00  0.000000000000000e+00  0.000000000000000e+00  0.000000000000000e+00
  3.000000000000000e-02  0.000000000000000e+00  0.000000000000000e+00  0.000000000000000e+00  0.000000000000000e+00  0.000000000000000e+00  0.000000000000000e+00  0.000000000000000e+00  0.000000000000000e+00  0.000000000000000e+00
  3.500000000000000e-02  0.000000000000000e+00  0.000000000000000e+00  0.000000000000000e+00  0.000000000000000e+00  0.000000000000000e+00  0.000000000000000e+00  0.000000000000000e+00  0.000000000000000e+00  0.000000000000000e+00
  4.000000000000000e-02  0.000000000000000e+00  0.000000000000000e+00  0.000000000000000e+00  0.000000000000000e+00  0.000000000000000e+00  0.000000000000000e+00  0.000000000000000e+00  0.000000000000000e+00  0.000000000000000e+00
  4.500000000000000e-02  0.000000000000000e+00  0.000000000000000e+00  0.000000000000000e+00  0.000000000000000e+00  0.000000000000000e+00  0.000000000000000e+00  0.000000000000000e+00  0.000000000000000e+00  0.000000000000000e+00
  5.000000000000000e-02  0.000000000000000e+00  0.000000000000000e+00  0.000000000000000e+00  0.000000000000000e+00  0.000000000000000e+00  0.000000000000000e+00  0.000000000000000e+00  0.000000000000000e+00  0.000000000000000e+00
  5.499999999999999e-02  0.000000000000000e+00  0.000000000000000e+00  0.000000000000000e+00  0.000000000000000e+00  0.000000000000000e+00  0.000000000000000e+00  0.000000000000000e+00  0.000000000000000e+00  0.000000000000000e+00
  5.999999999999999e-02  0.000000000000000e+00  0.000000000000000e+00  0.000000000000000e+00  0.000000000000000e+00  0.000000000000000e+00  0.000000000000000e+00  0.000000000000000e+00  0.000000000000000e+00  0.000000000000000e+00
  6.499999999999999e-02  0.000000000000000e+00  0.000000000000000e+00  0.000000000000000e+00  0.000000000000000e+00  0.000000000000000e+00  0.000000000000000e+00  0.000000000000000e+00  0.000000000000000e+00  0.000000000000000e+00
  6.999999999999999e-02  0.000000000000000e+00  0.000000000000000e+00  0.000000000000000e+00  0.000000000000000e+00  0.000000000000000e+00  0.000000000000000e+00  0.000000000000000e+00  0.000000000000000e+00  0.000000000000000e+00
  7.500000000000000e-02  0.000000000000000e+00  0.000000000000000e+00  0.000000000000000e+00  0.000000000000000e+00  0.000000000000000e+00  0.000000000000000e+00  0.000000000000000e+00  0.000000000000000e+00  0.000000000000000e+00
  8.000000000000000e-02  0.000000000000000e+00  0.000000000000000e+00  0.000000000000000e+00  0.000000000000000e+00  0.000000000000000e+00  0.000000000000000e+00  0.000000000000000e+00  0.000000000000000e+00  0.000000000000000e+00
  8.500000000000001e-02  0.000000000000000e+00  0.000000000000000e+00  0.000000000000000e+00  0.000000000000000e+00  0.000000000000000e+00  0.000000000000000e+00  0.000000000000000e+00  0.000000000000000e+00  0.000000000000000e+00
  9.000000000000001e-02  0.000000000000000e+00  0.000000000000000e+00  0.000000000000000e+00  0.000000000000000e+00  0.000000000000000e+00  0.000000000000000e+00  0.000000000000000e+00  0.000000000000000e+00  0.000000000000000e+00
  9.500000000000001e-02  0.000000000000000e+00  0.000000000000000e+00  0.000000000000000e+00  0.000000000000000e+00  0.000000000000000e+00  0.000000000000000e+00  0.000000000000000e+00  0.000000000000000e+00  0.000000000000000e+00
  1.000000000000000e-01  0.000000000000000e+00  0.000000000000000e+00  0.000000000000000e+00  0.000000000000000e+00  0.000000000000000e+00  0.000000000000000e+00  0.000000000000000e+00  0.000000000000000e+00  0.000000000000000e+00
  1.050000000000000e-01  0.000000000000000e+00  0.000000000000000e+00  0.000000000000000e+00  0.000000000000000e+00  0.000000000000000e+00  0.000000000000000e+00  0.000000000000000e+00  0.000000000000000e+00  0.000000000000000e+00
  1.100000000000000e-01  0.000000000000000e+00  0.000000000000000e+00  0.000000000000000e+00  0.000000000000000e+00  0.000000000000000e+00  0.000000000000000e+00  0.000000000000000e+00  0.000000000000000e+00  0.000000000000000e+00
  1.150000000000000e-01  0.000000000000000e+00  0.000000000000000e+00  0.000000000000000e+00  0.000000000000000e+00  0.000000000000000e+00  0.000000000000000e+00  0.000000000000000e+00  0.000000000000000e+00  0.000000000000000e+00
  1.200000000000000e-01  0.000000000000000e+00  0.000000000000000e+00  0.000000000000000e+00  0.000000000000000e+00  0.000000000000000e+00  0.000000000000000e+00  0.000000000000000e+00  0.000000000000000e+00  0.000000000000000e+00
  1.250000000000000e-01  0.000000000000000e+00  0.000000000000000e+00  0.000000000000000e+00  0.000000000000000e+00  0.000000000000000e+00  0.000000000000000e+00  0.000000000000000e+00  0.000000000000000e+00  0.000000000000000e+00
  1.300000000000000e-01  0.000000000000000e+00  0.000000000000000e+00  0.000000000000000e+00  0.000000000000000e+00  0.000000000000000e+00  0.000000000000000e+00  0.000000000000000e+00  0.000000000000000e+00  0.000000000000000e+00
  1.350000000000000e-01  0.000000000000000e+00  0.000000000000000e+00  0.000000000000000e+00  0.000000000000000e+00  0.000000000000000e+00  0.000000000000000e+00  0.000000000000000e+00  0.000000000000000e+00  0.000000000000000e+00
  1.400000000000000e-01  0.000000000000000e+00  0.000000000000000e+00  0.000000000000000e+00  0.000000000000000e+00  0.000000000000000e+00  0.000000000000000e+00  0.000000000000000e+00  0.000000000000000e+00  0.000000000000000e+00
  1.450000000000000e-01  0.000000000000000e+00  0.000000000000000e+00  0.000000000000000e+00  0.000000000000000e+00  0.000000000000000e+00  0.000000000000000e+00  0.000000000000000e+00  0.000000000000000e+00  0.000000000000000e+00
  1.500000000000000e-01  0.000000000000000e+00  0.000000000000000e+00  0.000000000000000e+00  0.000000000000000e+00  0.000000000000000e+00  0.000000000000000e+00  0.000000000000000e+00  0.000000000000000e+00  0.000000000000000e+00
  1.550000000000001e-01  0.000000000000000e+00  0.000000000000000e+00  0.000000000000000e+00  0.000000000000000e+00  0.000000000000000e+00  0.000000000000000e+00  0.000000000000000e+00  0.000000000000000e+00  0.000000000000000e+00
  1.600000000000001e-01  0.000000000000000e+00  0.000000000000000e+00  0.000000000000000e+00  0.000000000000000e+00  0.000000000000000e+00  0.000000000000000e+00  0.000000000000000e+00  0.000000000000000e+00  0.000000000000000e+00
  1.650000000000001e-01  0.000000000000000e+00  0.000000000000000e+00  0.000000000000000e+00  0.000000000000000e+00  0.000000000000000e+00  0.000000000000000e+00  0.000000000000000e+00  0.000000000000000e+00  0.000000000000000e+00
  1.700000000000001e-01  0.000000000000000e+00  0.000000000000000e+00  0.000000000000000e+00  0.000000000000000e+00  0.000000000000000e+00  0.000000000000000e+00  0.000000000000000e+00  0.000000000000000e+00  0.000000000000000e+00
  1.750000000000001e-01  0.000000000000000e+00  0.000000000000000e+00  0.000000000000000e+00  0.000000000000000e+00  0.000000000000000e+00  0.000000000000000e+00  0.000000000000000e+00  0.000000000000000e+00  0.000000000000000e+00
  1.800000000000001e-01  0.000000000000000e+00  0.000000000000000e+00  0.000000000000000e+00  0.000000000000000e+00  0.000000000000000e+00  0.000000000000000e+00  0.000000000000000e+00  0.000000000000000e+00  0.000000000000000e+00
  1.850000000000001e-01  0.000000000000000e+00  0.000000000000000e+00  0.000000000000000e+00  0.000000000000000e+00  0.000000000000000e+00  0.000000000000000e+00  0.000000000000000e+00  0.000000000000000e+00  0.000000000000000e+00
  1.900000000000001e-01  0.000000000000000e+00  0.000000000000000e+00  0.000000000000000e+00  0.000000000000000e+00  0.000000000000000e+00  0.000000000000000e+00  0.000000000000000e+00  0.000000000000000e+00  0.000000000000000e+00
  1.950000000000001e-01  0.000000000000000e+00  0.000000000000000e+00  0.000000000000000e+00  0.000000000000000e+00  0.000000000000000e+00  0.000000000000000e+00  0.000000000000000e+00  0.000000000000000e+00  0.000000000000000e+00
  2.000000000000001e-01  0.000000000000000e+00  0.000000000000000e+00  0.000000000000000e+00  0.000000000000000e+00  0.000000000000000e+00  0.000000000000000e+00  0.000000000000000e+00  0.000000000000000e+00  0.000000000000000e+00
  2.050000000000001e-01  0.000000000000000e+00  0.000000000000000e+00  0.000000000000000e+00  0.000000000000000e+00  0.000000000000000e+00  0.000000000000000e+00  0.000000000000000e+00  0.000000000000000e+00  0.000000000000000e+00
  2.100000000000001e-01  0.000000000000000e+00  0.000000000000000e+00  0.000000000000000e+00  0.000000000000000e+00  0.000000000000000e+00  0.000000000000000e+00  0.000000000000000e+00  0.000000000000000e+00  0.000000000000000e+00
  2.150000000000001e-01  0.000000000000000e+00  0.000000000000000e+00  0.000000000000000e+00  0.000000000000000e+00  0.000000000000000e+00  0.000000000000000e+00  0.000000000000000e+00  0.000000000000000e+00  0.000000000000000e+00
  2.200000000000001e-01  0.000000000000000e+00  0.000000000000000e+00  0.000000000000000e+00  0.000000000000000e+00  0.000000000000000e+00  0.000000000000000e+00  0.000000000000000e+00  0.000000000000000e+00  0.000000000000000e+00
  2.250000000000001e-01  0.000000000000000e+00  0.000000000000000e+00  0.000000000000000e+00  0.000000000000000e+00  0.000000000000000e+00  0.000000000000000e+00  0.000000000000000e+00  0.000000000000000e+00  0.000000000000000e+00
  2.300000000000001e-01  0.000000000000000e+00  0.000000000000000e+00  0.000000000000000e+00  0.000000000000000e+00  0.000000000000000e+00  0.000000000000000e+00  0.000000000000000e+00  0.000000000000000e+00  0.000000000000000e+00
  2.350000000000001e-01  0.000000000000000e+00  0.000000000000000e+00  0.000000000000000e+00  0.000000000000000e+00  0.000000000000000e+00  0.000000000000000e+00  0.000000000000000e+00  0.000000000000000e+00  0.000000000000000e+00
  2.400000000000001e-01  0.000000000000000e+00  0.000000000000000e+00  0.000000000000000e+00  0.000000000000000e+00  0.000000000000000e+00  0.000000000000000e+00  0.000000000000000e+00  0.000000000000000e+00  0.000000000000000e+00
  2.450000000000001e-01  0.000000000000000e+00  0.000000000000000e+00  0.000000000000000e+00  0.000000000000000e+00  0.000000000000000e+00  0.000000000000000e+00  0.000000000000000e+00  0.000000000000000e+00  0.000000000000000e+00
  2.500000000000001e-01  -2.451304870396449e-01  -1.646782606588591e-01  -1.826726712366635e-01  3.914472754303321e-02  6.940720483106368e-02  -9.467504423028075e-02  3.813529746254320e-09  -1.478582209823265e-08  6.005348917915103e-09
  2.550000000000001e-01  -1.293497089964204e+01  -1.546988464750289e+01  -7.755461272843071e+00  1.172665670894036e+01  4.730875304076291e+00  -2.105035979642292e+00  1.251729954796432e-06  -1.071758969011487e-06  5.136446962428092e-07
  2.600000000000001e-01  -8.443130271995248e+01  -9.415425261988435e+01  -4.171319582596862e+01  9.846038511502847e+01  2.600195064005732e+01  -9.053324907172522e+00  1.046411746477323e-05  -6.276235313105623e-06  2.894461778988172e-06
  2.650000000000001e-01  -1.741541029280255e+02  -1.746318720321998e+02  -8.560933896481018e+01  2.011001471089321e+02  5.067016674750214e+01  -2.366057770406280e+01  2.086972890713488e-05  -1.213448505208554e-05  5.473311572475521e-06
  2.700000000000001e-01  -3.511603826584289e+02  -2.977523825567636e+02  -1.329426233657035e+02  4.965655061930792e+02  9.445456464677316e+01  -3.487820113872679e+01  5.073500062698746e-05  -1.968129515514678e-05  9.899766260354491e-06
  2.750000000000001e-01  -4.937359326527978e+02  -3.057849832227947e+02  -1.144050260291852e+02  8.641364854784194e+02  1.257178709075653e+02  -3.009052598847555e+01  8.634305423683599e-05  -1.793624885911183e-05  1.192751086705434e-05
  2.800000000000001e-01  -5.095358898166949e+02  -1.406947577058279e+02  -2.500378542333633e+00  1.162822139604673e+03  1.246120450896418e+02  -4.303793894058511e-01  1.122932397759352e-04  -3.022863404074449e-06  9.077283062628290e-06
  2.850000000000001e-01  -3.936753717570821e+02  7.437019303230575e+00  9.110756640035073e+01  1.180193336928611e+03  9.062826621668873e+01  4.147846051188961e+01  1.052543326582388e-04  6.120661147926105e-06  4.528676332142433e-06
  2.900000000000001e-01  -1.255659049041637e+02  2.947808043775949e+02  2.973195002959054e+02  1.062943575573948e+03  2.290272759652147e+01  1.268477460876718e+02  8.357922776050037e-05  3.059526735896860e-05  -6.186060772705631e-06
  2.950000000000002e-01  2.650941229436794e+02  4.726105590175949e+02  4.688596395766230e+02  5.663681049671560e+02  -6.308768945398977e+01  2.300438618664321e+02  2.323408148299655e-05  4.880383871068106e-05  -1.858758650209318e-05
  3.000000000000002e-01  7.000905916594540e+02  4.043598422695222e+02  5.352231385401604e+02  -3.067624480979807e+02  -1.414680842543931e+02  3.380656035740610e+02  -7.281414706051336e-05  5.164097692188392e-05  -2.901981818839884e-05
  3.050000000000002e-01  8.955192935802822e+02  1.491546397656301e+02  4.837240605960700e+02  -8.667368364592467e+02  -1.652998583343401e+02  4.250235565197091e+02  -1.375997555641257e-04  3.572871238869606e-05  -3.007321571140122e-05
  3.100000000000002e-01  1.177520834949156e+03  -3.963966177832098e+02  2.997644406691796e+02  -2.040677098663399e+03  -1.535444783318454e+02  4.919023691996184e+02  -2.535624686194769e-04  7.799849062100570e-06  -2.804355827636463e-05
  3.150000000000002e-01  1.325659993565578e+03  -1.132833118092935e+03  -1.372331758980170e+01  -3.214207562413257e+03  -6.727976156567640e+01  5.132071340005152e+02  -3.616328720129647e-04  -3.349603844964370e-05  -1.629913925000469e-05
  3.200000000000002e-01  1.324727001479360e+03  -1.896733454220141e+03  -3.986736702172517e+02  -4.177879609216573e+03  9.947470395692724e+01  4.735228752149542e+02  -4.413433443760161e-04  -7.912784108426142e-05  5.319058874376637e-06
  3.250000000000002e-01  1.046301595952833e+03  -2.266144504284483e+03  -7.117632277772287e+02  -4.247327276868526e+03  3.122853246035137e+02  3.455225163583787e+02  -4.314091746149582e-04  -1.064859678337932e-04  3.191134172961111e-05
  3.300000000000002e-01  8.323811209930435e+02  -2.617961762423204e+03  -1.056807377610618e+03  -4.480534460763532e+03  5.889020430314280e+02  1.603491213432062e+02  -4.274661617679114e-04  -1.327174128936999e-04  6.520123478319018e-05
  3.350000000000002e-01  5.395750449395385e+02  -2.554590814106081e+03  -1.287415115826882e+03  -4.123603410219258e+03  8.906028238303699e+02  -9.953431079606285e+01  -3.642066749149676e-04  -1.379605502718078e-04  1.000348693517835e-04
  3.400000000000002e-01  1.722467937475430e+02  -2.064783940707525e+03  -1.392221850075173e+03  -3.313942042015417e+03  1.114365943347535e+03  -4.149745594749352e+02  -2.557446848127107e-04  -1.166458042014320e-04  1.254753368861356e-04
  3.450000000000002e-01  -1.408642473542781e+02  -1.160803913371935e+03  -1.336008194225885e+03  -2.020949152046294e+03  1.340821781493516e+03  -7.685654788640796e+02  -1.033609680843303e-04  -7.503832196795976e-05  1.488298382279317e-04
  3.500000000000002e-01  -4.739175505285745e+02  1.543683227976477e+02  -1.115644662208714e+03  -1.849577713113054e+02  1.478845308930483e+03  -1.145154122454895e+03  9.558507732768897e-05  -1.032720756717854e-05  1.608357669598631e-04
  3.550000000000002e-01  -8.262035543821122e+02  1.759895668351719e+03  -7.608681687169749e+02  2.069751149230076e+03  1.492829938698247e+03  -1.516701437064430e+03  3.276619190745613e-04  7.179519625907906e-05  1.582687586691590e-04
  3.600000000000002e-01  -9.813788618876943e+02  3.146845328153782e+03  -4.071942727914546e+02  3.449871257628435e+03  1.308580287024100e+03  -1.792876610575199e+03  4.810222751007421e-04  1.527528033943826e-04  1.349315370570250e-04
  3.650000000000002e-01  -1.308214447607417e+03  4.817341436549358e+03  8.179384214876494e+01  5.838295481153405e+03  1.031694514154886e+03  -2.055539098565086e+03  7.123523906001388e-04  2.444412945834501e-04  1.005258933299298e-04
  3.700000000000002e-01  -1.662780753938982e+03  6.293795284989702e+03  5.581471920091843e+02  8.111339656398662e+03  5.998570742920549e+02  -2.231813000112836e+03  9.255401788086292e-04  3.280769120274741e-04  5.072609692984797e-05
  3.750000000000002e-01  -2.035243343722121e+03  7.412389916987389e+03  9.665059333162247e+02  1.003801399254067e+04  2.758595863528850e+01  -2.298707625315466e+03  1.099946296563338e-03  3.944401995731949e-04  -1.209073670028573e-05
  3.800000000000002e-01  -2.045903361852555e+03  7.850517701033954e+03  1.285053692721862e+03  1.029780464296272e+04  -6.003639970936958e+02  -2.199873472739393e+03  1.123221801127425e-03  4.328360686680863e-04  -8.131520933923470e-05
  3.850000000000002e-01  -2.389849345470775e+03  7.977952309069242e+03  1.477571303003405e+03  1.111072113880941e+04  -1.320977979707404e+03  -2.030365817474738e+03  1.182070456685785e-03  4.470203512039002e-04  -1.561440888482854e-04
  3.900000000000002e-01  -2.689598477684432e+03  7.491029594473615e+03  1.512882826823381e+03  1.109978906889192e+04  -2.064389212278211e+03  -1.732242852199353e+03  1.160328252925876e-03  4.269468049283291e-04  -2.307919113580762e-04
  3.950000000000002e-01  -2.899560559210385e+03  6.393955102619910e+03  1.394066572896763e+03  1.015330765468856e+04  -2.777647880896594e+03  -1.310545237068806e+03  1.048401006263875e-03  3.716548739653075e-04  -3.002097190595506e-04
  4.000000000000002e-01  -2.728309578764969e+03  4.937238945053617e+03  1.301254397903809e+03  8.176217560137762e+03  -3.288691850764191e+03  -8.040428131340210e+02  8.387821630296360e-04  2.999948914082424e-04  -3.530386076773213e-04
  4.050000000000002e-01  -2.700546178437157e+03  2.911269854313847e+03  9.629617055326144e+02  5.673692181291366e+03  -3.785522933564246e+03  -1.978013012843631e+02  5.746073195152337e-04  1.860988750996310e-04  -3.983067927061351e-04
  4.100000000000003e-01  -2.468160777500973e+03  5.450001918480358e+02  5.535681217598344e+02  2.285678550985700e+03  -4.121737322709305e+03  4.875332164556471e+02  2.260576942186233e-04  4.840915026200806e-05  -4.272579060193004e-04
  4.150000000000003e-01  -1.953037251912945e+03  -1.653274113551435e+03  2.972233194811658e+02  -9.723048804336599e+02  -4.172185666642548e+03  1.170849331950149e+03  -1.179093830519551e-04  -7.895278575123853e-05  -4.332939132819603e-04
  4.200000000000003e-01  -1.334054532387990e+03  -4.220922427723596e+03  -1.318436934428057e+02  -5.359175429196143e+03  -4.127052727531928e+03  1.933406317245436e+03  -5.642941098050337e-04  -2.394043457841267e-04  -4.250171799966176e-04
  4.250000000000003e-01  -4.614006417081304e+02  -6.681296538086449e+03  -5.044038218734237e+02  -1.015580856588107e+04  -3.872691079785875e+03  2.706445015799556e+03  -1.049479456640315e-03  -3.988602143328975e-04  -3.972567703471786e-04
  4.300000000000003e-01  6.527877543973724e+02  -8.884902702023723e+03  -7.803444639664156e+02  -1.511249711747792e+04  -3.409805518844295e+03  3.459926079508395e+03  -1.549528990317108e-03  -5.474052247211109e-04  -3.501268640027571e-04
  4.350000000000003e-01  1.716691317659432e+03  -1.039072401128603e+04  -8.561547328410170e+02  -1.823259213480942e+04  -2.734252221265805e+03  4.100520682970384e+03  -1.887113215488024e-03  -6.548166137696537e-04  -2.855329610773968e-04
  4.400000000000003e-01  3.111216875556246e+03  -1.176421457891259e+04  -9.104134044378301e+02  -2.258385926354446e+04  -1.921439268711921e+03  4.732656037984563e+03  -2.326583314409316e-03  -7.593856644039803e-04  -2.047510545666365e-04
  4.450000000000003e-01  4.601627590386406e+03  -1.258903386298661e+04  -8.227923986092253e+02  -2.632728316523865e+04  -9.583044717725662e+02  5.258599446209133e+03  -2.704939895227136e-03  -8.292071659341709e-04  -1.091453134300881e-04
  4.500000000000003e-01  6.157407737856472e+03  -1.275556006892067e+04  -5.749288866696525e+02  -2.923548282086702e+04  9.945078843752678e+01  5.655741942452531e+03  -3.000084348147227e-03  -8.543598300745143e-04  -3.876893125852471e-06
  4.550000000000003e-01  7.340343316698682e+03  -1.216844294441856e+04  -2.370666464635950e+02  -2.968711110815071e+04  1.115026445179269e+03  5.905644581434393e+03  -3.068771757726602e-03  -8.330055051883682e-04  9.706074269042905e-05
  4.600000000000003e-01  9.152147046928163e+03  -1.079827085670002e+04  3.517818613310491e+02  -3.108311722926222e+04  2.108505072313517e+03  6.041534331630105e+03  -3.211944210061470e-03  -7.490354266223925e-04  1.978289451143869e-04
  4.650000000000003e-01  1.095520783217525e+04  -9.020057572332589e+03  8.960137566275686e+02  -3.174554187728514e+04  3.058987604963125e+03  5.969312608954121e+03  -3.280031876460567e-03  -6.326279938922317e-04  2.980927001604289e-04
  4.700000000000003e-01  1.222925925830884e+04  -7.483294493044350e+03  1.083599512364880e+03  -3.121727606736512e+04  4.031887496003702e+03  5.618214673022298e+03  -3.220995106137955e-03  -5.296046539400285e-04  4.091992740264066e-04
  4.750000000000003e-01  1.213437535849404e+04  -6.118498274180907e+03  9.873637430708507e+02  -2.785941226774730e+04  4.938266353164976e+03  5.058650625818383e+03  -2.865244413078764e-03  -4.338364540148052e-04  5.152643420347947e-04
  4.800000000000003e-01  1.141609732773490e+04  -5.290484306251000e+03  3.442362047219588e+02  -2.378309289826989e+04  5.953488816425868e+03  4.050326827119236e+03  -2.416782076028508e-03  -3.736433160167632e-04  6.473637260081942e-04
  4.850000000000003e-01  9.442099639678187e+03  -4.393538871892548e+03  -5.268138944403153e+02  -1.694514726340297e+04  6.911302273594285e+03  2.702750953184498e+03  -1.679350760675534e-03  -3.126915584906324e-04  7.808928661781202e-04
  4.900000000000003e-01  7.052744672621849e+03  -2.606101970341524e+03  -1.085171290049192e+03  -9.130828797129469e+03  7.502717557375541e+03  1.245551423054092e+03  -8.259624271936499e-04  -1.813662626875921e-04  8.660702226327759e-04
  4.950000000000003e-01  3.725397549183040e+03  -1.029055908892845e+02  -1.565958717809589e+03  2.032888022088915e+03  7.940659511491874e+03  -5.323231950198164e+02  3.500427265160387e-04  -2.102947223570297e-05  9.459334899639855e-04
  5.000000000000003e-01  1.212232996845155e+02  3.836179963340771e+03  -1.437078574023520e+03  1.542554912952694e+04  7.924663266806499e+03  -2.353369488931242e+03  1.729382640645066e-03  2.262755801577657e-04  9.723642974376181e-04
  5.050000000000003e-01  -3.397292979581325e+03  9.033432569079110e+03  -6.544097588312296e+02  3.018354077597658e+04  7.385594619589338e+03  -4.083560961414265e+03  3.213769647875979e-03  5.499835904115409e-04  9.344826722105066e-04
  5.100000000000003e-01  -5.602291932200567e+03  1.300895794934744e+04  7.544274582282084e+01  3.990685335133431e+04  6.376830409769914e+03  -5.474924830611686e+03  4.204650413707812e-03  8.234500807106822e-04  8.370171228642653e-04
  5.150000000000003e-01  -8.340657303470551e+03  1.840344695567550e+04  1.541218225220140e+03  5.379176049418125e+04  4.899409075670459e+03  -6.681027667234478e+03  5.526849034413146e-03  1.161882151031632e-03  6.815142335347589e-04
  5.200000000000004e-01  -1.060885964204714e+04  2.284253193034918e+04  3.005111572574171e+03  6.585711826232119e+04  3.042144029187949e+03  -7.482738114643902e+03  6.628266576532738e-03  1.443978012233461e-03  4.747121179275918e-04
  5.250000000000004e-01  -1.240949837573778e+04  2.542759023745942e+04  4.126059244916320e+03  7.493574547220004e+04  9.346205970479566e+02  -7.822651779220954e+03  7.403798281351012e-03  1.616988055649075e-03  2.312263391769986e-04
  5.300000000000004e-01  -1.310002801357318e+04  2.471977255114912e+04  4.495907922846079e+03  7.728745406399060e+04  -1.057579198150053e+03  -7.661059861715112e+03  7.531578229286851e-03  1.605178234937966e-03  -9.752506559634746e-07
  5.350000000000004e-01  -1.416095427900230e+04  2.267837711606024e+04  4.502347319004619e+03  7.947615160171765e+04  -3.181661681203947e+03  -7.106546979907666e+03  7.594484556446647e-03  1.500648161374099e-03  -2.619646913787098e-04
  5.400000000000004e-01  -1.475063209205214e+04  1.791775505836022e+04  3.738500559015953e+03  7.708352551251429e+04  -5.108712570017835e+03  -6.118888708019809e+03  7.219341428433866e-03  1.236202762384271e-03  -5.092639893841260e-04
  5.450000000000004e-01  -1.475831358758413e+04  1.080384491372644e+04  2.306022693250116e+03  7.012308847531526e+04  -6.703180797046066e+03  -4.759241272189503e+03  6.423821707030061e-03  8.341456131669083e-04  -7.279565187204939e-04
  5.500000000000004e-01  -1.435519551540453e+04  3.717130106008616e+03  9.248562731146071e+02  6.197159091210367e+04  -7.634506301851007e+03  -3.345436475416696e+03  5.508595226070844e-03  4.117519851628369e-04  -8.685241666116240e-04
  5.550000000000004e-01  -1.324620800674168e+04  -5.453572737752828e+03  -1.138032818046001e+03  4.884732956552593e+04  -8.280679790453642e+03  -1.621036728549717e+03  4.173236364906731e-03  -1.235022696311292e-04  -9.950881962416779e-04
  5.600000000000004e-01  -1.129436569483521e+04  -1.463142096245930e+04  -3.186401503705415e+03  3.297935350501025e+04  -8.354599148997107e+03  1.546776515737975e+02  2.618473882997151e-03  -6.609849816419780e-04  -1.065641912092861e-03
  5.650000000000004e-01  -8.498700555501535e+03  -2.286357268649706e+04  -4.943358457756526e+03  1.546569617734385e+04  -7.826043670737723e+03  1.841399565451862e+03  9.471440155827801e-04  -1.145914056097756e-03  -1.075455668816243e-03
  5.700000000000004e-01  -6.573070610601006e+03  -2.764259241650909e+04  -6.068579234060051e+03  3.612734389101715e+03  -6.731812984089929e+03  2.946915424923136e+03  -2.250242192406050e-04  -1.480613050218411e-03  -1.003500387405238e-03
  5.750000000000004e-01  -2.752734555143548e+03  -3.204538585376635e+04  -6.863343321223851e+03  -1.352966357519506e+04  -5.180805687380363e+03  4.086377144137266e+03  -1.800263734890218e-03  -1.756962411230057e-03  -9.004563046215367e-04
  5.800000000000004e-01  1.438854103532840e+03  -3.375219292519579e+04  -6.948421345448866e+03  -2.911023360697094e+04  -3.196432292199985e+03  4.807765971714980e+03  -3.207937688648422e-03  -1.879512956152527e-03  -7.451292209466027e-04
  5.850000000000004e-01  3.752524231317763e+03  -3.230985212748759e+04  -6.777493343965681e+03  -3.702317552931293e+04  -1.181280114635965e+03  4.777424365518269e+03  -3.933650263122454e-03  -1.871923701475019e-03  -5.515499840288086e-04
  5.900000000000004e-01  7.753167874547637e+03  -2.889419148194584e+04  -5.711629424754419e+03  -4.740306273868632e+04  1.156785707155025e+03  4.557272981996699e+03  -4.827382918069388e-03  -1.702208914962335e-03  -3.324336932915654e-04
  5.950000000000004e-01  1.123832195523552e+04  -2.298651189977960e+04  -4.120071170224308e+03  -5.383040624759744e+04  3.480384035633452e+03  3.796250045560463e+03  -5.357384701370780e-03  -1.385766179397439e-03  -9.430639472796904e-05
  6.000000000000004e-01  1.390045402206591e+04  -1.501602691367198e+04  -2.170115404905051e+03  -5.580192701161886e+04  5.621629628970845e+03  2.498977877024617e+03  -5.484366439233425e-03  -9.457148608649160e-04  1.491253315533976e-04
  6.050000000000004e-01  1.440990386709237e+04  -6.818593608197915e+03  -8.831435878964807e+02  -5.260538495186026e+04  7.039061247935952e+03  7.610298211819903e+02  -5.125725503512641e-03  -5.265450776367479e-04  3.533295045901335e-04
  6.100000000000004e-01  1.517617966601091e+04  3.261707237636507e+03  1.188878347299725e+03  -4.672643180371248e+04  8.388783443455930e+03  -1.349987789583473e+03  -4.537174439350230e-03  5.492235537589376e-05  5.606466606428886e-04
  6.150000000000004e-01  1.463468940179962e+04  1.358197992812842e+04  3.050015366593505e+03  -3.638667527967176e+04  9.185547066508754e+03  -3.804534190256067e+03  -3.551505533356163e-03  6.608973855885728e-04  7.356638069466137e-04
  6.200000000000004e-01  1.274555159462881e+04  2.344575962949774e+04  4.508043096847719e+03  -2.198116205593285e+04  9.355169588500205e+03  -6.480635523995826e+03  -2.202050621183032e-03  1.251141831380556e-03  8.681291561402970e-04
  6.250000000000004e-01  1.002319150286121e+04  3.079009264401043e+04  4.928464238529255e+03  -8.070970761586849e+03  8.710734043169012e+03  -8.950928843681186e+03  -8.390318102253836e-04  1.684515905658174e-03  9.237726890327419e-04
  6.300000000000004e-01  6.161652256982940e+03  3.809800963084203e+04  5.397559229292768e+03  1.174135062896352e+04  7.658242279604275e+03  -1.161354654238275e+04  9.987880113231792e-04  2.153887724120228e-03  9.558583733319317e-04
  6.350000000000005e-01  1.410081107156108e+03  4.349461892560827e+04  5.264120197116732e+03  3.378801906871341e+04  6.013830207063729e+03  -1.408303073146453e+04  3.037096974452238e-03  2.518502731280500e-03  9.338817068967755e-04
  6.400000000000005e-01  -3.891153174912827e+03  4.676820251567748e+04  4.587813116055018e+03  5.722400706498665e+04  3.860035352771994e+03  -1.620948743693523e+04  5.199614958911553e-03  2.760891632052845e-03  8.582714856757663e-04
  6.450000000000005e-01  -7.870501690488988e+03  4.742261874815561e+04  3.631001252455244e+03  7.629187316552883e+04  1.407654018808080e+03  -1.759838663995167e+04  7.015678327083670e-03  2.848421245782830e-03  7.245381280489431e-04
  6.500000000000005e-01  -1.293723793318598e+04  4.664773969837499e+04  2.388006139418165e+03  1.005515256006573e+05  -1.400495799356453e+03  -1.869463615655309e+04  9.232808275301499e-03  2.846993614512633e-03  5.534813842443595e-04
  6.550000000000005e-01  -1.744527849263067e+04  4.389256159911795e+04  9.809352343122544e+02  1.243137743462586e+05  -4.402381417330093e+03  -1.909758454926263e+04  1.139370791271381e-02  2.707433301025795e-03  3.357248873506701e-04
  6.600000000000005e-01  -1.953355316566779e+04  3.969541596783375e+04  2.722507892510769e+01  1.441571893765031e+05  -7.272020089956687e+03  -1.858728966002160e+04  1.321182639668678e-02  2.485004967477525e-03  8.814528204665589e-05
  6.650000000000005e-01  -2.198033273696515e+04  3.382039827613741e+04  -1.193196444052871e+03  1.668435311548852e+05  -1.028510482290436e+04  -1.746098429615370e+04  1.522739756653061e-02  2.109902389909019e-03  -2.005615830232302e-04
  6.700000000000005e-01  -2.304859061192117e+04  2.664166554928515e+04  -2.218028397759574e+03  1.883724030653542e+05  -1.314889440668923e+04  -1.549066152272090e+04  1.711532295018661e-02  1.618011620792362e-03  -5.171501783177426e-04
  6.750000000000005e-01  -2.257192299505776e+04  1.844166099639276e+04  -2.950138562577871e+03  2.088332337630586e+05  -1.573965442598397e+04  -1.269543053653165e+04  1.888093621766485e-02  1.026758361132101e-03  -8.490674037732333e-04
  6.800000000000005e-01  -1.963147338320098e+04  1.073613049724803e+04  -2.607770742621295e+03  2.304466106729864e+05  -1.765565178481190e+04  -9.242618772635802e+03  2.071400959629784e-02  4.990898517605649e-04  -1.147039595487799e-03
  6.850000000000005e-01  -1.625952042398760e+04  1.586108465618158e+03  -2.567723648677950e+03  2.514994994260294e+05  -1.933584921167151e+04  -5.093925185969906e+03  2.247270745885589e-02  -2.046345200130020e-04  -1.456136683283475e-03
  6.900000000000005e-01  -1.144244125112968e+04  -7.681082559828360e+03  -2.136021805303046e+03  2.730401420856209e+05  -2.041645422457653e+04  -4.041155695727325e+02  2.425242133062279e-02  -9.341482116464929e-04  -1.729430552884439e-03
  6.950000000000005e-01  -5.362810269443022e+03  -1.676990932285790e+04  -1.336180458844491e+03  2.959244669165054e+05  -2.082406626152113e+04  4.665572899041606e+03  2.613288245344886e-02  -1.658414826226180e-03  -1.948620865928571e-03
  7.000000000000005e-01  1.623367215403544e+03  -2.360321351957310e+04  4.266269705590429e+02  3.274375481360026e+05  -2.033469064722645e+04  9.708231770083938e+03  2.874134169036836e-02  -2.183383964151608e-03  -2.080722085712024e-03
  7.050000000000005e-01  9.105971728808036e+03  -3.142913897626279e+04  1.672983390276248e+03  3.570395043253746e+05  -1.934290824111504e+04  1.499449112466390e+04  3.119800996990798e-02  -2.813679430565558e-03  -2.155386526206363e-03
  7.100000000000005e-01  1.695039019565971e+04  -3.836452016514074e+04  2.997232990762760e+03  3.909821482939146e+05  -1.766088866661637e+04  2.012434466438063e+04  3.403787995503943e-02  -3.357335043871797e-03  -2.140252776915730e-03
  7.150000000000005e-01  2.479788150965459e+04  -4.422839311950866e+04  4.271735076350181e+03  4.304049299675830e+05  -1.534015081659762e+04  2.490966529234076e+04  3.736629811845152e-02  -3.791110609664980e-03  -2.029389382943995e-03
  7.200000000000005e-01  3.165508223376320e+04  -4.705402277791066e+04  5.879989510931850e+03  4.837436115577767e+05  -1.241048765278257e+04  2.904869576026389e+04  4.189931228886326e-02  -3.991083376127639e-03  -1.840738538598184e-03
  7.250000000000005e-01  3.835737550066890e+04  -5.042830281239469e+04  6.644077694471463e+03  5.369553034415310e+05  -9.073510854789589e+03  3.270735356653999e+04  4.646532893886531e-02  -4.181823821546863e-03  -1.543555781281662e-03
  7.300000000000005e-01  4.416067729909738e+04  -5.240684830043892e+04  7.072895872833980e+03  5.981826772357896e+05  -5.350290663374845e+03  3.556654969630744e+04  5.174739944938336e-02  -4.226926414232389e-03  -1.152961052322603e-03
  7.350000000000005e-01  4.817346322563560e+04  -5.160572319007125e+04  7.509558345389073e+03  6.733731525905720e+05  -1.399789102701777e+03  3.755190302488844e+04  5.822459550238016e-02  -4.094662916754392e-03  -7.232534498037718e-04
  7.400000000000005e-01  5.150480776775883e+04  -5.084557219098895e+04  7.136554048084367e+03  7.510847939607668e+05  2.747671424051754e+03  3.861307572082787e+04  6.496428280331662e-02  -3.877732855634573e-03  -1.810721621392139e-04
  7.450000000000006e-01  5.342928554034847e+04  -4.862943077552670e+04  6.449422834567424e+03  8.376369918731075e+05  6.954625158155788e+03  3.865587791601715e+04  7.246977407497715e-02  -3.526067260410727e-03  4.200276087764313e-04
  7.500000000000006e-01  5.383096771327221e+04  -4.500664503920922e+04  5.503608021092722e+03  9.328931272185257e+05  1.110392219250345e+04  3.767494810987180e+04  8.071481832375274e-02  -3.054640401263944e-03  1.059975573173338e-03
  7.550000000000006e-01  5.228962642928286e+04  -3.987762564993358e+04  4.446651982360612e+03  1.036293353714101e+06  1.489410017782805e+04  3.603441141011563e+04  8.957999639371893e-02  -2.544384862457259e-03  1.651648422177392e-03
  7.600000000000006e-01  4.965703775649508e+04  -3.410754417845500e+04  3.113213059128077e+03  1.145404120730550e+06  1.854341774186698e+04  3.322311608673393e+04  9.893245138844345e-02  -1.909710316537760e-03  2.294089209845520e-03
  7.650000000000006e-01  4.542333376996857e+04  -2.740676424627560e+04  1.703608366720382e+03  1.260873962286429e+06  2.179440601455674e+04  2.956244753087985e+04  1.087553237322480e-01  -1.221198274364532e-03  2.898872501096881e-03
  7.700000000000006e-01  3.960503104451877e+04  -2.002979805552507e+04  2.505419552930072e+02  1.381422411720822e+06  2.454790234549092e+04  2.516841442239902e+04  1.189117218849994e-01  -5.087349335632683e-04  3.437736133992434e-03
  7.750000000000006e-01  3.272736577628368e+04  -1.324492602873490e+04  -1.379229410569853e+03  1.498843380794380e+06  2.646129943734518e+04  2.073331062963405e+04  1.285896633584584e-01  1.093185182381255e-04  3.843890930753950e-03
  7.800000000000006e-01  2.432394836306293e+04  -5.627715977265556e+03  -2.852535230549523e+03  1.622743558794271e+06  2.797736553540470e+04  1.533451252717271e+04  1.387308799985067e-01  7.896934030892353e-04  4.187018377331742e-03
  7.850000000000006e-01  1.469166321743225e+04  1.787555317884793e+03  -4.299614227232533e+03  1.746422664892287e+06  2.880622923719713e+04  9.644753782565371e+03  1.486605268407889e-01  1.413468937389056e-03  4.398684636881107e-03
  7.900000000000006e-01  4.021330118870379e+03  8.707391898245622e+03  -5.707298761510672e+03  1.867698613207981e+06  2.892610657045754e+04  3.845560349830668e+03  1.581596131169289e-01  1.958504502515276e-03  4.465620632752784e-03
  7.950000000000006e-01  -6.217520221239287e+03  1.334843950615293e+04  -7.300241467616123e+03  1.972603728945500e+06  2.812871178133365e+04  -1.354865870779147e+03  1.658938401599981e-01  2.356515861794087e-03  4.398768407062148e-03
  8.000000000000006e-01  -1.792360134433096e+04  1.862590266820700e+04  -8.514253152808607e+03  2.080820487773729e+06  2.690283896438650e+04  -6.907409859140532e+03  1.737127489778209e-01  2.724314794749897e-03  4.179953262213300e-03
  8.050000000000006e-01  -2.988065501028330e+04  2.291104464138002e+04  -9.605262159828535e+03  2.179586036462879e+06  2.506240113077082e+04  -1.207130945792123e+04  1.803926028202462e-01  2.986076296220897e-03  3.815828130432076e-03
  8.100000000000006e-01  -4.036255752528741e+04  2.464335236245668e+04  -1.081200559823774e+04  2.253485105656775e+06  2.254303069715609e+04  -1.637364800671139e+04  1.844678598806375e-01  3.130324289949813e-03  3.376608504116934e-03
  8.150000000000006e-01  -5.162700604989766e+04  2.700080399415830e+04  -1.148375042911814e+04  2.325426760291933e+06  1.973047508054331e+04  -2.047048343123696e+04  1.880752572053949e-01  3.214114064065610e-03  2.773752369685602e-03
  8.200000000000006e-01  -6.217379104524354e+04  2.841222044380707e+04  -1.193077059643242e+04  2.380709435600806e+06  1.654516193150584e+04  -2.382480339352598e+04  1.898158824934227e-01  3.213513741583026e-03  2.071288105146338e-03
  8.250000000000006e-01  -7.166448718934634e+04  2.896947018150364e+04  -1.212662574380528e+04  2.416958854108981e+06  1.307858392172283e+04  -2.636869164231316e+04  1.894504282903769e-01  3.144357233964331e-03  1.291540180913722e-03
  8.300000000000006e-01  -7.840350757159085e+04  2.773241715620821e+04  -1.224876542395620e+04  2.420377137663587e+06  9.405622824594024e+03  -2.823385230337831e+04  1.856893451660204e-01  3.048084075518291e-03  5.446784275547840e-04
  8.350000000000006e-01  -8.491784121724898e+04  2.711571455113106e+04  -1.186686588561638e+04  2.412930263071987e+06  5.672763201845114e+03  -2.926445692404469e+04  1.805408990455188e-01  2.900478840777249e-03  -3.158065732521162e-04
  8.400000000000006e-01  -8.965106205643083e+04  2.599170113042356e+04  -1.124113211046466e+04  2.380683378355916e+06  1.908141028615223e+03  -2.948473908317964e+04  1.727032714416513e-01  2.730823999125270e-03  -1.184043090166844e-03
  8.450000000000006e-01  -9.243691732298053e+04  2.446724234313080e+04  -1.039399896237036e+04  2.322048188592570e+06  -1.819993219479093e+03  -2.895196083021548e+04  1.620165902566962e-01  2.553000179076754e-03  -2.036109471087432e-03
  8.500000000000006e-01  -9.259634668800216e+04  2.199664652515998e+04  -9.599025989552647e+03  2.228999128900582e+06  -5.327823396832582e+03  -2.836966839506944e+04  1.477669500873027e-01  2.392112722578513e-03  -2.764718451144700e-03
  8.550000000000006e-01  -9.151255835732498e+04  2.004954863510197e+04  -8.441087236935766e+03  2.115699107119279e+06  -8.743723191693387e+03  -2.669807865668114e+04  1.311915566929339e-01  2.216358603107299e-03  -3.519756204536861e-03
  8.600000000000007e-01  -8.840987083068436e+04  1.791546979434412e+04  -7.191313566676085e+03  1.973171390014630e+06  -1.193545987162062e+04  -2.452777996864687e+04  1.114873567772840e-01  2.050213342974606e-03  -4.192215433750603e-03
  8.650000000000007e-01  -8.333971901653345e+04  1.565921306472931e+04  -5.880141312810170e+03  1.800976004239768e+06  -1.484125403975146e+04  -2.196754204519148e+04  8.861623871322426e-02  1.895958903631082e-03  -4.761374789202203e-03
  8.700000000000007e-01  -7.698519682900544e+04  1.300615505083966e+04  -4.894749418304395e+03  1.599064227402580e+06  -1.712215513606029e+04  -2.000131544530758e+04  6.268094429704846e-02  1.733125306014129e-03  -5.163731829606948e-03
  8.750000000000007e-01  -6.875691279154844e+04  1.069925811228999e+04  -3.596319913598623e+03  1.369595076816530e+06  -1.923868219328420e+04  -1.699696352175813e+04  3.371062790712766e-02  1.585591786507130e-03  -5.491735289888851e-03
  8.800000000000007e-01  -5.905384786136613e+04  8.406787979924195e+03  -2.307000736361122e+03  1.111087171768550e+06  -2.089982824587577e+04  -1.388939883527409e+04  1.673239335501760e-03  1.445803067668945e-03  -5.676236477646457e-03
  8.850000000000007e-01  -4.810424880178805e+04  6.189647233404947e+03  -1.035428601637878e+03  8.243168772051373e+05  -2.205796675253085e+04  -1.077695078409621e+04  -3.333476151048460e-02  1.312455883557904e-03  -5.711843645479274e-03
  8.900000000000007e-01  -3.786603716139529e+04  3.863343967916043e+03  -2.501407886522358e+02  5.172913783714817e+05  -2.238379301713107e+04  -8.536724785795708e+03  -7.040099463696527e-02  1.117092495914657e-03  -5.614220918062261e-03
  8.950000000000007e-01  -2.562407881750423e+04  1.843348370488570e+03  8.776058560966512e+02  1.793983441511565e+05  -2.247320124463153e+04  -5.582879937449539e+03  -1.107522216716727e-01  9.668227620632091e-04  -5.375494897459887e-03
  9.000000000000007e-01  -1.297388878411748e+04  -2.725722157461972e+00  1.943976450060073e+03  -1.828373707981296e+05  -2.201925264377651e+04  -2.830761272970165e+03  -1.536151740920165e-01  8.131471334014787e-04  -5.001107335122745e-03
  9.050000000000007e-01  -2.264360492906641e+03  -1.891289583193036e+03  2.501164568080284e+03  -5.569416406286607e+05  -2.082996486592527e+04  -9.524563420355580e+02  -1.976504266556059e-01  5.661922133393028e-04  -4.557884699850572e-03
  9.100000000000007e-01  1.007143303604299e+04  -3.482259721787564e+03  3.343802684752869e+03  -9.607795822549639e+05  -1.940142746331530e+04  1.375068108269718e+03  -2.447680612490831e-01  3.727694725130825e-04  -3.966401665050428e-03
  9.150000000000007e-01  2.203441522155603e+04  -4.865676594613255e+03  4.087363749421322e+03  -1.383147217261832e+06  -1.752567252445241e+04  3.395948917045404e+03  -2.937429507736970e-01  1.642431514700019e-04  -3.282007156886632e-03
  9.200000000000007e-01  3.340680929012394e+04  -6.028002092045214e+03  4.733220561099554e+03  -1.821729900171002e+06  -1.525328875280135e+04  5.094696984852278e+03  -3.443191164493911e-01  -6.253436605047335e-05  -2.523384453797409e-03
  9.250000000000007e-01  4.175176043356567e+04  -7.418452431728981e+03  4.901966833239671e+03  -2.260224608749931e+06  -1.260911931235649e+04  6.202318464899922e+03  -3.948230941037364e-01  -4.195348172741566e-04  -1.803368447472421e-03
  9.300000000000007e-01  5.124180600797233e+04  -8.321479934084615e+03  5.337828398713089e+03  -2.723217086272144e+06  -9.797862886756826e+03  7.380231787169576e+03  -4.477428474590764e-01  -6.996449986264258e-04  -9.644757339656599e-04
  9.350000000000007e-01  5.967992024967103e+04  -8.980001942351415e+03  5.731897181104029e+03  -3.195149442263491e+06  -6.788304500198893e+03  8.245146217208016e+03  -5.014640505081651e-01  -9.960315664153850e-04  -1.116266399159371e-04
  9.400000000000007e-01  6.694335861420349e+04  -9.384075389691299e+03  6.114412752535863e+03  -3.673421437307540e+06  -3.654321248067822e+03  8.811978758537636e+03  -5.557032715188837e-01  -1.305430657602696e-03  7.332154665406305e-04
  9.450000000000007e-01  7.090928476774454e+04  -1.022399819152421e+04  6.205376713191868e+03  -4.141396478242166e+06  -6.223222935616974e+02  9.182916183173675e+03  -6.088243720203755e-01  -1.724363931581210e-03  1.457558111644166e-03
  9.500000000000007e-01  7.555491042319176e+04  -1.027063155060477e+04  6.627599524076813e+03  -4.624848807595454e+06  2.485799562973830e+03  9.304046399926932e+03  -6.632988732630436e-01  -2.046316189568145e-03  2.230310864127338e-03
  9.550000000000007e-01  7.884673419016837e+04  -1.003702829586602e+04  7.132612487086623e+03  -5.107218716624547e+06  5.507361367630676e+03  9.160522603752970e+03  -7.174848334014279e-01  -2.360342217597611e-03  2.940296685146882e-03
  9.600000000000007e-01  8.075481269948777e+04  -9.539204111108007e+03  7.735236032750480e+03  -5.586068321108653e+06  8.380678633792497e+03  8.761384649548245e+03  -7.711211557127221e-01  -2.659840405893656e-03  3.573038819233387e-03
  9.650000000000007e-01  7.998167061696193e+04  -9.514132861721841e+03  8.240853046772319e+03  -6.047671813195775e+06  1.086107465559918e+04  8.442546652066410e+03  -8.229157201668468e-01  -3.008070711382429e-03  4.057759958466620e-03
  9.700000000000008e-01  7.927406428087168e+04  -8.655158827772131e+03  8.995397588129164e+03  -6.513595061138144e+06  1.327722405853918e+04  7.606720694378658e+03  -8.748254756123764e-01  -3.252258047494334e-03  4.517857247289961e-03
  9.750000000000008e-01  7.727166601207318e+04  -7.634824463847873e+03  9.784844138114555e+03  -6.969572614905800e+06  1.542330227796694e+04  6.516022162582010e+03  -9.254987822696904e-01  -3.462536411755957e-03  4.876873150728999e-03
  9.800000000000008e-01  7.332664665819741e+04  -7.034201686046054e+03  1.046374531914752e+04  -7.405434934554374e+06  1.709517766979535e+04  5.679036487392715e+03  -9.740309653825167e-01  -3.666219648471678e-03  5.100998929432297e-03
  9.850000000000008e-01  6.908347670371106e+04  -5.925818531455658e+03  1.108374247109736e+04  -7.837147192972068e+06  1.862071331547982e+04  4.149094576387467e+03  -1.021757734673995e+00  -3.788791238099835e-03  5.261430252833588e-03
  9.900000000000008e-01  6.379551403974107e+04  -4.881575360453737e+03  1.149442000019104e+04  -8.253707717251975e+06  1.981112714715617e+04  2.400365714045130e+03  -1.067692362088430e+00  -3.870375245308907e-03  5.316806119180334e-03
  9.950000000000008e-01  5.757273575108750e+04  -3.997368897866139e+03  1.159409960207046e+04  -8.653653120566458e+06  2.065011417441771e+04  4.664310935796159e+02  -1.111679144618524e+00  -3.912202014817910e-03  5.269194692369633e-03
  1.000000000000001e+00  5.058652265901319e+04  -3.347898589747057e+03  1.130753555982496e+04  -9.035404747526160e+06  2.111272502501007e+04  -1.561891488160834e+03  -1.153560559282705e+00  -3.912529819947797e-03  5.124152090945405e-03
  1.005000000000001e+00  4.331021117617063e+04  -2.799536489465954e+03  1.073662506146458e+04  -9.396775646477664e+06  2.110694789222713e+04  -3.199438459187296e+03  -1.193181451920228e+00  -3.828988823404555e-03  4.899510329755199e-03
  1.010000000000000e+00  3.553735876311728e+04  -2.508055828054715e+03  9.571773229077502e+03  -9.741522721110804e+06  2.085314997274989e+04  -5.484751757830159e+03  -1.230715500597716e+00  -3.734631771734719e-03  4.584106345504096e-03
  1.015000000000000e+00  2.748720037806398e+04  -2.478971073097199e+03  7.917517944091880e+03  -1.006553997289646e+07  2.022774473737444e+04  -7.790065555054627e+03  -1.265866518368879e+00  -3.602590007713101e-03  4.189923850258712e-03
  1.020000000000000e+00  2.033970621046874e+04  -1.997108430728000e+03  6.335524859388681e+03  -1.036990119545022e+07  1.917426927308344e+04  -9.541664708127964e+03  -1.298781611367593e+00  -3.349600979663737e-03  3.761373519899909e-03
  1.025000000000000e+00  1.266587636902760e+04  -2.125135709044545e+03  3.989289851161601e+03  -1.065213459129916e+07  1.782582338293142e+04  -1.181446743952259e+04  -1.329063690956403e+00  -3.126819287014012e-03  3.253060304449190e-03
  1.030000000000000e+00  5.384015481173360e+03  -2.307922857480770e+03  1.415780722041645e+03  -1.091218701617452e+07  1.610762372242416e+04  -1.397032682086147e+04  -1.356770358799269e+00  -2.869532610237983e-03  2.697556945849993e-03
  1.035000000000000e+00  -1.319239971657976e+03  -2.478725041513671e+03  -1.256028126630118e+03  -1.114984480229297e+07  1.402566867092880e+04  -1.594754274921708e+04  -1.381870618375919e+00  -2.576912832841565e-03  2.104498378866194e-03
  1.040000000000000e+00  -5.849419071638186e+03  -1.538942304961729e+03  -3.157968543405442e+03  -1.137065450092301e+07  1.169365188314617e+04  -1.726780838471982e+04  -1.404935763819572e+00  -2.128074326706154e-03  1.536331358537699e-03
  1.045000000000000e+00  -1.086118223495241e+04  -1.372789922477524e+03  -5.598458429787294e+03  -1.156439109863850e+07  8.989778416957746e+03  -1.878296194149329e+04  -1.424875994868214e+00  -1.752695919710899e-03  9.064007041371409e-04
  1.050000000000000e+00  -1.505846838080281e+04  -1.072018521579195e+03  -7.815937115877106e+03  -1.173570870548216e+07  5.989057360672245e+03  -1.995403867516301e+04  -1.442188232535441e+00  -1.346366865868660e-03  2.700495630941006e-04
  1.054999999999999e+00  -1.845689741089383e+04  -6.365885024659314e+02  -9.753342235878383e+03  -1.188485657402566e+07  2.733761478709351e+03  -2.074185124050746e+04  -1.456893746160157e+00  -9.131776235473237e-04  -3.609630661200514e-04
  1.059999999999999e+00  -1.945845071806519e+04  1.129635072431137e+03  -1.066464839045482e+04  -1.202043169777528e+07  -4.636542492832496e+02  -2.095431819633038e+04  -1.469843731743712e+00  -3.444138152813685e-04  -9.126603231180487e-04
  1.064999999999999e+00  -2.131917444814278e+04  1.910324311951746e+03  -1.196492064660496e+04  -1.212703119892351e+07  -3.993505947162212e+03  -2.099267695460941e+04  -1.479513242288933e+00  1.266178593249643e-04  -1.497483744777397e-03
  1.069999999999999e+00  -2.262971210115806e+04  2.726574434819843e+03  -1.299824662240736e+04  -1.221273832152469e+07  -7.581421989979026e+03  -2.060715222720664e+04  -1.486714115363937e+00  6.003660911705914e-04  -2.043632029954621e-03
  1.074999999999999e+00  -2.349792449717418e+04  3.521756435278349e+03  -1.381314438748179e+04  -1.227822204522790e+07  -1.114097142438982e+04  -1.981045455899658e+04  -1.491522767796100e+00  1.067337382504936e-03  -2.539619325393421e-03
  1.079999999999999e+00  -2.233816011273810e+04  5.540484959999193e+03  -1.388216628503216e+04  -1.233350711740280e+07  -1.425242403274646e+04  -1.867422603533804e+04  -1.494937673924819e+00  1.615581059527246e-03  -2.926695705489063e-03
  1.084999999999999e+00  -2.253468009914716e+04  6.275383226616957e+03  -1.439014588696277e+04  -1.236105034596944e+07  -1.747176258263250e+04  -1.716552826975620e+04  -1.495256869342333e+00  2.043288954304774e-03  -3.298588954286500e-03
  1.089999999999999e+00  -2.258039834674549e+04  6.834688366875059e+03  -1.482711223076847e+04  -1.237074969175280e+07  -2.039845322239205e+04  -1.531432967645485e+04  -1.493471238882386e+00  2.437228389557362e-03  -3.594004875351420e-03
  1.094999999999999e+00  -2.104299961715444e+04  8.401391962354664e+03  -1.482747479900781e+04  -1.237259675912237e+07  -2.271933508931185e+04  -1.331344757195923e+04  -1.490588386903686e+00  2.868183935431455e-03  -3.775562861894698e-03
  1.099999999999999e+00  -2.090350887496481e+04  8.664244682227334e+03  -1.515070910600339e+04  -1.234950360022686e+07  -2.484402866374408e+04  -1.091293141839277e+04  -1.484956335127692e+00  3.177425375779436e-03  -3.912954763166335e-03
  1.104999999999998e+00  -2.074010652831617e+04  8.715211921049598e+03  -1.540902618148326e+04  -1.231157201695058e+07  -2.647005436275408e+04  -8.287396933582580e+03  -1.477591725814454e+00  3.436930969298209e-03  -3.965891075055591e-03
  1.109999999999998e+00  -2.054725911274950e+04  8.586551730370124e+03  -1.555935926679522e+04  -1.225994516123841e+07  -2.755695657368397e+04  -5.487499662223879e+03  -1.468635872985836e+00  3.644728717142896e-03  -3.937460893786745e-03
  1.114999999999998e+00  -1.901585515301727e+04  9.447829386017418e+03  -1.539036786052403e+04  -1.220377351007742e+07  -2.805947255237930e+04  -2.802452113724879e+03  -1.459025952765412e+00  3.851409825588250e-03  -3.827881113074600e-03
  1.119999999999998e+00  -1.871945964053914e+04  9.113116148429890e+03  -1.516703444400824e+04  -1.212796673532653e+07  -2.808802654228972e+04  1.968770149611305e+02  -1.447299625335209e+00  3.949440626076354e-03  -3.663825213344135e-03
  1.124999999999998e+00  -1.833938968914577e+04  8.698554395826923e+03  -1.466803649181304e+04  -1.204201418311147e+07  -2.758670831143679e+04  3.217519782062629e+03  -1.434420500291524e+00  3.993563132094506e-03  -3.441577218271380e-03
  1.129999999999998e+00  -1.785232956453056e+04  8.234932268226235e+03  -1.384591681412987e+04  -1.194716219970150e+07  -2.659183183174736e+04  6.205491912854655e+03  -1.420539667192307e+00  3.984490720629910e-03  -3.171541358691982e-03
  1.134999999999998e+00  -1.639914373022405e+04  8.480361508045064e+03  -1.285895420745393e+04  -1.185072482196219e+07  -2.532408762238800e+04  8.916844722683220e+03  -1.406427209629680e+00  3.949928982862251e-03  -2.868613453810308e-03
  1.139999999999998e+00  -1.574785562361730e+04  7.873931896079378e+03  -1.136745244030289e+04  -1.174120059740244e+07  -2.352485313210705e+04  1.171681915105450e+04  -1.390932339297582e+00  3.831976000779216e-03  -2.536662335042108e-03
  1.144999999999998e+00  -1.500872465058251e+04  7.172528296149040e+03  -9.549659879145333e+03  -1.162639026772397e+07  -2.138345182316980e+04  1.433339940862438e+04  -1.374863859650088e+00  3.663046971352237e-03  -2.184763309750540e-03
  1.149999999999997e+00  -1.420276034531109e+04  6.337939984179270e+03  -7.449143057506160e+03  -1.150746632335170e+07  -1.895293864331650e+04  1.671946955896121e+04  -1.358357547285216e+00  3.444680151542824e-03  -1.820476834837770e-03
  1.154999999999997e+00  -1.294859407853157e+04  5.697535039004590e+03  -5.567546220135585e+03  -1.138921733242889e+07  -1.655282925078132e+04  1.871340562324827e+04  -1.341913408030988e+00  3.180235735405503e-03  -1.459737121388041e-03
  1.159999999999997e+00  -1.220827387050337e+04  4.384152157604080e+03  -3.142388378506870e+03  -1.126467842734129e+07  -1.370812354957441e+04  2.054614224191811e+04  -1.324839098955968e+00  2.865718899069095e-03  -1.092086101622728e-03
  1.164999999999997e+00  -1.148064240164026e+04  2.808228915980877e+03  -6.695218758477200e+02  -1.113921703001577e+07  -1.071306243486785e+04  2.203085132533686e+04  -1.307687769073719e+00  2.511282605905840e-03  -7.289486669377099e-04
  1.169999999999997e+00  -1.080421847294269e+04  1.032616651072449e+03  1.206500069100561e+03  -1.101549083118566e+07  -7.885926001180050e+03  2.312564190611334e+04  -1.290743692018335e+00  2.115323374977295e-03  -3.860875457354975e-04
  1.174999999999997e+00  -1.019691373721448e+04  -1.147526651962915e+03  3.511243753391042e+03  -1.089026785552459e+07  -4.721330611576710e+03  2.387846046598424e+04  -1.273672428809531e+00  1.696682286809252e-03  -4.650736727133970e-05
  1.179999999999997e+00  -9.550517718176154e+03  -3.556113123574127e+03  5.620198657867019e+03  -1.076678406193470e+07  -1.527360906836630e+03  2.423376160810024e+04  -1.256814207008019e+00  1.260492307831740e-03  2.771533033062864e-04
  1.184999999999997e+00  -8.811745636095320e+03  -6.126291092006977e+03  7.479178141604567e+03  -1.064577990502139e+07  1.655828816454818e+03  2.420001362287300e+04  -1.240247511065930e+00  8.172004807854305e-04  5.813171078660214e-04
  1.189999999999997e+00  -8.389919120005741e+03  -8.985423708610246e+03  8.548456069628530e+03  -1.052710423105843e+07  4.529822218797887e+03  2.385766203976481e+04  -1.223946860825434e+00  3.537772844283482e-04  8.528523139942549e-04
  1.194999999999997e+00  -7.417455720505614e+03  -1.174514597970084e+04  9.818414648470676e+03  -1.041227163411733e+07  7.567700811591103e+03  2.312843238609260e+04  -1.208085956476669e+00  -7.700144499045674e-05  1.108930111777697e-03
  1.199999999999996e+00  -6.183042400225855e+03  -1.441046794764299e+04  1.077973265456598e+04  -1.030163857462376e+07  1.046988787256033e+04  2.210032137820128e+04  -1.192691278187432e+00  -4.832952061027923e-04  1.335721257640788e-03
  1.204999999999996e+00  -4.642323075908314e+03  -1.688804667421722e+04  1.144766438594851e+04  -1.019559336833289e+07  1.319286009711632e+04  2.082504714590191e+04  -1.177800248778991e+00  -8.557695524455109e-04  1.529727606602801e-03
  1.209999999999996e+00  -3.716787082999606e+03  -1.972618469988083e+04  1.142383767152088e+04  -1.009151051056874e+07  1.550893191839801e+04  1.944540763575856e+04  -1.163127746113720e+00  -1.229397096983929e-03  1.684015989902059e-03
  1.214999999999996e+00  -1.661589409110409e+03  -2.177649422614166e+04  1.157534640075778e+04  -9.994923778233588e+06  1.775560472881201e+04  1.782579262819007e+04  -1.149259158563856e+00  -1.522820923284932e-03  1.805698451048735e-03
  1.219999999999996e+00  6.937582287769126e+02  -2.347349308037556e+04  1.151244774968935e+04  -9.903590501054924e+06  1.970452129344112e+04  1.612396644763605e+04  -1.135952037812879e+00  -1.766596989810316e-03  1.886789621448702e-03
  1.224999999999996e+00  3.300433380297920e+03  -2.480149897700491e+04  1.126006068343615e+04  -9.817552225682551e+06  2.132405809587236e+04  1.439126688006480e+04  -1.123206546602996e+00  -1.959309911955737e-03  1.926409451616379e-03
  1.229999999999996e+00  4.796759859999418e+03  -2.671970548246287e+04  1.057374424035683e+04  -9.732440605682822e+06  2.249776371342932e+04  1.268609354345709e+04  -1.110547462933302e+00  -2.160959998545301e-03  1.927938317926393e-03
  1.234999999999996e+00  7.551920359379560e+03  -2.746571790108235e+04  1.001409436378670e+04  -9.656499032457296e+06  2.340579878449614e+04  1.099495618518081e+04  -1.098858454823669e+00  -2.261732260959880e-03  1.886646202624552e-03
  1.239999999999996e+00  1.029826037386544e+04  -2.788427014418645e+04  9.315770810510490e+03  -9.585608611054488e+06  2.393494278599374e+04  9.382484477053500e+03  -1.087692249199712e+00  -2.316605434858793e-03  1.807664917349992e-03
  1.244999999999995e+00  1.166061741253701e+04  -2.896236523885902e+04  8.446947967252147e+03  -9.514796365587680e+06  2.409322692458074e+04  7.821612468988988e+03  -1.076509473306376e+00  -2.390374958547976e-03  1.697681676306099e-03
  1.249999999999995e+00  1.402017121543289e+04  -2.888641763501050e+04  7.532724176211119e+03  -9.453183540226249e+06  2.389030909906796e+04  6.391535999852901e+03  -1.066287842453635e+00  -2.370548161591149e-03  1.555124598477215e-03
  1.254999999999995e+00  1.607253171420225e+04  -2.854890279819145e+04  6.512470284708736e+03  -9.395933313965494e+06  2.333520720309101e+04  5.070257337704590e+03  -1.056504433523390e+00  -2.316447418213744e-03  1.389245079907632e-03
  1.259999999999995e+00  1.773286908600313e+04  -2.796169266930137e+04  5.402411171731946e+03  -9.342737719491243e+06  2.245114775627420e+04  3.850312962099484e+03  -1.047123360990368e+00  -2.232240669820020e-03  1.206602541651149e-03
  1.264999999999995e+00  1.785540269308195e+04  -2.804951704037231e+04  4.424674582738468e+03  -9.288532691510076e+06  2.139074923387965e+04  2.616852623893377e+03  -1.037609464897562e+00  -2.180462699256873e-03  1.014786422790509e-03
  1.269999999999995e+00  1.858565421446308e+04  -2.699626791797898e+04  3.219712455003992e+03  -9.242533353111733e+06  1.996885058371265e+04  1.561717670932987e+03  -1.028934761291808e+00  -2.051605777779563e-03  8.186492575360671e-04
  1.274999999999995e+00  1.880508158556308e+04  -2.566359286120543e+04  1.999267029157414e+03  -9.199657796366405e+06  1.832357481435630e+04  5.682218134942162e+02  -1.020561442807485e+00  -1.903800149762586e-03  6.269270156736119e-04
  1.279999999999995e+00  1.850856730313732e+04  -2.403428718303822e+04  7.986053055035130e+02  -9.159573254965581e+06  1.649514663566896e+04  -3.799753469885379e+02  -1.012456019463432e+00  -1.740656373380763e-03  4.461820427823820e-04
  1.284999999999995e+00  1.709254607908227e+04  -2.286618248002648e+04  1.190375214907723e+00  -9.117946770885782e+06  1.474040487510548e+04  -1.414823116626221e+03  -1.004175733156416e+00  -1.620547717064658e-03  2.747853627695792e-04
  1.289999999999994e+00  1.588011759269016e+04  -2.061832796850003e+04  -1.078028888808552e+03  -9.082705436580244e+06  1.268357305530248e+04  -2.304406376129286e+03  -9.965415915558333e-01  -1.439360710086590e-03  1.295953637476235e-04
  1.294999999999994e+00  1.423070395248835e+04  -1.803192176462643e+04  -2.042533440838306e+03  -9.049351691697685e+06  1.056051853731248e+04  -3.183022015661859e+03  -9.890919536498570e-01  -1.252825579423221e-03  8.773666175130630e-06
  1.299999999999994e+00  1.218094920076227e+04  -1.511531697023878e+04  -2.869647459735376e+03  -9.017593297308210e+06  8.406396331756143e+03  -4.056127082986185e+03  -9.818014617323363e-01  -1.064754024504548e-03  -8.562130886151422e-05
  1.304999999999994e+00  9.570004383262964e+03  -1.255280977219574e+04  -3.235946453963390e+03  -8.984290027202167e+06  6.486074150090272e+03  -5.008712008045355e+03  -9.743648329276551e-01  -9.216246473723055e-04  -1.728631593278888e-04
  1.309999999999994e+00  6.905197400454167e+03  -9.041297046358195e+03  -3.792408402077044e+03  -8.955246006675528e+06  4.361362682181468e+03  -5.858684297654859e+03  -9.673557076436257e-01  -7.405353177352515e-04  -2.173209109625907e-04
  1.314999999999994e+00  3.951484413855431e+03  -5.290218592519384e+03  -4.197855393529083e+03  -8.927054899760429e+06  2.289051421481162e+03  -6.696503983901898e+03  -9.604397224383204e-01  -5.680387583639885e-04  -2.368319620083205e-04
  1.319999999999994e+00  7.369775518490245e+02  -1.362463035406671e+03  -4.468383933970452e+03  -8.899496026614070e+06  2.928596426171614e+02  -7.512014849490835e+03  -9.535959845000747e-01  -4.078849882079934e-04  -2.338404193913355e-04
  1.324999999999994e+00  -2.493131511205519e+03  2.233174086631400e+03  -4.336669718771614e+03  -8.870846524599109e+06  -1.415968987872010e+03  -8.343580777325269e+03  -9.466525542722787e-01  -2.871517986629344e-04  -2.439843281813105e-04
  1.329999999999994e+00  -6.061603906879932e+03  6.365488268831833e+03  -4.411580472343304e+03  -8.844339422714764e+06  -3.207920846020433e+03  -9.063786676034786e+03  -9.399286081369361e-01  -1.549405889824223e-04  -2.068540601123510e-04
  1.334999999999994e+00  -9.791341186353704e+03  1.047127880647776e+04  -4.412892115109245e+03  -8.817940802951209e+06  -4.862564865277754e+03  -9.719967957744881e+03  -9.332203002871297e-01  -4.228071144169406e-05  -1.561290173311931e-04
  1.339999999999993e+00  -1.319486460865120e+04  1.425140859503813e+04  -4.080943417215420e+03  -8.790915757617978e+06  -6.242976433567410e+03  -1.029887425379647e+04  -9.264522131792824e-01  4.433361166346837e-05  -1.315029498819034e-04
  1.344999999999993e+00  -1.704892795777502e+04  1.818142726469546e+04  -3.993362476646656e+03  -8.764688913785275e+06  -7.581844698559335e+03  -1.078048835615703e+04  -9.197582020747794e-01  1.205739911399802e-04  -6.209574243885387e-05
  1.349999999999993e+00  -2.091884940518903e+04  2.189361890527779e+04  -3.881829192544029e+03  -8.738221038065553e+06  -8.725721734366240e+03  -1.116594358175453e+04  -9.130330999549919e-01  1.745359855535867e-04  1.293304300281721e-05
  1.354999999999993e+00  -2.474311808806870e+04  2.533351297870176e+04  -3.754768648315411e+03  -8.711435951383084e+06  -9.656274725272298e+03  -1.145137045211676e+04  -9.062643776446467e-01  2.061317287725048e-04  9.125527648846552e-05
  1.359999999999993e+00  -2.787654468662444e+04  2.852770100283407e+04  -3.355310485367515e+03  -8.684792740937110e+06  -1.035195070120229e+04  -1.161541679450323e+04  -8.994928656818055e-01  2.371353837472345e-04  1.385256281650847e-04
  1.364999999999993e+00  -3.137816302019091e+04  3.140047762169080e+04  -3.207442190858231e+03  -8.657518771399112e+06  -1.083759718503959e+04  -1.170716912048126e+04  -8.926371069922626e-01  2.344861447435417e-04  2.217718987491440e-04
  1.369999999999993e+00  -3.463259286875211e+04  3.389608214348253e+04  -3.041014429163012e+03  -8.629805998480221e+06  -1.107381604736467e+04  -1.171534020889022e+04  -8.857114979247673e-01  2.130666509265867e-04  3.039236889781151e-04
  1.374999999999993e+00  -3.757269386571407e+04  3.599119196082461e+04  -2.846460741439062e+03  -8.601654481841927e+06  -1.105725622369714e+04  -1.165094370708907e+04  -8.787118338970482e-01  1.750524809953409e-04  3.834516234599903e-04
  1.379999999999993e+00  -3.962901571221113e+04  3.798697215216824e+04  -2.467981569380599e+03  -8.574405478788916e+06  -1.090524960596474e+04  -1.145842707573402e+04  -8.717715582114864e-01  1.623127046377784e-04  4.389269821165399e-04
  1.384999999999992e+00  -4.177140009211083e+04  3.932576874574822e+04  -2.210954392971483e+03  -8.545641025388906e+06  -1.041573253385473e+04  -1.128202444092472e+04  -8.646411588692503e-01  1.055733586011275e-04  5.135411610657256e-04
  1.389999999999992e+00  -4.343547369924174e+04  4.022470344405001e+04  -1.884800910862647e+03  -8.516505726651613e+06  -9.696879682167531e+03  -1.106158186727882e+04  -8.574351374646773e-01  4.101155092649772e-05  5.800296938054417e-04
  1.394999999999992e+00  -4.457842762765258e+04  4.067933832938554e+04  -1.468935792414904e+03  -8.487056938240523e+06  -8.769828678401842e+03  -1.080027296258979e+04  -8.501578906452735e-01  -2.772526013664169e-05  6.357334045619846e-04
  1.399999999999992e+00  -4.485777255139008e+04  4.120114157734286e+04  -9.923488320671378e+02  -8.459120225879638e+06  -7.835969673197889e+03  -1.042448727115553e+04  -8.429962274688502e-01  -4.808559290798039e-05  6.798957614867078e-04
  1.404999999999992e+00  -4.486451641792130e+04  4.087302750472417e+04  -3.652856268259957e+02  -8.429341292679992e+06  -6.571864104534976e+03  -1.008207463883967e+04  -8.356057222891041e-01  -1.110003259827619e-04  7.138265854257174e-04
  1.409999999999992e+00  -4.425570697402143e+04  4.012077042812084e+04  4.201281603399264e+02  -8.399442466465537e+06  -5.184679912864175e+03  -9.689888441157063e+03  -8.281633070900004e-01  -1.679534780766120e-04  7.299783481534780e-04
  1.414999999999992e+00  -4.285028395898742e+04  3.958368824255526e+04  1.206592754868130e+03  -8.371311961804933e+06  -3.876644165366455e+03  -9.177380682523639e+03  -8.208646558701113e-01  -1.700090227138027e-04  7.475089194399986e-04
  1.419999999999992e+00  -4.096756648109113e+04  3.811879977547804e+04  2.331125292772910e+03  -8.341440025211141e+06  -2.331841443516817e+03  -8.686003682724753e+03  -8.133498024532179e-01  -2.051871381053166e-04  7.328869234228312e-04
  1.424999999999992e+00  -3.844083420322193e+04  3.627904299404709e+04  3.644316106280767e+03  -8.311679488494360e+06  -7.679226763091241e+02  -8.136390872724090e+03  -8.058103124033600e-01  -2.276200640099016e-04  6.997657631209067e-04
  1.429999999999992e+00  -3.528277969083363e+04  3.408553479559621e+04  5.129568633814771e+03  -8.282118866907788e+06  7.799509567259539e+02  -7.533368972775670e+03  -7.982568911976984e-01  -2.360250283966632e-04  6.504586808774737e-04
  1.434999999999991e+00  -3.148561089396502e+04  3.228546324029212e+04  6.470523985601676e+03  -8.254460792475833e+06  2.173189465085248e+03  -6.877916557109023e+03  -7.908728781450808e-01  -1.927789150593173e-04  6.285634338972655e-04
  1.439999999999991e+00  -2.717541476978384e+04  2.945503589018617e+04  8.173229902443909e+03  -8.225463032208650e+06  3.609835763876138e+03  -6.217064429471755e+03  -7.833196862350101e-01  -1.750156292185844e-04  5.584533968900741e-04
  1.444999999999991e+00  -2.237470007641559e+04  2.628816566886886e+04  9.893724739920761e+03  -8.196885746776043e+06  4.929735711136843e+03  -5.545294887334614e+03  -7.757846787819769e-01  -1.449677601505449e-04  4.808245031579307e-04
  1.449999999999991e+00  -1.715972824800784e+04  2.278958062214402e+04  1.154882742584425e+04  -8.168806114118705e+06  6.100704098915827e+03  -4.883447920171824e+03  -7.682807038957191e-01  -1.041031654106616e-04  3.988036401574024e-04
  1.454999999999991e+00  -1.171461921969533e+04  1.959995301932794e+04  1.271202817909770e+04  -8.142470924743013e+06  7.078455727941428e+03  -4.277415910543656e+03  -7.609629012026039e-01  -3.426291221537753e-05  3.539723797646790e-04
  1.459999999999991e+00  -5.969851153021457e+03  1.539894535603495e+04  1.395252549851720e+04  -8.115454689922961e+06  7.881470690480652e+03  -3.693584459566108e+03  -7.535530232580355e-01  1.745693978078525e-05  2.654925330504749e-04
  1.464999999999991e+00  -9.842701097934311e+01  1.086511297633185e+04  1.485266189250674e+04  -8.089135006783777e+06  8.447230910300019e+03  -3.167442014534668e+03  -7.462171533363997e-01  7.336598484521993e-05  1.752350840114693e-04
  1.469999999999991e+00  5.805799851577539e+03  6.020117840413956e+03  1.533522872204187e+04  -8.063579909273110e+06  8.753962264757627e+03  -2.707708207303521e+03  -7.389722471554641e-01  1.317141463432296e-04  8.251054458558063e-05
  1.474999999999991e+00  1.150775162724148e+04  1.344861626863948e+03  1.502069862401992e+04  -8.039493734968836e+06  8.858087556761302e+03  -2.332861035920900e+03  -7.319270781193929e-01  1.898798807671381e-04  1.636869134116923e-05
  1.479999999999990e+00  1.720386168900596e+04  -4.079823840514102e+03  1.453115593554373e+04  -8.015492904812863e+06  8.625157654272765e+03  -1.995594263695634e+03  -7.249001538996165e-01  2.443901327132043e-04  -8.902542903938630e-05
  1.484999999999990e+00  2.269735076277481e+04  -9.676096106830168e+03  1.351916067818106e+04  -7.992435317182044e+06  8.110804794409940e+03  -1.714978588341719e+03  -7.180137211190873e-01  2.984591320526917e-04  -2.006853053449505e-04
  1.489999999999990e+00  2.774682171678985e+04  -1.510858053833280e+04  1.174224110438098e+04  -7.970626134857731e+06  7.461723074028421e+03  -1.490641629227020e+03  -7.113329237979157e-01  3.391748189757261e-04  -2.960231597505787e-04
  1.494999999999990e+00  3.264354280704186e+04  -2.089231885154470e+04  9.771093456511866e+03  -7.949445670687937e+06  6.441524258586790e+03  -1.272744732121872e+03  -7.047526824016481e-01  3.882056556294573e-04  -4.237185715263777e-04
  1.499999999999990e+00  3.717797917514503e+04  -2.659310748050096e+04  7.368714359181836e+03  -7.929340672177967e+06  5.208963355241286e+03  -1.071163509099398e+03  -6.983500391376789e-01  4.368361539128761e-04  -5.555534924618770e-04
  1.504999999999990e+00  4.130643800312264e+04  -3.211379517230761e+04  4.594953799807084e+03  -7.910336832850586e+06  3.809324855049539e+03  -8.695926359283073e+02  -6.921319560135761e-01  4.849438294803164e-04  -6.884166547925678e-04
  1.509999999999990e+00  4.479307499230846e+04  -3.739395088042213e+04  1.418576796528285e+03  -7.892244801873369e+06  2.446495755520998e+03  -6.283898631854117e+02  -6.860897271817329e-01  5.075036927582326e-04  -8.052458728775738e-04
  1.514999999999990e+00  4.794248678623779e+04  -4.239260634186127e+04  -1.841785015528881e+03  -7.875354090541245e+06  8.654320789145044e+02  -3.601465249710421e+02  -6.802307745169370e-01  5.515659747987501e-04  -9.301306149091054e-04
  1.519999999999990e+00  5.055438645436600e+04  -4.695575773752265e+04  -5.252135272423145e+03  -7.859592671214272e+06  -7.118772908459223e+02  -3.924051893899469e+01  -6.745570069299383e-01  5.938915842525571e-04  -1.040788024103635e-03
  1.524999999999989e+00  5.259064943524513e+04  -5.101436547716975e+04  -8.732390133614770e+03  -7.844950827185370e+06  -2.222403234142970e+03  3.538184292060510e+02  -6.690623417035819e-01  6.336403256278132e-04  -1.131172649358882e-03
  1.529999999999989e+00  5.380223537111504e+04  -5.485595638067044e+04  -1.216830825988987e+04  -7.830868026108380e+06  -3.491090258651069e+03  8.691784032759103e+02  -6.636774656317279e-01  6.435487713010978e-04  -1.197382619886109e-03
  1.534999999999989e+00  5.458272689885458e+04  -5.782831435844186e+04  -1.551928858169938e+04  -7.818338554835420e+06  -4.709376547123613e+03  1.466131694962536e+03  -6.585023683439595e-01  6.761029162274452e-04  -1.235055484378981e-03
  1.539999999999989e+00  5.472719140010190e+04  -6.013879204239248e+04  -1.870526172270762e+04  -7.806888430150076e+06  -5.692340850573025e+03  2.184326570786433e+03  -6.534785735583306e-01  7.048379210435168e-04  -1.237634577928414e-03
  1.544999999999989e+00  5.423671567235885e+04  -6.175472095752761e+04  -2.164880784299278e+04  -7.796496032525756e+06  -6.396861880343027e+03  3.035390515997226e+03  -6.485950017720200e-01  7.299382690025217e-04  -1.202631469729118e-03
  1.549999999999989e+00  5.297897698234385e+04  -6.315397052564540e+04  -2.414214321445563e+04  -7.786454778034853e+06  -6.752068337676277e+03  4.037220764941153e+03  -6.437563079910209e-01  7.288222944381908e-04  -1.147905846234877e-03
  1.554999999999989e+00  5.128701320585779e+04  -6.333951810305518e+04  -2.637067357762698e+04  -7.778115460483727e+06  -6.833455485763434e+03  5.144214222981068e+03  -6.391188265413865e-01  7.498964979337925e-04  -1.041451086509705e-03
  1.559999999999989e+00  4.905143393075903e+04  -6.275329904872292e+04  -2.815248001543760e+04  -7.770806716750193e+06  -6.568342055325355e+03  6.367008913285456e+03  -6.345953217328767e-01  7.704078499914653e-04  -9.006697188110178e-04
  1.564999999999989e+00  4.631941823137562e+04  -6.138812169641022e+04  -2.943208549638842e+04  -7.764521026504765e+06  -5.958000496273354e+03  7.681440016338206e+03  -6.301791012787888e-01  7.919286622621067e-04  -7.305505955345773e-04
  1.569999999999989e+00  4.313568376484411e+04  -5.973097061808202e+04  -2.999865519575156e+04  -7.758673810069514e+06  -5.074073278852553e+03  9.000016605500658e+03  -6.257789554428432e-01  7.965269270837171e-04  -5.667922447274564e-04
  1.574999999999988e+00  3.961923597150300e+04  -5.680006989520663e+04  -3.015809028488203e+04  -7.754503917270173e+06  -3.850536128049847e+03  1.036035810703600e+04  -6.215649132468386e-01  8.246758935833347e-04  -3.592800126407124e-04
  1.579999999999988e+00  3.578601942916823e+04  -5.310918548323723e+04  -2.973117018339292e+04  -7.751388495445491e+06  -2.359315339547812e+03  1.167919129037709e+04  -6.174473489756478e-01  8.576631806040119e-04  -1.437571862690994e-04
  1.584999999999988e+00  3.176401665937697e+04  -4.911093793943106e+04  -2.857181314517417e+04  -7.748920956277600e+06  -7.606181798900686e+02  1.282803620123258e+04  -6.133505920314027e-01  8.792314220760414e-04  4.084728403004732e-05
  1.589999999999988e+00  2.750936830761531e+04  -4.398859515641069e+04  -2.702594915326058e+04  -7.748046348075156e+06  1.100235349557211e+03  1.387985943780507e+04  -6.094223104918977e-01  9.225056019104420e-04  2.504247688085127e-04
  1.594999999999988e+00  2.310325633561068e+04  -3.824597285396940e+04  -2.497622116431010e+04  -7.748279072066234e+06  3.062932227047152e+03  1.472297267333370e+04  -6.055828598767483e-01  9.696347853243556e-04  4.463895250996513e-04
  1.599999999999988e+00  1.858800865278135e+04  -3.196306117706018e+04  -2.249057650857357e+04  -7.749631813680207e+06  5.060082681951158e+03  1.530685939592665e+04  -6.018283521950446e-01  1.018511944515708e-03  6.233241574598772e-04
  1.604999999999988e+00  1.420103200492816e+04  -2.551036048182166e+04  -1.956359663064840e+04  -7.751993492102446e+06  6.905068608472615e+03  1.552783252364700e+04  -5.981018456840652e-01  1.052312889022441e-03  7.561041911429494e-04
  1.609999999999988e+00  9.608797013794830e+03  -1.840008588763963e+04  -1.650167591313168e+04  -7.755698147912458e+06  8.785846689959564e+03  1.548193333865204e+04  -5.945112062751148e-01  1.096380718508968e-03  8.887928980250993e-04
  1.614999999999988e+00  4.997581649856322e+03  -1.106240822235347e+04  -1.329903893130665e+04  -7.760527820699370e+06  1.051551613606170e+04  1.508465912303000e+04  -5.909915126061327e-01  1.131601141755455e-03  9.951062609056122e-04
  1.619999999999987e+00  3.892942578476258e+02  -3.619256747009267e+03  -1.006496021358833e+04  -7.766468486150842e+06  1.204287186868387e+04  1.432484249363515e+04  -5.875373110316745e-01  1.153347183324432e-03  1.074753070942886e-03
  1.624999999999987e+00  -3.974732053205837e+03  3.671178415256380e+03  -6.862528539840357e+03  -7.773601826115469e+06  1.327460838230850e+04  1.320345843489850e+04  -5.841254163671474e-01  1.154799382298357e-03  1.118934350653964e-03
  1.629999999999987e+00  -8.498626552606791e+03  1.101442085943466e+04  -3.874503499865953e+03  -7.781752260546456e+06  1.430953714637598e+04  1.174492188486175e+04  -5.807985648303473e-01  1.140049996104447e-03  1.150571556625727e-03
  1.634999999999987e+00  -1.295942568974062e+04  1.811583654570526e+04  -1.115171501068846e+03  -7.790910613128001e+06  1.505055571427572e+04  9.953202340158781e+03  -5.775255664592489e-01  1.100231865457366e-03  1.157154575847732e-03
  1.639999999999987e+00  -1.732930589027031e+04  2.487690846571893e+04  1.367531141722716e+03  -7.801028718805602e+06  1.548739165312781e+04  7.852313442499670e+03  -5.743046983245242e-01  1.032924987210018e-03  1.139409732771156e-03
  1.644999999999987e+00  -2.137549507758631e+04  3.123717796120234e+04  3.564436667246684e+03  -7.812321946028989e+06  1.564006384320443e+04  5.549737352350965e+03  -5.711499822042820e-01  9.474973398129106e-04  1.104210253089809e-03
  1.649999999999987e+00  -2.547263781113459e+04  3.712350948382636e+04  5.434533269258001e+03  -7.824233871055116e+06  1.548885522588075e+04  2.951292855160038e+03  -5.680446028504801e-01  8.255833182484240e-04  1.044418828349748e-03
  1.654999999999987e+00  -2.937745033500597e+04  4.245736648650052e+04  7.021003727527729e+03  -7.836923963252647e+06  1.504835889965220e+04  1.527648352453454e+02  -5.649950362627685e-01  6.752639473466977e-04  9.633312567426191e-04
  1.659999999999987e+00  -3.295186879415510e+04  4.726010414562887e+04  8.323055709287592e+03  -7.850648278268159e+06  1.439187042159373e+04  -2.683622229338292e+03  -5.620404355040256e-01  5.167899661758982e-04  8.811118888080734e-04
  1.664999999999986e+00  -3.636761434484123e+04  5.139883521791879e+04  9.428433325302483e+03  -7.864729706297421e+06  1.343782181451476e+04  -5.717747793563058e+03  -5.591243073105155e-01  3.170329007097552e-04  7.683485034627310e-04
  1.669999999999986e+00  -3.947887708933611e+04  5.487858871663440e+04  1.035656347601115e+04  -7.879392903903341e+06  1.225582484342674e+04  -8.800558203337789e+03  -5.562787302606718e-01  9.510812545689864e-05  6.433128419723785e-04
  1.674999999999986e+00  -4.225599515945955e+04  5.767867594127812e+04  1.113928470786621e+04  -7.894577071649914e+06  1.087425238880174e+04  -1.187250292499803e+04  -5.535107049447157e-01  -1.462074510283380e-04  5.112449611289225e-04
  1.679999999999986e+00  -4.466639385039551e+04  5.988835231333975e+04  1.173248895273145e+04  -7.910563247396158e+06  9.394688757216456e+03  -1.470552143963071e+04  -5.508856611922633e-01  -3.790537770339329e-04  4.059914568302723e-04
  1.684999999999986e+00  -4.672147614184260e+04  6.130535993730272e+04  1.229681811560706e+04  -7.926607819111369e+06  7.706617052885752e+03  -1.754748821320040e+04  -5.483042933826112e-01  -6.479517683501977e-04  2.775076384558308e-04
  1.689999999999986e+00  -4.839067184814482e+04  6.200538203720471e+04  1.276982363057616e+04  -7.942995217687748e+06  5.917653123089039e+03  -2.018365947091711e+04  -5.458261198761880e-01  -9.271132839640325e-04  1.592763617608464e-04
  1.694999999999986e+00  -4.966913254562791e+04  6.198610877665921e+04  1.315400906199462e+04  -7.959674979357468e+06  4.067025745838391e+03  -2.254641330336775e+04  -5.434617168615473e-01  -1.213317979473498e-03  5.672196855565038e-05
  1.699999999999986e+00  -5.057984207955015e+04  6.139882274841505e+04  1.340826636983775e+04  -7.976883118581507e+06  2.241613197452846e+03  -2.442533273673795e+04  -5.412903620719559e-01  -1.469718448912021e-03  -2.800615972406259e-06
  1.704999999999986e+00  -5.106208526176673e+04  6.000420536819632e+04  1.365504270574379e+04  -7.993981910715559e+06  3.773953883574181e+02  -2.606236955929715e+04  -5.391899472376834e-01  -1.755690789094838e-03  -6.707604349533036e-05
  1.709999999999986e+00  -5.114997941537549e+04  5.794239204351158e+04  1.383505002504669e+04  -8.011238823885152e+06  -1.425275684689754e+03  -2.725860834531147e+04  -5.372375757008363e-01  -2.036336558068996e-03  -1.087993823631304e-04
  1.714999999999985e+00  -5.084297578503819e+04  5.525419747482773e+04  1.396781269317472e+04  -8.028621818199317e+06  -3.125699865666295e+03  -2.797325785601984e+04  -5.354458881839602e-01  -2.306278264200688e-03  -1.290389055599425e-04
  1.719999999999985e+00  -5.017098665493581e+04  5.219188929991356e+04  1.408739183626294e+04  -8.046260737803787e+06  -4.704903744142747e+03  -2.812018127022125e+04  -5.338873655137754e-01  -2.521240401278079e-03  -1.203355920577114e-04
  1.724999999999985e+00  -4.907666702449679e+04  4.844618758247319e+04  1.422503121636696e+04  -8.063775677080906e+06  -6.112832873948320e+03  -2.783087241827501e+04  -5.324471103411373e-01  -2.751914471508559e-03  -1.110049573512945e-04
  1.729999999999985e+00  -4.760137476866789e+04  4.425560792540266e+04  1.439690573492441e+04  -8.081352450474928e+06  -7.321692271580166e+03  -2.701998210172696e+04  -5.311989269834502e-01  -2.954426574771459e-03  -9.130657571479278e-05
  1.734999999999985e+00  -4.578345012104273e+04  3.991110305124150e+04  1.461735682975557e+04  -8.099045844807222e+06  -8.383632874219938e+03  -2.573785463309742e+04  -5.301884929163181e-01  -3.091229827213709e-03  -6.252341362951725e-05
  1.739999999999985e+00  -4.361425701753748e+04  3.505649021578212e+04  1.490936908332023e+04  -8.116676525529500e+06  -9.156481760040744e+03  -2.396534518536118e+04  -5.293365497048007e-01  -3.223726368410930e-03  -3.910198747596593e-05
  1.744999999999985e+00  -4.114760953872921e+04  2.996194321737251e+04  1.525496389641882e+04  -8.134363059670466e+06  -9.690717504763810e+03  -2.174186798328331e+04  -5.286922518269705e-01  -3.312837206910716e-03  -1.778639245894089e-05
  1.749999999999985e+00  -3.843316064031585e+04  2.469042731728904e+04  1.562720204017566e+04  -8.152115823898457e+06  -9.988547786008901e+03  -1.910932384403476e+04  -5.282560959594661e-01  -3.354893281239931e-03  -1.002120282410893e-06
  1.754999999999985e+00  -3.562029371248304e+04  1.945787408841394e+04  1.591542942699333e+04  -8.169820242150454e+06  -1.016157008027150e+04  -1.627773917807947e+04  -5.280292871917407e-01  -3.336500797911757e-03  4.274774075707359e-06
  1.759999999999984e+00  -3.262885759426058e+04  1.396066833910175e+04  1.616384525304105e+04  -8.187689612176907e+06  -1.001428489241330e+04  -1.301768312886827e+04  -5.279881635777869e-01  -3.286179149649173e-03  8.224605372627643e-06
  1.764999999999984e+00  -2.960116352177722e+04  8.420592553721955e+03  1.624399862466149e+04  -8.205678124761477e+06  -9.665235391694592e+03  -9.511162566984154e+03  -5.281399394691823e-01  -3.186504256873572e-03  8.777246609202500e-06
  1.769999999999984e+00  -2.661325290752166e+04  2.876728358591462e+03  1.607358217899878e+04  -8.223809265413478e+06  -9.134195057081673e+03  -5.818498675818223e+03  -5.284750828603859e-01  -3.039076704146455e-03  8.273007802295446e-06
  1.774999999999984e+00  -2.379381869021022e+04  -2.535074028771758e+03  1.554062903117771e+04  -8.241820029346141e+06  -8.528522009730146e+03  -2.248572297158342e+03  -5.289521897899260e-01  -2.860578682255008e-03  -4.373723072176002e-06
  1.779999999999984e+00  -2.108061395869134e+04  -7.996180840535775e+03  1.466713915186726e+04  -8.260265554645889e+06  -7.686437410506428e+03  1.601191163019548e+03  -5.296099142760997e-01  -2.632254782394336e-03  3.953891838761917e-07
  1.784999999999984e+00  -1.856698724169275e+04  -1.332904313373020e+04  1.337418635822866e+04  -8.278939813532579e+06  -6.727743914216071e+03  5.452293929229843e+03  -5.304141680610208e-01  -2.365610655446386e-03  1.280583496190339e-05
  1.789999999999984e+00  -1.627090139738993e+04  -1.847498074210168e+04  1.165604463278032e+04  -8.297872662692378e+06  -5.676678938721018e+03  9.242162631031586e+03  -5.313507179793187e-01  -2.064742647407238e-03  3.478837155498049e-05
  1.794999999999984e+00  -1.417518519968295e+04  -2.333749108775209e+04  9.602441114688609e+03  -8.316701142414564e+06  -4.592640086537170e+03  1.263168868479982e+04  -5.323554184237868e-01  -1.763949679046679e-03  4.818217784105794e-05
  1.799999999999984e+00  -1.226699219645070e+04  -2.793441902433610e+04  7.166659918242442e+03  -8.336219974548349e+06  -3.411639337950987e+03  1.610520249009251e+04  -5.335051494701641e-01  -1.410812583308233e-03  9.258758000296617e-05
  1.804999999999984e+00  -1.050613728745620e+04  -3.213585526839588e+04  4.478118520428809e+03  -8.356094207147947e+06  -2.211048583603563e+03  1.934090378688275e+04  -5.347419422018633e-01  -1.035473646773859e-03  1.478057206231381e-04
  1.809999999999983e+00  -8.740609563149555e+03  -3.586004027503021e+04  1.761945196692659e+03  -8.375956089712858e+06  -1.000261226545801e+03  2.204520521658302e+04  -5.359929338480848e-01  -6.786388850210295e-04  1.939580156466176e-04
  1.814999999999983e+00  -7.113147392367336e+03  -3.910577671993506e+04  -1.109389553205310e+03  -8.396614755051812e+06  1.878203704736462e+02  2.464560059107433e+04  -5.373498724587780e-01  -2.736265937062195e-04  2.683394174493562e-04
  1.819999999999983e+00  -5.472889437500310e+03  -4.178295235176821e+04  -3.905387974015292e+03  -8.417706287787372e+06  1.324468223019472e+03  2.685285596345863e+04  -5.387436990433138e-01  1.411936139911850e-04  3.483897584739254e-04
  1.824999999999983e+00  -3.771072556192215e+03  -4.386134495626520e+04  -6.522633865398936e+03  -8.439245469020933e+06  2.388849711634135e+03  2.862030246336216e+04  -5.401559479266848e-01  5.610106491473790e-04  4.317722860854578e-04
  1.829999999999983e+00  -1.863974941138387e+03  -4.538870704085565e+04  -8.797338655506856e+03  -8.460899864887901e+06  3.446033423842743e+03  2.977573409514596e+04  -5.415099192125667e-01  9.411380683616980e-04  5.052071687481680e-04
  1.834999999999983e+00  3.497781588637365e+01  -4.629623449199626e+04  -1.085689117568910e+04  -8.483377885814546e+06  4.325816123633906e+03  3.058929864466626e+04  -5.429020045306295e-01  1.354592526527574e-03  5.917845703271748e-04
  1.839999999999983e+00  2.057026439512973e+03  -4.663380795719360e+04  -1.256461622702855e+04  -8.506321456090689e+06  5.082151458448810e+03  3.087496036853327e+04  -5.442562037767941e-01  1.756348204257417e-03  6.757433275746738e-04
  1.844999999999983e+00  4.194402142537646e+03  -4.644839666375830e+04  -1.391376946618668e+04  -8.529722524544686e+06  5.704928815205393e+03  3.061890350294375e+04  -5.455533687940188e-01  2.139496800378649e-03  7.556159622079004e-04
  1.849999999999983e+00  6.480144156677993e+03  -4.592802813336832e+04  -1.491066066714478e+04  -8.553344264818221e+06  6.309407381178064e+03  2.985633649986656e+04  -5.467354676613148e-01  2.464118720869918e-03  8.275545409894014e-04
  1.854999999999982e+00  8.748889577776677e+03  -4.492347402114618e+04  -1.563630542960149e+04  -8.577658560437001e+06  6.646334475009218e+03  2.857285678512101e+04  -5.478726025952209e-01  2.791830460972702e-03  8.982390871157700e-04
  1.859999999999982e+00  1.104992747397522e+04  -4.360678408316924e+04  -1.610100821790115e+04  -8.602384487175791e+06  6.834859856128992e+03  2.677790963196263e+04  -5.489045418211663e-01  3.079704389225743e-03  9.611858256968508e-04
  1.864999999999982e+00  1.334661625787335e+04  -4.206271700037856e+04  -1.635920398836755e+04  -8.627496543416334e+06  6.877989338139621e+03  2.450299400661930e+04  -5.498187116301336e-01  3.320500837273976e-03  1.015226597525399e-03
  1.869999999999982e+00  1.560019983196863e+04  -4.050097655413298e+04  -1.648292669450003e+04  -8.652931422495360e+06  6.894561846746875e+03  2.198167565136317e+04  -5.505966891214453e-01  3.493704131699479e-03  1.063288174364071e-03
  1.874999999999982e+00  1.777252809294769e+04  -3.874003294864400e+04  -1.649376299693524e+04  -8.678794797043953e+06  6.659379781937893e+03  1.892187282372707e+04  -5.512599593089185e-01  3.628529088928310e-03  1.095969703648764e-03
  1.879999999999982e+00  1.985697594836737e+04  -3.697273927602287e+04  -1.644138066092105e+04  -8.704964311679315e+06  6.306842011450155e+03  1.552899231046128e+04  -5.517867290998588e-01  3.700337201443868e-03  1.113859555580606e-03
  1.884999999999982e+00  2.183623320527938e+04  -3.525871882982428e+04  -1.635966050624506e+04  -8.731410855698608e+06  5.853509325560496e+03  1.186573127103447e+04  -5.521770630999894e-01  3.706277835786196e-03  1.114513373140042e-03
  1.889999999999982e+00  2.361346501652558e+04  -3.370416396645431e+04  -1.629697208810744e+04  -8.758270700907687e+06  5.394565675156440e+03  8.266808696584714e+03  -5.524602280747970e-01  3.657414989234181e-03  1.100703606366603e-03
  1.894999999999982e+00  2.535441476321539e+04  -3.217834767950746e+04  -1.621377852441296e+04  -8.785261180832855e+06  4.785524554680015e+03  4.277770671616158e+03  -5.525996719104043e-01  3.537419084256057e-03  1.057835573153704e-03
  1.899999999999981e+00  2.698475449565891e+04  -3.078413122964322e+04  -1.613884837432699e+04  -8.812455815971354e+06  4.139923605398310e+03  2.129932030801181e+02  -5.526212149061744e-01  3.354044260617910e-03  9.891408399707311e-04
  1.904999999999981e+00  2.837564192510187e+04  -2.951255442891724e+04  -1.610031710040355e+04  -8.840128845471544e+06  3.511123297249986e+03  -3.608917986637689e+03  -5.525721378862095e-01  3.138523330300482e-03  8.997985541232033e-04
  1.909999999999981e+00  2.980309705475942e+04  -2.832061799261735e+04  -1.602275455550926e+04  -8.867733299622376e+06  2.850629316287455e+03  -7.630520108899962e+03  -5.523990595103252e-01  2.849045040951711e-03  7.730077036864694e-04
  1.914999999999981e+00  3.114263667882682e+04  -2.720731829468980e+04  -1.592833472809746e+04  -8.895485314205091e+06  2.229680454502092e+03  -1.154550498336263e+04  -5.521466667947085e-01  2.514870611534759e-03  6.165695908575810e-04
  1.919999999999981e+00  3.239729770466458e+04  -2.613263708187850e+04  -1.580334699866396e+04  -8.923369577460101e+06  1.673145564063012e+03  -1.529870627323084e+04  -5.518304899876474e-01  2.145339122969835e-03  4.314861752009082e-04
  1.924999999999981e+00  3.337362123725631e+04  -2.500565213878311e+04  -1.565483522337285e+04  -8.951773388145130e+06  1.169850048201435e+03  -1.865160674634736e+04  -5.515043702157197e-01  1.786487215069727e-03  2.277825027148686e-04
  1.929999999999981e+00  3.446231213956211e+04  -2.384600617998151e+04  -1.540513869226351e+04  -8.979904160279959e+06  7.978864079325281e+02  -2.194775082037419e+04  -5.511071156048928e-01  1.377276250480602e-03  -5.975909360244018e-06
  1.934999999999981e+00  3.544648455071162e+04  -2.258366533200388e+04  -1.507479955285906e+04  -9.008105002321720e+06  5.574789400174769e+02  -2.494925122211029e+04  -5.506907581996998e-01  9.627513530365193e-04  -2.566402097025034e-04
  1.939999999999981e+00  3.630437647855688e+04  -2.117314537476704e+04  -1.464712071935507e+04  -9.036350318025442e+06  4.657556381412824e+02  -2.762026938186535e+04  -5.502687815801680e-01  5.529198615114369e-04  -5.178933023303869e-04
  1.944999999999981e+00  3.683895499988085e+04  -1.953497701760516e+04  -1.407699420374334e+04  -9.065025338288950e+06  4.550624663551834e+02  -2.984467939603723e+04  -5.498771853804871e-01  1.870570414701226e-04  -7.733355520260733e-04
  1.949999999999980e+00  3.737897825959927e+04  -1.770514392140596e+04  -1.338160280606032e+04  -9.093260537534734e+06  6.945935485009156e+02  -3.179696374978992e+04  -5.494760599167297e-01  -1.896236649883994e-04  -1.034364216776510e-03
  1.954999999999980e+00  3.769212151396228e+04  -1.563080967335263e+04  -1.253572711944090e+04  -9.121420181944987e+06  1.115432138241857e+03  -3.335022238095335e+04  -5.490998502097701e-01  -5.379425901149613e-04  -1.284046211236099e-03
  1.959999999999980e+00  3.773597576044528e+04  -1.329485569403260e+04  -1.152082704545118e+04  -9.149455038294317e+06  1.718766662051862e+03  -3.449150413054999e+04  -5.487553795697917e-01  -8.522463129257330e-04  -1.515466565751117e-03
  1.964999999999980e+00  3.735263296283985e+04  -1.069641503434393e+04  -1.027606684901408e+04  -9.177647268801836e+06  2.393977148744938e+03  -3.524864586114153e+04  -5.484579069741611e-01  -1.110829016117123e-03  -1.715063644477471e-03
  1.969999999999980e+00  3.676529359794214e+04  -7.813998532450817e+03  -8.868109065237255e+03  -9.205241780991731e+06  3.341511876702955e+03  -3.558037032835402e+04  -5.481889588717909e-01  -1.349922162663921e-03  -1.893913719723944e-03
  1.974999999999980e+00  3.578585834956726e+04  -4.671571087244211e+03  -7.251463385951013e+03  -9.232528589682072e+06  4.440444374187744e+03  -3.549634387486330e+04  -5.479627198713238e-01  -1.546593768283706e-03  -2.040008755178024e-03
  1.979999999999980e+00  3.433554291084344e+04  -1.332819445936926e+03  -5.410023029883819e+03  -9.259687325752841e+06  5.548901706796762e+03  -3.509432608213010e+04  -5.477827398895126e-01  -1.695321282517514e-03  -2.145719038953230e-03
  1.984999999999980e+00  3.251339527229541e+04  2.271253570633058e+03  -3.377688778023078e+03  -9.286134009541264e+06  6.875140825409019e+03  -3.422732055217422e+04  -5.476442506205167e-01  -1.811617488897717e-03  -2.222006614975340e-03
  1.989999999999980e+00  3.021771555955508e+04  6.052525581538589e+03  -1.151142131477567e+03  -9.312075985465625e+06  8.266253955425551e+03  -3.297886272855130e+04  -5.475501007924132e-01  -1.887693668022927e-03  -2.262654309472378e-03
  1.994999999999979e+00  2.743841240192323e+04  9.967493070325689e+03  1.246932733082071e+03  -9.337453439085547e+06  9.683666961623063e+03  -3.136789589101533e+04  -5.475001197913153e-01  -1.926172270911797e-03  -2.269041389041581e-03
  1.999999999999979e+00  2.421079672857353e+04  1.388042981321633e+04  3.708382095302340e+03  -9.362315397969939e+06  1.097215252832565e+04  -2.954216381212029e+04  -5.474945068640771e-01  -1.939552951342571e-03  -2.240279599267072e-03
