TITLE = "Temporal Signal for receiver number 00003"
VARIABLES = "Time","s_xx","s_yy","s_zz","s_xy","s_yz","s_xz","v1","v2","v3"
# x1       -1.304032570850e+04
# x2       -1.143348392725e+04
# x3       -1.632366330749e+04
# cell-global-id 32621
  0.000000000000000e+00  0.000000000000000e+00  0.000000000000000e+00  0.000000000000000e+00  0.000000000000000e+00  0.000000000000000e+00  0.000000000000000e+00  0.000000000000000e+00  0.000000000000000e+00  0.000000000000000e+00
  5.000000000000000e-03  0.000000000000000e+00  0.000000000000000e+00  0.000000000000000e+00  0.000000000000000e+00  0.000000000000000e+00  0.000000000000000e+00  0.000000000000000e+00  0.000000000000000e+00  0.000000000000000e+00
  1.000000000000000e-02  0.000000000000000e+00  0.000000000000000e+00  0.000000000000000e+00  0.000000000000000e+00  0.000000000000000e+00  0.000000000000000e+00  0.000000000000000e+00  0.000000000000000e+00  0.000000000000000e+00
  1.500000000000000e-02  0.000000000000000e+00  0.000000000000000e+00  0.000000000000000e+00  0.000000000000000e+00  0.000000000000000e+00  0.000000000000000e+00  0.000000000000000e+00  0.000000000000000e+00  0.000000000000000e+00
  2.000000000000000e-02  0.000000000000000e+00  0.000000000000000e+00  0.000000000000000e+00  0.000000000000000e+00  0.000000000000000e+00  0.000000000000000e+00  0.000000000000000e+00  0.000000000000000e+00  0.000000000000000e+00
  2.500000000000000e-02  0.000000000000000e+00  0.000000000000000e+00  0.000000000000000e+00  0.000000000000000e+00  0.000000000000000e+00  0.000000000000000e+00  0.000000000000000e+00  0.000000000000000e+00  0.000000000000000e+00
  3.000000000000000e-02  -1.932300666565457e-40  -2.005914987817542e-40  -8.746634194617586e-40  1.595232971178446e-40  -2.564659967895624e-41  -1.735625222935007e-40  8.354423672107715e-48  1.733283918099539e-48  1.735314580467329e-47
  3.500000000000000e-02  2.020631746391409e-35  -2.854236984589972e-35  2.142407775672732e-34  8.694496504514426e-35  -7.598356622855077e-35  -2.053952880593723e-35  -1.155019731006370e-42  1.167352214451417e-42  -3.287867661838870e-42
  4.000000000000000e-02  1.039131260468064e-31  2.347780069961392e-31  1.640330136938732e-31  -2.239263836458394e-32  1.658261291246295e-32  -1.768522413225521e-32  1.347178529128529e-39  -5.818625386630830e-39  -1.947488006508120e-39
  4.500000000000000e-02  1.024213689991891e-27  2.327260410487413e-27  9.299313952140134e-28  -6.635436856332414e-28  3.475157528433401e-28  -2.328787355788454e-28  2.567630752567099e-35  -4.994210724931056e-35  -8.938050681450603e-36
  5.000000000000000e-02  1.285027630897733e-25  2.865893696082976e-25  1.223964401517647e-25  -9.521146410449439e-26  4.445484060667615e-26  -3.724436960367872e-26  3.920949813099599e-33  -6.238617742992029e-33  -1.128870225236012e-33
  5.499999999999999e-02  3.735927709649887e-24  8.116564079276224e-24  3.181563119386610e-24  -2.850593115799795e-24  8.825028453731713e-25  -8.213344904044012e-25  1.084804311752001e-31  -1.688267999231430e-31  -2.237633444164608e-32
  5.999999999999999e-02  7.050277663921693e-23  1.605505360076032e-22  6.069041339438574e-23  -5.978736518564572e-23  1.382764653396479e-23  -1.716565551267801e-23  2.319401186095560e-30  -3.312865410720422e-30  -2.852101539320839e-31
  6.499999999999999e-02  2.956055169759917e-22  6.535407032138330e-22  1.769539493123052e-22  -3.635098376955617e-22  -4.246414821178591e-23  -9.265112981654093e-23  1.427768409658553e-29  -1.247279410102207e-29  3.158209011287738e-30
  6.999999999999999e-02  -4.637757666630656e-21  -1.131425770261257e-20  -5.000680621111370e-21  3.006624755158731e-21  -1.990710361171007e-21  1.083065710631314e-21  -1.189150148875171e-28  2.395402600388809e-28  5.995294460200849e-29
  7.500000000000000e-02  -1.765471727145567e-20  -3.869702424504946e-20  -1.150097086143102e-20  2.058591770135477e-20  9.491312904539814e-22  4.840272075463160e-21  -8.006350002388693e-28  7.546665153406442e-28  -1.098305010099604e-28
  8.000000000000000e-02  1.427801991117815e-19  3.532898513752690e-19  1.519033307345624e-19  -8.268009766207158e-20  6.144824837023853e-20  -2.480311473007044e-20  3.040002905777841e-27  -7.331695186137402e-27  -1.980817000742927e-27
  8.500000000000001e-02  1.999593206620335e-19  4.113570685830460e-19  9.351515045245056e-20  -3.417431149478222e-19  -4.808209557068117e-20  -6.103672540723037e-20  1.315227089712106e-26  -6.923557358044505e-27  2.969406038322937e-27
  9.000000000000001e-02  -2.229187736552635e-18  -5.646151881463920e-18  -2.264282488862713e-18  1.408153564605448e-18  -8.119726992088957e-19  3.433496786309800e-19  -5.041649827141074e-26  1.143487872367539e-25  2.560003738530837e-26
  9.500000000000001e-02  1.093649338932031e-18  4.086982643384587e-18  2.277117782761619e-18  1.802261286410177e-18  1.673001409650003e-18  1.693265705728351e-19  -7.630827894729848e-26  -9.696162072406435e-26  -6.540109940863597e-26
  1.000000000000000e-01  1.961544883662807e-17  5.197061740708015e-17  1.947255807142334e-17  -1.606395821448058e-17  6.042611571002253e-18  -3.412689681292445e-18  5.892522035036514e-25  -1.011360909830955e-24  -1.587575364286710e-25
  1.050000000000000e-01  -3.915541289762772e-17  -1.181700299725826e-16  -5.127099877351392e-17  5.841702065466987e-18  -2.588281423807950e-17  3.984216793788341e-18  -1.114476507632225e-25  2.482235491443997e-24  8.820981134009602e-25
  1.100000000000000e-01  -1.200303485770676e-16  -2.966122693770694e-16  -1.048420486160702e-16  1.240398956942151e-16  -2.196507402428303e-17  2.323774043863069e-17  -4.649685990463525e-24  5.635784685064553e-24  3.933679391971257e-25
  1.150000000000000e-01  3.486021429278225e-16  1.009225481001250e-15  4.183979487040713e-16  -1.161554173460983e-16  1.861988083734636e-16  -3.241183868597595e-17  3.328115000492476e-24  -2.053416302278478e-23  -6.196030994510145e-24
  1.200000000000000e-01  4.914282856775957e-16  1.180144802215228e-15  3.846580328924443e-16  -7.156089925307404e-16  1.497187546759426e-17  -1.056359275951052e-16  2.773434647583657e-23  -2.057338630961207e-23  1.969769325825555e-24
  1.250000000000000e-01  -1.990210804154226e-15  -5.589855073773813e-15  -2.359470169316299e-15  6.718149648940842e-16  -1.034293304260438e-15  1.575878732955704e-16  -1.928787336726668e-23  1.128792639421341e-22  3.492967903598977e-23
  1.300000000000000e-01  -1.877298768585945e-15  -4.451871552146664e-15  -1.199736964360178e-15  3.223905046719602e-15  3.121589952307810e-16  3.860203564236445e-16  -1.256207583894946e-22  7.543863340198101e-23  -2.206922070873654e-23
  1.350000000000000e-01  9.081901079934253e-15  2.496961981699527e-14  1.135529476821831e-14  -3.234601252837466e-15  5.434286897545103e-15  -9.027573616500367e-16  1.022275468512452e-22  -5.025554183962486e-22  -1.857300634961700e-22
  1.400000000000000e-01  7.182366809366108e-15  1.693318861134061e-14  4.815261314644029e-15  -1.284863786481555e-14  -8.924395495735866e-16  -1.250716940928405e-15  4.908108401140282e-22  -2.834742193406061e-22  8.051673613977942e-23
  1.450000000000000e-01  -3.714760702319562e-14  -9.088378882821065e-14  -4.534320532322130e-14  1.283648288313402e-14  -2.330032358608933e-14  4.829842734813230e-15  -4.113277912313839e-22  1.857530995341273e-21  8.383739444784174e-22
  1.500000000000000e-01  -3.286345085433680e-14  -7.776490152734758e-14  -2.585116181817844e-14  4.676296544311256e-14  -2.498927180205467e-15  4.655169467634797e-15  -1.755724991029603e-21  1.435940414355466e-21  -7.144908871783376e-23
  1.550000000000001e-01  1.009866352767112e-13  2.216537054389387e-13  1.315666065459159e-13  -1.648658092348244e-14  7.406362618099729e-14  -1.516094099739779e-14  5.994493739366657e-22  -4.595876277607441e-21  -2.825477841348009e-21
  1.600000000000001e-01  1.128421596881741e-13  2.852220592944856e-13  9.744805013866433e-14  -1.386196826486074e-13  1.762078416029119e-14  -6.351162714828539e-15  5.133618684123614e-21  -5.498210118886795e-21  -2.301171527799575e-22
  1.650000000000001e-01  -1.720967673988683e-14  4.281881212278693e-14  -1.212389387404173e-13  -2.203961999990120e-13  -1.331192734727240e-13  -7.055479257386364e-15  7.739595502721210e-21  8.034484936764984e-23  5.964088278669179e-21
  1.700000000000001e-01  9.688344974968249e-14  -2.468178118174434e-13  3.759273609556447e-14  1.410821047974164e-14  5.252358942855881e-14  -1.233706916616349e-13  -3.787882256723119e-22  3.893403861988765e-21  -2.961231348648857e-21
  1.750000000000001e-01  -1.172390334527467e-12  -3.034036306031119e-12  -9.956342073153213e-13  1.384535392262896e-12  -1.856718760506528e-13  2.367986895636379e-13  -4.795436408767565e-20  5.578320860875726e-20  1.566009798811169e-21
  1.800000000000001e-01  -2.538245184911720e-12  -3.470910129969177e-12  -2.071770972709227e-12  1.802293971488668e-12  -8.235015804425976e-13  8.196053265287975e-13  -6.662143797859781e-20  7.257343023944061e-20  3.003813991710190e-20
  1.850000000000001e-01  6.149913516894084e-12  1.551713541415349e-11  6.091021714660310e-12  -5.058635194312285e-12  1.653237276610535e-12  -1.279640505750895e-12  1.815753260313440e-19  -2.895372861901621e-19  -4.317615893402212e-20
  1.900000000000001e-01  6.572563993157915e-12  6.085463353138765e-12  3.901333609433190e-12  -4.624486609470869e-12  4.708154014856012e-14  -1.916347109221870e-12  1.764174130425506e-19  -1.151977670584415e-19  -4.382292098474387e-21
  1.950000000000001e-01  -3.407525261739745e-11  -7.460835976550220e-11  -3.089720984590941e-11  3.004987757889922e-11  -8.100023074909867e-12  7.998352155628234e-12  -1.125802720270547e-18  1.453628010177613e-18  2.075580076146044e-19
  2.000000000000001e-01  3.057298990285010e-11  1.019956634789181e-10  5.220302159273630e-11  -1.417448477847856e-12  3.543270674554041e-11  -7.624124247698159e-13  -1.093157889293674e-19  -2.132569225853391e-18  -1.367951193674083e-18
  2.050000000000001e-01  2.214816428066844e-10  4.609541071134163e-10  2.105487984945027e-10  -1.966223855742336e-10  6.876635769367227e-11  -4.801474792889073e-11  7.422377302523944e-18  -9.267240585356330e-18  -2.026067410418938e-18
  2.100000000000001e-01  -1.937957726542063e-10  -6.349241369263792e-10  -3.588066645179903e-10  -6.508169868252313e-11  -2.263907971348498e-10  1.336380177268666e-11  3.019807247555866e-18  1.261874086160801e-17  9.025185139775823e-18
  2.150000000000001e-01  -1.134614712784316e-09  -2.470948272682660e-09  -1.113748542335403e-09  8.823811683675659e-10  -4.062857851241138e-10  1.903497430495594e-10  -3.240681996463496e-17  4.982244273374748e-17  1.300970044240448e-17
  2.200000000000001e-01  4.686907654286275e-13  6.740370173838523e-10  7.329578679843399e-10  1.096528548785635e-09  6.018120041154854e-10  1.188615201211689e-10  -4.162128517690129e-17  -1.240240443103540e-17  -2.770138350210266e-17
  2.250000000000001e-01  3.378982972220015e-09  8.098174537585004e-09  3.780990355579085e-09  -2.040913994931764e-09  1.549736723732062e-09  -4.016640737138194e-10  7.575906556147217e-17  -1.626201795064299e-16  -4.963772673396279e-17
  2.300000000000001e-01  3.945355526026816e-09  7.117400018094752e-09  1.469327569896521e-09  -6.197825891202468e-09  -2.045594424165279e-10  -1.017800231443202e-09  2.258322321304504e-16  -1.425585249934951e-16  3.453149394987029e-17
  2.350000000000001e-01  -3.662000986960096e-09  -1.276704401337572e-08  -6.075391880027243e-09  -1.658784921290924e-09  -2.687298445924668e-09  -6.878041890176051e-10  5.828662444375879e-17  2.543227954727028e-16  9.532721112279324e-17
  2.400000000000001e-01  -1.645879768723334e-08  -3.812144226980143e-08  -1.166902964930694e-08  1.570740386689625e-08  -2.683854476664629e-09  2.417831976553624e-09  -5.644032040223721e-16  7.340098780343291e-16  7.647652898692388e-18
  2.450000000000001e-01  -1.851776952945608e-08  -2.362641867546005e-08  -7.868996745381519e-09  2.530544288606916e-08  -2.410462890091010e-09  6.555765780873111e-09  -9.008368046287860e-16  4.869135783083344e-16  2.999711637323321e-17
  2.500000000000001e-01  1.731079337050507e-08  7.140621772268576e-08  1.165380690821184e-08  -7.979471171940549e-09  -9.977715022827546e-09  3.548150793835151e-09  2.718503277954793e-16  -1.273647269690568e-15  5.704500900019727e-16
  2.550000000000001e-01  7.283795903932447e-08  1.740410103951619e-07  2.652255590091118e-08  -7.829081483363390e-08  -1.679763381455325e-08  -1.052456315997080e-08  2.786475492817672e-15  -3.227652809832503e-15  1.237933940875316e-15
  2.600000000000001e-01  4.073324198393310e-08  1.814515245906958e-08  2.207976262382105e-08  -7.144976389866587e-08  1.367792452213342e-08  -1.576104738768881e-08  2.660558449704919e-15  -3.299375517799915e-16  -9.396120687585520e-16
  2.650000000000001e-01  -2.308627192616987e-08  -1.280424346366690e-07  1.658235052986300e-07  8.427323367500315e-08  1.948972596733124e-07  -2.847503242592337e-08  -2.845505818298617e-15  1.520243375004844e-15  -9.749895519512302e-15
  2.700000000000001e-01  3.161790325062226e-07  6.832517141724766e-07  6.449378226078483e-07  1.751090470943419e-07  7.117861029817924e-07  -1.442553422766636e-07  -7.344509282839736e-15  -1.786839855173741e-14  -2.692901036785289e-14
  2.750000000000001e-01  3.653013504808870e-08  -4.308957843021532e-07  -5.694154880915066e-08  3.646613786714487e-07  5.561822210518748e-07  -5.994398918354669e-08  -1.570557714742923e-14  9.158876385234786e-15  -1.584213414892226e-14
  2.800000000000001e-01  -3.953448670200343e-06  -9.844352573533624e-06  -4.314213641517516e-06  1.401327540586198e-06  -3.274008129676463e-06  1.158554381001531e-06  -4.278175886703283e-14  2.148242965314904e-13  1.094836457842231e-13
  2.850000000000001e-01  -6.623456746151650e-06  -1.222967338869831e-05  -9.589531236472559e-06  -3.997417913942589e-07  -1.039272062244284e-05  2.317923356067494e-06  3.341449774534954e-14  2.540556323758655e-13  3.876686334365251e-13
  2.900000000000001e-01  1.332566700395419e-05  4.153175739501914e-05  5.623890811095518e-06  -1.175732831035025e-05  -1.984841713173933e-06  -2.553422777702232e-06  4.098252226435052e-13  -8.558360119222718e-13  2.179954171936685e-13
  2.950000000000002e-01  5.285263686990324e-05  1.173349734780116e-04  6.154743800192765e-05  -1.591312095629184e-05  4.472958617011686e-05  -1.385097644663452e-05  4.903533213721950e-13  -2.300519132051106e-12  -1.659128908647676e-12
  3.000000000000002e-01  7.604267184788797e-07  -3.630664199311696e-05  5.568885548559499e-05  3.304193627314925e-05  6.612082113006235e-05  -5.801192148988281e-06  -1.187025486276378e-12  7.746254109442945e-13  -3.115260164706300e-12
  3.050000000000002e-01  -1.867301473992687e-04  -4.553428212508730e-04  -1.526940034288827e-04  1.098805588256523e-04  -6.229740384291855e-05  3.820282825270380e-05  -3.685392957399232e-12  8.761322194135937e-12  1.577891036672176e-12
  3.100000000000002e-01  -2.090619109435840e-04  -4.032052879075874e-04  -3.700706417373514e-04  3.068444916214684e-05  -2.664670240377907e-04  5.886907673307058e-05  -8.706402125127548e-13  7.519480022760061e-12  1.184121691894406e-11
  3.150000000000002e-01  3.301351478072786e-04  8.398939469262148e-04  1.426818311285919e-05  -3.370132535387870e-04  -1.596496675939943e-04  -4.283980307089224e-05  1.142086740411242e-11  -1.572630314873549e-11  1.022855264712890e-11
  3.200000000000002e-01  1.004613164129652e-03  2.098062835721831e-03  1.032367809645418e-03  -6.841832524322886e-04  4.686186642580591e-04  -2.396551323958019e-04  2.354738862788572e-11  -3.930222239300481e-11  -1.724097691351101e-11
  3.250000000000002e-01  5.813979959512144e-04  9.257470661638324e-04  1.393970681621479e-03  -3.380769848263651e-04  1.155987193040100e-03  -3.028246857770196e-04  1.276337497065166e-11  -1.974915941351347e-11  -5.159854478434234e-11
  3.300000000000002e-01  -1.516807484500546e-03  -3.377664084063203e-03  -4.681097429947095e-04  1.203106157015903e-03  9.673874861185486e-04  1.685874449638246e-05  -3.911823504701554e-11  5.638970516648410e-11  -4.312238747670142e-11
  3.350000000000002e-01  -3.129983300381642e-03  -6.396422863005313e-03  -2.013026597361038e-03  3.544503183345152e-03  3.173883084626401e-04  7.063615068372584e-04  -1.220161243712144e-10  1.147774138652566e-10  -1.390966084654865e-11
  3.400000000000002e-01  -1.839971237138377e-03  -4.539891671823983e-03  -9.571517882263872e-04  4.975839175471263e-03  -7.683788654607942e-04  1.582214613169887e-03  -1.789644528511372e-10  8.653702398424993e-11  2.052376025363558e-11
  3.450000000000002e-01  2.349782636520136e-03  2.761234425482860e-03  -1.808422614998211e-04  1.348166396845884e-03  -3.316601472992833e-03  1.402204518324787e-03  -5.844129279446880e-11  -4.954767699543775e-11  1.411146459018961e-10
  3.500000000000002e-01  8.410465985642854e-03  1.622077369099202e-02  -1.337309221626206e-03  -9.557984455044907e-03  -6.401447781547308e-03  -1.493877570559535e-03  3.258002996667580e-10  -3.038918553949639e-10  3.428853542739261e-10
  3.550000000000002e-01  1.288571282845353e-02  3.153915540751598e-02  3.020667549916818e-03  -1.775172953520516e-02  -5.842279660713942e-03  -4.546917540626731e-03  6.187667096257784e-10  -5.837270809458266e-10  3.250799501236545e-10
  3.600000000000002e-01  5.283800748541679e-03  2.812250582808505e-02  1.150524516492542e-02  -3.629746405244663e-03  -2.415210007826011e-03  5.676308108816310e-04  1.319106170777547e-10  -5.160495390497757e-10  -4.215410547070206e-11
  3.650000000000002e-01  -1.210661620489323e-02  -1.070332759405774e-02  1.698621483015623e-02  3.153890140138035e-02  4.629167879340105e-03  1.237016842262697e-02  -1.019911243528638e-09  1.704917628735302e-10  -7.513453009955573e-10
  3.700000000000002e-01  -2.760390624755746e-02  -8.571158069743713e-02  -2.550838255438152e-04  4.933678157102207e-02  1.612667917321748e-02  1.448330905429600e-02  -1.504669045713699e-09  1.586188064975510e-09  -1.246439219896177e-09
  3.750000000000002e-01  -2.716642696925332e-02  -1.901448862630675e-01  -7.113635052164707e-02  1.353934705303115e-03  1.605611752271065e-02  -9.254714026968985e-03  3.174366505080566e-10  3.864827517813898e-09  -3.988988349164169e-10
  3.800000000000002e-01  1.680026249722855e-02  -2.297152132249382e-01  -1.468260599477821e-01  -1.182318546650322e-01  -1.997893784933058e-02  -5.529226234509813e-02  4.634703778025598e-09  5.620242719467430e-09  1.862222874268969e-09
  3.850000000000002e-01  1.600336408862837e-01  2.547442954985390e-02  -3.946621431030142e-03  -2.531677036456019e-01  -6.441902173762622e-02  -1.057573655327978e-01  1.005145435966698e-08  2.017161535298902e-09  1.478204672520619e-09
  3.900000000000002e-01  2.587956176473310e-01  5.844328806754585e-01  2.688026817985367e-01  -2.666525205766750e-01  -6.977466577358006e-02  -9.736156341201273e-02  1.134913410660952e-08  -9.355527815629604e-09  -5.288220941849929e-10
  3.950000000000002e-01  6.579369126422918e-02  1.064435553220755e+00  3.166399843112375e-01  6.256891685228455e-02  -9.103649932097417e-02  -6.475178739897870e-03  1.703546656395179e-09  -2.355393393335673e-08  1.373154561305290e-09
  4.000000000000002e-01  -5.572895233519127e-01  7.036223490105209e-01  -2.538382852524450e-01  7.265264302853831e-01  -1.158327599901618e-01  1.606109943525094e-01  -2.376685790321620e-08  -2.852534254956362e-08  1.121716841461028e-08
  4.050000000000002e-01  -1.182781123433706e+00  -5.905652896321710e-01  -4.349333022392143e-01  1.317980002387413e+00  -1.438043037800421e-01  2.334264563250321e-01  -5.280961368564311e-08  -1.016361562582470e-08  6.876072520956104e-09
  4.100000000000003e-01  -1.316445055721862e+00  -2.582603711074566e+00  9.292395611018796e-01  9.470169777129452e-01  7.397480276323155e-02  1.333375721864462e-01  -6.222089087876898e-08  3.668585306800823e-08  -3.400574153603884e-08
  4.150000000000003e-01  -8.160393367387330e-01  -3.997076514187270e+00  3.822736854020614e+00  -7.258094409322570e-01  3.571715696310174e-01  -4.811981707919896e-01  -1.278463260362243e-08  1.091144726661272e-07  -1.022388703971377e-07
  4.200000000000003e-01  -6.126669809834329e-02  -3.595744932230529e+00  5.421069756557404e+00  -2.828472731020960e+00  5.419053840632821e-01  -1.506620384274562e+00  1.014034439464856e-07  1.583559749390041e-07  -1.269136680765772e-07
  4.250000000000003e-01  1.005342980545573e+00  1.595828421545234e-01  3.386091486192333e+00  -4.202478373396901e+00  1.573933771456965e+00  -2.308462897311097e-01  1.767993427212470e-07  7.490309993166891e-08  -5.237468955164956e-08
  4.300000000000003e-01  3.203238578617151e+00  8.202154889538388e+00  -8.214914500951034e-01  -2.222125670015540e+00  3.625217353334999e+00  5.104364508736958e+00  1.113331891010264e-07  -1.741563943402535e-07  9.269480137192960e-08
  4.350000000000003e-01  5.203923079653179e+00  1.687948868170777e+01  -8.353641735866661e+00  3.527062336211324e+00  6.413463622800501e+00  1.580645198909232e+01  -1.930450795851074e-07  -4.978663129467440e-07  3.123572038077134e-07
  4.400000000000003e-01  3.901227506785225e+00  1.558262028640218e+01  -2.732908449795632e+01  1.240360334939046e+01  3.874215127054234e+00  2.487166119757126e+01  -5.346951121633261e-07  -5.027622618316634e-07  6.444800121316499e-07
  4.450000000000003e-01  -5.583310999785312e+00  -3.993942481780055e+00  -6.409117174883717e+01  1.851538943672766e+01  -8.070139935636721e+00  1.921646381201214e+01  -5.682886085599007e-07  4.263040939963790e-08  1.292301592117555e-06
  4.500000000000003e-01  -1.230599275104721e+01  -3.815773146547546e+01  -9.280702720121290e+01  1.329554603129175e+01  -2.810307577643907e+01  -1.527447409548537e+01  2.096871257170590e-07  1.088396140223105e-06  1.669656754268208e-06
  4.550000000000003e-01  9.232922970250881e+00  -5.960942202147534e+01  -4.041984648283429e+01  -1.014430767433841e+01  -3.899569508339061e+01  -7.859133908246372e+01  1.861766666035135e-06  1.817636640367503e-06  3.217906645021243e-07
  4.600000000000003e-01  6.533055610213933e+01  -3.434995938352466e+01  1.491333898515276e+02  -4.921862945101444e+01  -1.679428585388433e+01  -1.408304571173234e+02  3.441365775583634e-06  1.141921774427120e-06  -3.474687934099583e-06
  4.650000000000003e-01  1.192420617088949e+02  2.238242178948633e+01  4.117192758050396e+02  -8.243074862333556e+01  4.709174349226326e+01  -1.406542189948920e+02  3.276512551475898e-06  -1.183758745677441e-06  -8.566944276007258e-06
  4.700000000000003e-01  6.937650394746103e+01  5.749574947925489e+01  4.976780289674620e+02  -7.971037290892468e+01  1.302777610234968e+02  -1.199587018867228e+01  -6.612492031082298e-07  -4.263101227737068e-06  -9.650005857387794e-06
  4.750000000000003e-01  -1.397687677857894e+02  1.219329883199122e+00  1.592888147037312e+02  -2.018864058632916e+01  1.819281618227466e+02  2.393155686844835e+02  -7.801259271734064e-06  -5.861269636301173e-06  -1.679562733549061e-06
  4.800000000000003e-01  -4.140423044736348e+02  -9.634918090609762e+01  -5.767576002557503e+02  9.420338723556054e+01  1.519041653177576e+02  5.131308533755870e+02  -1.484898141673272e-05  -4.324222380964773e-06  1.382703753593116e-05
  4.850000000000003e-01  -4.954690798766810e+02  -1.143800149739428e+02  -1.264558600754934e+03  2.243531231173727e+02  9.869389958296791e+00  5.887217244367814e+02  -1.466914969606892e-05  1.386482836502312e-06  2.767681910870626e-05
  4.900000000000003e-01  -1.416225380578255e+02  7.128664394921445e+01  -1.284381810415399e+03  3.092418051691805e+02  -2.157814665862617e+02  2.864729366322629e+02  -2.258337512806038e-06  9.687514926057648e-06  2.698430865126382e-05
  4.950000000000003e-01  5.941896402073171e+02  4.274812595603378e+02  -3.549748891415620e+02  2.822653865969892e+02  -4.264946156164119e+02  -3.463813468924777e+02  1.884615033924049e-05  1.601005186416148e-05  5.669802292598009e-06
  5.000000000000003e-01  1.293320156399433e+03  6.663630584421710e+02  1.132128883424991e+03  9.010025018077566e+01  -5.097106849550889e+02  -1.053903992909141e+03  3.849670796267838e-05  1.659556648327925e-05  -2.690838685237868e-05
  5.050000000000003e-01  1.356506626847104e+03  4.682093314693566e+02  2.312179824030478e+03  -2.590113959221491e+02  -3.543145508087559e+02  -1.382606659692855e+03  4.057919256489614e-05  7.202340302172278e-06  -5.316134638232080e-05
  5.100000000000003e-01  3.986445574678181e+02  -2.918848108335261e+02  2.333459734596533e+03  -6.870911945135562e+02  5.979540837091493e+01  -1.024708326960500e+03  1.685612326619395e-05  -1.135982490738154e-05  -5.470027497298163e-05
  5.150000000000003e-01  -1.236259037116291e+03  -1.321476349317561e+03  1.235703889554294e+03  -1.025549176130578e+03  6.245733746179424e+02  -4.438580193778562e+01  -2.680696893735956e-05  -3.468254708199885e-05  -3.169478507405339e-05
  5.200000000000004e-01  -2.685973675405018e+03  -1.954459710498122e+03  -2.833388342047520e+02  -1.070447680703767e+03  1.104456986451867e+03  1.094627659864447e+03  -6.846188756554631e-05  -5.184231818436665e-05  2.803860136890200e-06
  5.250000000000004e-01  -2.897038061993395e+03  -1.528638371556476e+03  -1.191074113971460e+03  -6.587146636770776e+02  1.218848260268331e+03  1.752391767178845e+03  -8.100946279748357e-05  -5.051584576207672e-05  2.811778329459870e-05
  5.300000000000004e-01  -1.396906059200391e+03  -8.204929649121375e+00  -1.240887830866595e+03  2.324759232398310e+02  7.636528951608354e+02  1.570798851543409e+03  -5.132197706218433e-05  -2.227966943183760e-05  3.742330158048535e-05
  5.350000000000004e-01  5.426113169246411e+02  1.566556597285730e+03  -2.495277225556079e+03  1.411188589468117e+03  -2.466522448342480e+02  9.934898040637945e+02  2.771549310676607e-06  2.876954460414263e-05  7.018516953867209e-05
  5.400000000000004e-01  1.756926279965643e+02  8.648373424639365e+02  -9.287429874978832e+03  2.460176020011991e+03  -1.484294880273810e+03  1.355492767730366e+03  2.730150356491861e-05  8.725966911112392e-05  2.098650608448969e-04
  5.450000000000004e-01  -6.854274082269897e+03  -5.443626146529068e+03  -2.834675160762975e+04  2.855217860248810e+03  -2.372353211968893e+03  4.917367815713811e+03  -6.624808404349390e-05  1.236360638909666e-04  5.898008248649123e-04
  5.500000000000004e-01  -2.516932896467300e+04  -2.069512132417899e+04  -6.722606159045410e+04  2.146750572560281e+03  -2.253675247927976e+03  1.417333660925610e+04  -3.676550650384040e-04  1.144115348183591e-04  1.361678102461223e-03
  5.550000000000004e-01  -5.890726865824193e+04  -4.782763697740200e+04  -1.330907117246571e+05  1.440467643471614e+02  -6.532051385336321e+02  3.155877077889752e+04  -9.628971440582384e-04  3.904974223932163e-05  2.672643188313397e-03
  5.600000000000004e-01  -1.105790176186413e+05  -8.843938076680774e+04  -2.311166405645369e+05  -2.965780366790821e+03  2.491288009432539e+03  5.870220825122790e+04  -1.900432200135481e-03  -1.016560964607725e-04  4.633211736832723e-03
  5.650000000000004e-01  -1.805684422616110e+05  -1.424123096944424e+05  -3.635828836289653e+05  -6.577352949941429e+03  6.645204408942433e+03  9.604896391209163e+04  -3.179235590966037e-03  -2.795858374094609e-04  7.298085835465846e-03
  5.700000000000004e-01  -2.670521585697584e+05  -2.086611544240199e+05  -5.295876156359926e+05  -9.892499814244253e+03  1.075345061854037e+04  1.430239561536738e+05  -4.765491494886436e-03  -4.513651306544440e-04  1.065105989702419e-02
  5.750000000000004e-01  -3.668847369484131e+05  -2.846608370509966e+05  -7.255599218608622e+05  -1.198165060985258e+04  1.336990078341369e+04  1.979859843242421e+05  -6.585264579593134e-03  -5.580166883096372e-04  1.462485539288722e-02
  5.800000000000004e-01  -4.758872869243245e+05  -3.676204007610220e+05  -9.457380709072179e+05  -1.208209765342757e+04  1.289954034740340e+04  2.586678594544709e+05  -8.552375198881076e-03  -5.379303123016933e-04  1.909973851217432e-02
  5.850000000000004e-01  -5.905163789892436e+05  -4.547830487928921e+05  -1.183114345646234e+06  -9.908578909582622e+03  8.429194064997135e+03  3.230150073299650e+05  -1.059770977741820e-02  -3.649344044576953e-04  2.393255361515441e-02
  5.900000000000004e-01  -7.074763429435302e+05  -5.438873070618262e+05  -1.429944024994671e+06  -5.607155366202401e+03  -5.422570582978257e+02  3.890182126545983e+05  -1.266539229895984e-02  -2.542665914463924e-05  2.895979210482224e-02
  5.950000000000004e-01  -8.246764412797280e+05  -6.334361032940998e+05  -1.678387222897588e+06  8.268802016571962e+01  -1.352227742772175e+04  4.553625700393011e+05  -1.473527050776488e-02  4.516341735303214e-04  3.401813882949289e-02
  6.000000000000004e-01  -9.411986850113512e+05  -7.228553807335930e+05  -1.920578569711603e+06  5.781042837213899e+03  -2.890961553543520e+04  5.214944573889737e+05  -1.682626591344730e-02  9.905189081740975e-04  3.895328060392105e-02
  6.050000000000004e-01  -1.056725720592772e+06  -8.112682389059201e+05  -2.150171652780519e+06  1.038747855120461e+04  -4.497718624756038e+04  5.872730779509724e+05  -1.895602179129230e-02  1.524601108436181e-03  4.363070839545818e-02
  6.100000000000004e-01  -1.171189088603487e+06  -8.986020719045592e+05  -2.361223387294959e+06  1.249861701449328e+04  -5.949232067752955e+04  6.529433037532725e+05  -2.116529540652795e-02  1.959273873792488e-03  4.793870967597495e-02
  6.150000000000004e-01  -1.284406719088112e+06  -9.839253573441850e+05  -2.549245089439625e+06  1.128284365224522e+04  -7.053050469835581e+04  7.187287060537015e+05  -2.347570940464052e-02  2.221470441648964e-03  5.180327760404137e-02
  6.200000000000004e-01  -1.394626002451927e+06  -1.065893410242373e+06  -2.712964353251640e+06  7.186387343276404e+03  -7.805487419825967e+04  7.841536896817744e+05  -2.585949646330494e-02  2.317883307049553e-03  5.518526340643872e-02
  6.250000000000004e-01  -1.499592414843107e+06  -1.141865737346376e+06  -2.852436746612345e+06  1.399128214066681e+03  -8.270748425193247e+04  8.482398068790170e+05  -2.825543157891217e-02  2.286671726128691e-03  5.810021697828558e-02
  6.300000000000004e-01  -1.595651661022272e+06  -1.208214308716032e+06  -2.970824280655854e+06  -3.491955501876569e+03  -8.709899613622323e+04  9.090637025191898e+05  -3.054292290587936e-02  2.252222792440906e-03  6.061229184636058e-02
  6.350000000000005e-01  -1.678016599207980e+06  -1.260181862058447e+06  -3.074667465453348e+06  -3.419228460806858e+03  -9.577797945655197e+04  9.637494319517816e+05  -3.253939477791164e-02  2.430220654834935e-03  6.283759639691416e-02
  6.400000000000005e-01  -1.741658269160298e+06  -1.293784067843648e+06  -3.170931105424800e+06  5.515698191379586e+03  -1.136358099302387e+05  1.009076782703177e+06  -3.406419980446343e-02  3.033885972425258e-03  6.492018484055427e-02
  6.450000000000005e-01  -1.781353598007317e+06  -1.303988080152659e+06  -3.269435017451025e+06  2.841670372587220e+04  -1.467764229386214e+05  1.041332241114179e+06  -3.489091664116548e-02  4.350381783750033e-03  6.703957307694092e-02
  6.500000000000005e-01  -1.792154141406154e+06  -1.286976367046726e+06  -3.380901513350270e+06  7.023122872097025e+04  -2.013064358774162e+05  1.056913432595660e+06  -3.480232287232441e-02  6.668670590550751e-03  6.937693217839387e-02
  6.550000000000005e-01  -1.771120462003044e+06  -1.239757019190927e+06  -3.512470252976256e+06  1.341992797650290e+05  -2.812295964190089e+05  1.053088495162444e+06  -3.364980597790736e-02  1.017034071669521e-02  7.209998400383907e-02
  6.600000000000005e-01  -1.715828481085592e+06  -1.160868424773458e+06  -3.672231878510136e+06  2.234164757297673e+05  -3.901689162905640e+05  1.027782186884467e+06  -3.130243090881716e-02  1.503766418271599e-02  7.534246183133983e-02
  6.650000000000005e-01  -1.625776229768692e+06  -1.050459429245334e+06  -3.864720126376461e+06  3.391398057403873e+05  -5.294216482706591e+05  9.801989505907976e+05  -2.770713287165091e-02  2.134195828990625e-02  7.919070097985317e-02
  6.700000000000005e-01  -1.502211994385210e+06  -9.107934944660496e+05  -4.090807208084895e+06  4.806556074637193e+05  -6.979411348775715e+05  9.109363149510206e+05  -2.289035624107539e-02  2.904447076121265e-02  8.367046902703823e-02
  6.750000000000005e-01  -1.347751364229007e+06  -7.438637055461579e+05  -4.349201603429389e+06  6.465517901248861e+05  -8.932111164772386e+05  8.216395577459877e+05  -1.692837967405370e-02  3.803885556873798e-02  8.876263288757827e-02
  6.800000000000005e-01  -1.166215901232155e+06  -5.544624633997139e+05  -4.635248517430065e+06  8.333680929282933e+05  -1.110674444576721e+06  7.152266140500901e+05  -9.970233013194951e-03  4.812172065366722e-02  9.438296114530410e-02
  6.850000000000005e-01  -9.626822071466265e+05  -3.478082105882301e+05  -4.940981140090792e+06  1.036292252675185e+06  -1.344228166779265e+06  5.954624149498118e+05  -2.222171656974609e-03  5.900674471505308e-02  1.004099396930704e-01
  6.900000000000005e-01  -7.415719839977488e+05  -1.286962290219216e+05  -5.260552649602669e+06  1.251480220230543e+06  -1.588262483477905e+06  4.663904224476979e+05  6.124758302988613e-03  7.044813257496654e-02  1.066955959479684e-01
  6.950000000000005e-01  -5.083714554065525e+05  9.719140444807019e+04  -5.584438257696830e+06  1.473366767824509e+06  -1.835896896228278e+06  3.324388254607898e+05  1.482770923213093e-02  8.211949074141181e-02  1.130795539279290e-01
  7.000000000000005e-01  -2.679836071523490e+05  3.249167820557560e+05  -5.904414526647863e+06  1.697084771451634e+06  -2.080912890366610e+06  1.978257582919778e+05  2.366119102190303e-02  9.372886700279665e-02  1.194056553103446e-01
  7.050000000000005e-01  -2.504472242557710e+04  5.505348720883048e+05  -6.212813534785720e+06  1.918222081557086e+06  -2.317699132674651e+06  6.630436224018228e+04  3.241195763827540e-02  1.050076770885545e-01  1.255393139647135e-01
  7.100000000000005e-01  2.173246792073206e+05  7.699947474369527e+05  -6.504905979978026e+06  2.133429740887078e+06  -2.541859690112820e+06  -5.869803626427335e+04  4.091898807516310e-02  1.157617025270810e-01  1.313518737009700e-01
  7.150000000000005e-01  4.557877581898320e+05  9.810132920754239e+05  -6.775526166253950e+06  2.339673408515334e+06  -2.749613406089548e+06  -1.746108667959191e+05  4.902914102783341e-02  1.258066056898103e-01  1.367617647909271e-01
  7.200000000000005e-01  6.880186190372742e+05  1.182249114465075e+06  -7.022143287825334e+06  2.535208510708191e+06  -2.938471884457585e+06  -2.795360700692394e+05  5.663980835734176e-02  1.350348422366306e-01  1.417137645756640e-01
  7.250000000000005e-01  9.123477686001802e+05  1.372019911241109e+06  -7.242541874846582e+06  2.718272430335672e+06  -3.106535033690456e+06  -3.719452257246656e+05  6.367334307308091e-02  1.433552795197934e-01  1.461677808217351e-01
  7.300000000000005e-01  1.127432012531322e+06  1.550321266421868e+06  -7.436366600339258e+06  2.888367983236661e+06  -3.253017493974365e+06  -4.511474060804723e+05  7.008905364639417e-02  1.507407664448418e-01  1.501210168190094e-01
  7.350000000000005e-01  1.332408271776831e+06  1.717171611720728e+06  -7.603984926348035e+06  3.045291912507007e+06  -3.377707350133452e+06  -5.168183734957548e+05  7.587060533385488e-02  1.571916927291678e-01  1.535830206341167e-01
  7.400000000000005e-01  1.526950399991914e+06  1.872899366966283e+06  -7.746967637367079e+06  3.189463395047835e+06  -3.480964033180986e+06  -5.689305423145242e+05  8.102842058796621e-02  1.627490094391550e-01  1.565692152262523e-01
  7.450000000000006e-01  1.710369308591340e+06  2.017782399446055e+06  -7.865273977661645e+06  3.320640922836346e+06  -3.563302166856474e+06  -6.079789446926585e+05  8.556230647519317e-02  1.674164302661418e-01  1.591203977967525e-01
  7.500000000000006e-01  1.882853967820781e+06  2.152458966128518e+06  -7.960972719931164e+06  3.439651460342313e+06  -3.625713627084204e+06  -6.344812477624392e+05  8.950516466011596e-02  1.712600245064626e-01  1.612627736554022e-01
  7.550000000000006e-01  2.044767452802187e+06  2.277415022878372e+06  -8.035832390784726e+06  3.547213523659958e+06  -3.669266619484298e+06  -6.490532925461049e+05  9.289008673717444e-02  1.743371979840831e-01  1.630193143482399e-01
  7.600000000000006e-01  2.196187909579796e+06  2.393465788586725e+06  -8.090575343880123e+06  3.643687530773795e+06  -3.695185102400952e+06  -6.528010922301988e+05  9.574506052506140e-02  1.766831045432099e-01  1.644373318609345e-01
  7.650000000000006e-01  2.337837049134255e+06  2.501147012737876e+06  -8.127113906730236e+06  3.729908735336380e+06  -3.704715861625881e+06  -6.464775885991422e+05  9.811006693944148e-02  1.783570797490167e-01  1.655351396442057e-01
  7.700000000000006e-01  2.470301775231606e+06  2.601066320168557e+06  -8.147033765430254e+06  3.806540788746791e+06  -3.699177574249425e+06  -6.309815040971913e+05  1.000221612270990e-01  1.794065989824768e-01  1.663400318181182e-01
  7.750000000000006e-01  2.594050822518549e+06  2.693750276266505e+06  -8.151998381343023e+06  3.874175792370520e+06  -3.679922597695617e+06  -6.071918187424659e+05  1.015153689772931e-01  1.798732406437299e-01  1.668803546910100e-01
  7.800000000000006e-01  2.709771640229723e+06  2.779886497378414e+06  -8.143867419558587e+06  3.933519600410519e+06  -3.648289231531956e+06  -5.759326417219591e+05  1.026326090706046e-01  1.798102087008737e-01  1.671859034689739e-01
  7.850000000000006e-01  2.817885945046992e+06  2.859935690532317e+06  -8.124556084147457e+06  3.985150589237298e+06  -3.605592018618555e+06  -5.379028570526043e+05  1.034078393100362e-01  1.792584674324961e-01  1.672842607540553e-01
  7.900000000000006e-01  2.918827025050498e+06  2.934452940630995e+06  -8.095869097997508e+06  4.029633658849559e+06  -3.553067882466007e+06  -4.937560872729443e+05  1.038760539801119e-01  1.782600501394589e-01  1.672041431649374e-01
  7.950000000000006e-01  3.012847648860465e+06  3.004066012046383e+06  -8.059225657782195e+06  4.067429274787973e+06  -3.491791709667913e+06  -4.441183672202555e+05  1.040661756196684e-01  1.768501538589081e-01  1.669752376620135e-01
  8.000000000000006e-01  3.100803693225377e+06  3.069342735218720e+06  -8.016316361072937e+06  4.099220070171056e+06  -3.422778374433421e+06  -3.893835437586956e+05  1.040172877219010e-01  1.750726536722137e-01  1.666115424599540e-01
  8.050000000000006e-01  3.183026402114124e+06  3.131007382586906e+06  -7.967938038466351e+06  4.125432705506107e+06  -3.346822454950946e+06  -3.300660177655195e+05  1.037527912095187e-01  1.729537418778903e-01  1.661344436460775e-01
  8.100000000000006e-01  3.259969446038717e+06  3.189810616904533e+06  -7.914614100404561e+06  4.146548666501491e+06  -3.264500789826964e+06  -2.665662979997903e+05  1.032942582865557e-01  1.705192682042988e-01  1.655573004183824e-01
  8.150000000000006e-01  3.332488704971130e+06  3.246414002669852e+06  -7.857055955469451e+06  4.163145385661751e+06  -3.176489327427082e+06  -1.992538435634400e+05  1.026700705052164e-01  1.677976037028348e-01  1.648850428346768e-01
  8.200000000000006e-01  3.401010355466202e+06  3.301533782092093e+06  -7.795343551434561e+06  4.175690833867225e+06  -3.083192714021136e+06  -1.284971595608658e+05  1.018965691645808e-01  1.648111467108895e-01  1.641247415601933e-01
  8.250000000000006e-01  3.466046777894865e+06  3.355738474727894e+06  -7.729659892296443e+06  4.184681811157614e+06  -2.985054781852272e+06  -5.463508045731245e+04  1.009923025423523e-01  1.615863649007800e-01  1.632787430143823e-01
  8.300000000000006e-01  3.527938154394455e+06  3.409393497102086e+06  -7.660225639458757e+06  4.190595307707554e+06  -2.882522876125114e+06  2.204432745670975e+04  9.997429176164414e-02  1.581556005913301e-01  1.623473311768304e-01
  8.350000000000006e-01  3.587084593766631e+06  3.462738187102351e+06  -7.587159721520731e+06  4.193788946737166e+06  -2.776261225366629e+06  1.010510179810447e+05  9.886358225284943e-02  1.545501848924743e-01  1.613308515567438e-01
  8.400000000000006e-01  3.643542437188203e+06  3.515652929206439e+06  -7.510643235420075e+06  4.194583759877592e+06  -2.666894624098360e+06  1.820337498960351e+05  9.767760620940057e-02  1.508125281918869e-01  1.602267977011047e-01
  8.450000000000006e-01  3.697206485297976e+06  3.567734263418798e+06  -7.430850830790120e+06  4.193175618935807e+06  -2.555251248866416e+06  2.645677130858343e+05  9.643555726088020e-02  1.469916180798256e-01  1.590324339770628e-01
  8.500000000000006e-01  3.748117081713574e+06  3.618394849407315e+06  -7.347658592234004e+06  4.189643973577302e+06  -2.442220045312540e+06  3.480605609631799e+05  9.515856763913606e-02  1.431329841270776e-01  1.577419872259789e-01
  8.550000000000006e-01  3.795990130801287e+06  3.666710401878112e+06  -7.261011615242856e+06  4.183982877479738e+06  -2.328810974233426e+06  4.320128643655393e+05  9.386618743015591e-02  1.392937188319233e-01  1.563497017074858e-01
  8.600000000000007e-01  3.840599903675949e+06  3.711622314442904e+06  -7.170634139346519e+06  4.176097907255886e+06  -2.216079244056563e+06  5.158480471917677e+05  9.257838291787072e-02  1.355290618763050e-01  1.548483565742760e-01
  8.650000000000007e-01  3.881685836860184e+06  3.752016647423062e+06  -7.076102470105172e+06  4.165840247165528e+06  -2.105123538425123e+06  5.989872254410008e+05  9.131369720291538e-02  1.318911589157570e-01  1.532305888848285e-01
  8.700000000000007e-01  3.919273944566561e+06  3.786686069168531e+06  -6.977006643903479e+06  4.153101551499230e+06  -1.996872405115622e+06  6.808684775798996e+05  9.009072893219694e-02  1.284305702213297e-01  1.514871370312279e-01
  8.750000000000007e-01  3.953251674087432e+06  3.814606635723962e+06  -6.872930834534131e+06  4.137764145326534e+06  -1.892296355882783e+06  7.610024346875885e+05  8.892405360486801e-02  1.251889600479763e-01  1.496122078968082e-01
  8.800000000000007e-01  3.983692255579034e+06  3.834972171550254e+06  -6.763611092182152e+06  4.119836840017391e+06  -1.792225874059106e+06  8.389824698746376e+05  8.782369222408941e-02  1.221948034389161e-01  1.476019454153775e-01
  8.850000000000007e-01  4.010796952371723e+06  3.847055312342222e+06  -6.649012263527079e+06  4.099343625769068e+06  -1.697272096092832e+06  9.144601192876511e+05  8.679983285832234e-02  1.194783505296107e-01  1.454559117998346e-01
  8.900000000000007e-01  4.034786469717779e+06  3.850613606353559e+06  -6.529367421598438e+06  4.076484926782166e+06  -1.607954546887116e+06  9.872409321571724e+05  8.585327100594622e-02  1.170471508560763e-01  1.431795154861445e-01
  8.950000000000007e-01  4.055961214112587e+06  3.845678823360452e+06  -6.405213813893634e+06  4.051547811203025e+06  -1.524586250530464e+06  1.057226649920197e+06  8.498103684948163e-02  1.149018057777049e-01  1.407837535078379e-01
  9.000000000000007e-01  4.074663577332361e+06  3.832647494351680e+06  -6.277438472277975e+06  4.024959449749885e+06  -1.447298268414109e+06  1.124438200828009e+06  8.417410466452453e-02  1.130315721345405e-01  1.382863104343073e-01
  9.050000000000007e-01  4.091145262883742e+06  3.812082775380271e+06  -6.146883506687027e+06  3.996991284698246e+06  -1.376029586474390e+06  1.188933987758494e+06  8.342470340469044e-02  1.114249576006533e-01  1.357090155913614e-01
  9.100000000000007e-01  4.105697318483890e+06  3.784888614042884e+06  -6.014719725093556e+06  3.968118870095383e+06  -1.310570214559672e+06  1.250891545744905e+06  8.271775877267616e-02  1.100563161691191e-01  1.330795124487209e-01
  9.150000000000007e-01  4.118507947586648e+06  3.752060271600102e+06  -5.882111872338809e+06  3.938732580773708e+06  -1.250551283140594e+06  1.310522321016816e+06  8.203933701768733e-02  1.089007529412598e-01  1.304292708483107e-01
  9.200000000000007e-01  4.129734251687736e+06  3.714658630071153e+06  -5.749987218120525e+06  3.909094027877234e+06  -1.195505427201098e+06  1.368048577897542e+06  8.137727103729621e-02  1.079269574047563e-01  1.277892701939965e-01
  9.250000000000007e-01  4.139441357076281e+06  3.673715145886463e+06  -5.619306786437898e+06  3.879477575400596e+06  -1.144873237256853e+06  1.423723837014910e+06  8.071999438368499e-02  1.071064981872901e-01  1.251924436314627e-01
  9.300000000000007e-01  4.147651571603751e+06  3.630177272064655e+06  -5.490795867834841e+06  3.850041922146077e+06  -1.098056758201981e+06  1.477795950754301e+06  8.005933603296558e-02  1.064111287756815e-01  1.226692812350352e-01
  9.350000000000007e-01  4.154343613632272e+06  3.584827628850637e+06  -5.364961333535914e+06  3.820835880537101e+06  -1.054456064619484e+06  1.530518024085257e+06  7.939061099055103e-02  1.058162421173197e-01  1.202466007257366e-01
  9.400000000000007e-01  4.159606163148641e+06  3.538409357419638e+06  -5.242173993849905e+06  3.791978021028244e+06  -1.013514926873808e+06  1.582091761556183e+06  7.870994137406614e-02  1.052932608315502e-01  1.179447452821175e-01
  9.450000000000007e-01  4.163494634795649e+06  3.491420340521655e+06  -5.122590094182580e+06  3.763447732550916e+06  -9.747360085187242e+05  1.632730083288104e+06  7.801758037438675e-02  1.048231933229343e-01  1.157779524764926e-01
  9.500000000000007e-01  4.166184470963647e+06  3.444241511914483e+06  -5.006208474443457e+06  3.735236249057676e+06  -9.377385259744637e+05  1.682628401842961e+06  7.731454908108572e-02  1.043867851715713e-01  1.137514966429244e-01
  9.550000000000007e-01  4.167910311315614e+06  3.397168576778131e+06  -4.893020768894522e+06  3.707430511033759e+06  -9.022076710710545e+05  1.731892643997845e+06  7.660218214048631e-02  1.039691496013856e-01  1.118632500189099e-01
  9.600000000000007e-01  4.168988323935079e+06  3.350376811533674e+06  -4.782882790736710e+06  3.680073546780020e+06  -8.679835937261726e+05  1.780661112545642e+06  7.588193321305699e-02  1.035577464104804e-01  1.101024169900820e-01
  9.650000000000007e-01  4.169760601544400e+06  3.303988548832855e+06  -4.675667081470375e+06  3.653288801277089e+06  -8.350029856592920e+05  1.829018159311913e+06  7.515394146087379e-02  1.031428817363056e-01  1.084517616393342e-01
  9.700000000000008e-01  4.170581681987341e+06  3.258121655089969e+06  -4.571259512787618e+06  3.627277105409978e+06  -8.033216097333562e+05  1.877003591867134e+06  7.441645705638610e-02  1.027156568544882e-01  1.068892081526044e-01
  9.750000000000008e-01  4.171637881882899e+06  3.212796365443985e+06  -4.469605694147438e+06  3.602200061827109e+06  -7.729591538454414e+05  1.924648320730995e+06  7.366708943858440e-02  1.022759096667133e-01  1.053908944668361e-01
  9.800000000000008e-01  4.173100318816642e+06  3.168115929972754e+06  -4.370664573805412e+06  3.578300350548203e+06  -7.440517746767690e+05  1.971939182429860e+06  7.290067484365270e-02  1.018189223808882e-01  1.039322832530894e-01
  9.850000000000008e-01  4.174992534911179e+06  3.124197345308763e+06  -4.274433699459898e+06  3.555820217294142e+06  -7.167149304630475e+05  2.018811196247184e+06  7.211128804265517e-02  1.013422743924492e-01  1.024914721459507e-01
  9.900000000000008e-01  4.177173427764740e+06  3.081104813119431e+06  -4.180878422777132e+06  3.534877253377349e+06  -6.909581817591331e+05  2.065241780885939e+06  7.129287252184555e-02  1.008473573438044e-01  1.010499499918703e-01
  9.950000000000008e-01  4.179448731890194e+06  3.038999868886970e+06  -4.089958746956865e+06  3.515617138447738e+06  -6.667986484380217e+05  2.111120937689519e+06  7.043946143133351e-02  1.003316663625891e-01  9.959495656946199e-02
  1.000000000000001e+00  4.181557064526876e+06  2.998040404758950e+06  -4.001571878672830e+06  3.498083200010195e+06  -6.441582491429623e+05  2.156349942339806e+06  6.954668136347168e-02  9.979367557620530e-02  9.811926751876340e-02
  1.005000000000001e+00  4.183231598708395e+06  2.958384594979038e+06  -3.915572368875403e+06  3.482237370431473e+06  -6.228970630641695e+05  2.200838625845185e+06  6.861254069928933e-02  9.923145031096932e-02  9.662091711022398e-02
  1.010000000000000e+00  4.184248668325995e+06  2.920231149721168e+06  -3.831698372571833e+06  3.467973273180736e+06  -6.028030465105366e+05  2.244498980901546e+06  6.763688516904302e-02  9.864267218999191e-02  9.510280151946868e-02
  1.015000000000000e+00  4.184447791719567e+06  2.883741685728669e+06  -3.749699013393700e+06  3.455133156168922e+06  -5.836411050472597e+05  2.287265784499980e+06  6.662301925103237e-02  9.802532088538780e-02  9.357051171248711e-02
  1.020000000000000e+00  4.183776254036712e+06  2.849037327541692e+06  -3.669294164218165e+06  3.443499438128633e+06  -5.651640772848282e+05  2.329126734496702e+06  6.557685344312690e-02  9.737808644282535e-02  9.203060762889881e-02
  1.025000000000000e+00  4.182216894246640e+06  2.816299771088649e+06  -3.590181781989899e+06  3.432890407030466e+06  -5.470914370956476e+05  2.370048703893677e+06  6.450584159585319e-02  9.670030512635172e-02  9.049076291921479e-02
  1.030000000000000e+00  4.179874392595246e+06  2.785586601427697e+06  -3.512123629973568e+06  3.423079637150140e+06  -5.291816192962449e+05  2.410088525569594e+06  6.341969677514685e-02  9.599297446511464e-02  8.895564889523747e-02
  1.035000000000000e+00  4.176905942821405e+06  2.756951923605075e+06  -3.434908255612442e+06  3.413873069839195e+06  -5.112084523698208e+05  2.449318949625707e+06  6.232877906320416e-02  9.525811266025573e-02  8.742817204783818e-02
  1.040000000000000e+00  4.173566673368516e+06  2.730401969456860e+06  -3.358363789108654e+06  3.405099729259660e+06  -4.929959746732492e+05  2.487840638498801e+06  6.124376870369980e-02  9.449821792354322e-02  8.590898943025775e-02
  1.045000000000000e+00  4.170005336369778e+06  2.705995586117252e+06  -3.282356275528631e+06  3.396655950989949e+06  -4.743352182899211e+05  2.525760749944669e+06  6.017424910908978e-02  9.371852298697272e-02  8.439685971543887e-02
  1.050000000000000e+00  4.166519197474440e+06  2.683715359149589e+06  -3.206772943844614e+06  3.388440385943562e+06  -4.551239895904416e+05  2.563211446432341e+06  5.912882886656548e-02  9.292309316617597e-02  8.288936059866070e-02
  1.054999999999999e+00  4.163394198841414e+06  2.663561482322321e+06  -3.131528025315520e+06  3.380413329455809e+06  -4.352917823575017e+05  2.600315212740326e+06  5.811407288527479e-02  9.211555756379734e-02  8.138428979894693e-02
  1.059999999999999e+00  4.160744731192204e+06  2.645521169549501e+06  -3.056510117987681e+06  3.372539908661264e+06  -4.147821866612743e+05  2.637184473006252e+06  5.713299310002692e-02  9.130247264326659e-02  7.987943942763948e-02
  1.064999999999999e+00  4.158764895385573e+06  2.629557501645077e+06  -2.981646188576248e+06  3.364830326347392e+06  -3.936286418784604e+05  2.673911370715918e+06  5.618622954064158e-02  9.048653703306646e-02  7.837484874910990e-02
  1.069999999999999e+00  4.157519340434731e+06  2.615596117031307e+06  -2.906876130845510e+06  3.357313052838335e+06  -3.718956683457858e+05  2.710568578540024e+06  5.527104191593459e-02  8.967060466468729e-02  7.687200444848324e-02
  1.074999999999999e+00  4.156988269484262e+06  2.603540965648108e+06  -2.832194158174469e+06  3.350052247576337e+06  -3.496752403905074e+05  2.747208073704013e+06  5.438210009904898e-02  8.885569466925167e-02  7.537338141725484e-02
  1.079999999999999e+00  4.157041746062474e+06  2.593188937859414e+06  -2.757540698383800e+06  3.343059960075662e+06  -3.271165696207779e+05  2.783874235670361e+06  5.351158261167772e-02  8.804470921156943e-02  7.388509438744177e-02
  1.084999999999999e+00  4.157517532008810e+06  2.584362974066117e+06  -2.682973986533375e+06  3.336413903803678e+06  -3.043489120345343e+05  2.820606072237697e+06  5.265131957439683e-02  8.723703124059569e-02  7.241262036825408e-02
  1.089999999999999e+00  4.158201099717294e+06  2.576877143490896e+06  -2.608531940134357e+06  3.330169344287272e+06  -2.814919843308073e+05  2.857425867295382e+06  5.179326198372223e-02  8.643246665848831e-02  7.096158375310964e-02
  1.094999999999999e+00  4.158875554958740e+06  2.570484636155744e+06  -2.534278696461956e+06  3.324362579228269e+06  -2.586738948082339e+05  2.894444194646305e+06  5.093016135311084e-02  8.563116561168933e-02  6.954057256956174e-02
  1.099999999999999e+00  4.159348166170096e+06  2.565035021041736e+06  -2.460265875132916e+06  3.319029945685932e+06  -2.359473069196102e+05  2.931730843596804e+06  5.005716838374513e-02  8.483216194740233e-02  6.815455938847566e-02
  1.104999999999998e+00  4.159481778631010e+06  2.560403698180000e+06  -2.386510581210255e+06  3.314178553370485e+06  -2.133289894164656e+05  2.969396895033113e+06  4.917163724186673e-02  8.403433143160244e-02  6.680852725441409e-02
  1.109999999999998e+00  4.159235552284868e+06  2.556515629769046e+06  -2.312921169962299e+06  3.309766904341005e+06  -1.907851556961353e+05  3.007546886126651e+06  4.827370033269456e-02  8.323605735979951e-02  6.550678510550882e-02
  1.114999999999998e+00  4.158563857916012e+06  2.553343463230303e+06  -2.239597922926784e+06  3.305808107979422e+06  -1.682128746061449e+05  3.046373523375056e+06  4.736436277773921e-02  8.243340159910238e-02  6.425140969804781e-02
  1.119999999999998e+00  4.157549918647405e+06  2.550908467256642e+06  -2.166425131423196e+06  3.302230191963749e+06  -1.454643689425170e+05  3.085968996269235e+06  4.644704558051378e-02  8.162209629791260e-02  6.304414349818906e-02
  1.124999999999998e+00  4.156323134652659e+06  2.549222339603797e+06  -2.093346335734300e+06  3.298961593736696e+06  -1.223465999001493e+05  3.126452054303865e+06  4.552633448750022e-02  8.079567808580340e-02  6.188737603406299e-02
  1.129999999999998e+00  4.154968142839059e+06  2.548416923868199e+06  -2.020474058921077e+06  3.295985412812368e+06  -9.861256953915615e+04  3.167846243920669e+06  4.460475050159166e-02  7.994610217602759e-02  6.077939392259852e-02
  1.134999999999998e+00  4.153651229009755e+06  2.548555875425178e+06  -1.947865127206368e+06  3.293233805420441e+06  -7.400992556713738e+04  3.210142342751854e+06  4.368635791756510e-02  7.906394106859842e-02  5.972208401442955e-02
  1.139999999999998e+00  4.152508674616362e+06  2.549747689607739e+06  -1.875720631177568e+06  3.290671572897220e+06  -4.826994662602740e+04  3.253252260114723e+06  4.277388426373365e-02  7.813845638917401e-02  5.871601793443374e-02
  1.144999999999998e+00  4.151663890114639e+06  2.552092256593342e+06  -1.804402700899198e+06  3.288288653600840e+06  -2.112108969026280e+04  3.297056239227156e+06  4.187012870681179e-02  7.715738371860134e-02  5.776134780338557e-02
  1.149999999999997e+00  4.151226474522288e+06  2.555815067925198e+06  -1.734132573250887e+06  3.286035461051996e+06  7.666691581644575e+03  3.341180800068551e+06  4.097464690305188e-02  7.611045740566746e-02  5.685623747591985e-02
  1.154999999999997e+00  4.151298037154012e+06  2.561054020919552e+06  -1.665343067891856e+06  3.283891895011273e+06  3.831023022158610e+04  3.385335740706816e+06  4.008950097704778e-02  7.498537669883332e-02  5.599872610309689e-02
  1.159999999999997e+00  4.151975380009498e+06  2.568004737942699e+06  -1.598456650281007e+06  3.281822119205399e+06  7.099015349974048e+04  3.429110043790316e+06  3.921635165750432e-02  7.377060095145274e-02  5.518303590004459e-02
  1.164999999999997e+00  4.153300139549518e+06  2.576797978973882e+06  -1.533661227181023e+06  3.279730197156923e+06  1.058115734757039e+05  3.472011810689566e+06  3.835602409627032e-02  7.245775745082039e-02  5.440471920600103e-02
  1.169999999999997e+00  4.155329600262500e+06  2.587561858720507e+06  -1.471238158685270e+06  3.277525029582260e+06  1.428655244775876e+05  3.513577130394015e+06  3.751187649289984e-02  7.103777099473522e-02  5.365399399011789e-02
  1.174999999999997e+00  4.158079288144155e+06  2.600347805455733e+06  -1.411290507565040e+06  3.275069929420156e+06  1.821840461530544e+05  3.553325618325592e+06  3.668752692820729e-02  6.950454230607746e-02  5.292037574021106e-02
  1.179999999999997e+00  4.161579477752529e+06  2.615175035958784e+06  -1.353736566991830e+06  3.272185135034327e+06  2.237495359868176e+05  3.590744416298734e+06  3.588682862710969e-02  6.785422479153945e-02  5.219102716778012e-02
  1.184999999999997e+00  4.165695204774078e+06  2.631809596999190e+06  -1.298526343340287e+06  3.268722982044149e+06  2.675012033870275e+05  3.625585138964425e+06  3.511592091552974e-02  6.608744703638472e-02  5.145723555823884e-02
  1.189999999999997e+00  4.170400077058732e+06  2.650102714027546e+06  -1.245337785020383e+06  3.264485972085830e+06  3.133396390379289e+05  3.657507439241555e+06  3.437960658088244e-02  6.420726429496039e-02  5.070530676824166e-02
  1.194999999999997e+00  4.175638893337299e+06  2.669799627445860e+06  -1.193686676360649e+06  3.259293068843770e+06  3.610953285001571e+05  3.686296557082905e+06  3.368208154497852e-02  6.222139963677047e-02  4.992313634252617e-02
  1.199999999999996e+00  4.181240347709670e+06  2.690555017205510e+06  -1.143282532268309e+06  3.253035421677039e+06  4.105948769244278e+05  3.711992148273056e+06  3.302957195005472e-02  6.014311907632596e-02  4.910180271527049e-02
  1.204999999999996e+00  4.187125260985792e+06  2.712058491711898e+06  -1.093601897055950e+06  3.245608072255588e+06  4.615717865063977e+05  3.734580397226707e+06  3.242476922788811e-02  5.798883421561277e-02  4.823275829299165e-02
  1.209999999999996e+00  4.193206021019155e+06  2.734005976425501e+06  -1.044171530021908e+06  3.236977766464884e+06  5.137206183824845e+05  3.754219101792641e+06  3.186939376607238e-02  5.577821336157693e-02  4.730933356020298e-02
  1.214999999999996e+00  4.199398095118000e+06  2.756077241279373e+06  -9.945595853401895e+05  3.227182739909038e+06  5.666994664040457e+05  3.771228175515259e+06  3.136291190426271e-02  5.353183551936714e-02  4.632716741645650e-02
  1.219999999999996e+00  4.205726374794302e+06  2.778204808594578e+06  -9.442837449160776e+05  3.216263620621660e+06  6.202579064048117e+05  3.785894102265096e+06  3.090186209575898e-02  5.127087631041229e-02  4.527922108969985e-02
  1.224999999999996e+00  4.212135552009052e+06  2.800135672829140e+06  -8.931195537768343e+05  3.204379058529872e+06  6.739938721493023e+05  3.798640764915081e+06  3.048122082095103e-02  4.901689686235493e-02  4.416554863433250e-02
  1.229999999999996e+00  4.218437163640331e+06  2.821511621604426e+06  -8.414307392949943e+05  3.191723027114736e+06  7.274580378602651e+05  3.809945300766090e+06  3.009591970402667e-02  4.679184371928869e-02  4.299637875224090e-02
  1.234999999999996e+00  4.224581345751869e+06  2.842248040000479e+06  -7.894979095830208e+05  3.178404926373472e+06  7.803228228339454e+05  3.820094320911440e+06  2.973616654857786e-02  4.461164350830015e-02  4.178056023426576e-02
  1.239999999999996e+00  4.230723217212146e+06  2.862215781750747e+06  -7.374024796231646e+05  3.164558288525489e+06  8.322697142813446e+05  3.829358155228413e+06  2.940132777714019e-02  4.248740871070181e-02  4.052130527466832e-02
  1.244999999999995e+00  4.237329716814622e+06  2.881586489357451e+06  -6.845415050211052e+05  3.150262933324091e+06  8.830951360760143e+05  3.837811425751286e+06  2.909251529993173e-02  4.042293951938553e-02  3.920796295017285e-02
  1.249999999999995e+00  4.244776652526037e+06  2.900561528607147e+06  -6.304679235754736e+05  3.135596855595987e+06  9.326587961611927e+05  3.845559426247783e+06  2.880980974395839e-02  3.841923418032420e-02  3.783464347895973e-02
  1.254999999999995e+00  4.252847139553936e+06  2.918830079279981e+06  -5.756568749308527e+05  3.120621686244472e+06  9.808882009874709e+05  3.852903976324969e+06  2.854049514650526e-02  3.647100178569206e-02  3.641677911119080e-02
  1.259999999999995e+00  4.261014418186093e+06  2.935857308652019e+06  -5.213761341872122e+05  3.105331736063859e+06  1.027833320651400e+06  3.860297908313738e+06  2.827077986446876e-02  3.457015733041770e-02  3.498532045803226e-02
  1.264999999999995e+00  4.269021420083201e+06  2.951407872423368e+06  -4.684461894099080e+05  3.089678709133036e+06  1.073531947191317e+06  3.867939193389411e+06  2.799272109980129e-02  3.271009489542888e-02  3.356479578691821e-02
  1.269999999999995e+00  4.277092655710699e+06  2.965554245612209e+06  -4.166449820074880e+05  3.073659705856752e+06  1.117948874374778e+06  3.875730184904583e+06  2.771075440701609e-02  3.088469514972602e-02  3.215811596491007e-02
  1.274999999999995e+00  4.285973741984739e+06  2.978680790353002e+06  -3.647146515392452e+05  3.057195308384084e+06  1.161148033153770e+06  3.883089890185290e+06  2.744425094466545e-02  2.908777715932192e-02  3.075134544892290e-02
  1.279999999999995e+00  4.296398582312023e+06  2.991123242850389e+06  -3.110708360993555e+05  3.040190915016444e+06  1.203183498060755e+06  3.889392080882592e+06  2.721271653705285e-02  2.731489443537979e-02  2.932428494511463e-02
  1.284999999999995e+00  4.308579512433992e+06  3.002879935349606e+06  -2.546977858801945e+05  3.022505650141517e+06  1.244096445872466e+06  3.894289259246021e+06  2.702163643596624e-02  2.556325295559646e-02  2.786796887128368e-02
  1.289999999999994e+00  4.321556777919584e+06  3.013237212453472e+06  -1.962378458391607e+05  3.003941142407702e+06  1.283973374319543e+06  3.898026221055665e+06  2.686126743213531e-02  2.383261925761613e-02  2.640276446390852e-02
  1.294999999999994e+00  4.333760868557517e+06  3.021058181344803e+06  -1.371932168757015e+05  2.984219785150603e+06  1.323024566377586e+06  3.901219278397389e+06  2.670135440658746e-02  2.211553288911257e-02  2.496607578851597e-02
  1.299999999999994e+00  4.343204158159744e+06  3.025016994206909e+06  -7.975132612652513e+04  2.963101700646423e+06  1.361417542278882e+06  3.904730681788227e+06  2.650549410953408e-02  2.040385933403644e-02  2.360764833595013e-02
  1.304999999999994e+00  4.348539947918095e+06  3.024372472044195e+06  -2.552648987158841e+04  2.940473319969773e+06  1.399329993725114e+06  3.909253103704890e+06  2.625287133403598e-02  1.870124186374375e-02  2.236261792135433e-02
  1.309999999999994e+00  4.349132887688940e+06  3.019002584207742e+06  2.468793098773373e+04  2.916459055244010e+06  1.436605343465778e+06  3.915158984434252e+06  2.593392023544520e-02  1.701772720354128e-02  2.125028467615054e-02
  1.314999999999994e+00  4.345285743116557e+06  3.009528738428255e+06  7.114314751125919e+04  2.891383377694743e+06  1.472877884782514e+06  3.922414790792339e+06  2.556040465376265e-02  1.537616649770749e-02  2.026691896844663e-02
  1.319999999999994e+00  4.337941480041240e+06  2.997018706943007e+06  1.147781361108344e+05  2.865712194668281e+06  1.507539133086486e+06  3.930673349203927e+06  2.515781920102390e-02  1.380791431572859e-02  1.939349943066199e-02
  1.324999999999994e+00  4.328232953606769e+06  2.982453767074178e+06  1.566767879723198e+05  2.839848143685300e+06  1.540058513984064e+06  3.939572971429706e+06  2.474921999880498e-02  1.233955491495641e-02  1.860239823190087e-02
  1.329999999999994e+00  4.317146198912704e+06  2.966770898927531e+06  1.977561553348717e+05  2.814154381231218e+06  1.569826045328926e+06  3.948713923783602e+06  2.435791324332520e-02  1.099499399478205e-02  1.786937658068428e-02
  1.334999999999994e+00  4.305422770331675e+06  2.950547758006510e+06  2.385483681671456e+05  2.788849727540320e+06  1.596427206646608e+06  3.957848532189840e+06  2.399806551898998e-02  9.788094911995915e-03  1.717418743562210e-02
  1.339999999999993e+00  4.293328866595954e+06  2.934231221210646e+06  2.794134220410179e+05  2.763972009839784e+06  1.619881556853361e+06  3.966947047430660e+06  2.367030129678467e-02  8.715578450548881e-03  1.650097301488780e-02
  1.344999999999993e+00  4.280981329058263e+06  2.917953710365705e+06  3.205065616039133e+05  2.739473358207865e+06  1.640385710543703e+06  3.976075337466740e+06  2.337009651594877e-02  7.766740017849179e-03  1.583873218556086e-02
  1.349999999999993e+00  4.268267563496930e+06  2.901707155451265e+06  3.620415250089917e+05  2.715184165201715e+06  1.658482364069751e+06  3.985423591599839e+06  2.308483673658154e-02  6.918151060064250e-03  1.517838688215419e-02
  1.354999999999993e+00  4.254975916945498e+06  2.885347295712396e+06  4.044247564158206e+05  2.690814754661670e+06  1.675017113807515e+06  3.995253152923756e+06  2.279802711544282e-02  6.135864820944071e-03  1.451147577380001e-02
  1.359999999999993e+00  4.240969725665490e+06  2.868744398579991e+06  4.479101531338234e+05  2.666222425210792e+06  1.690577997231551e+06  4.005694146770091e+06  2.249412931363822e-02  5.395465838119868e-03  1.382859842090129e-02
  1.364999999999993e+00  4.226232943399604e+06  2.851733816964155e+06  4.928974417962060e+05  2.641201575902495e+06  1.705880090370926e+06  4.016842128439597e+06  2.216228248044051e-02  4.668910079476980e-03  1.312321355608374e-02
  1.369999999999993e+00  4.210982487968455e+06  2.834377865840247e+06  5.396392253323370e+05  2.615741980296109e+06  1.721323620420706e+06  4.028618118138937e+06  2.180081449756823e-02  3.943465641001833e-03  1.239090014053054e-02
  1.374999999999993e+00  4.195641036351535e+06  2.816775288877273e+06  5.879067615231148e+05  2.590084867320605e+06  1.736797746388657e+06  4.040706681461043e+06  2.141561130875567e-02  3.223055232405399e-03  1.163413473396350e-02
  1.379999999999993e+00  4.180824207768111e+06  2.799334272553491e+06  6.373922251247545e+05  2.564621752371112e+06  1.752009209979858e+06  4.052671228481206e+06  2.102462698432781e-02  2.525312578114557e-03  1.086092483653565e-02
  1.384999999999992e+00  4.167234898815527e+06  2.782508308302868e+06  6.873630659075050e+05  2.539939177430708e+06  1.766298629953930e+06  4.063936854836507e+06  2.065262921319347e-02  1.882304421608004e-03  1.008627808240214e-02
  1.389999999999992e+00  4.155617073690306e+06  2.766713419698212e+06  7.366682282636944e+05  2.516771086979065e+06  1.778724870756096e+06  4.073848255040698e+06  2.032944703131666e-02  1.338092707943162e-03  9.330441272852468e-03
  1.394999999999992e+00  4.146424364867531e+06  2.752302599666943e+06  7.845198761315484e+05  2.495633177937003e+06  1.788697772467045e+06  4.081897436143555e+06  2.007930294459809e-02  9.246804938233173e-04  8.615673081015105e-03
  1.399999999999992e+00  4.140113433719385e+06  2.739480044106853e+06  8.297812203447864e+05  2.477127635808955e+06  1.795452767314738e+06  4.087605804174227e+06  1.992666645460443e-02  6.815634267755228e-04  7.962518671420485e-03
  1.404999999999992e+00  4.136895644644933e+06  2.728194046518837e+06  8.716317438596415e+05  2.461634154480516e+06  1.798553575197655e+06  4.090679998049888e+06  1.988585375450554e-02  6.331239747501726e-04  7.387012741295826e-03
  1.409999999999992e+00  4.136682541890051e+06  2.718485108120834e+06  9.098599297438872e+05  2.449257188212992e+06  1.798044744377014e+06  4.091095754133725e+06  1.996344509017602e-02  7.867450756180655e-04  6.898393058165074e-03
  1.414999999999992e+00  4.139273492544928e+06  2.710024263275998e+06  9.443481405514285e+05  2.439966984729532e+06  1.794113355515309e+06  4.088967028030026e+06  2.015511185641562e-02  1.137160832445195e-03  6.497851873465338e-03
  1.419999999999992e+00  4.144247820046616e+06  2.702457834932928e+06  9.754519019657129e+05  2.433495782114261e+06  1.787296460368463e+06  4.084608502969665e+06  2.044794253125424e-02  1.661767647826942e-03  6.179468823397004e-03
  1.424999999999992e+00  4.151010628786212e+06  2.695378719922844e+06  1.003968525232722e+06  2.429350139572235e+06  1.778402395594715e+06  4.078469909634642e+06  2.082059912391552e-02  2.320234391699818e-03  5.931792560688299e-03
  1.429999999999992e+00  4.159049655145789e+06  2.688420199817746e+06  1.030262898155248e+06  2.427138435500196e+06  1.768119448463210e+06  4.071058808071488e+06  2.125291927689149e-02  3.079942413066481e-03  5.737677044831132e-03
  1.434999999999991e+00  4.167745677989586e+06  2.681193079280638e+06  1.055168159380574e+06  2.426252759383942e+06  1.757327779924489e+06  4.062888888685514e+06  2.171867166337970e-02  3.891280805121259e-03  5.579608453354938e-03
  1.439999999999991e+00  4.176596474778012e+06  2.673525360930555e+06  1.079368544830699e+06  2.426139832212006e+06  1.746793732885101e+06  4.054408746626317e+06  2.219488190509782e-02  4.708393612788723e-03  5.440541159821810e-03
  1.444999999999991e+00  4.185326636319164e+06  2.665160238524597e+06  1.102911280742634e+06  2.426456791101235e+06  1.736991997640580e+06  4.045984907782058e+06  2.266310466876292e-02  5.502177018513941e-03  5.302769701050724e-03
  1.449999999999991e+00  4.193751986492966e+06  2.656202703783863e+06  1.126099516022018e+06  2.426825109040018e+06  1.728354847379259e+06  4.037828843499986e+06  2.310866963917389e-02  6.240089394022213e-03  5.154685173153796e-03
  1.454999999999991e+00  4.201903875098629e+06  2.646855692843841e+06  1.148886237926890e+06  2.427036076402833e+06  1.721063904220578e+06  4.030020872172369e+06  2.352290768826130e-02  6.902723855355356e-03  4.987171476904943e-03
  1.459999999999991e+00  4.209996305926002e+06  2.637501505782979e+06  1.171006498930788e+06  2.427015059816422e+06  1.715078459998671e+06  4.022505932264627e+06  2.390482797617922e-02  7.482066879661482e-03  4.793935667036719e-03
  1.464999999999991e+00  4.218276632732288e+06  2.628440382446129e+06  1.192387647660400e+06  2.426685038440137e+06  1.710343329708437e+06  4.015155368577464e+06  2.425174001357528e-02  7.970691471396459e-03  4.572593142767816e-03
  1.469999999999991e+00  4.227113358417659e+06  2.620186928933101e+06  1.212792615104527e+06  2.426084452071142e+06  1.706607308812921e+06  4.007744874921199e+06  2.457040468099636e-02  8.372675741905554e-03  4.322105175262943e-03
  1.474999999999991e+00  4.236869781268479e+06  2.613098743137298e+06  1.231955673411048e+06  2.425268241994146e+06  1.703562044063856e+06  4.000049324987479e+06  2.486995919371332e-02  8.699244742068010e-03  4.041587648945249e-03
  1.479999999999990e+00  4.247751171311689e+06  2.607492313989435e+06  1.250024532310957e+06  2.424210800176292e+06  1.701027355321377e+06  3.991837018112642e+06  2.515311325223846e-02  8.952538677073933e-03  3.736768771305789e-03
  1.484999999999990e+00  4.259939272214818e+06  2.603450685024038e+06  1.266824536109457e+06  2.422935080592329e+06  1.698712891101183e+06  3.982946413031803e+06  2.542830344342002e-02  9.148046128949754e-03  3.410243139083230e-03
  1.489999999999990e+00  4.273468778697154e+06  2.600881541849922e+06  1.282320935839380e+06  2.421412920857190e+06  1.696418143261144e+06  3.973285952706730e+06  2.569954683631006e-02  9.297793329404856e-03  3.067797102982318e-03
  1.494999999999990e+00  4.288283053659888e+06  2.599450692638143e+06  1.296488511640926e+06  2.419596872346226e+06  1.694001453868419e+06  3.962856893152738e+06  2.596806200511668e-02  9.413561215956719e-03  2.715755439662815e-03
  1.499999999999990e+00  4.304216048573575e+06  2.598952405301587e+06  1.309459274064362e+06  2.417450391654069e+06  1.691385760386813e+06  3.951715054680799e+06  2.623339971556644e-02  9.502623807199909e-03  2.364400859518876e-03
  1.504999999999990e+00  4.321124724324485e+06  2.598896110645590e+06  1.321309708594990e+06  2.414939979454498e+06  1.688542033633993e+06  3.940025465978872e+06  2.649403834283688e-02  9.574372907127928e-03  2.020013388595524e-03
  1.509999999999990e+00  4.338833048867487e+06  2.598826467525919e+06  1.332291929485088e+06  2.412049068642331e+06  1.685512777547349e+06  3.927983300933696e+06  2.674609033642186e-02  9.632180867008008e-03  1.690540872194373e-03
  1.514999999999990e+00  4.357166035002743e+06  2.598465875882257e+06  1.342609346272297e+06  2.408780049179916e+06  1.682331274658596e+06  3.915865047461065e+06  2.698916781635140e-02  9.682749029870472e-03  1.379958262851977e-03
  1.519999999999990e+00  4.375925917247580e+06  2.597431897525041e+06  1.352559755960284e+06  2.405134899745156e+06  1.679092458011309e+06  3.903940957405160e+06  2.721917976687782e-02  9.726225576247038e-03  1.092986509372152e-03
  1.524999999999989e+00  4.394878174468810e+06  2.595459358907043e+06  1.362393539814549e+06  2.401114465593929e+06  1.675885748608931e+06  3.892495233062390e+06  2.743302360070963e-02  9.762425778938405e-03  8.331013797083470e-04
  1.529999999999989e+00  4.413756338292508e+06  2.592390628920627e+06  1.372387411026069e+06  2.396707121253734e+06  1.672817805292366e+06  3.881771681151115e+06  2.762704265293917e-02  9.787707032112082e-03  6.053966828143128e-04
  1.534999999999989e+00  4.432280846430229e+06  2.588068575972659e+06  1.382496933191967e+06  2.391885328002613e+06  1.669957955572979e+06  3.872090475087274e+06  2.779983760189607e-02  9.804205302762957e-03  4.077883517748561e-04
  1.539999999999989e+00  4.450185327590390e+06  2.582513415890556e+06  1.392873286876749e+06  2.386605876287676e+06  1.667424449847351e+06  3.863628212326932e+06  2.794819447745371e-02  9.805429464021744e-03  2.448983639897102e-04
  1.544999999999989e+00  4.467277871790752e+06  2.575887792186080e+06  1.403618082911439e+06  2.380807498542804e+06  1.665353762751732e+06  3.856530872262422e+06  2.807089307540788e-02  9.784851371725784e-03  1.192474313387215e-04
  1.549999999999989e+00  4.483434371154523e+06  2.568312421547922e+06  1.414592033615888e+06  2.374436065657372e+06  1.663857622471096e+06  3.850916942625760e+06  2.816767733131340e-02  9.737796970692223e-03  2.976081435221783e-05
  1.554999999999989e+00  4.498668712875444e+06  2.560149731482621e+06  1.425843209032045e+06  2.367435133375771e+06  1.663096884167897e+06  3.846783514711777e+06  2.824007435769029e-02  9.654951904126787e-03  -2.125348180588755e-05
  1.559999999999989e+00  4.513111183894137e+06  2.551780634588612e+06  1.437283713813521e+06  2.359774159637402e+06  1.663218034428455e+06  3.844078115876309e+06  2.829163222432952e-02  9.528385088877735e-03  -3.307035526839496e-05
  1.564999999999989e+00  4.527015723203653e+06  2.543642737945942e+06  1.448713722009162e+06  2.351458316500078e+06  1.664349714721791e+06  3.842706719524394e+06  2.832888345033656e-02  9.351854264704520e-03  -5.958293419624319e-06
  1.569999999999989e+00  4.540685420918253e+06  2.536115539197272e+06  1.459918364521417e+06  2.342544122834940e+06  1.666560282023587e+06  3.842456597299391e+06  2.835782888455541e-02  9.120512035369139e-03  6.354855587098338e-05
  1.574999999999988e+00  4.554526353345751e+06  2.529621930058549e+06  1.470568846323016e+06  2.333126824313662e+06  1.669883547809677e+06  3.843129936851013e+06  2.838875793354013e-02  8.833471806037583e-03  1.755488241430727e-04
  1.579999999999988e+00  4.568950045337500e+06  2.524491977359490e+06  1.480226513285577e+06  2.323348846781063e+06  1.674259778148063e+06  3.844498717006452e+06  2.843311207298061e-02  8.494596743439194e-03  3.289307428052445e-04
  1.584999999999988e+00  4.584348496092815e+06  2.520965473058334e+06  1.488659053232282e+06  2.313371077042504e+06  1.679579358958975e+06  3.846262272320244e+06  2.850011302122823e-02  8.107846358054222e-03  5.255118444914873e-04
  1.589999999999988e+00  4.601062856414182e+06  2.519155211732904e+06  1.495477308883952e+06  2.303377536039034e+06  1.685633632219911e+06  3.848178752791538e+06  2.860073018321832e-02  7.683651849594540e-03  7.606698208643229e-04
  1.594999999999988e+00  4.619335137416720e+06  2.519032748763142e+06  1.500432033338745e+06  2.293551100304535e+06  1.692149898794079e+06  3.850001181776177e+06  2.874307292629663e-02  7.234147865048755e-03  1.029300666978465e-03
  1.599999999999988e+00  4.639280704141879e+06  2.520418321274344e+06  1.503371535943915e+06  2.284062618090466e+06  1.698784989087872e+06  3.851507186704519e+06  2.893250197142858e-02  6.774451383113585e-03  1.323768689737597e-03
  1.604999999999988e+00  4.660927095437841e+06  2.523045623300306e+06  1.504332855334656e+06  2.275073247481247e+06  1.705221442993221e+06  3.852533031891401e+06  2.917067123654421e-02  6.318375338137553e-03  1.637094101371480e-03
  1.609999999999988e+00  4.684152136504719e+06  2.526522607519573e+06  1.503397090344889e+06  2.266721048912031e+06  1.711079822388347e+06  3.852959076595635e+06  2.945646823610365e-02  5.883509922196739e-03  1.958677132144898e-03
  1.614999999999988e+00  4.708747949621465e+06  2.530404216419397e+06  1.500844986529368e+06  2.259114013962374e+06  1.716013418641428e+06  3.852711901678457e+06  2.978531906348725e-02  5.486238642115181e-03  2.277811056671692e-03
  1.619999999999987e+00  4.734466251744979e+06  2.534272995869900e+06  1.496960234326920e+06  2.252366310982580e+06  1.719735588236808e+06  3.851795734870070e+06  3.015116688501427e-02  5.141828582647005e-03  2.583790847833640e-03
  1.624999999999987e+00  4.761000846425198e+06  2.537700539804182e+06  1.492187786161604e+06  2.246547023503789e+06  1.721997715975333e+06  3.850230127536481e+06  3.054568862722900e-02  4.863912346617940e-03  2.865125184741074e-03
  1.629999999999987e+00  4.788046218113564e+06  2.540324253189289e+06  1.486981566396453e+06  2.241717991751436e+06  1.722631959035251e+06  3.848076865741582e+06  3.095982477048036e-02  4.663248424215208e-03  3.111281274536995e-03
  1.634999999999987e+00  4.815299318459439e+06  2.541837895399544e+06  1.481800019292553e+06  2.237925392152403e+06  1.721557425047159e+06  3.845419045725568e+06  3.138365527456778e-02  4.546921036776830e-03  3.314124393270950e-03
  1.639999999999987e+00  4.842492836335723e+06  2.542076221541493e+06  1.476960576440105e+06  2.235223378389283e+06  1.718751832005662e+06  3.842369117020619e+06  3.180881328051079e-02  4.520543489405979e-03  3.465332617526001e-03
  1.644999999999987e+00  4.869372552577288e+06  2.540909193278338e+06  1.472784855829325e+06  2.233641232951331e+06  1.714291911635556e+06  3.839038297715093e+06  3.222593378081087e-02  4.584869679434328e-03  3.561826816041671e-03
  1.649999999999987e+00  4.895704704531228e+06  2.538291747043749e+06  1.469448835090762e+06  2.233206057545142e+06  1.708330520312330e+06  3.835540666940219e+06  3.262699906972300e-02  4.738272301352754e-03  3.604541861957654e-03
  1.654999999999987e+00  4.921331999757678e+06  2.534289703153678e+06  1.467050194213675e+06  2.233929407543297e+06  1.701054114896375e+06  3.832016961949308e+06  3.300567142244001e-02  4.976867285645463e-03  3.593348952580402e-03
  1.659999999999987e+00  4.946090983376179e+06  2.528969458941677e+06  1.465603057513970e+06  2.235803603227172e+06  1.692724615973848e+06  3.828583534102770e+06  3.335665950817276e-02  5.294095332943992e-03  3.534947896841478e-03
  1.664999999999986e+00  4.969857968226671e+06  2.522435354538605e+06  1.465068565793284e+06  2.238796047867410e+06  1.683626241386926e+06  3.825359878027450e+06  3.367665459981128e-02  5.681769332687405e-03  3.436675299635379e-03
  1.669999999999986e+00  4.992517898770945e+06  2.514791132976616e+06  1.465383976829128e+06  2.242847744181659e+06  1.674067500636482e+06  3.822448078141578e+06  3.396452425935966e-02  6.130307194740052e-03  3.307711427022429e-03
  1.674999999999986e+00  5.014027892495988e+06  2.506143460063556e+06  1.466512859762585e+06  2.247870225623048e+06  1.664314442623244e+06  3.819981651173257e+06  3.421894705415596e-02  6.628853034894878e-03  3.154811487866808e-03
  1.679999999999986e+00  5.034307755801383e+06  2.496568426234779e+06  1.468420038178589e+06  2.253753360540485e+06  1.654645295839409e+06  3.818049842708146e+06  3.444107102327668e-02  7.166497300735739e-03  2.987060755344190e-03
  1.684999999999986e+00  5.053318743062039e+06  2.486140791206917e+06  1.471141539920146e+06  2.260372563181089e+06  1.645300030837138e+06  3.816748036779152e+06  3.463237573300584e-02  7.731347282529260e-03  2.810522601584894e-03
  1.689999999999986e+00  5.071036119322808e+06  2.474909927775080e+06  1.474699892114263e+06  2.267576735229627e+06  1.636452818103798e+06  3.816167357205126e+06  3.479349829482025e-02  8.313564181004143e-03  2.630531143658287e-03
  1.694999999999986e+00  5.087452632586115e+06  2.462936565829290e+06  1.479203594650574e+06  2.275219881133308e+06  1.628257719214594e+06  3.816378938186710e+06  3.492599921337695e-02  8.902267432410075e-03  2.449357436658403e-03
  1.699999999999986e+00  5.102583792963966e+06  2.450279909016446e+06  1.484770135349317e+06  2.283154968615469e+06  1.620816220137604e+06  3.817444881446435e+06  3.503060268214313e-02  9.487698116921269e-03  2.266986588602285e-03
  1.704999999999986e+00  5.116483387252660e+06  2.437023308544007e+06  1.491537780443761e+06  2.291260552634652e+06  1.614184401268291e+06  3.819429205941861e+06  3.510713517468700e-02  1.006004385709956e-02  2.079602189969835e-03
  1.709999999999986e+00  5.129143287795779e+06  2.423210595005159e+06  1.499539643539717e+06  2.299393493947451e+06  1.608393778107106e+06  3.822325464950647e+06  3.515581272593441e-02  1.061388642418747e-02  1.887002226124688e-03
  1.714999999999985e+00  5.140622281423616e+06  2.408948592399925e+06  1.508830456860758e+06  2.307481122225949e+06  1.603441220193929e+06  3.826156720275494e+06  3.517540378396523e-02  1.114179960857845e-02  1.683199020815922e-03
  1.719999999999985e+00  5.150967159863905e+06  2.394366580898856e+06  1.519356173603179e+06  2.315488978521476e+06  1.599294378505156e+06  3.830924353880115e+06  3.516408889120213e-02  1.163871515036377e-02  1.462446034021105e-03
  1.724999999999985e+00  5.160162556267566e+06  2.379556783413454e+06  1.530987097105485e+06  2.323373599978146e+06  1.595939472467616e+06  3.836554201135095e+06  3.512083558667763e-02  1.210203489353458e-02  1.223794347273017e-03
  1.729999999999985e+00  5.168240124332223e+06  2.364687443538401e+06  1.543513416640091e+06  2.331176088514694e+06  1.593327955983766e+06  3.842997384231569e+06  3.504324250878321e-02  1.252889336064940e-02  9.628891060101477e-04
  1.734999999999985e+00  5.175209471551172e+06  2.349920227841493e+06  1.556653201160397e+06  2.338951162302382e+06  1.591417031640170e+06  3.850157994130566e+06  3.492936488026169e-02  1.291799296066376e-02  6.782246427337108e-04
  1.739999999999985e+00  5.181075190002949e+06  2.335428074310278e+06  1.570040087208283e+06  2.346778624635431e+06  1.590155972890636e+06  3.857911077189372e+06  3.477769200147231e-02  1.326960826159075e-02  3.698432188305335e-04
  1.744999999999985e+00  5.185898061259013e+06  2.321352410170367e+06  1.583397902040621e+06  2.354736956852610e+06  1.589510612074254e+06  3.866101912744413e+06  3.458697617963632e-02  1.358165662750884e-02  3.919964499589167e-05
  1.749999999999985e+00  5.189753465894900e+06  2.307852549507300e+06  1.596353609757205e+06  2.362927484934654e+06  1.589419142712002e+06  3.874564054872999e+06  3.435688400579168e-02  1.385484230212392e-02  -3.114036450738851e-04
  1.754999999999985e+00  5.192739820435678e+06  2.295048348107536e+06  1.608573791975726e+06  2.371435394818880e+06  1.589820598860209e+06  3.883103521071319e+06  3.408843502994777e-02  1.409028969682155e-02  -6.774243171774819e-04
  1.759999999999984e+00  5.195085704333629e+06  2.283051041680773e+06  1.619854638575736e+06  2.380360886148793e+06  1.590627117151840e+06  3.891554935671684e+06  3.378253150505446e-02  1.428685319289462e-02  -1.055972394362205e-03
  1.764999999999984e+00  5.196982965796238e+06  2.271928117428698e+06  1.629974330442788e+06  2.389775634383545e+06  1.591745106175057e+06  3.899732683030356e+06  3.344216813398678e-02  1.444684802240444e-02  -1.441666181648104e-03
  1.769999999999984e+00  5.198669095975563e+06  2.261713738346115e+06  1.638816957625944e+06  2.399741710919213e+06  1.593061357511624e+06  3.907474012321909e+06  3.307084505520609e-02  1.457235760160962e-02  -1.829853681004516e-03
  1.774999999999984e+00  5.200361765047265e+06  2.252385284273781e+06  1.646380288778425e+06  2.410287014908341e+06  1.594459083705204e+06  3.914619002099694e+06  3.267277455048701e-02  1.466602300769481e-02  -2.215544938157757e-03
  1.779999999999984e+00  5.202329609387583e+06  2.243937956295198e+06  1.652677077735722e+06  2.421460399376065e+06  1.595788175568233e+06  3.921092473008337e+06  3.225179914581503e-02  1.473123582828389e-02  -2.597697413428324e-03
  1.784999999999984e+00  5.204720153008811e+06  2.236275335172277e+06  1.657864152997271e+06  2.433238959796632e+06  1.596928537089156e+06  3.926796484198661e+06  3.181237458078087e-02  1.477199726266879e-02  -2.973359539561799e-03
  1.789999999999984e+00  5.207651704040260e+06  2.229293051079588e+06  1.662167314835139e+06  2.445583964876831e+06  1.597763333351806e+06  3.931686298576917e+06  3.135824793880643e-02  1.479235472211836e-02  -3.341711482245190e-03
  1.794999999999984e+00  5.211183338717993e+06  2.222862759277568e+06  1.665936098328056e+06  2.458413461428402e+06  1.598203617935122e+06  3.935751664936888e+06  3.089195088947667e-02  1.479548496165047e-02  -3.702780212012551e-03
  1.799999999999984e+00  5.215292376670123e+06  2.216887898726246e+06  1.669416063440507e+06  2.471655860612051e+06  1.598169444098150e+06  3.939043661589472e+06  3.041647484121857e-02  1.478709742779262e-02  -4.057641891569024e-03
  1.804999999999984e+00  5.219887577435531e+06  2.211245232083328e+06  1.673040910943842e+06  2.485174981174896e+06  1.597634730084388e+06  3.941627102765927e+06  2.993253104871830e-02  1.477012625816544e-02  -4.406744211666072e-03
  1.809999999999983e+00  5.224832333872057e+06  2.205850660514440e+06  1.677220278183623e+06  2.498824761910936e+06  1.596605489260395e+06  3.943629470457344e+06  2.943933979615173e-02  1.474711087600249e-02  -4.751305847603798e-03
  1.814999999999983e+00  5.229882239120674e+06  2.200637582413926e+06  1.682240542171743e+06  2.512465731577986e+06  1.595119171293776e+06  3.945172872000733e+06  2.893749898059715e-02  1.472269678672974e-02  -5.090306499906457e-03
  1.819999999999983e+00  5.234796430552748e+06  2.195576270260519e+06  1.688426749763869e+06  2.525936516548161e+06  1.593257770131833e+06  3.946434176334987e+06  2.842468384142431e-02  1.469839222343692e-02  -5.423409934618257e-03
  1.824999999999983e+00  5.239297814417091e+06  2.190671132815117e+06  1.695975141966963e+06  2.539088757944885e+06  1.591136036610557e+06  3.947596481895563e+06  2.789910560642957e-02  1.467605790022385e-02  -5.749037518705269e-03
  1.829999999999983e+00  5.243124110803992e+06  2.185977659604891e+06  1.704945071472809e+06  2.551795074610297e+06  1.588899299742548e+06  3.948864256834253e+06  2.735893867562169e-02  1.465675173464211e-02  -6.065536717934848e-03
  1.834999999999983e+00  5.245995178280619e+06  2.181544121458601e+06  1.715344022470126e+06  2.563927619337713e+06  1.586715586820925e+06  3.950365999879176e+06  2.680471926192731e-02  1.464210630692160e-02  -6.367981945211304e-03
  1.839999999999983e+00  5.247734072190006e+06  2.177501242738749e+06  1.727009167733180e+06  2.575398561584043e+06  1.584765747509150e+06  3.952269500681095e+06  2.623680295432451e-02  1.463213380907899e-02  -6.653571372575144e-03
  1.844999999999983e+00  5.248230762819134e+06  2.174012624812341e+06  1.739651223677193e+06  2.586155316078739e+06  1.583231083413742e+06  3.954688832732868e+06  2.565802489280808e-02  1.462689973475853e-02  -6.918781324427923e-03
  1.849999999999983e+00  5.247425207531104e+06  2.171217048071303e+06  1.753016398136998e+06  2.596125191387006e+06  1.582276813306516e+06  3.957669991641173e+06  2.507241810532530e-02  1.462597580673852e-02  -7.159525966316280e-03
  1.854999999999982e+00  5.245385229070064e+06  2.169313521691843e+06  1.766688566928272e+06  2.605302512558885e+06  1.582043223262327e+06  3.961233319111922e+06  2.448573559213674e-02  1.462829450730911e-02  -7.373725091844372e-03
  1.859999999999982e+00  5.242244432933843e+06  2.168474795624409e+06  1.780266128676937e+06  2.613691719076871e+06  1.582631994336242e+06  3.965335246283216e+06  2.390466883300928e-02  1.463226237774677e-02  -7.560051017022198e-03
  1.864999999999982e+00  5.238199886272772e+06  2.168847626402812e+06  1.793334693514679e+06  2.621337241635843e+06  1.584100388671336e+06  3.969874968836489e+06  2.333692695077569e-02  1.463588766602509e-02  -7.718220486292533e-03
  1.869999999999982e+00  5.233485797493082e+06  2.170523052929435e+06  1.805578472792209e+06  2.628258270552309e+06  1.586453837952235e+06  3.974739160455768e+06  2.278773706195413e-02  1.463610097100827e-02  -7.850540337449557e-03
  1.874999999999982e+00  5.228358815275062e+06  2.173548194657880e+06  1.816657088302730e+06  2.634547616086565e+06  1.589652644684814e+06  3.979767736818139e+06  2.226322959437953e-02  1.463005660995800e-02  -7.959679891157556e-03
  1.879999999999982e+00  5.223043048416358e+06  2.177884610190416e+06  1.826319742413333e+06  2.640312170692012e+06  1.593613583828358e+06  3.984796394248745e+06  2.176761952962154e-02  1.461482248021639e-02  -8.049367375402863e-03
  1.884999999999982e+00  5.217768861858702e+06  2.183457400969925e+06  1.834388875353109e+06  2.645648198475079e+06  1.598210805014523e+06  3.989684078545250e+06  2.130135757786961e-02  1.458702172857338e-02  -8.125057628628725e-03
  1.889999999999982e+00  5.212675348581516e+06  2.190101421060133e+06  1.840751844287781e+06  2.650693913933033e+06  1.603294835583649e+06  3.994298158764110e+06  2.086408909442341e-02  1.454412465683246e-02  -8.191668192998786e-03
  1.894999999999982e+00  5.207848886794773e+06  2.197607809108788e+06  1.845381022548178e+06  2.655579756010165e+06  1.608696444006091e+06  3.998544049147518e+06  2.045244519248743e-02  1.448384813192266e-02  -8.254656892324373e-03
  1.899999999999981e+00  5.203290336118465e+06  2.205716845105611e+06  1.848363415800950e+06  2.660422212649728e+06  1.614242782598490e+06  4.002363948597650e+06  2.006062945014267e-02  1.440451337467454e-02  -8.319630949186771e-03
  1.904999999999981e+00  5.199011853261974e+06  2.214200761020480e+06  1.849766665855132e+06  2.665341648580435e+06  1.619756255993780e+06  4.005734106098780e+06  1.968183098202681e-02  1.430443330856711e-02  -8.391515611067019e-03
  1.909999999999981e+00  5.194906664628305e+06  2.222775964336944e+06  1.849809283045541e+06  2.670421550370118e+06  1.625084554303057e+06  4.008662398072995e+06  1.930790749561584e-02  1.418287001714383e-02  -8.474943950071121e-03
  1.914999999999981e+00  5.190853688486856e+06  2.231183237860409e+06  1.848777540122391e+06  2.675704153246939e+06  1.630101810906058e+06  4.011172663745199e+06  1.893010433979223e-02  1.403920342832583e-02  -8.573854812499384e-03
  1.919999999999981e+00  5.186749263647461e+06  2.239217716037672e+06  1.846862000246876e+06  2.681257080853971e+06  1.634707144561447e+06  4.013315877412259e+06  1.854209279018256e-02  1.387342465644888e-02  -8.690127754134159e-03
  1.924999999999981e+00  5.182448979380104e+06  2.246676873405786e+06  1.844384680273033e+06  2.687069754892566e+06  1.638850094895368e+06  4.015134340704660e+06  1.813732649495277e-02  1.368589416582269e-02  -8.824813614298923e-03
  1.929999999999981e+00  5.177840341812897e+06  2.253417753602899e+06  1.841615824164438e+06  2.693124142651482e+06  1.642518732926858e+06  4.016669896311753e+06  1.771175357263977e-02  1.347749923111941e-02  -8.976939583792492e-03
  1.934999999999981e+00  5.172857044113687e+06  2.259354708710532e+06  1.838799258796519e+06  2.699370819756776e+06  1.645738221338231e+06  4.017951090345301e+06  1.726331733050928e-02  1.324931085124798e-02  -9.143807686889242e-03
  1.939999999999981e+00  5.167411663330900e+06  2.264441303440259e+06  1.836105714587614e+06  2.705794130985419e+06  1.648569958233526e+06  4.019010078432833e+06  1.679357182548201e-02  1.300470643108688e-02  -9.320755689814114e-03
  1.944999999999981e+00  5.161505427927565e+06  2.268702515455824e+06  1.833705642487137e+06  2.712326353391887e+06  1.651096289387591e+06  4.019847468304890e+06  1.630507486822529e-02  1.274662461327636e-02  -9.502225004295858e-03
  1.949999999999980e+00  5.155188585378594e+06  2.272219958085944e+06  1.831668657511119e+06  2.718921472758183e+06  1.653401137827303e+06  4.020467689366308e+06  1.580284288289822e-02  1.247911710334137e-02  -9.681890969900363e-03
  1.954999999999980e+00  5.148464910627728e+06  2.275086531376023e+06  1.830109501891639e+06  2.725536978135312e+06  1.655581677458236e+06  4.020848312356273e+06  1.529338777676739e-02  1.220848189301004e-02  -9.852698629278426e-03
  1.959999999999980e+00  5.141446105515819e+06  2.277456740691426e+06  1.829029940095368e+06  2.732139617617414e+06  1.657700438280852e+06  4.020978594130825e+06  1.478391482439313e-02  1.194047825224051e-02  -1.000831560187734e-02
  1.964999999999980e+00  5.134232672479364e+06  2.279483918456648e+06  1.828415564509323e+06  2.738709656275944e+06  1.659794385990138e+06  4.020847867537594e+06  1.428201071461797e-02  1.168187537027531e-02  -1.014296688851517e-02
  1.969999999999980e+00  5.126935147068435e+06  2.281316394165035e+06  1.828180127255783e+06  2.745254275573545e+06  1.661857152777690e+06  4.020470635593166e+06  1.379524249977181e-02  1.143980911840625e-02  -1.025233700294815e-02
  1.974999999999980e+00  5.119649324755308e+06  2.283074597726893e+06  1.828356593276617e+06  2.751741301002963e+06  1.663864381288155e+06  4.019818353203054e+06  1.332967313031369e-02  1.122058643104131e-02  -1.033230725622720e-02
  1.979999999999980e+00  5.112497570147963e+06  2.284860466865902e+06  1.828822903343107e+06  2.758193409156582e+06  1.665730801978843e+06  4.018928578149384e+06  1.289120997119707e-02  1.103025799898612e-02  -1.038136657449269e-02
  1.984999999999980e+00  5.105575654407009e+06  2.286730833884955e+06  1.829493588748928e+06  2.764635499603088e+06  1.667349782949944e+06  4.017842037991884e+06  1.248456954107325e-02  1.087411548458756e-02  -1.039953516644370e-02
  1.989999999999980e+00  5.099021596149396e+06  2.288729231850832e+06  1.830334941168196e+06  2.771055268188441e+06  1.668593613380558e+06  4.016582795409296e+06  1.211281830604114e-02  1.075513951891016e-02  -1.038739348246968e-02
  1.994999999999979e+00  5.092942455210296e+06  2.290858469130118e+06  1.831270925516066e+06  2.777485018638148e+06  1.669324548286560e+06  4.015216231290250e+06  1.177862052394392e-02  1.067596216661157e-02  -1.034805410280988e-02
  1.999999999999979e+00  5.087455412758972e+06  2.293109300392649e+06  1.832273548579674e+06  2.783941889049403e+06  1.669416347409312e+06  4.013801222599273e+06  1.148341299641548e-02  1.063725600076425e-02  -1.028558689815477e-02
