TITLE = "Temporal Signal for receiver number 00005"
VARIABLES = "Time","s_xx","s_yy","s_zz","s_xy","s_yz","s_xz","v1","v2","v3"
# x1       1.529280868078e+03
# x2       -6.988038596213e+03
# x3       -6.681849162195e+03
# cell-global-id 5256
  0.000000000000000e+00  0.000000000000000e+00  0.000000000000000e+00  0.000000000000000e+00  0.000000000000000e+00  0.000000000000000e+00  0.000000000000000e+00  0.000000000000000e+00  0.000000000000000e+00  0.000000000000000e+00
  5.000000000000000e-03  0.000000000000000e+00  0.000000000000000e+00  0.000000000000000e+00  0.000000000000000e+00  0.000000000000000e+00  0.000000000000000e+00  0.000000000000000e+00  0.000000000000000e+00  0.000000000000000e+00
  1.000000000000000e-02  0.000000000000000e+00  0.000000000000000e+00  0.000000000000000e+00  0.000000000000000e+00  0.000000000000000e+00  0.000000000000000e+00  0.000000000000000e+00  0.000000000000000e+00  0.000000000000000e+00
  1.500000000000000e-02  0.000000000000000e+00  0.000000000000000e+00  0.000000000000000e+00  0.000000000000000e+00  0.000000000000000e+00  0.000000000000000e+00  0.000000000000000e+00  0.000000000000000e+00  0.000000000000000e+00
  2.000000000000000e-02  0.000000000000000e+00  0.000000000000000e+00  0.000000000000000e+00  0.000000000000000e+00  0.000000000000000e+00  0.000000000000000e+00  0.000000000000000e+00  0.000000000000000e+00  0.000000000000000e+00
  2.500000000000000e-02  0.000000000000000e+00  0.000000000000000e+00  0.000000000000000e+00  0.000000000000000e+00  0.000000000000000e+00  0.000000000000000e+00  0.000000000000000e+00  0.000000000000000e+00  0.000000000000000e+00
  3.000000000000000e-02  0.000000000000000e+00  0.000000000000000e+00  0.000000000000000e+00  0.000000000000000e+00  0.000000000000000e+00  0.000000000000000e+00  0.000000000000000e+00  0.000000000000000e+00  0.000000000000000e+00
  3.500000000000000e-02  0.000000000000000e+00  0.000000000000000e+00  0.000000000000000e+00  0.000000000000000e+00  0.000000000000000e+00  0.000000000000000e+00  0.000000000000000e+00  0.000000000000000e+00  0.000000000000000e+00
  4.000000000000000e-02  0.000000000000000e+00  0.000000000000000e+00  0.000000000000000e+00  0.000000000000000e+00  0.000000000000000e+00  0.000000000000000e+00  0.000000000000000e+00  0.000000000000000e+00  0.000000000000000e+00
  4.500000000000000e-02  0.000000000000000e+00  0.000000000000000e+00  0.000000000000000e+00  0.000000000000000e+00  0.000000000000000e+00  0.000000000000000e+00  0.000000000000000e+00  0.000000000000000e+00  0.000000000000000e+00
  5.000000000000000e-02  0.000000000000000e+00  0.000000000000000e+00  0.000000000000000e+00  0.000000000000000e+00  0.000000000000000e+00  0.000000000000000e+00  0.000000000000000e+00  0.000000000000000e+00  0.000000000000000e+00
  5.499999999999999e-02  3.562934981575948e-56  7.656315185495954e-56  1.943653165712449e-55  -3.213650069748071e-56  2.906678961107920e-56  1.596522201352715e-56  -2.248891731710032e-63  -7.568219872664641e-63  -1.117283572177693e-62
  5.999999999999999e-02  3.624000853188117e-45  1.411128205094367e-44  -1.124977047659650e-44  2.643486276003925e-45  -6.717623671287115e-45  -1.149544183504063e-45  1.084451603048509e-52  5.119689287428254e-52  1.538879186175273e-52
  6.499999999999999e-02  1.884037979588432e-40  9.583460654443212e-41  1.916762585071306e-40  3.093222182325570e-41  -6.777259376928410e-41  1.034091794232768e-40  5.189171104201891e-48  3.013213225693860e-47  -2.288349262832733e-47
  6.999999999999999e-02  -2.262327791189226e-37  -2.405254864309572e-36  -3.463156248920206e-38  -3.107559403843368e-37  -6.475930133508011e-38  1.901148280142585e-37  2.413506208100566e-44  1.002927575661749e-43  -2.866139286505358e-44
  7.500000000000000e-02  5.454512344946719e-35  9.245894039705840e-35  1.154621482720704e-34  1.633273066533230e-35  6.131622600847555e-35  2.133764842611061e-35  1.050463943628808e-42  -1.471845835404657e-42  -4.300430173451675e-42
  8.000000000000000e-02  8.106810350985391e-33  1.375376749118092e-32  1.453485954525654e-32  3.060849728841582e-33  7.625665808008964e-33  2.948828607725208e-33  4.293725619469256e-41  -4.102190677409085e-40  -4.878248333637513e-40
  8.500000000000001e-02  3.140093058030526e-31  5.478828126791813e-31  5.168252009828447e-31  1.300480162999775e-31  2.659607123891497e-31  1.119103915861115e-31  -1.311117766580136e-39  -1.976339318051207e-38  -1.663108421452136e-38
  9.000000000000001e-02  4.173634456661316e-30  7.303462822311137e-30  6.228337167873338e-30  1.861744574099644e-30  3.185058295525346e-30  1.479709915620210e-30  -6.409480129593244e-38  -2.962619239934873e-37  -1.997372736262805e-37
  9.500000000000001e-02  1.067496728604878e-29  1.539806715263015e-29  8.758792026783808e-30  5.724279033433548e-30  6.091312369458664e-30  3.695634590578914e-30  -5.200914384582708e-37  -7.498942224736052e-37  -3.737189203977191e-37
  1.000000000000000e-01  -1.556443343151056e-28  -3.189891746252685e-28  -2.690042362834897e-28  -6.766725891896186e-29  -1.143583027199968e-28  -5.347936484930785e-29  3.102253659444897e-36  1.473141750437822e-35  8.121695575424088e-36
  1.050000000000000e-01  -1.137538709221596e-27  -2.217365712008470e-27  -1.327555338980562e-27  -5.411991317865554e-28  -6.655372120713976e-28  -3.357491154015938e-28  4.531266019266126e-35  1.059671625118083e-34  4.846938370400806e-35
  1.100000000000000e-01  1.209958176080143e-27  3.227508207529215e-27  3.445632294752031e-27  4.392561463163751e-28  1.753313218413177e-27  3.171607037291544e-28  8.323526635039710e-35  -1.276963381362112e-34  -1.159249589469138e-34
  1.150000000000000e-01  3.639776929695022e-26  6.062215829892879e-26  4.682096907780391e-26  1.680544952665880e-26  2.325162810973987e-26  1.208172259376409e-26  -5.911327763339773e-34  -2.496430609466009e-33  -1.051622996946248e-33
  1.200000000000000e-01  3.014843017680844e-27  -8.927364429868128e-27  -4.201709143763737e-26  2.305404643536183e-27  -2.433203415875505e-26  1.332529145718352e-28  -2.497969886845015e-33  5.355756621796122e-34  1.767687730860443e-33
  1.250000000000000e-01  -4.403581530313827e-25  -7.048025019320075e-25  -5.868649490463892e-25  -2.065539324808531e-25  -3.114528821376292e-25  -1.392794814472582e-25  9.519146683396991e-33  3.355561433493436e-32  1.620500968788647e-32
  1.300000000000000e-01  -2.819176485389275e-25  -4.166285512905941e-25  3.019284550466935e-25  -1.083393961250934e-25  2.275214791819515e-25  -2.159250988420263e-26  3.722538358847533e-32  1.080382858159352e-32  -1.472372903674917e-32
  1.350000000000000e-01  3.088780641182107e-24  4.624626588057829e-24  4.353268443766567e-24  1.532105877628344e-24  2.867499401982475e-24  8.428266895862776e-25  -9.024664592985495e-32  -2.691061844267846e-31  -1.770768779209980e-31
  1.400000000000000e-01  5.406862565457065e-24  8.534023252551455e-24  5.637218872331819e-26  1.934940776455766e-24  -8.039399396375101e-25  5.011071932422396e-25  -3.475208121354706e-31  -2.293628581973351e-31  4.076414986745594e-32
  1.450000000000000e-01  -2.224539863172083e-23  -3.167586215574355e-23  -3.515846908474777e-23  -1.179421994745058e-23  -2.310821780430216e-23  -8.512618063742113e-24  -1.516330250124757e-31  1.801834021499604e-30  1.049958333249274e-30
  1.500000000000000e-01  6.873725378266577e-24  5.166087764971767e-23  3.199501989790215e-23  3.974244956710904e-24  1.092000692429760e-23  3.342059442450397e-24  1.910690665540743e-30  -1.594000673048917e-30  -8.995531452185311e-31
  1.550000000000001e-01  7.785725931334562e-23  1.057400558392316e-22  1.444640938832908e-22  5.377414271166078e-23  1.231203657380394e-22  3.611297738457059e-23  1.027308295847398e-30  -8.740359274694562e-30  -5.885677811062769e-30
  1.600000000000001e-01  -1.186118804447665e-22  -4.945015775228891e-22  -3.045159731116723e-22  -5.289397412961925e-23  -6.426587974330914e-23  -5.203227339236726e-23  -7.978239395843507e-30  1.876137906663795e-29  3.683078319534903e-30
  1.650000000000001e-01  -2.559278388047510e-22  -4.654756886619402e-22  -5.720423354968586e-22  -2.530825003932050e-22  -6.026649215662881e-22  -1.491618343929304e-22  -4.300409038649408e-30  4.506114327998398e-29  3.000287396689529e-29
  1.700000000000001e-01  6.296397594363696e-22  2.824058271988513e-21  1.846156446835425e-21  1.936661832065289e-22  6.825371025230308e-23  2.627112411311829e-22  2.353234035768719e-29  -1.224770070577638e-28  -1.707114191035697e-30
  1.750000000000001e-01  1.626142520656323e-21  4.117542781246422e-21  3.320145845062896e-21  1.430816944826064e-21  2.962615153804202e-21  7.799243849841509e-22  -5.420524926811645e-30  -2.957339430333376e-28  -1.570933805673268e-28
  1.800000000000001e-01  -5.317794728406432e-21  -1.326627655616742e-20  -8.161734275860562e-21  -1.420639920831241e-21  -1.338884274567905e-21  -9.241760503290858e-22  -4.428371766327048e-29  3.291355478652919e-28  1.470897737571004e-28
  1.850000000000001e-01  -1.784525389105974e-20  -4.064608425184550e-20  -2.639156843061333e-20  -9.402428084504683e-21  -1.157810404893686e-20  -5.828076778032991e-21  -7.036348342152084e-29  2.021605389443061e-27  4.034423731547210e-28
  1.900000000000001e-01  1.749269988404806e-20  4.193865927252519e-20  3.336086662276180e-20  3.707252864080567e-21  5.874197520647915e-21  2.909776495541975e-21  2.483369213464935e-28  -1.092691133363405e-27  -6.589436236059704e-28
  1.950000000000001e-01  6.069567044594283e-20  1.388978653961844e-19  9.938673474302376e-20  2.899903259811904e-20  3.774064789154631e-20  1.629533708426583e-20  -1.872921971166998e-28  -7.665314869634888e-27  -1.320000724801938e-27
  2.000000000000001e-01  -2.866650507360898e-20  -8.934045223729459e-20  -9.717892629543878e-20  -3.951726730365861e-21  -1.993791688255757e-20  -4.826515338899777e-21  -1.396406049299038e-27  2.442077443261768e-27  2.345358837109892e-27
  2.050000000000001e-01  -1.458453375669894e-19  -3.181550436778147e-19  -2.858505994389427e-19  -6.308611217924966e-20  -1.159039902985666e-19  -2.146809157793317e-20  4.058460256380814e-28  2.101061461317604e-26  4.363485266272219e-27
  2.100000000000001e-01  1.185978561755295e-20  2.821419764299053e-19  2.879792957615314e-19  1.490326361056353e-20  7.158572935437530e-20  1.626682414306355e-20  4.256737808486723e-27  -1.143949974491427e-26  -7.659612561070149e-27
  2.150000000000001e-01  3.468804315338979e-19  8.179747351344581e-19  6.919795400914609e-19  2.131157848245465e-19  3.687211165733976e-19  7.603673765225936e-20  1.198406749967977e-26  -5.160936176557271e-26  -1.677127917871319e-26
  2.200000000000001e-01  -1.150553386160179e-18  -2.974318305809602e-18  -1.649669177450520e-18  -5.738003680640128e-19  -6.425277351911180e-19  -4.007618042220306e-19  4.192499450204637e-27  8.039059315820877e-26  5.059096304887886e-26
  2.250000000000001e-01  -3.925017172248620e-19  -2.340966787491050e-18  -1.327730387701615e-18  -6.031969633397071e-19  -7.854520202914979e-19  -7.054290289162305e-20  -3.456069844112284e-26  1.677213319171734e-25  2.125906741817409e-26
  2.300000000000001e-01  5.567692214331258e-18  1.378476939762632e-17  8.061237929413763e-18  2.397214101875789e-18  2.274689222029705e-18  1.763401364804919e-18  -9.120453363405406e-26  -4.833306235806385e-25  -1.628110697553179e-25
  2.350000000000001e-01  3.871800587741645e-18  1.672869831364937e-17  7.640496024473762e-18  3.449092942797435e-18  2.384412410264445e-18  9.896292772119562e-19  3.714961712426179e-28  -9.292255712498851e-25  -2.782980491892780e-27
  2.400000000000001e-01  -1.693905839514968e-17  -3.935718859201566e-17  -2.740650670331683e-17  -5.139043331238170e-18  -5.608250730118779e-18  -4.473265282240091e-18  4.260551284079999e-25  1.538278016928054e-24  4.711644063739883e-25
  2.450000000000001e-01  -2.961880841837335e-17  -9.434869473135386e-17  -5.020839298681999e-17  -1.636917778688004e-17  -9.066699952732972e-18  -6.892712325428422e-18  5.971629689883810e-25  4.765037092868982e-24  -2.773830886948848e-27
  2.500000000000001e-01  2.752088458392876e-17  7.381389695411571e-18  4.110310143024826e-17  2.171341653637412e-18  2.555571833166855e-17  9.814160140317956e-18  -4.152999972628454e-25  1.346315092236662e-24  -2.555849567942084e-24
  2.550000000000001e-01  1.421043352014036e-16  2.904724291015784e-16  1.903183224824146e-16  5.819476254532902e-17  5.706918851407079e-17  3.474236511896696e-17  -1.938407086776393e-24  -1.232616748485817e-23  -1.976466143168618e-24
  2.600000000000001e-01  4.995193590001102e-17  2.471750562325051e-16  4.394686486248198e-17  4.453382778429529e-17  -4.156101726735380e-17  2.378143870620900e-18  -1.270508135916351e-24  -1.478766116724393e-23  7.219511533697525e-24
  2.650000000000001e-01  -3.037009555328732e-16  -5.162909369205053e-16  -4.692300048364005e-16  -9.003655189584562e-17  -1.493156179224019e-16  -6.499246016451790e-17  4.914147327856392e-24  2.274542810408467e-23  7.773908864111230e-24
  2.700000000000001e-01  -4.343414855191854e-16  -1.178549212011820e-15  -5.589865472616194e-16  -1.966098810296798e-16  2.712207975706953e-17  -6.192239586580545e-17  1.038429263794458e-23  6.277012536379411e-23  -1.666489797567349e-23
  2.750000000000001e-01  2.351157417515119e-16  1.603346744623739e-17  6.144558065901354e-16  -4.271410785582918e-17  2.962953184154068e-16  2.907193614456576e-17  -1.609312792672868e-24  -1.762499827036846e-25  -2.448972153807840e-23
  2.800000000000001e-01  1.297099394977169e-15  2.941012749635143e-15  1.942563766888869e-15  3.843768106444634e-16  6.341086433444230e-18  1.353976130660465e-16  -3.083879650427512e-23  -1.600029363242929e-22  3.532944601683057e-23
  2.850000000000001e-01  1.078006420648742e-15  3.298264681092737e-15  8.585052981199590e-16  4.873355296782061e-16  -6.048826179845681e-16  5.771282030793440e-17  -2.778251753656680e-23  -1.835661981633149e-22  1.025780363589914e-22
  2.900000000000001e-01  -1.294547483447124e-15  -6.568454302297210e-16  -2.347024664847617e-15  -1.640858488222015e-16  -9.611035787100711e-16  -1.921291307575974e-16  7.004145369559634e-24  3.823460782855115e-23  4.988478822089756e-23
  2.950000000000002e-01  -3.598443629182267e-15  -8.346646011567941e-15  -3.931943371071833e-15  -9.234826696517580e-16  1.167802468201219e-15  -8.895716384817545e-17  7.354308635325856e-23  4.613829560217762e-22  -2.296337700963988e-22
  3.000000000000002e-01  -1.612625485581823e-15  -7.617552844258451e-15  5.185449779441396e-16  -1.084351739441377e-15  2.079584760834901e-15  -3.656691726133598e-16  5.242598995144106e-23  3.605946749019162e-22  -2.104295779040884e-22
  3.050000000000002e-01  5.038706353566815e-15  1.036990571662122e-14  6.974816466788736e-15  -7.178206518977881e-16  -3.258213654044365e-15  -1.462152466680547e-15  -6.458413613183013e-23  -6.124643021832689e-22  4.934733293301989e-22
  3.100000000000002e-01  7.132160316707215e-15  2.156975774720096e-14  3.454657522529883e-15  -3.746582257549374e-16  -8.676968026198936e-15  -7.536437571705662e-16  -2.962136420362493e-23  -1.090235711249041e-21  8.801690524530012e-22
  3.150000000000002e-01  -5.608964634404654e-15  -1.238377924348951e-14  -1.103778874956552e-14  1.823988100395461e-15  9.701001046634687e-16  4.571460390491575e-15  1.127019161478148e-22  5.560706974739385e-22  -5.378549558740796e-22
  3.200000000000002e-01  8.024893635016213e-15  -5.263341093069208e-15  1.482910774165916e-14  1.724409442800890e-14  2.574810587453339e-14  1.747282714993254e-14  -9.298955364155220e-23  6.164304221625119e-22  -2.148465443679599e-21
  3.250000000000002e-01  1.659609974551229e-14  2.496439178972416e-14  4.843467141969312e-14  3.574962989825005e-14  5.343919791283934e-14  2.071404466871791e-14  -1.529685256116249e-21  -6.464838457185399e-22  -2.940478699923674e-21
  3.300000000000002e-01  7.940345757592633e-15  1.222724911997429e-13  2.544681138127098e-14  7.883020038277454e-15  7.733212908411141e-15  -2.744844511567249e-14  -2.328209909812418e-21  -4.940086274672741e-21  2.089254735975558e-21
  3.350000000000002e-01  -1.201329340772733e-13  -6.632316754390356e-14  -2.100443510461982e-13  -1.505585914755243e-13  -1.668001767197178e-13  -1.281490956710997e-13  5.339121412244148e-21  4.356231674476001e-21  1.183308552332700e-20
  3.400000000000002e-01  -3.102402384561195e-13  -8.566711353286120e-13  -5.017795168564895e-13  -3.750310507764297e-13  -3.295236818877497e-13  -1.372721990706873e-13  2.350402937283163e-20  3.756258968099077e-20  1.457117486369035e-20
  3.450000000000002e-01  -2.367826727427152e-13  -1.395369915772939e-12  -3.056194152612568e-13  -2.153190572389495e-13  -1.294079205299788e-13  1.051223951906846e-13  1.845309701643092e-20  4.850631368747506e-20  -3.458063819596173e-21
  3.500000000000002e-01  2.062041655882856e-13  3.740204417069448e-14  3.373973799382215e-13  6.887882078402032e-13  4.840116042310413e-13  3.690980043170834e-13  -4.372432047375954e-20  -1.787570764642670e-20  -3.438694581782284e-20
  3.550000000000002e-01  1.811569218074491e-13  1.267780417491185e-12  8.444667979254689e-13  1.295431266183463e-12  6.095371031133709e-13  5.010308604823296e-13  -8.377023525629359e-20  -4.556519236951885e-20  -9.954359506837211e-21
  3.600000000000002e-01  9.661144327645818e-13  2.464660751484097e-12  3.131579117697762e-12  1.466495241657193e-12  9.048255514790661e-14  8.868905224601837e-13  -8.417344136429582e-20  -3.809076371668154e-20  -6.018522115691997e-21
  3.650000000000002e-01  1.127813194744260e-11  1.912749550764261e-11  1.560089178156583e-11  4.979601116630789e-12  4.529319033107477e-12  4.070469109665275e-12  -2.136159787449501e-19  -7.597740169893119e-19  -2.318432678154488e-19
  3.700000000000002e-01  2.076464043096102e-11  5.285137620621042e-11  1.893897259285714e-11  7.912564424019901e-12  1.678677573184632e-11  2.212521662958424e-12  -4.928578471210567e-19  -2.329140668519846e-18  -7.242642658738753e-19
  3.750000000000002e-01  -1.631244143451101e-11  -3.761233052742968e-12  -4.406806150475497e-11  -1.377045632239915e-11  5.756341683411266e-12  -1.904990836741830e-11  8.128199504852267e-19  1.678276972946205e-19  1.527073826333128e-19
  3.800000000000002e-01  -1.139436104627222e-10  -2.772455382601328e-10  -1.554192152585690e-10  -6.880817357485928e-11  -8.696862027863981e-11  -4.211527617217047e-11  5.033884680075458e-18  1.234014988723680e-17  5.519128580353695e-18
  3.850000000000002e-01  -1.508164544038352e-10  -4.481677742402085e-10  -1.060508626601268e-10  -8.775014650942187e-11  -1.938052368312452e-10  -1.120282776530896e-11  6.113356616312021e-18  1.926089875008961e-17  1.059019017950247e-17
  3.900000000000002e-01  1.755581642003034e-10  2.416950776152660e-10  3.971723836098870e-10  1.113453994695691e-10  2.741881661341001e-11  1.422550201312588e-10  -1.043012038265513e-18  -7.774423087293399e-18  -6.230853978838909e-18
  3.950000000000002e-01  9.667017948204803e-10  2.203415005714347e-09  1.309398805620495e-09  5.588896053977269e-10  6.634416266309981e-10  3.584361785057459e-10  -2.411036304634522e-17  -8.319973324197147e-17  -3.433376664401008e-17
  4.000000000000002e-01  1.193176307692491e-09  3.152471824528613e-09  1.040390875235399e-09  6.695280071613689e-10  1.084167384598525e-09  1.733085542094953e-10  -4.280166349158720e-17  -1.206475688716575e-16  -4.335942286497048e-17
  4.050000000000002e-01  -1.664637241723908e-10  4.726774176877840e-10  -1.820783081574432e-09  -8.694522747592520e-10  8.100789695683681e-10  -9.358042264260734e-10  3.755689522490696e-17  -1.322346853357501e-17  -3.102645307742890e-17
  4.100000000000003e-01  -3.357510686928287e-09  -7.537865591760857e-09  -6.717713691819284e-09  -5.289528213536840e-09  7.495146246102816e-10  -2.575202434467056e-09  3.726993233405687e-16  2.870627363355270e-16  -1.113871303925655e-16
  4.150000000000003e-01  -1.000257622389774e-08  -3.030329994880205e-08  -1.176885033624787e-08  -9.310395158862797e-09  -3.077755205016639e-09  -1.305767174438472e-09  8.077566220689322e-16  1.059429925216496e-15  -7.434733638245519e-18
  4.200000000000003e-01  -2.191857282803792e-08  -7.295375069784437e-08  -1.432454746762496e-08  3.256963489743881e-09  -2.761835495531944e-08  1.002737183037430e-08  -3.080315440724930e-17  2.422147500236584e-15  1.706196503230812e-15
  4.250000000000003e-01  -4.838246256234963e-09  -7.927438142436486e-08  -3.214021863886385e-09  4.964198802520160e-08  -5.225732316593705e-08  3.828203773940486e-08  -2.832798086121461e-15  1.998932232272908e-15  3.657969693038520e-15
  4.300000000000003e-01  9.943009681485701e-08  1.616791267224389e-07  1.049675558480306e-07  1.254813350704266e-07  -3.397191589989021e-08  4.906882413095790e-08  -8.361905836023329e-15  -6.386015719674540e-15  4.947283687466594e-15
  4.350000000000003e-01  2.375745945616922e-07  6.930205559616142e-07  2.720734345874253e-07  1.335842618043083e-07  1.400694724453856e-07  -1.709491480637516e-08  -1.024768990831803e-14  -2.299259824642856e-14  -4.499272211735480e-15
  4.400000000000003e-01  2.406845383801878e-07  1.094668911882414e-06  3.663224775177521e-07  -1.456876652026130e-07  4.926704060258032e-07  -1.899310531723788e-07  1.071787520260646e-14  -3.312644079486729e-14  -3.340577990805044e-14
  4.450000000000003e-01  -1.550187582420831e-07  8.644658907054612e-08  -5.316332323457867e-09  -9.107487870612535e-07  6.148588041705501e-07  -3.702642271076132e-07  7.059884223317710e-14  5.012287894181879e-15  -5.942932277193761e-14
  4.500000000000003e-01  -1.407237502233213e-06  -4.555251918929213e-06  -1.831434968749755e-06  -1.694941599248916e-06  -9.011519789338219e-07  -2.478721068856588e-07  1.134677117444819e-13  1.820231127647057e-13  3.803388345675402e-14
  4.550000000000003e-01  -3.260042678112437e-06  -1.199821442781428e-05  -5.650180837706377e-06  -9.071960193305304e-07  -5.239536449736969e-06  3.692668581984506e-07  -2.886870935042684e-14  4.975898360157722e-13  4.018674546126379e-13
  4.600000000000003e-01  1.327724702953304e-06  -9.197645809813221e-06  -4.551477764603566e-06  -2.327568010996217e-07  -6.550486256774095e-06  -5.844982813902105e-07  -1.694977334540499e-13  3.755989192040756e-13  4.902643017506804e-13
  4.650000000000003e-01  1.234129285364113e-05  2.312388372685036e-05  9.279224642357879e-06  3.000082990252409e-06  2.564181584929740e-06  -2.591649020831368e-06  -3.843665438342739e-13  -7.203585010834890e-13  1.015503513781049e-13
  4.700000000000003e-01  1.989429069143006e-05  7.064536971349952e-05  3.096555107047606e-05  2.468840966308506e-06  2.569513647813687e-05  -5.403749291544887e-06  4.799687686921151e-14  -2.582967396774771e-12  -1.493547233166430e-12
  4.750000000000003e-01  2.532287968641152e-06  6.613347063308433e-05  3.598192845538814e-05  -8.103889117354435e-06  4.109784997467931e-05  -4.172148790922516e-06  1.754543752136252e-12  -3.057942570105584e-12  -3.199441289130876e-12
  4.800000000000003e-01  -4.712745991485138e-05  -4.600781304623215e-05  -3.698615371414316e-06  -2.088145228685981e-05  1.778275970754928e-05  9.009501055843383e-06  3.672396156961757e-12  -1.175031094174770e-13  -2.383475601945371e-12
  4.850000000000003e-01  -1.113468031327195e-04  -2.392448757476472e-04  -1.051295201230234e-04  4.822443265930947e-06  -5.020059171147257e-05  4.211787438862409e-05  8.589450543378791e-13  6.390789715175314e-12  3.274610046471721e-12
  4.900000000000003e-01  -1.608947747546300e-04  -4.160101453776413e-04  -2.526186307178126e-04  1.282732259275759e-04  -1.480204748127957e-04  9.278857298441709e-05  -1.391181578999925e-11  1.575626106309220e-11  1.437223245685295e-11
  4.950000000000003e-01  3.278858382970669e-04  1.225009869079857e-04  1.099934036222939e-04  1.381477150785117e-04  -2.184941540699235e-05  7.209143254543033e-06  -1.600188943337440e-11  2.384898389734740e-12  6.424054854261325e-12
  5.000000000000003e-01  8.025973590552896e-04  1.179832114166323e-03  7.706059455867485e-04  1.512156535160815e-04  2.526908943917242e-04  -1.847574564959141e-04  -2.057769449875424e-11  -2.252369512170932e-11  -8.075949121666977e-12
  5.050000000000003e-01  1.037169569706712e-03  2.342031961362046e-03  1.570562047215923e-03  -1.925500117189905e-04  6.741051055133542e-04  -4.802986376830829e-04  1.410329034308930e-11  -6.225745921351703e-11  -4.797369054709876e-11
  5.100000000000003e-01  5.480685309025705e-04  2.314924634160962e-03  1.597450719513022e-03  -1.064780458042723e-03  1.074945215546000e-03  -6.595340594577046e-04  1.103264792331762e-10  -8.884253064924167e-11  -1.065090013447384e-10
  5.150000000000003e-01  -1.066034600272484e-03  -4.191399292469827e-04  -6.567395097280501e-04  -1.933486725547718e-03  9.697586557268829e-04  -2.287539101890225e-04  2.080378960113951e-10  -4.185822031173919e-11  -1.105947800622921e-10
  5.200000000000004e-01  -3.850326119663186e-03  -6.492139886447821e-03  -6.333742877408120e-03  -1.115144587490196e-03  -6.732523909625349e-04  1.276924438318709e-03  1.180274313354642e-10  1.527591538640464e-10  9.552337204277525e-11
  5.250000000000004e-01  -6.645475814371572e-03  -1.369406653919484e-02  -1.374951022150262e-02  3.489747936049722e-03  -4.783858748728075e-03  3.340839463871545e-03  -3.739622360484972e-10  4.824462149252516e-10  6.162792046813849e-10
  5.300000000000004e-01  4.616947825232546e-03  -3.652235322349574e-03  -7.509148348667760e-03  5.157351102218118e-03  -4.080693892635628e-03  1.740771597333699e-03  -5.681593633044970e-10  2.350112722457873e-10  6.263290660878594e-10
  5.350000000000004e-01  1.433032776339909e-02  1.478936589263273e-02  1.026609256020151e-02  7.813305067824553e-03  -4.409238996290668e-04  -2.550754890583509e-03  -9.471164152445789e-10  -1.356744805818182e-10  3.922997640491277e-10
  5.400000000000004e-01  1.073394940547877e-02  1.544158909368605e-02  2.540360781457062e-02  3.470494050353884e-03  -1.976544125095751e-03  -7.436194056868414e-03  -5.234631917206313e-10  4.238227970021177e-11  -2.877716739536029e-10
  5.450000000000004e-01  -2.100301400502436e-02  -5.433170054416703e-02  1.283271998457949e-03  -1.203927072713430e-02  -3.364810128755974e-02  -1.024360049215709e-02  1.324723382888967e-09  1.967343286765452e-09  6.477451933658641e-10
  5.500000000000004e-01  -7.463178832036986e-02  -1.991371857658545e-01  -1.039135647905243e-01  -2.721647466032423e-02  -1.178069024887390e-01  -6.694616808748009e-03  3.043956909875390e-09  4.797038333232790e-09  7.562819125480134e-09
  5.550000000000004e-01  -1.198577656491938e-01  -3.018014813202051e-01  -3.117605605995621e-01  -3.887238571314990e-03  -2.416329850745610e-01  2.158403387001033e-02  -7.356530957771165e-10  5.086149541224525e-09  2.310708456563760e-08
  5.600000000000004e-01  -1.270844890378895e-01  -1.879234077079614e-01  -5.650945050140537e-01  1.061543448931399e-01  -3.403988753020581e-01  1.102698255804361e-01  -1.595437860213190e-08  6.247765019489338e-10  4.097823887182368e-08
  5.650000000000004e-01  2.778830308012575e-01  2.955502572697663e-01  -1.392004611173328e-01  8.260066492541861e-02  -1.387383722500208e-01  1.060560693589697e-01  -2.210778540256834e-08  -2.036457672244854e-08  2.914648826232157e-08
  5.700000000000004e-01  6.915593613812293e-01  1.063295727887051e+00  8.586698129383483e-01  6.761415400360093e-02  3.846383182965166e-01  1.758468807213276e-01  -3.404547806009372e-08  -4.845811812850637e-08  -1.226869068914704e-08
  5.750000000000004e-01  1.180609255244069e+00  1.762810341675774e+00  2.548390326228658e+00  -2.211488834394602e-01  1.193134023535447e+00  8.856691920804086e-02  -1.578031177620557e-08  -8.331937306889035e-08  -1.008528373718487e-07
  5.800000000000004e-01  1.692000203995676e+00  2.264682278898574e+00  4.443465425182050e+00  -8.793920974180541e-01  2.010661206635569e+00  -3.552306809625707e-01  5.697254381121541e-08  -1.159277962675047e-07  -2.167314880748235e-07
  5.850000000000004e-01  1.730377022732745e+00  2.426382504554854e+00  5.336185408806805e+00  -1.543830973556259e+00  2.276030468998012e+00  -1.167361774839262e+00  1.656813210708869e-07  -1.031993770294704e-07  -3.036399280040088e-07
  5.900000000000004e-01  -2.085939723610371e-01  1.670117729291781e+00  3.466585837455651e+00  -1.280838775016814e+00  1.188682069921631e+00  -1.962284992832821e+00  2.198737792164244e-07  4.792103333475396e-08  -2.837433531409902e-07
  5.950000000000004e-01  -6.780321221852706e+00  -6.246825852676217e-01  -3.241097926901165e+00  9.658502930437727e-01  -2.054216056220097e+00  -2.074821836296839e+00  7.917744343657292e-08  4.520307732258238e-07  -6.005249485595589e-08
  6.000000000000004e-01  -2.265865252535717e+01  -1.005682462511832e+00  -1.362244814671277e+01  2.054926144714892e+00  -3.612676875042870e+00  -8.019310288916559e-02  -3.576295578553389e-07  6.752511588940688e-07  3.439296000969276e-07
  6.050000000000004e-01  -5.045781498922795e+01  -7.484288552399639e-01  -3.202380947104261e+01  1.814282879806452e+00  -6.535176659644400e+00  5.096098408641515e-01  -1.149545223419943e-06  1.162932473384248e-06  1.340518183159201e-06
  6.100000000000004e-01  -8.987967547925811e+01  1.233829431248672e+01  -5.369884729404611e+01  -2.752933036283555e-01  -1.044693100684998e+01  -1.050659412825793e+00  -2.169926368285211e-06  1.779876533746255e-06  2.927227144665410e-06
  6.150000000000004e-01  -1.300414988786614e+02  5.902905195630414e+01  -6.335837553435545e+01  -1.628364857668724e+00  -1.423152461097183e+01  -7.745286693680817e+00  -3.008580686550925e-06  2.440833622089131e-06  4.571824815432010e-06
  6.200000000000004e-01  -1.536436951942660e+02  1.597442209464639e+02  -3.570389915774438e+01  1.304316967651808e+00  -1.194994526408854e+01  -2.284453260715260e+01  -3.277380429831883e-06  2.593372884628795e-06  4.968370894488074e-06
  6.250000000000004e-01  -1.469020779420490e+02  3.170199245195716e+02  5.585873972800595e+01  7.636230039154612e+00  8.594656974432610e+00  -4.988206773725239e+01  -3.025523577815714e-06  8.742314696352473e-07  2.268501908302993e-06
  6.300000000000004e-01  -1.099906001752996e+02  5.010433335786902e+02  2.243902326573426e+02  7.534677293020783e+00  6.132001632368521e+01  -9.297214142315414e+01  -2.934941350502283e-06  -4.683092841668438e-06  -5.178715090633981e-06
  6.350000000000005e-01  -6.595931158761189e+01  6.068613623431353e+02  4.146401925851338e+02  -1.489363797541463e+01  1.118022408929057e+02  -1.389306960357452e+02  -3.198721971727011e-06  -1.114421606475477e-05  -1.334646049694538e-05
  6.400000000000005e-01  2.232798231368707e+01  6.761966148370922e+02  6.169227777730805e+02  -2.979006695407240e+01  1.989941297032478e+02  -2.035226671182381e+02  -4.069997869860592e-06  -2.360274592364313e-05  -2.686037794608230e-05
  6.450000000000005e-01  6.416815960321070e+01  5.463519177208138e+02  6.935179800581441e+02  -8.202940431008055e+01  2.813357064629818e+02  -2.678863078916655e+02  -7.257702930433502e-06  -3.928813129403936e-05  -3.847587576399095e-05
  6.500000000000005e-01  2.920391410470691e+01  1.649789529879056e+02  5.204114668768220e+02  -1.660994548256182e+02  3.111060848558411e+02  -3.073815684990366e+02  -1.219587839025122e-05  -5.325286676378761e-05  -4.201317205876690e-05
  6.550000000000005e-01  -7.196205231688735e+01  -4.443696563718370e+02  9.378142761828093e+00  -2.504098763089628e+02  2.359226877908033e+02  -2.872724339463801e+02  -1.651612855795258e-05  -5.815686883842168e-05  -3.161770312824804e-05
  6.600000000000005e-01  -1.798812286396772e+02  -1.167255264154672e+03  -8.382215861366411e+02  -2.825030857850065e+02  1.928619842114815e+01  -1.733542034184173e+02  -1.642505392921531e-05  -4.639120427246529e-05  -4.176332836154796e-06
  6.650000000000005e-01  -2.024318406536977e+02  -1.813601624480991e+03  -1.898986759264675e+03  -2.049426603471186e+02  -3.393111299206068e+02  5.304314982147533e+01  -7.921836425469162e-06  -1.289038628955633e-05  3.888251513183221e-05
  6.700000000000005e-01  -1.420167219065748e+02  -2.123232152568874e+03  -2.633926151945190e+03  -1.089413218777400e+01  -6.779016742848363e+02  3.130283696986710e+02  -2.842700072669989e-06  2.069753211827044e-05  7.061431718036033e-05
  6.750000000000005e-01  1.235879775112443e+02  -2.041249797035933e+03  -3.312478775997618e+03  2.975756517385926e+02  -1.074964572597903e+03  6.540463956274064e+02  2.274626066204524e-05  8.371931987986758e-05  1.152175814604638e-04
  6.800000000000005e-01  5.963628191591635e+02  -1.399968082406639e+03  -3.526571519395475e+03  7.399163424769222e+02  -1.361676958988323e+03  9.938944146860613e+02  5.861097215107776e-05  1.547819775049020e-04  1.535962800401645e-04
  6.850000000000005e-01  1.164108216357175e+03  -2.725361303422464e+02  -3.160770630651364e+03  1.235132308401841e+03  -1.421392339853816e+03  1.251317271945884e+03  9.749158265127433e-05  2.184424425901169e-04  1.772846636624338e-04
  6.900000000000005e-01  1.641182367356481e+03  1.119955345477126e+03  -2.201667740499008e+03  1.650950905880689e+03  -1.165515083068843e+03  1.341479952517191e+03  1.285437566938261e-04  2.566415801793462e-04  1.777007392157649e-04
  6.950000000000005e-01  1.827473339944230e+03  2.462449807816258e+03  -7.153230558590112e+02  1.828898934302614e+03  -5.593121356755278e+02  1.195496928892681e+03  1.400517080065758e-04  2.525334745503744e-04  1.466460191427746e-04
  7.000000000000005e-01  1.578828420976170e+03  3.429453312861216e+03  1.192229857075132e+03  1.623001188816042e+03  3.624831269310687e+02  7.776583302190417e+02  1.228912729479075e-04  1.945243656500407e-04  7.734710409097777e-05
  7.050000000000005e-01  1.258481682092771e+03  3.997399996814940e+03  2.787863925698648e+03  1.140794026100750e+03  1.305054396841727e+03  5.871813183227850e+01  1.186398184668987e-04  1.259116778725912e-04  2.890503059467841e-06
  7.100000000000005e-01  2.438984503508690e+02  3.620332753930189e+03  4.949180840811278e+03  6.289182676295363e+01  2.337715497320981e+03  -7.785692728245093e+02  4.966372276214546e-05  -2.001360467825944e-05  -1.322450471533000e-04
  7.150000000000005e-01  -1.068914334066900e+03  2.435011645146562e+03  7.169655300158148e+03  -1.443822044782925e+03  3.244713091144829e+03  -1.698191147154030e+03  -4.783002925175421e-05  -2.061832132624590e-04  -3.021831513909638e-04
  7.200000000000005e-01  -2.448607949247290e+03  5.701803380297974e+02  9.169982875624957e+03  -3.181034670674869e+03  3.861898624151859e+03  -2.545241619238277e+03  -1.601586829787685e-04  -4.089631751444354e-04  -4.851883005490725e-04
  7.250000000000005e-01  -3.653229600863572e+03  -1.755563493733066e+03  1.053290527224776e+04  -4.863731967301423e+03  4.049670133268835e+03  -3.142333228477323e+03  -2.702586461222573e-04  -5.974625375554804e-04  -6.473306503886081e-04
  7.300000000000005e-01  -4.480379533659317e+03  -4.273924865854082e+03  1.074715064748688e+04  -6.167385590545689e+03  3.717822792513081e+03  -3.313321289176157e+03  -3.611669499959851e-04  -7.375967623497981e-04  -7.467864011094609e-04
  7.350000000000005e-01  -4.788369403769853e+03  -6.688416546853369e+03  9.315038899302395e+03  -6.780863208732875e+03  2.843875337642004e+03  -2.913338370976413e+03  -4.185436614656178e-04  -7.968668855536764e-04  -7.416750281906303e-04
  7.400000000000005e-01  -5.008911158142892e+03  -8.978935636318884e+03  5.826252975204964e+03  -6.716242830221020e+03  1.551888270033853e+03  -1.541347520833383e+03  -4.793787797608407e-04  -7.727291329494239e-04  -6.242156629959388e-04
  7.450000000000006e-01  -4.124035302756767e+03  -1.026466088015398e+04  8.733218859991757e+02  -5.405512337486911e+03  3.276555741863014e+01  9.093342749058202e+01  -4.589387245145922e-04  -6.400331405544456e-04  -3.667131648257648e-04
  7.500000000000006e-01  -2.365873503374185e+03  -1.028907404980646e+04  -5.567841003559234e+03  -2.918234963151820e+03  -1.754854788185668e+03  2.097423725526101e+03  -3.694649102343109e-04  -3.764469404624822e-04  2.563741274661515e-05
  7.550000000000006e-01  3.316381456762982e+02  -8.669992873655416e+03  -1.263747346757005e+04  6.378557452360923e+02  -3.687676161896629e+03  4.188942036667195e+03  -2.064014656736120e-04  9.927974473622617e-06  5.101809288685637e-04
  7.600000000000006e-01  3.984641347039892e+03  -5.117083192960124e+03  -1.912514352719891e+04  5.007029457836335e+03  -5.641529617959906e+03  5.989075244435178e+03  2.921081866028676e-05  4.934757367391849e-04  1.017229520995930e-03
  7.650000000000006e-01  8.502064588814979e+03  4.669682430763775e+02  -2.366460699526001e+04  9.793072674508223e+03  -7.503058138309053e+03  7.087973065370950e+03  3.283014834169373e-04  1.031578769316277e-03  1.459846933032720e-03
  7.700000000000006e-01  1.361145769164261e+04  7.873044642679430e+03  -2.500397636877328e+04  1.447601529464260e+04  -9.167359472011149e+03  7.120500647817585e+03  6.707780323345980e-04  1.566903830952139e-03  1.748947800699465e-03
  7.750000000000006e-01  1.891594881822271e+04  1.616073563080211e+04  -2.022383394513052e+04  1.818359991195937e+04  -1.006008934317576e+04  5.423191055296244e+03  1.011943051934336e-03  1.952551686588686e-03  1.768161028591278e-03
  7.800000000000006e-01  2.347150198227911e+04  2.497966556048453e+04  -1.350985121297096e+04  2.087583693155457e+04  -1.108936448475460e+04  2.870420426454302e+03  1.350488426161673e-03  2.310769993345819e-03  1.609776111680629e-03
  7.850000000000006e-01  2.608756465486309e+04  3.241753772022733e+04  -3.728090606540057e+03  2.154971812060468e+04  -1.141091177280634e+04  -5.703601309684525e+02  1.585953501519352e-03  2.454651120175142e-03  1.199014855174407e-03
  7.900000000000006e-01  2.544215640992435e+04  3.668131474613286e+04  7.273678293525624e+03  1.966625875274431e+04  -1.066883954652844e+04  -4.299018930676995e+03  1.648886948146781e-03  2.315155813178875e-03  5.977555517648301e-04
  7.950000000000006e-01  2.010691481691197e+04  3.584014903835442e+04  1.665589807910204e+04  1.486314528703920e+04  -8.408566348628210e+03  -7.430139192013777e+03  1.470562020191619e-03  1.840355708645091e-03  -7.090598589382364e-05
  8.000000000000006e-01  8.673265472992372e+03  2.803024028935469e+04  2.070974665928876e+04  7.021556387622369e+03  -4.097360574680274e+03  -8.846183536649434e+03  9.905399134740687e-04  1.002341068842410e-03  -6.272907310918492e-04
  8.050000000000006e-01  -1.011542362592982e+04  1.166602170003486e+04  1.508298910675965e+04  -3.688945689995141e+03  2.828298889666894e+03  -7.287195246196748e+03  1.635284992010533e-04  -1.980988375710985e-04  -8.474234030394109e-04
  8.100000000000006e-01  -3.718755589399997e+04  -1.413983563008548e+04  -7.060032708913674e+03  -1.621396044562204e+04  1.227998696217896e+04  -9.929623822555258e+02  -9.868172064331740e-04  -1.607549826443335e-03  -3.527913274644171e-04
  8.150000000000006e-01  -7.331114861842564e+04  -5.019340174670860e+04  -4.687691182575559e+04  -3.086388167280516e+04  2.578038447558940e+04  1.035335052611467e+04  -2.573087855980682e-03  -3.412728094885483e-03  8.241008493412573e-04
  8.200000000000006e-01  -1.185402082824309e+05  -9.625764000122424e+04  -1.097472591976977e+05  -4.619249076038704e+04  4.305287479553734e+04  2.802292707246100e+04  -4.512603300509119e-03  -5.409331341171514e-03  3.067161450146848e-03
  8.250000000000006e-01  -1.727328919125898e+05  -1.516478869173118e+05  -1.991068634498738e+05  -6.113441486640745e+04  6.405640135111468e+04  5.267468904237007e+04  -6.763856034373484e-03  -7.493843777903167e-03  6.574683522208614e-03
  8.300000000000006e-01  -2.354224232183527e+05  -2.151862401780033e+05  -3.173650480191287e+05  -7.462160417144788e+04  8.847875517975572e+04  8.460933417852550e+04  -9.272227658559439e-03  -9.557059201575844e-03  1.148453593944773e-02
  8.350000000000006e-01  -3.058799591229386e+05  -2.853370114878615e+05  -4.656683844725608e+05  -8.569723359672050e+04  1.157524008624874e+05  1.237386032323083e+05  -1.197612310349479e-02  -1.149501644465965e-02  1.786060817542810e-02
  8.400000000000006e-01  -3.831941142335280e+05  -3.603716690312403e+05  -6.437551975206039e+05  -9.362231817748137e+04  1.451079706964444e+05  1.695898316901022e+05  -1.481318047356509e-02  -1.321949875083769e-02  2.568608218390243e-02
  8.450000000000006e-01  -4.656477860740028e+05  -4.370724624674055e+05  -8.514455846838178e+05  -9.748584049573647e+04  1.751042808151585e+05  2.207724322994712e+05  -1.772217825426660e-02  -1.464570861911553e-02  3.477143868123669e-02
  8.500000000000006e-01  -5.537404455943222e+05  -5.170627094860369e+05  -1.081714140109984e+06  -9.840927784166309e+04  2.061119938940058e+05  2.770765425292390e+05  -2.066036892817521e-02  -1.580608972289428e-02  4.513804570736748e-02
  8.550000000000006e-01  -6.459527730424779e+05  -5.976311864034933e+05  -1.332482069602834e+06  -9.616861527792900e+04  2.366327104565144e+05  3.369371887224709e+05  -2.359700222286928e-02  -1.666962999113397e-02  5.645823861332562e-02
  8.600000000000007e-01  -7.414556828119589e+05  -6.778668058261529e+05  -1.598446685921240e+06  -9.148500329484926e+04  2.660627680883285e+05  3.990053187703033e+05  -2.651718938270740e-02  -1.728076832882820e-02  6.844609583169424e-02
  8.650000000000007e-01  -8.395466066057698e+05  -7.572765641614024e+05  -1.873590925780441e+06  -8.541119445769652e+04  2.940637236527923e+05  4.619343899930280e+05  -2.942232156016676e-02  -1.771871599465321e-02  8.078632818989179e-02
  8.700000000000007e-01  -9.396737585283146e+05  -8.358103881236655e+05  -2.151508864103597e+06  -7.926452767746740e+04  3.205983021246917e+05  5.244746176805435e+05  -3.232977406552273e-02  -1.809257780531872e-02  9.315316057504013e-02
  8.750000000000007e-01  -1.041437858425909e+06  -9.138377918003558e+05  -2.425735137735268e+06  -7.453626820669547e+04  3.459299753256915e+05  5.855554137106021e+05  -3.527150782229368e-02  -1.853392189544031e-02  1.052283179808184e-01
  8.800000000000007e-01  -1.146992311605664e+06  -9.957259776665630e+05  -2.686190654951084e+06  -7.491070015070865e+04  3.718207349164143e+05  6.441329848626807e+05  -3.837468394817811e-02  -1.936844527778757e-02  1.167497442805151e-01
  8.850000000000007e-01  -1.251857976023187e+06  -1.075933883196958e+06  -2.934000092558041e+06  -7.808353928960720e+04  3.968024961480699e+05  7.004727824922190e+05  -4.155666449617509e-02  -2.041192217748799e-02  1.273818850493647e-01
  8.900000000000007e-01  -1.357432543752885e+06  -1.157893754781675e+06  -3.161425029396627e+06  -8.686636327160663e+04  4.227037749881975e+05  7.538005921185201e+05  -4.492185925081332e-02  -2.193937500978911e-02  1.369473198404995e-01
  8.950000000000007e-01  -1.463434948086302e+06  -1.242440559656099e+06  -3.364672605858080e+06  -1.022157349973234e+05  4.503327537899000e+05  8.040816633163631e+05  -4.851702060827214e-02  -2.405746797301922e-02  1.452981938446777e-01
  9.000000000000007e-01  -1.569501657148279e+06  -1.330196314447866e+06  -3.541112789741751e+06  -1.247015237782220e+05  4.803740435373176e+05  8.514897242039541e+05  -5.237858857929435e-02  -2.683750093316699e-02  1.523509424795603e-01
  9.050000000000007e-01  -1.675116265220558e+06  -1.421408104115004e+06  -3.689385767381207e+06  -1.544219914363459e+05  5.132844785882374e+05  8.963416823490713e+05  -5.652561390174408e-02  -3.030480605190091e-02  1.580886274993647e-01
  9.100000000000007e-01  -1.779548017683210e+06  -1.515809147020336e+06  -3.809472164501807e+06  -1.909411325488881e+05  5.492001219416016e+05  9.390174736011107e+05  -6.095272010862445e-02  -3.443014215149970e-02  1.625607172493388e-01
  9.150000000000007e-01  -1.882747505448668e+06  -1.613939050645218e+06  -3.899368695062529e+06  -2.342483647062809e+05  5.892045389122742e+05  9.814447024393218e+05  -6.573027277760089e-02  -3.922262714594595e-02  1.657986566065000e-01
  9.200000000000007e-01  -1.980191083730475e+06  -1.709510918014947e+06  -3.969740455234009e+06  -2.797937555265473e+05  6.297030188778762e+05  1.020710974161463e+06  -7.053136912504489e-02  -4.427016882014843e-02  1.681111804601419e-01
  9.250000000000007e-01  -2.072616213458344e+06  -1.803535748743434e+06  -4.020651774630143e+06  -3.272859109747889e+05  6.708435567240041e+05  1.058277764593350e+06  -7.537916070866228e-02  -4.950302872563021e-02  1.696922779006780e-01
  9.300000000000007e-01  -2.158371291298052e+06  -1.893367291439748e+06  -4.057320964058034e+06  -3.741952232618369e+05  7.109147792368004e+05  1.093937182018364e+06  -8.012601349726080e-02  -5.465059335265787e-02  1.708153246264726e-01
  9.350000000000007e-01  -2.235600709507280e+06  -1.975839884818222e+06  -4.085985022576719e+06  -4.175955068162532e+05  7.477566177995449e+05  1.127201244267434e+06  -8.458767159721185e-02  -5.939304436080203e-02  1.717844853572392e-01
  9.400000000000007e-01  -2.302307716472223e+06  -2.047395663824171e+06  -4.113713503093442e+06  -4.542657735795465e+05  7.788095448828603e+05  1.157278763458271e+06  -8.854755754562967e-02  -6.337205137550846e-02  1.729232362909006e-01
  9.450000000000007e-01  -2.356433080393882e+06  -2.104241869814272e+06  -4.148177170935256e+06  -4.808107221304348e+05  8.011873164343258e+05  1.183074549790694e+06  -9.176358230571062e-02  -6.620386442061517e-02  1.745625022131604e-01
  9.500000000000007e-01  -2.389744391128612e+06  -2.133875556854905e+06  -4.203924354208107e+06  -4.891698000649297e+05  8.098580003944488e+05  1.202156130170627e+06  -9.372096053578251e-02  -6.714843752675345e-02  1.769916247999173e-01
  9.550000000000007e-01  -2.412667804096894e+06  -2.149593395476296e+06  -4.277680652925627e+06  -4.848642318255216e+05  8.046644294928419e+05  1.214401101947412e+06  -9.462248025177851e-02  -6.645149475125987e-02  1.806869967734578e-01
  9.600000000000007e-01  -2.417758750783183e+06  -2.140156971362335e+06  -4.381445801503281e+06  -4.608769365009194e+05  7.812327202817540e+05  1.217613762978456e+06  -9.401255941953998e-02  -6.347107646866962e-02  1.858106655192200e-01
  9.650000000000007e-01  -2.403506945380379e+06  -2.102531102853398e+06  -4.522089979246388e+06  -4.144823091866862e+05  7.365536384249077e+05  1.209980059787409e+06  -9.165310766207319e-02  -5.787907874354677e-02  1.925983274458330e-01
  9.700000000000008e-01  -2.368691989889611e+06  -2.034207615710899e+06  -4.705559598661428e+06  -3.434069371163969e+05  6.679014995243378e+05  1.189696202743375e+06  -8.733380206886071e-02  -4.939562236550733e-02  2.012412628949869e-01
  9.750000000000008e-01  -2.312430570338241e+06  -1.933309733034975e+06  -4.936600855488922e+06  -2.459263709419413e+05  5.729610303882258e+05  1.155069264922152e+06  -8.088212176703750e-02  -3.780022340791159e-02  2.118809429452303e-01
  9.800000000000008e-01  -2.234208602720254e+06  -1.798665987398022e+06  -5.218528898543122e+06  -1.209401403952308e+05  4.499424510864888e+05  1.104618687687541e+06  -7.217174532349825e-02  -2.294069031277558e-02  2.246051105552808e-01
  9.850000000000008e-01  -2.132636185213029e+06  -1.627562292834739e+06  -5.558356829283901e+06  3.369769363151613e+04  2.946279875951730e+05  1.034895423526062e+06  -6.095469926349990e-02  -4.500500396333374e-03  2.397285087108551e-01
  9.900000000000008e-01  -2.012174107608293e+06  -1.427235955515119e+06  -5.943913305459061e+06  2.130730624468176e+05  1.128303737359536e+05  9.498665635241562e+05  -4.762443432363422e-02  1.696652566063321e-02  2.566666138785855e-01
  9.950000000000008e-01  -1.870436395071281e+06  -1.194107416451388e+06  -6.379846915932899e+06  4.190923453361797e+05  -9.815326517399702e+04  8.469158168319535e+05  -3.199650081668737e-02  4.167665016161814e-02  2.755755321504709e-01
  1.000000000000001e+00  -1.706685689629211e+06  -9.277097047670718e+05  -6.862727812408931e+06  6.510380304780410e+05  -3.364482371274290e+05  7.266702136220556e+05  -1.413462634928333e-02  6.950442529049780e-02  2.962060225020033e-01
  1.005000000000001e+00  -1.529327877021163e+06  -6.394310421263381e+05  -7.388366553231698e+06  9.031597398399075e+05  -6.035098264717723e+05  5.880562722668436e+05  5.683705939980949e-03  1.001063228366928e-01  3.188505517998276e-01
  1.010000000000000e+00  -1.331252020876660e+06  -3.211061702771436e+05  -7.949554772129198e+06  1.176992070627415e+06  -8.926959585845461e+05  4.345988054144722e+05  2.738848538398853e-02  1.332782595638699e-01  3.426396471631694e-01
  1.015000000000000e+00  -1.117426628768479e+06  2.005029956489825e+04  -8.540115368172454e+06  1.468112688314377e+06  -1.202726897045628e+06  2.668673427056712e+05  5.072121450185145e-02  1.686840581555371e-01  3.676001214514222e-01
  1.020000000000000e+00  -8.901184018290951e+05  3.801851044266050e+05  -9.152516203495376e+06  1.773078910908370e+06  -1.530120294421837e+06  8.686816322972925e+04  7.540798869726607e-02  2.059253242817371e-01  3.934574847871477e-01
  1.025000000000000e+00  -6.517296293537263e+05  7.551665717750386e+05  -9.778714262482842e+06  2.088112064812499e+06  -1.871010287156629e+06  -1.031361804880657e+05  1.011459739530014e-01  2.445561073131219e-01  4.199032107869946e-01
  1.030000000000000e+00  -4.047536454340088e+05  1.140656249578333e+06  -1.041041878492680e+07  2.409387780552545e+06  -2.221221570038951e+06  -3.005799488620606e+05  1.276178123744412e-01  2.841176738780565e-01  4.466258861184885e-01
  1.035000000000000e+00  -1.517632161070814e+05  1.532226867943709e+06  -1.103939307277320e+07  2.733093078650477e+06  -2.576423950472621e+06  -5.027144520914689e+05  1.544982760277379e-01  3.241447666811129e-01  4.733169041611889e-01
  1.040000000000000e+00  9.892274551863279e+04  1.917040390143398e+06  -1.164942348126245e+07  3.050801556877413e+06  -2.928560195542925e+06  -7.040008474270101e+05  1.811130805889605e-01  3.637379403201766e-01  4.994360934273122e-01
  1.045000000000000e+00  3.570984442336691e+05  2.308760997220740e+06  -1.224943514332427e+07  3.368675239324213e+06  -3.280049574319574e+06  -9.067712908538021e+05  2.078360133415503e-01  4.033065958472584e-01  5.251185618712381e-01
  1.050000000000000e+00  6.137401549106262e+05  2.693863911548454e+06  -1.282542286899431e+07  3.678472420938118e+06  -3.624126047020985e+06  -1.106168265413896e+06  2.340278925991467e-01  4.420148017082624e-01  5.499465800829543e-01
  1.054999999999999e+00  8.664862615001771e+05  3.068397401249435e+06  -1.337159285207547e+07  3.977118949798799e+06  -3.957106202469910e+06  -1.299766815490947e+06  2.594044990396894e-01  4.794681519276326e-01  5.736880681932082e-01
  1.059999999999999e+00  1.113223827879405e+06  3.428800936885911e+06  -1.388299270993465e+07  4.261901166790595e+06  -4.275658173072387e+06  -1.485372106139000e+06  2.837098940510224e-01  5.153138360217440e-01  5.961434949921575e-01
  1.064999999999999e+00  1.352117494896900e+06  3.771974938361956e+06  -1.435555612736228e+07  4.530499513173752e+06  -4.576863573004304e+06  -1.661068527497897e+06  3.067215996449619e-01  5.492457158002503e-01  6.171486275321783e-01
  1.069999999999999e+00  1.581620969318230e+06  4.095321303622908e+06  -1.478612181231394e+07  4.781006586442026e+06  -4.858262981411113e+06  -1.825256505361518e+06  3.282543890447805e-01  5.810069792392084e-01  6.365746204064181e-01
  1.074999999999999e+00  1.801425925912659e+06  4.397481236040263e+06  -1.517025536120741e+07  5.011494214721532e+06  -5.114610012483593e+06  -1.974952685795624e+06  3.480904447927078e-01  6.102443310812206e-01  6.541289365225202e-01
  1.079999999999999e+00  2.009331193021039e+06  4.676498389583858e+06  -1.551253493898208e+07  5.222436133096113e+06  -5.351658770035879e+06  -2.113148811710025e+06  3.663241834098419e-01  6.371533849776854e-01  6.701937957869554e-01
  1.084999999999999e+00  2.204665787751728e+06  4.930755192126761e+06  -1.580868596360805e+07  5.412011025258906e+06  -5.564689769939850e+06  -2.237160776833253e+06  3.827662484970709e-01  6.614308258115315e-01  6.845012691985815e-01
  1.089999999999999e+00  2.386933310924223e+06  5.159656999869346e+06  -1.605873800187691e+07  5.579910800846154e+06  -5.753145186261681e+06  -2.346672690476449e+06  3.973879822779572e-01  6.830144649601850e-01  6.970397750941713e-01
  1.094999999999999e+00  2.555860231017261e+06  5.363062850986102e+06  -1.626337396335281e+07  5.726179070132981e+06  -5.916900273237145e+06  -2.441649244196630e+06  4.101967314523416e-01  7.018849339824936e-01  7.078205998872908e-01
  1.099999999999999e+00  2.711371941656956e+06  5.541237852890186e+06  -1.642384449578141e+07  5.851173966291469e+06  -6.056226965550087e+06  -2.522305344307629e+06  4.212321668720401e-01  7.180618263745198e-01  7.168746937127259e-01
  1.104999999999998e+00  2.853565085407705e+06  5.694793160897201e+06  -1.654188340994433e+07  5.955526858406221e+06  -6.171752192558241e+06  -2.589071802255439e+06  4.305615037702575e-01  7.315996128423485e-01  7.242495450178835e-01
  1.109999999999998e+00  2.985685575418656e+06  5.829183283586818e+06  -1.662465211069142e+07  6.042381205751094e+06  -6.266272406305754e+06  -2.644165336050683e+06  4.384801320584950e-01  7.427772682983561e-01  7.300845430614289e-01
  1.114999999999998e+00  3.101811605150157e+06  5.936283013654928e+06  -1.666529580100318e+07  6.108364132586992e+06  -6.338104139592563e+06  -2.685594897761189e+06  4.447010648303396e-01  7.513633586340858e-01  7.343400784050852e-01
  1.119999999999998e+00  3.205601483230981e+06  6.021935323336498e+06  -1.667051729107586e+07  6.156726279954293e+06  -6.389546878430173e+06  -2.715283285903485e+06  4.495185056325307e-01  7.576353475873646e-01  7.371222112473641e-01
  1.124999999999998e+00  3.297599146933143e+06  6.087532006879237e+06  -1.664315448027567e+07  6.188759554646255e+06  -6.422112373238989e+06  -2.734151611703060e+06  4.530543717896000e-01  7.617436817503160e-01  7.385181023070244e-01
  1.129999999999998e+00  3.378400349903367e+06  6.134529051609013e+06  -1.658614452386431e+07  6.205815419000992e+06  -6.437421813847261e+06  -2.743178206610728e+06  4.554325164604831e-01  7.638533650648966e-01  7.386214709868099e-01
  1.134999999999998e+00  3.448642516905306e+06  6.164418793940458e+06  -1.650244898277260e+07  6.209268579453225e+06  -6.437156592738728e+06  -2.743373624131816e+06  4.567750663729824e-01  7.641397890556554e-01  7.375310296393467e-01
  1.139999999999998e+00  3.508997116193011e+06  6.178708819958655e+06  -1.639498675704132e+07  6.200485666048693e+06  -6.423013585530185e+06  -2.735758243272169e+06  4.571995082498874e-01  7.627845368179688e-01  7.353488928862966e-01
  1.144999999999998e+00  3.561224754278737e+06  6.181468384226586e+06  -1.627076374913928e+07  6.182662969253676e+06  -6.400383002856526e+06  -2.723554116096826e+06  4.569479022423719e-01  7.602019367961942e-01  7.323028080400220e-01
  1.149999999999997e+00  3.603669548609789e+06  6.168715708881655e+06  -1.612362677501171e+07  6.153247174831406e+06  -6.363375555852544e+06  -2.703170999108927e+06  4.558405900484571e-01  7.561046239647858e-01  7.282446109865778e-01
  1.154999999999997e+00  3.638432802952022e+06  6.144834715021617e+06  -1.596058297365010e+07  6.115403255587108e+06  -6.317168217729806e+06  -2.677821506487654e+06  4.541197058503667e-01  7.508991848991099e-01  7.233984404159777e-01
  1.159999999999997e+00  3.666236179199599e+06  6.111236312285145e+06  -1.578396040770820e+07  6.070258263565037e+06  -6.263223672887502e+06  -2.648407796496677e+06  4.518702323963577e-01  7.447538787776624e-01  7.178642222169653e-01
  1.164999999999997e+00  3.687784577540391e+06  6.069270002765077e+06  -1.559587438316641e+07  6.018848641438276e+06  -6.202902556132139e+06  -2.615770021939936e+06  4.491677638630864e-01  7.378256515919110e-01  7.117366647330540e-01
  1.169999999999997e+00  3.703755002249659e+06  6.020209752606605e+06  -1.539822565909803e+07  5.962118024061485e+06  -6.137455456996934e+06  -2.580675919782204e+06  4.460789582742063e-01  7.302578918066016e-01  7.051037366078167e-01
  1.174999999999997e+00  3.714784974169530e+06  5.965238828831890e+06  -1.519270896326055e+07  5.900918668713200e+06  -6.068018968757571e+06  -2.543812104116209e+06  4.426622521684460e-01  7.221788862531389e-01  6.980454887570836e-01
  1.179999999999997e+00  3.721580052480197e+06  5.905869877349145e+06  -1.498111205913046e+07  5.837018131134809e+06  -5.996833025416172e+06  -2.505926308653234e+06  4.389703385019679e-01  7.137655290369276e-01  6.906557539486722e-01
  1.184999999999997e+00  3.724426061589682e+06  5.841969802635940e+06  -1.476365942787151e+07  5.768976500327649e+06  -5.921830377301552e+06  -2.466893943113059e+06  4.350358449210484e-01  7.049599144037760e-01  6.829368508144725e-01
  1.189999999999997e+00  3.723881068789354e+06  5.774985362692773e+06  -1.454243504907858e+07  5.698504220672511e+06  -5.845564913620339e+06  -2.427630962709619e+06  4.309087917774801e-01  6.959312464768727e-01  6.749785338424206e-01
  1.194999999999997e+00  3.720322509186289e+06  5.705597267568159e+06  -1.431853340607033e+07  5.626150472933712e+06  -5.768747354475010e+06  -2.388464806533474e+06  4.266233025931078e-01  6.867470454754858e-01  6.668258594707045e-01
  1.199999999999996e+00  3.714067617873765e+06  5.634356093907429e+06  -1.409293715670532e+07  5.552412975883492e+06  -5.691974117348120e+06  -2.349624710466549e+06  4.222093941590694e-01  6.774619231892900e-01  6.585158327967352e-01
  1.204999999999996e+00  3.705381643334013e+06  5.561691392606130e+06  -1.386652722775498e+07  5.477745825369751e+06  -5.615726322032383e+06  -2.311246532130102e+06  4.176934720225424e-01  6.681192828875673e-01  6.500782037418582e-01
  1.209999999999996e+00  3.694489730504352e+06  5.487927258385575e+06  -1.364008625758026e+07  5.402565342231826e+06  -5.540368606598545e+06  -2.273380834728363e+06  4.130986412423773e-01  6.587531092917650e-01  6.415363335654414e-01
  1.214999999999996e+00  3.681256874159697e+06  5.412103861906014e+06  -1.341295004349242e+07  5.327233557101061e+06  -5.464876601075994e+06  -2.235007529480166e+06  4.084197829171066e-01  6.493367727493592e-01  6.328538502450691e-01
  1.219999999999996e+00  3.666352612942583e+06  5.336439617666691e+06  -1.318836155461489e+07  5.251903189896794e+06  -5.391727479501658e+06  -2.198023755066582e+06  4.037171739174002e-01  6.399787686209913e-01  6.241405945760983e-01
  1.224999999999996e+00  3.649819323178480e+06  5.260258356242660e+06  -1.296551203622657e+07  5.177109651780872e+06  -5.319936980659240e+06  -2.161355099965094e+06  3.989869105647936e-01  6.306622172349782e-01  6.153661684364347e-01
  1.229999999999996e+00  3.631876435337492e+06  5.183705538448897e+06  -1.274472423662523e+07  5.103137429442157e+06  -5.249412202193246e+06  -2.124834650752688e+06  3.942402173541307e-01  6.213997366667382e-01  6.065383057952209e-01
  1.234999999999996e+00  3.612755418483601e+06  5.106917050116099e+06  -1.252619962975945e+07  5.030223117677660e+06  -5.179962212468091e+06  -2.088281227341166e+06  3.894851227266946e-01  6.122008012443571e-01  5.976628095535587e-01
  1.239999999999996e+00  3.592697285461769e+06  5.030024689359074e+06  -1.231002402068098e+07  4.958547527862459e+06  -5.111314339923492e+06  -2.051514830525948e+06  3.847265587932943e-01  6.030722791691788e-01  5.887445207164217e-01
  1.244999999999995e+00  3.571946217495922e+06  4.953155888678479e+06  -1.209617852014163e+07  4.888228152258700e+06  -5.043134220177047e+06  -2.014369814612555e+06  3.799666283016997e-01  5.940188189354157e-01  5.797883426899691e-01
  1.249999999999995e+00  3.549612961557265e+06  4.874036865728099e+06  -1.188407429805604e+07  4.818201930670725e+06  -4.973912346137174e+06  -1.976321538083717e+06  3.751719464881525e-01  5.849626037148830e-01  5.707412075473430e-01
  1.254999999999995e+00  3.528233852919141e+06  4.797680394887942e+06  -1.167448514333926e+07  4.750609585529329e+06  -4.905634311420250e+06  -1.938105466425178e+06  3.704096984233813e-01  5.760687262145204e-01  5.617382194752703e-01
  1.259999999999995e+00  3.506870010533822e+06  4.721732193292059e+06  -1.146669713725378e+07  4.684336272278183e+06  -4.836705249002964e+06  -1.899183705959715e+06  3.656421513718122e-01  5.672559255892203e-01  5.527248812274302e-01
  1.264999999999995e+00  3.485667895360191e+06  4.646203666608576e+06  -1.126047116504092e+07  4.619205992343644e+06  -4.766776389863156e+06  -1.859516845955866e+06  3.608652538632290e-01  5.585213517979662e-01  5.437147249843147e-01
  1.269999999999995e+00  3.464733085300604e+06  4.571058105592087e+06  -1.105556572675209e+07  4.554978047426952e+06  -4.695552829880152e+06  -1.819098690895502e+06  3.560755120603246e-01  5.498610596298632e-01  5.347252027070768e-01
  1.274999999999995e+00  3.444131680462751e+06  4.496211613413687e+06  -1.085175257251406e+07  4.491358722857814e+06  -4.622809081371755e+06  -1.777951316526210e+06  3.512708156238118e-01  5.412703642777851e-01  5.257778088837357e-01
  1.279999999999995e+00  3.423894960004712e+06  4.421538710839591e+06  -1.064882884378896e+07  4.428015913351386e+06  -4.548399751765622e+06  -1.736118999596829e+06  3.464510850630454e-01  5.327441754434858e-01  5.168977693567665e-01
  1.284999999999995e+00  3.403874496016047e+06  4.346437429656851e+06  -1.044599997208889e+07  4.363727984519060e+06  -4.472031288873784e+06  -1.693672025037383e+06  3.416237562732345e-01  5.242534708668102e-01  5.081456448504951e-01
  1.289999999999994e+00  3.384497106940643e+06  4.271950098971223e+06  -1.024436015641244e+07  4.299965374026386e+06  -4.394305385746524e+06  -1.650706479779313e+06  3.367834536827582e-01  5.158448547902587e-01  4.994910587397406e-01
  1.294999999999994e+00  3.365413039876930e+06  4.197079811436256e+06  -1.004326067285185e+07  4.235430726442871e+06  -4.314981908377008e+06  -1.607258415583160e+06  3.319409260319072e-01  5.074842673746291e-01  4.909887548881009e-01
  1.299999999999994e+00  3.346594350737648e+06  4.121662345613169e+06  -9.842644204251489e+06  4.169810485788669e+06  -4.234233576985452e+06  -1.563396633902043e+06  3.271059350124730e-01  4.991678691376601e-01  4.826679501750646e-01
  1.304999999999994e+00  3.328018152615125e+06  4.045572077310476e+06  -9.642487457930109e+06  4.102835621967626e+06  -4.152292980297325e+06  -1.519186774794029e+06  3.222897872651154e-01  4.908926071852669e-01  4.745550748520370e-01
  1.309999999999994e+00  3.309667425210690e+06  3.968734484543020e+06  -9.442800862379223e+06  4.034291782476757e+06  -4.069438706044957e+06  -1.474690221799417e+06  3.175044646365390e-01  4.826560989727984e-01  4.666720636866121e-01
  1.314999999999994e+00  3.291529112825787e+06  3.891135003622198e+06  -9.243628878391830e+06  3.964025990360458e+06  -3.985980033571864e+06  -1.429963811290096e+06  3.127616850520282e-01  4.744564210634255e-01  4.590348952574095e-01
  1.319999999999994e+00  3.273849391459795e+06  3.813595895575672e+06  -9.044613699584577e+06  3.891824170461559e+06  -3.902361383788292e+06  -1.385184906930321e+06  3.080540635147583e-01  4.662716513723220e-01  4.516681121174635e-01
  1.324999999999994e+00  3.256087424171420e+06  3.734698105922133e+06  -8.846839056410618e+06  3.818043119766908e+06  -3.818662325469081e+06  -1.340134663364912e+06  3.034219498829176e-01  4.581391387888286e-01  4.445294690490686e-01
  1.329999999999994e+00  3.238477248822366e+06  3.655344844190038e+06  -8.649916635800831e+06  3.742465647242288e+06  -3.735300891247831e+06  -1.294981343974099e+06  2.988593149770123e-01  4.500393790869537e-01  4.376416825275886e-01
  1.334999999999994e+00  3.220968291629279e+06  3.575751522744867e+06  -8.454045052207453e+06  3.665175786293422e+06  -3.652570792057320e+06  -1.249771014124597e+06  2.943689948568658e-01  4.419696082309690e-01  4.309918492158524e-01
  1.339999999999993e+00  3.203486880450758e+06  3.496165041763040e+06  -8.259471954575396e+06  3.586303143722667e+06  -3.570736196317781e+06  -1.204549033170473e+06  2.899503168971139e-01  4.339259406144179e-01  4.245605471406713e-01
  1.344999999999993e+00  3.185935292255173e+06  3.416848468284972e+06  -8.066495020702046e+06  3.506015419661548e+06  -3.490026332804786e+06  -1.159358981259003e+06  2.855991806785055e-01  4.259034420747011e-01  4.183232467008798e-01
  1.349999999999993e+00  3.168195719167826e+06  3.338066507272964e+06  -7.875456117214542e+06  3.424509961913000e+06  -3.410632385541748e+06  -1.114242148030676e+06  2.813084659580527e-01  4.178963126831842e-01  4.122518639955711e-01
  1.354999999999993e+00  3.150393872826030e+06  3.260609063927099e+06  -7.686606227666311e+06  3.342548002060000e+06  -3.332510776226194e+06  -1.069107314067049e+06  2.770491532920469e-01  4.098863171080819e-01  4.062818194038650e-01
  1.359999999999993e+00  3.131875095723331e+06  3.183563087611773e+06  -7.500635448314696e+06  3.259288365876458e+06  -3.256141462466815e+06  -1.024228404511807e+06  2.728553399609808e-01  4.018975810537718e-01  4.004535012761010e-01
  1.364999999999993e+00  3.112772686033728e+06  3.107750951728135e+06  -7.317803211178523e+06  3.175443893582943e+06  -3.181445104624376e+06  -9.795602626317580e+05  2.686904892800353e-01  3.939044789811352e-01  3.947052361849641e-01
  1.369999999999993e+00  3.092998134666818e+06  3.033375583901437e+06  -7.138521486086467e+06  3.091239554815798e+06  -3.108472498527811e+06  -9.351453465275674e+05  2.645437674230472e-01  3.859012874141738e-01  3.890118329796818e-01
  1.374999999999993e+00  3.072513706002169e+06  2.960627880691530e+06  -6.963161015532812e+06  3.006897288871846e+06  -3.037247916342095e+06  -8.910244994686389e+05  2.604062192918449e-01  3.778844477944041e-01  3.833517858709647e-01
  1.379999999999993e+00  3.051336812275950e+06  2.889678631985132e+06  -6.792042429020262e+06  2.922629104142169e+06  -2.967771522744288e+06  -8.472364259656692e+05  2.562713920548352e-01  3.698528876191192e-01  3.777079785628115e-01
  1.384999999999992e+00  3.029530563836531e+06  2.820661149284706e+06  -6.625438329740310e+06  2.838622854615930e+06  -2.900021240442406e+06  -8.038199562529952e+05  2.521354383263979e-01  3.618077784196753e-01  3.720688214441600e-01
  1.389999999999992e+00  3.006964075650276e+06  2.753344536294935e+06  -6.464161415477574e+06  2.755151429465099e+06  -2.834102862813619e+06  -7.609406036242947e+05  2.479995605223323e-01  3.537801844486144e-01  3.664180141225573e-01
  1.394999999999992e+00  2.984203202178204e+06  2.688398499841346e+06  -6.307332169421609e+06  2.672012924415224e+06  -2.769826038605314e+06  -7.184895042380687e+05  2.438664280220310e-01  3.457305938680593e-01  3.607838196632880e-01
  1.399999999999992e+00  2.961296849530101e+06  2.625659533557260e+06  -6.155465757419067e+06  2.589551129773636e+06  -2.707202345864024e+06  -6.765442236144913e+05  2.397419093544025e-01  3.376916589040641e-01  3.551543086307636e-01
  1.404999999999992e+00  2.938475457460190e+06  2.565183283351479e+06  -6.008576120697591e+06  2.507870161183791e+06  -2.646229684940156e+06  -6.351402121477200e+05  2.356366800524733e-01  3.296800660051271e-01  3.495386643036585e-01
  1.409999999999992e+00  2.915986706022120e+06  2.507008664871443e+06  -5.866601927710145e+06  2.427056332762738e+06  -2.586911459679456e+06  -5.943059962307385e+05  2.315639361971224e-01  3.217148063321953e-01  3.439481384031933e-01
  1.414999999999992e+00  2.894078005748216e+06  2.451149761357459e+06  -5.729385045521035e+06  2.347170176978488e+06  -2.529251807482937e+06  -5.540717015310528e+05  2.275383053655378e-01  3.138150691586818e-01  3.383934364638156e-01
  1.419999999999992e+00  2.872969864213274e+06  2.397580674977718e+06  -5.596666034930829e+06  2.268239332330618e+06  -2.473259649289941e+06  -5.144794799508503e+05  2.235746105394477e-01  3.059984536305711e-01  3.328827575878345e-01
  1.424999999999992e+00  2.852491102017494e+06  2.345906616600680e+06  -5.469306817592586e+06  2.189944467958116e+06  -2.419631623267141e+06  -4.760505620112362e+05  2.196991138555554e-01  2.983133331465456e-01  3.274211326726204e-01
  1.429999999999992e+00  2.833544367172273e+06  2.296733857493653e+06  -5.344483149616274e+06  2.112919710644612e+06  -2.367027605287018e+06  -4.378630792468373e+05  2.159025553891747e-01  2.907043702203987e-01  3.220185842717529e-01
  1.434999999999991e+00  2.815614529373106e+06  2.249282838391770e+06  -5.223193699802084e+06  2.036765556970621e+06  -2.316164585688333e+06  -4.004550608349444e+05  2.122006566717131e-01  2.832127936797384e-01  3.166780164615187e-01
  1.439999999999991e+00  2.798541040325760e+06  2.203132308379077e+06  -5.105232962450372e+06  1.961387648234393e+06  -2.267110156140948e+06  -3.638760098746969e+05  2.085962814954082e-01  2.758428530478628e-01  3.114047109223793e-01
  1.444999999999991e+00  2.782090133762319e+06  2.157793335372111e+06  -4.990427138289265e+06  1.886678313528306e+06  -2.219957535200713e+06  -3.281649016690569e+05  2.050884218754196e-01  2.685954653068723e-01  3.062013392542751e-01
  1.449999999999991e+00  2.765999352304012e+06  2.112767133565057e+06  -4.878576730866808e+06  1.812529659878185e+06  -2.174819454492709e+06  -2.933470619111117e+05  2.016729376224262e-01  2.614686427640307e-01  3.010665972728824e-01
  1.454999999999991e+00  2.750016772088171e+06  2.067604099170987e+06  -4.769407821541778e+06  1.738848835305144e+06  -2.131814129707138e+06  -2.594332695759905e+05  1.983433340430663e-01  2.544578586845491e-01  2.959947789768209e-01
  1.459999999999991e+00  2.735054828834653e+06  2.022955088307483e+06  -4.662597009565705e+06  1.666002427702500e+06  -2.091323772813349e+06  -2.261505623610227e+05  1.951479978930409e-01  2.475962087421315e-01  2.909979735480877e-01
  1.464999999999991e+00  2.718712342958861e+06  1.976555392833501e+06  -4.557393577876848e+06  1.593150948022736e+06  -2.052798999677110e+06  -1.939399531453332e+05  1.919598401591653e-01  2.407874593064905e-01  2.860196391898189e-01
  1.469999999999991e+00  2.701816359581527e+06  1.929174885351414e+06  -4.453648356138270e+06  1.520655486102951e+06  -2.016623847433086e+06  -1.626304256133996e+05  1.888230680579049e-01  2.340653226595220e-01  2.810664420850836e-01
  1.474999999999991e+00  2.684222546084523e+06  1.880751144694392e+06  -4.350947496237317e+06  1.448574206955792e+06  -1.982784553989662e+06  -1.322112492264859e+05  1.857242925479985e-01  2.274176118254085e-01  2.761261353792993e-01
  1.479999999999990e+00  2.665792753446006e+06  1.831296037851048e+06  -4.248904168898631e+06  1.376990883353296e+06  -1.951219834485580e+06  -1.026805616908936e+05  1.826475325051573e-01  2.208306547463363e-01  2.711860826714326e-01
  1.484999999999990e+00  2.646398387030183e+06  1.780895266926290e+06  -4.147138921803294e+06  1.306000359312851e+06  -1.921818640425955e+06  -7.405041903522005e+04  1.795741505059421e-01  2.142896426679985e-01  2.662318883239075e-01
  1.489999999999990e+00  2.625936316912531e+06  1.729718848911524e+06  -4.045246555712651e+06  1.235700539140455e+06  -1.894421193459870e+06  -4.635367056712716e+04  1.764838368601316e-01  2.077791788585414e-01  2.612454931438655e-01
  1.494999999999990e+00  2.604964392715569e+06  1.678610676407165e+06  -3.941476746752579e+06  1.166535170449422e+06  -1.868216904652030e+06  -1.903777109305857e+04  1.733549839168926e-01  2.012627993722713e-01  2.562045037158460e-01
  1.499999999999990e+00  2.582056544217979e+06  1.626631333637838e+06  -3.837839211131087e+06  1.097859440027046e+06  -1.844104738253207e+06  6.487014503440276e+03  1.701632091619265e-01  1.947611169226693e-01  2.510697376531633e-01
  1.504999999999990e+00  2.558068309190540e+06  1.574966727396526e+06  -3.732578903857212e+06  1.030205416366466e+06  -1.821338979434774e+06  3.073393974972000e+04  1.669038847912147e-01  1.882514231322846e-01  2.458150874303763e-01
  1.509999999999990e+00  2.533058448111840e+06  1.524077877213183e+06  -3.625173599375722e+06  9.636944198694128e+05  -1.799663899396587e+06  5.353570994773031e+04  1.635643151292663e-01  1.817226428025183e-01  2.404026075396003e-01
  1.514999999999990e+00  2.507075073489094e+06  1.474406349209647e+06  -3.515203254788781e+06  8.984538989274829e+05  -1.778819436697768e+06  7.471060337101197e+04  1.601337322164136e-01  1.751654661248110e-01  2.347944445821536e-01
  1.519999999999990e+00  2.480124928451393e+06  1.426326545389951e+06  -3.402418803013366e+06  8.346115595095039e+05  -1.758543722301898e+06  9.408332626342429e+04  1.566020344609904e-01  1.685725553199491e-01  2.289566724921826e-01
  1.524999999999989e+00  2.452151118740430e+06  1.380108803315964e+06  -3.286795083125518e+06  7.722893486479945e+05  -1.738570640362125e+06  1.115084568623679e+05  1.529586320164069e-01  1.619385951154854e-01  2.228629116418870e-01
  1.529999999999989e+00  2.422538234860174e+06  1.335803853565564e+06  -3.167577882461704e+06  7.114779093369961e+05  -1.717831729439361e+06  1.268790506356140e+05  1.491590578515108e-01  1.552468754595206e-01  2.165117981540918e-01
  1.534999999999989e+00  2.391956072840367e+06  1.293615573715846e+06  -3.047423798098681e+06  6.524740397545053e+05  -1.697652277600109e+06  1.401282925498296e+05  1.452565817900183e-01  1.485300350900569e-01  2.098744550206092e-01
  1.539999999999989e+00  2.359851694187117e+06  1.253448790449296e+06  -2.925861641013929e+06  5.953326697299712e+05  -1.676908358855220e+06  1.513534367332765e+05  1.412080937439425e-01  1.417669318684407e-01  2.029680421136855e-01
  1.544999999999989e+00  2.326022532160692e+06  1.215226868363312e+06  -2.803722708159428e+06  5.401736452078285e+05  -1.655284351557487e+06  1.606317718278605e+05  1.370048527544510e-01  1.349605853210310e-01  1.958107033201271e-01
  1.549999999999989e+00  2.290310038705552e+06  1.178889047166269e+06  -2.681926303250154e+06  4.871309471945583e+05  -1.632463782907748e+06  1.680796951062485e+05  1.326423785729508e-01  1.281174198149663e-01  1.884302861147241e-01
  1.554999999999989e+00  2.252629030208922e+06  1.144430015808308e+06  -2.561415937307692e+06  4.363533977485804e+05  -1.608146922354907e+06  1.738346788424639e+05  1.281215009426345e-01  1.212473624494584e-01  1.808619442893653e-01
  1.559999999999989e+00  2.212984247232634e+06  1.111922111164077e+06  -2.443101216493196e+06  3.879985834956777e+05  -1.582073353765779e+06  1.780364030680099e+05  1.234486391574081e-01  1.143635943130408e-01  1.731454437008992e-01
  1.564999999999989e+00  2.170614383964186e+06  1.081159963073305e+06  -2.328302361460245e+06  3.417337536934804e+05  -1.553860805831334e+06  1.804574778881206e+05  1.185981256159629e-01  1.074760577466096e-01  1.653301191708083e-01
  1.569999999999989e+00  2.127520804532963e+06  1.053133777410841e+06  -2.216882122726354e+06  2.986771247304978e+05  -1.523881778104570e+06  1.818643557206842e+05  1.136642071863685e-01  1.006130757893176e-01  1.574368736635020e-01
  1.574999999999988e+00  2.083002245990724e+06  1.027671981635934e+06  -2.109703303794387e+06  2.584370573346683e+05  -1.491817754362629e+06  1.820216113554027e+05  1.086255959879732e-01  9.378919339012083e-02  1.495213211815198e-01
  1.579999999999988e+00  2.037310004815928e+06  1.004983330224056e+06  -2.007195285435434e+06  2.210486792830662e+05  -1.457747289404969e+06  1.809806051215582e+05  1.035020384008601e-01  8.702218545305475e-02  1.416217231996635e-01
  1.584999999999988e+00  1.990698427957679e+06  9.852181600070827e+05  -1.909644572989983e+06  1.864779471097803e+05  -1.421844411095281e+06  1.787740735863144e+05  9.831331657367103e-02  8.032793118602007e-02  1.337732956673438e-01
  1.589999999999988e+00  1.943402846578462e+06  9.684361801067517e+05  -1.817201545192898e+06  1.546151367716787e+05  -1.384364680602278e+06  1.754259481599236e+05  9.307843898562687e-02  7.371980183919319e-02  1.260086195712820e-01
  1.594999999999988e+00  1.895620892440070e+06  9.545829101025772e+05  -1.729895469339907e+06  1.252741652433705e+05  -1.345625041670261e+06  1.709624209089406e+05  8.781514471429011e-02  6.720833207989040e-02  1.183583915569920e-01
  1.599999999999988e+00  1.847478553970359e+06  9.434744075298548e+05  -1.648105262316777e+06  9.792768607392807e+04  -1.306385942769903e+06  1.650298620664072e+05  8.254257855996895e-02  6.079856283623091e-02  1.108409449577261e-01
  1.604999999999988e+00  1.799165754802493e+06  9.347752730861037e+05  -1.570706434087793e+06  7.284467810705844e+04  -1.266253001567418e+06  1.585331400118970e+05  7.727696088350013e-02  5.450336627669051e-02  1.035121201135741e-01
  1.609999999999988e+00  1.750562435511549e+06  9.280115262823572e+05  -1.498013069680471e+06  4.932011240937980e+04  -1.225933012918965e+06  1.511305718742823e+05  7.202458409692791e-02  4.831693821213846e-02  9.638357062158921e-02
  1.614999999999988e+00  1.701626202301614e+06  9.226457539411886e+05  -1.429779993592403e+06  2.695279448453447e+04  -1.185756000955224e+06  1.429475254531785e+05  6.679662273691817e-02  4.223814421836414e-02  8.948286886203889e-02
  1.619999999999987e+00  1.652255712868972e+06  9.180567676739416e+05  -1.365737662597247e+06  5.326239121412395e+03  -1.146012507839578e+06  1.341440695519814e+05  6.160300236338347e-02  3.626354985321393e-02  8.283674014206910e-02
  1.624999999999987e+00  1.602299217659828e+06  9.135658267951289e+05  -1.305599314182481e+06  -1.597491687126562e+04  -1.106945231265014e+06  1.249140588416306e+05  5.645243211997225e-02  3.038760832447179e-02  7.647001217934180e-02
  1.629999999999987e+00  1.551569341789371e+06  9.084691840233486e+05  -1.249060984965547e+06  -3.734852130757733e+04  -1.068744605761838e+06  1.154815509181172e+05  5.135246009862628e-02  2.460298802368169e-02  7.040436441766922e-02
  1.634999999999987e+00  1.499969183892458e+06  9.017199996050115e+05  -1.195830207524317e+06  -5.905665083996384e+04  -1.031956246757363e+06  1.063411547385499e+05  4.633401755939182e-02  1.890419802888888e-02  6.464532004558976e-02
  1.639999999999987e+00  1.447110180791090e+06  8.933649400023671e+05  -1.145363804162373e+06  -8.158825733630825e+04  -9.957885078567129e+05  9.736473415875448e+04  4.135126643696085e-02  1.327377989144733e-02  5.922204313138806e-02
  1.644999999999987e+00  1.392948470883074e+06  8.825727828945500e+05  -1.097456439932403e+06  -1.051185381776201e+05  -9.607320003049668e+05  8.894848674955654e+04  3.643603024697658e-02  7.708468499920327e-03  5.413446566909447e-02
  1.649999999999987e+00  1.337369573121932e+06  8.689032983859952e+05  -1.051734237543503e+06  -1.298336720779836e+05  -9.267949078885537e+05  8.133982509981580e+04  3.159361837374256e-02  2.201038582409328e-03  4.938358899413001e-02
  1.654999999999987e+00  1.280324994403645e+06  8.520494766129913e+05  -1.007817345751039e+06  -1.558456441767735e+05  -8.939570600774613e+05  7.476320168296085e+04  2.682934931016389e-02  -3.253555058020695e-03  4.496467654024897e-02
  1.659999999999987e+00  1.221846499412962e+06  8.318531563283659e+05  -9.653378587875789e+05  -1.831883304990024e+05  -8.621794744277992e+05  6.940782213659046e+04  2.214888975884832e-02  -8.657257262183611e-03  4.086785446929964e-02
  1.664999999999986e+00  1.162054080098199e+06  8.083107812561373e+05  -9.239628121710044e+05  -2.118167885205124e+05  -8.314147863935285e+05  6.541685816801660e+04  1.755856250679367e-02  -1.400816187555418e-02  3.707898516171415e-02
  1.669999999999986e+00  1.101745829686617e+06  7.818579794238274e+05  -8.833352067974948e+05  -2.411266026716195e+05  -8.015994385743856e+05  6.334627619993040e+04  1.308630234378485e-02  -1.929174206283125e-02  3.355448794505633e-02
  1.674999999999986e+00  1.040130480143362e+06  7.523490842111056e+05  -8.434921105992984e+05  -2.718571284337128e+05  -7.726744144687833e+05  6.224098738222894e+04  8.697752780521446e-03  -2.451254081107507e-02  3.033098621097586e-02
  1.679999999999986e+00  9.780467197256009e+05  7.203155633122053e+05  -8.042299190376191e+05  -3.033166183347036e+05  -7.446928891891040e+05  6.255789493086467e+04  4.424517092120569e-03  -2.964758972578625e-02  2.736136232983362e-02
  1.684999999999986e+00  9.159105703501144e+05  6.862518613555452e+05  -7.655475385382707e+05  -3.352022443821323e+05  -7.176731095108420e+05  6.419945658528397e+04  2.767450770839998e-04  -3.467789214834607e-02  2.462375293898561e-02
  1.689999999999986e+00  8.541800532851577e+05  6.507297820722035e+05  -7.275477108163394e+05  -3.671690235378184e+05  -6.916634199047668e+05  6.700500053850054e+04  -3.734661353228689e-03  -3.958134215203613e-02  2.209569332032897e-02
  1.694999999999986e+00  7.933354519436593e+05  6.143741155072948e+05  -6.904296865751089e+05  -3.988420383534813e+05  -6.667443169391464e+05  7.075371884374369e+04  -7.598333985904344e-03  -4.433368495456923e-02  1.975448076102553e-02
  1.699999999999986e+00  7.338597225702521e+05  5.778392684040730e+05  -6.544733270610194e+05  -4.298291682730163e+05  -6.430278768310943e+05  7.517010708130835e+04  -1.130281310487104e-02  -4.890960756736770e-02  1.757744025835817e-02
  1.704999999999986e+00  6.768426832806459e+05  5.424010126089242e+05  -6.198685519686604e+05  -4.594594024418700e+05  -6.203656667214435e+05  7.996036324733870e+04  -1.482895150909992e-02  -5.327753241909579e-02  1.558462817044100e-02
  1.709999999999986e+00  6.213646765200970e+05  5.074144138415366e+05  -5.872237609653936e+05  -4.879859661722255e+05  -5.994999839957975e+05  8.464346447084419e+04  -1.818568439746069e-02  -5.742697073670464e-02  1.368543983754518e-02
  1.714999999999985e+00  5.685294200190217e+05  4.741607334623667e+05  -5.567836282423068e+05  -5.146859844985508e+05  -5.803275684085676e+05  8.894466098552928e+04  -2.135307040296658e-02  -6.132950181467704e-02  1.188270700339087e-02
  1.719999999999985e+00  5.186901373919083e+05  4.432347104804256e+05  -5.288929310220090e+05  -5.392153417812614e+05  -5.630308667213805e+05  9.248082552365345e+04  -2.432393051717719e-02  -6.496637295102747e-02  1.015471982420694e-02
  1.724999999999985e+00  4.721457818629123e+05  4.151827548914723e+05  -5.038511673776240e+05  -5.612677787468754e+05  -5.477899156190212e+05  9.487836420545245e+04  -2.709322840522397e-02  -6.832241417253961e-02  8.481453787888827e-03
  1.729999999999985e+00  4.291373716537090e+05  3.904932196945841e+05  -4.818945560358567e+05  -5.805831400128509e+05  -5.347729611645103e+05  9.578996446010160e+04  -2.965840871575747e-02  -7.138657203860846e-02  6.845051678721860e-03
  1.734999999999985e+00  3.898459431222512e+05  3.695881112424490e+05  -4.631852413778206e+05  -5.969541469564596e+05  -5.241275048727798e+05  9.491020629166531e+04  -3.201965169526489e-02  -7.415232028751106e-02  5.230230619114498e-03
  1.739999999999985e+00  3.540869735033892e+05  3.525666301618988e+05  -4.466289335133585e+05  -6.107202146194126e+05  -5.155306570308661e+05  9.199696496310990e+04  -3.420394168623896e-02  -7.663945724985066e-02  3.718931886484310e-03
  1.744999999999985e+00  3.223995188481446e+05  3.401014780960077e+05  -4.345869098300132e+05  -6.208800074604525e+05  -5.099874404899798e+05  8.685194872261485e+04  -3.617145354152740e-02  -7.880992270847277e-02  2.103358322672863e-03
  1.749999999999985e+00  2.946344816360031e+05  3.322546827713213e+05  -4.258702869462320e+05  -6.278092203863912e+05  -5.070579271489313e+05  7.937748523354216e+04  -3.795220717302343e-02  -8.069120474747671e-02  4.763010046094804e-04
  1.754999999999985e+00  2.707356975256894e+05  3.291268487513072e+05  -4.203781365128847e+05  -6.315414844606925e+05  -5.067376851350855e+05  6.953660039340514e+04  -3.955763784139805e-02  -8.229631723429540e-02  -1.164356149515346e-03
  1.759999999999984e+00  2.505875987387473e+05  3.307250369361723e+05  -4.179696236126166e+05  -6.321714388941248e+05  -5.089782461635246e+05  5.736665655119814e+04  -4.100159280963164e-02  -8.364295802060080e-02  -2.817558518989985e-03
  1.764999999999984e+00  2.340192471349314e+05  3.369626426369015e+05  -4.184775556568831e+05  -6.298504203312437e+05  -5.136881176349536e+05  4.297547589218251e+04  -4.229993627500989e-02  -8.475302056553546e-02  -4.479371743659945e-03
  1.769999999999984e+00  2.208102939016786e+05  3.476616928724207e+05  -4.217200733749258e+05  -6.247805495334234e+05  -5.207355591528947e+05  2.653466678492064e+04  -4.347006441778517e-02  -8.565189415032771e-02  -6.143275113917437e-03
  1.774999999999984e+00  2.101494241157606e+05  3.622938197370342e+05  -4.272157843213570e+05  -6.175690434879090e+05  -5.297876118379142e+05  8.317104650240823e+03  -4.454917432542714e-02  -8.637513624430261e-02  -7.819746761713526e-03
  1.779999999999984e+00  2.029142928614739e+05  3.811558227472936e+05  -4.356351578289973e+05  -6.076707844048920e+05  -5.410284006330689e+05  -1.150407670775764e+04  -4.551412315467647e-02  -8.693175687660269e-02  -9.484387136476383e-03
  1.784999999999984e+00  1.981899877103109e+05  4.034618226966519e+05  -4.462239981568606e+05  -5.958511358652131e+05  -5.540108186956295e+05  -3.257224441484620e+04  -4.640647457300079e-02  -8.736519820268675e-02  -1.111641989498539e-02
  1.789999999999984e+00  1.956487596774190e+05  4.287387839722079e+05  -4.587806257619230e+05  -5.824424164971104e+05  -5.684973197264248e+05  -5.456613883068704e+04  -4.724406625492981e-02  -8.770530460534977e-02  -1.270072130106782e-02
  1.794999999999984e+00  1.949669601078412e+05  4.564779901886536e+05  -4.730971444950297e+05  -5.677863399989767e+05  -5.842394333430657e+05  -7.715645219616409e+04  -4.804322113438682e-02  -8.798030949230541e-02  -1.422124476253261e-02
  1.799999999999984e+00  1.958365270659605e+05  4.861529496622763e+05  -4.889554340048834e+05  -5.522253404298308e+05  -6.009832207514244e+05  -1.000167679173667e+05  -4.881818050668855e-02  -8.821599405936141e-02  -1.566138171926704e-02
  1.804999999999984e+00  1.979745228643051e+05  5.172374031218161e+05  -5.061240822807891e+05  -5.360944045867021e+05  -6.184739837175148e+05  -1.228331338970079e+05  -4.958061894234177e-02  -8.843506253531010e-02  -1.700432632094895e-02
  1.809999999999983e+00  2.011308755447775e+05  5.495981633426097e+05  -5.261633939622663e+05  -5.192935095392570e+05  -6.369277909510711e+05  -1.455822496139015e+05  -5.032718857585850e-02  -8.862718134920525e-02  -1.837501762005794e-02
  1.814999999999983e+00  2.051523024101221e+05  5.819839213646972e+05  -5.453065610225515e+05  -5.029140219534285e+05  -6.551959118222948e+05  -1.674673535873621e+05  -5.108674143365496e-02  -8.886929037758998e-02  -1.947422832065916e-02
  1.819999999999983e+00  2.097809521161684e+05  6.143324970590858e+05  -5.649275875979112e+05  -4.868777838998327e+05  -6.734668651186770e+05  -1.885078583509557e+05  -5.185128623058474e-02  -8.914294312016495e-02  -2.042172306938136e-02
  1.824999999999983e+00  2.148677210626074e+05  6.462658949062611e+05  -5.847694004212328e+05  -4.714264047752089e+05  -6.915142491329691e+05  -2.084982874507902e+05  -5.262000007038879e-02  -8.945652755480020e-02  -2.120290496646520e-02
  1.829999999999983e+00  2.202915257495345e+05  6.774604140966260e+05  -6.045968335589573e+05  -4.567668236847398e+05  -7.091235623891602e+05  -2.272647753420588e+05  -5.338922280443455e-02  -8.981538622855251e-02  -2.180398979037447e-02
  1.834999999999983e+00  2.259519298548456e+05  7.076451861162574e+05  -6.242111806602601e+05  -4.430699007466443e+05  -7.260938003907748e+05  -2.446642299094835e+05  -5.415289504304929e-02  -9.022222897171589e-02  -2.221175657551214e-02
  1.839999999999983e+00  2.317608869123734e+05  7.365973420026217e+05  -6.434643987343083e+05  -4.304703537152036e+05  -7.422390546333309e+05  -2.605827798029344e+05  -5.490310194839892e-02  -9.067756030194407e-02  -2.241318954703520e-02
  1.844999999999983e+00  2.375897257988778e+05  7.639395632175342e+05  -6.637818397126466e+05  -4.187999998660848e+05  -7.580425953491100e+05  -2.753129887666981e+05  -5.563066167885046e-02  -9.118782677920917e-02  -2.246981587710924e-02
  1.849999999999983e+00  2.434321515135135e+05  7.898143830941237e+05  -6.817182942428257e+05  -4.087664099472889e+05  -7.719486838339501e+05  -2.879790913650569e+05  -5.633033313439018e-02  -9.174264800234977e-02  -2.218800507108345e-02
  1.854999999999982e+00  2.491588363813247e+05  8.140217896024419e+05  -6.992236615278746e+05  -4.000379241978746e+05  -7.845718966761504e+05  -2.989762746174976e+05  -5.698743226592293e-02  -9.233726842956635e-02  -2.165770358344955e-02
  1.859999999999982e+00  2.546690668413293e+05  8.364591145041486e+05  -7.164459496242738e+05  -3.926172620500299e+05  -7.958053332211795e+05  -3.082904239139069e+05  -5.759216821431723e-02  -9.296696720233796e-02  -2.086477935896056e-02
  1.864999999999982e+00  2.598541099447511e+05  8.570366927258727e+05  -7.335919727901943e+05  -3.864822141116799e+05  -8.055620063727838e+05  -3.159275477762950e+05  -5.813550359791590e-02  -9.362657556256328e-02  -1.979417840779363e-02
  1.869999999999982e+00  2.646017934853695e+05  8.756773157967079e+05  -7.509090850264009e+05  -3.815886644566595e+05  -8.137737172432098e+05  -3.219117755039174e+05  -5.860944000381290e-02  -9.431071452757078e-02  -1.843029089878487e-02
  1.874999999999982e+00  2.688041398365584e+05  8.923189652347199e+05  -7.686615172811371e+05  -3.778733632831171e+05  -8.203890958862557e+05  -3.262829429532444e+05  -5.900722090821671e-02  -9.501401240780177e-02  -1.675762787107325e-02
  1.879999999999982e+00  2.722945669965408e+05  9.063573863019058e+05  -7.854469987019862e+05  -3.757480648990069e+05  -8.250593770168198e+05  -3.288729696865717e+05  -5.934960739190681e-02  -9.578111011314955e-02  -1.464150117441062e-02
  1.884999999999982e+00  2.751939245285261e+05  9.189894744952404e+05  -8.044564815681163e+05  -3.741794448489291e+05  -8.282703819887665e+05  -3.301204089891077e+05  -5.957920670086778e-02  -9.650504881890044e-02  -1.229236748741650e-02
  1.889999999999982e+00  2.773520064315464e+05  9.296054810252896e+05  -8.246175464608310e+05  -3.734852519580593e+05  -8.298329795441361e+05  -3.299516571862666e+05  -5.971982644198547e-02  -9.723203648530250e-02  -9.605569843077155e-03
  1.894999999999982e+00  2.787794697039983e+05  9.382603976362459e+05  -8.459970305493186e+05  -3.735499307899496e+05  -8.297346749706244e+05  -3.284331016828120e+05  -5.977090726127216e-02  -9.795845040234898e-02  -6.576961236448600e-03
  1.899999999999981e+00  2.795384766043768e+05  9.450538960756847e+05  -8.685541413536983e+05  -3.742516696266850e+05  -8.279642894884212e+05  -3.256255799910212e+05  -5.973362617193714e-02  -9.868123625173446e-02  -3.207711326581688e-03
  1.904999999999981e+00  2.797446415576320e+05  9.501305762747951e+05  -8.921352971396788e+05  -3.754647170840409e+05  -8.245109201010828e+05  -3.215800629262438e+05  -5.961089334008132e-02  -9.939781810501162e-02  4.949626313086613e-04
  1.909999999999981e+00  2.795640183013991e+05  9.536757552436374e+05  -9.164797714571026e+05  -3.770617965306673e+05  -8.193640436655552e+05  -3.163341309927386e+05  -5.940728203746799e-02  -1.001059287843611e-01  4.517487090112644e-03
  1.914999999999981e+00  2.796483043446112e+05  9.561691538797221e+05  -9.383604663599231e+05  -3.793085064843508e+05  -8.114711930332282e+05  -3.092052622977848e+05  -5.912387218572569e-02  -1.008061198983265e-01  9.013150618181266e-03
  1.919999999999981e+00  2.793775437365006e+05  9.574321439110549e+05  -9.634086732447163e+05  -3.811998919919973e+05  -8.029884215168807e+05  -3.016454052570694e+05  -5.877045042414054e-02  -1.014787942966895e-01  1.359183612087357e-02
  1.924999999999981e+00  2.794044732191730e+05  9.578304118415613e+05  -9.880656397714253e+05  -3.831043883498400e+05  -7.928140656250847e+05  -2.929094358092470e+05  -5.835808318381525e-02  -1.021359922574588e-01  1.841288383724627e-02
  1.929999999999981e+00  2.799800897068048e+05  9.575939768214832e+05  -1.011866100070002e+06  -3.849163263593569e+05  -7.809496534971417e+05  -2.829688190207598e+05  -5.789571148910454e-02  -1.027742836888972e-01  2.344494286192771e-02
  1.934999999999981e+00  2.813363734692278e+05  9.569300650171355e+05  -1.034385435246662e+06  -3.865383320449228e+05  -7.674088952943999e+05  -2.717853526848225e+05  -5.739220187411119e-02  -1.033890306300679e-01  2.865520424063175e-02
  1.939999999999981e+00  2.836714907122686e+05  9.560114294474920e+05  -1.055272634134973e+06  -3.878820740964424e+05  -7.522203277287341e+05  -2.593160685859919e+05  -5.685583200744421e-02  -1.039741534504675e-01  3.401095706673044e-02
  1.944999999999981e+00  2.871387628828664e+05  9.549689441676574e+05  -1.074275360329061e+06  -3.888685025149158e+05  -7.354291412403964e+05  -2.455187912551736e+05  -5.629381998964716e-02  -1.045220046301669e-01  3.948098429247893e-02
  1.949999999999980e+00  2.924890153734102e+05  9.546654131296491e+05  -1.090646834597202e+06  -3.890905895004095e+05  -7.165450129026705e+05  -2.299234638805527e+05  -5.566350520383818e-02  -1.049587530877748e-01  4.507106250038986e-02
  1.954999999999980e+00  2.983891998506606e+05  9.535064842450520e+05  -1.106040920117369e+06  -3.890993797966477e+05  -6.969014999664280e+05  -2.134754900386727e+05  -5.506584043108116e-02  -1.054019397245051e-01  5.066063407390916e-02
  1.959999999999980e+00  3.055722115251186e+05  9.523556830367830e+05  -1.119415761211040e+06  -3.885816488355993e+05  -6.758745358980935e+05  -1.956268714836285e+05  -5.445656255795839e-02  -1.057786276392540e-01  5.629150001300210e-02
  1.964999999999980e+00  3.140059617155713e+05  9.512144337357921e+05  -1.130936754999860e+06  -3.874889979092873e+05  -6.535746030876527e+05  -1.763914965025076e+05  -5.383627103678403e-02  -1.060762639140078e-01  6.194530499201647e-02
  1.969999999999980e+00  3.236296710175769e+05  9.500764235925289e+05  -1.140837773083525e+06  -3.857777911391596e+05  -6.301272054124633e+05  -1.558079330844361e+05  -5.320408233046333e-02  -1.062821360183616e-01  6.760615875094091e-02
  1.974999999999980e+00  3.343661392462336e+05  9.489413196675705e+05  -1.149391325105214e+06  -3.834083568192194e+05  -6.056706657842277e+05  -1.339408954208324e+05  -5.255803037361392e-02  -1.063840246296753e-01  7.325980918287815e-02
  1.979999999999980e+00  3.461337402573584e+05  9.478271944059615e+05  -1.156877973660572e+06  -3.803443903913677e+05  -5.803540163264716e+05  -1.108813796387215e+05  -5.189556384114637e-02  -1.063708840111775e-01  7.889269895633255e-02
  1.984999999999980e+00  3.588328039837010e+05  9.469325390465625e+05  -1.165264387543007e+06  -3.760513486542277e+05  -5.547521307991517e+05  -8.705617035815219e+04  -5.119300898747506e-02  -1.061953029245559e-01  8.438202066499784e-02
  1.989999999999980e+00  3.723471164621372e+05  9.459399960251161e+05  -1.171430074305352e+06  -3.715448600429900e+05  -5.282431528112814e+05  -6.203913439634566e+04  -5.050020163351520e-02  -1.059380230716457e-01  8.992415403332608e-02
  1.994999999999979e+00  3.867295867522800e+05  9.452397849853177e+05  -1.177098569819223e+06  -3.662589956947509e+05  -5.013467806744527e+05  -3.622725622419061e+04  -4.978519353215140e-02  -1.055460575816461e-01  9.540441437459982e-02
  1.999999999999979e+00  4.019524058793748e+05  9.449765848361210e+05  -1.182377489353191e+06  -3.601683245912177e+05  -4.742452804231288e+05  -9.797441305916651e+03  -4.904777737279164e-02  -1.050185378562878e-01  1.008044509646600e-01
