TITLE = "Temporal Signal for receiver number 00006"
VARIABLES = "Time","s_xx","s_yy","s_zz","s_xy","s_yz","s_xz","v1","v2","v3"
# x1       -3.000000000000e+03
# x2       -1.000000000000e+03
# x3       -7.500000000000e+03
# cell-global-id 789
  0.000000000000000e+00  0.000000000000000e+00  0.000000000000000e+00  0.000000000000000e+00  0.000000000000000e+00  0.000000000000000e+00  0.000000000000000e+00  0.000000000000000e+00  0.000000000000000e+00  0.000000000000000e+00
  5.000000000000000e-03  0.000000000000000e+00  0.000000000000000e+00  0.000000000000000e+00  0.000000000000000e+00  0.000000000000000e+00  0.000000000000000e+00  0.000000000000000e+00  0.000000000000000e+00  0.000000000000000e+00
  1.000000000000000e-02  5.095911702090327e-13  1.512480213260172e-13  1.221046728554311e-14  -3.281566508225537e-12  9.607606048045830e-13  1.839321904515014e-13  -7.024563169214091e-19  3.983489129081286e-20  9.629943225835244e-20
  1.500000000000000e-02  -6.467573117433659e-13  -6.977978698766006e-13  -8.176560671054323e-13  -7.694997784693828e-12  1.810430031555425e-12  2.559846311719238e-12  -1.427833463985886e-18  2.308276933349858e-20  1.643798013957385e-19
  2.000000000000000e-02  -2.225188270602698e-12  -1.725437334243432e-12  -1.757320958749837e-12  -9.931889362801110e-12  1.914749162356420e-12  5.729431949847853e-12  -1.711382459757893e-18  -4.198724830503782e-20  1.589462938800505e-19
  2.500000000000000e-02  -2.354891329193777e-12  -1.915201207042277e-12  -2.095654028558977e-12  -7.607847585979849e-12  1.811770332494206e-12  7.063191355446214e-12  -1.500717652986930e-18  -7.667747624642364e-20  1.410614845442196e-19
  3.000000000000000e-02  -1.694713433876148e-12  -1.648407295187155e-12  -2.362541213900553e-12  -4.053801490273568e-12  1.189556148510647e-12  7.752652802994060e-12  -9.238948094007445e-19  -1.318813917598517e-19  1.237655745678272e-19
  3.500000000000000e-02  4.991308203562045e-13  -1.958333151220756e-13  -1.862733093129312e-12  2.299217646314098e-12  1.880877139431878e-13  6.226469322444740e-12  3.254192178982826e-20  -1.323241945350300e-19  9.429190506112013e-20
  4.000000000000000e-02  3.209362806580990e-12  1.839351273604429e-12  -8.690881823218947e-13  1.022189396264625e-11  -1.092752938051309e-12  2.943332459029266e-12  1.178034664203190e-18  -7.921211336799116e-20  2.636041693388398e-20
  4.500000000000000e-02  3.917856888698119e-12  3.015614628784177e-12  -5.539467861215765e-13  1.497323558234283e-11  -2.026686746245327e-12  2.510074068759916e-13  1.885904849280194e-18  -3.707871407553728e-20  -3.635962692451590e-20
  5.000000000000000e-02  5.281416983219763e-12  4.810236893731983e-12  5.163939249112440e-13  2.144078180056863e-11  -3.579596396463697e-12  -3.939043107712603e-12  2.868193949828678e-18  8.520615650697217e-20  -1.857318144026402e-19
  5.499999999999999e-02  5.250050270034047e-12  5.711230635436538e-12  1.132479962639782e-12  2.597460074016947e-11  -4.867086587129196e-12  -7.628529655013608e-12  3.562232443882584e-18  2.013955814801401e-19  -3.433760394852788e-19
  5.999999999999999e-02  4.048720494364371e-12  5.672826181223855e-12  1.381918393780757e-12  2.770941664048799e-11  -5.692420713913398e-12  -1.020829360057862e-11  3.859378372760025e-18  2.853362113002799e-19  -4.749741832757464e-19
  6.499999999999999e-02  3.609856973440541e-12  5.498534991650427e-12  2.185115594606093e-12  2.350974098368375e-11  -6.149681705439793e-12  -1.075417600120706e-11  3.547032597586077e-18  3.461017588017920e-19  -5.526353770782893e-19
  6.999999999999999e-02  1.820709836091665e-12  4.032367951873866e-12  2.401939053989316e-12  1.957259561916047e-11  -5.884202462856366e-12  -1.100769415522858e-11  3.094609368643962e-18  3.375667819241201e-19  -5.882998423202727e-19
  7.500000000000000e-02  -1.328240843736021e-13  1.984750834892608e-12  2.629467019602324e-12  1.295143957051681e-11  -4.954812874022012e-12  -1.007320224787735e-11  2.289443855097445e-18  2.685650126878615e-19  -5.506789903543452e-19
  8.000000000000000e-02  -2.013590999364585e-12  -3.881533779009182e-13  2.836925169288936e-12  4.271301990451144e-12  -3.432426875006239e-12  -8.280358636762489e-12  1.228892579315057e-18  1.529792217187461e-19  -4.438260982760328e-19
  8.500000000000001e-02  -2.041772815401328e-12  -2.658881147115617e-12  3.153846330505502e-12  -5.536200928528755e-12  -1.897042020010685e-12  -6.398626895139614e-12  1.681357429423703e-19  4.156842570036927e-20  -3.218204109551323e-19
  9.000000000000001e-02  -3.723474326279537e-12  -5.129677771206102e-12  2.731972610951818e-12  -1.527280843718192e-11  4.519034206691506e-13  -3.952321580685678e-12  -1.045364769584802e-18  -1.112446732865515e-19  -1.176055331072076e-19
  9.500000000000001e-02  -4.905614806871275e-12  -7.007223214145545e-12  2.001747390596949e-12  -2.468533558232073e-11  2.977067680301984e-12  -1.406310952515075e-12  -2.216704235152554e-18  -2.404550062078441e-19  1.122917742692911e-19
  1.000000000000000e-01  -5.285133002434243e-12  -7.940048860703432e-12  9.923910542933495e-13  -3.292721943816286e-11  5.494728429341273e-12  1.064203258164350e-12  -3.245339917944446e-18  -3.193675551823490e-19  3.422619183850439e-19
  1.050000000000000e-01  -4.466521145549455e-12  -7.578859269176181e-12  -1.729081473534856e-13  -3.912976803331903e-11  7.833564469770074e-12  3.285960173946540e-12  -4.023991080255563e-18  -3.249634191768391e-19  5.449440012014517e-19
  1.100000000000000e-01  -5.922891612390987e-12  -7.478099631753494e-12  -2.535517551582499e-12  -4.164012352281969e-11  9.552531740213878e-12  5.565317430551548e-12  -4.534855427493394e-18  -3.448648784385319e-19  7.866957887138254e-19
  1.150000000000000e-01  -4.420722676007520e-12  -4.424043285561835e-12  -4.501600557192675e-12  -4.174997998064303e-11  1.130858264020004e-11  7.489674967183226e-12  -4.678197802271682e-18  -2.114778874401119e-19  9.635237026108625e-19
  1.200000000000000e-01  -7.926666437324470e-13  9.076444822997207e-13  -6.557997377423390e-12  -3.706678919479624e-11  1.278462595242740e-11  8.656067690798337e-12  -4.204837112854102e-18  3.863134445365017e-20  1.079193341205484e-18
  1.250000000000000e-01  6.903281377259689e-12  9.469946621644551e-12  -8.485521202424566e-12  -2.577176658311155e-11  1.422580044227548e-11  8.422860426625524e-12  -2.791660637772715e-18  4.448771543009937e-19  1.094091321182552e-18
  1.300000000000000e-01  -1.094625752317309e-11  1.220719469512523e-11  -2.080377974332057e-11  -1.315743849197322e-11  1.555622314544354e-11  1.447818953355033e-11  -2.547525337255009e-18  5.003179884037979e-19  1.905773578550792e-18
  1.350000000000000e-01  -7.202652873957874e-12  2.647758984391225e-11  -2.958772503822470e-11  1.430437325125552e-11  1.827674809457148e-11  1.494195614651012e-11  5.432996551133218e-19  1.129633750653979e-18  2.210141286112846e-18
  1.400000000000000e-01  6.137467685845165e-12  4.965589083467389e-11  -4.086397288323873e-11  5.901535814671338e-11  2.333127603759372e-11  1.291003564080553e-11  6.222208824326039e-18  2.124813714377196e-18  2.404588135037672e-18
  1.450000000000000e-01  4.248421055556530e-11  8.874912415465209e-11  -5.368748198822027e-11  1.312914470096600e-10  3.284106120266952e-11  5.645833197673298e-12  1.655677612268161e-17  3.742526557157857e-18  2.171306191452964e-18
  1.500000000000000e-01  -1.170302926342212e-10  8.389941490193172e-11  -1.501816706796759e-10  1.841708669476947e-10  4.345400177899273e-11  5.461882939132707e-11  1.411507451457125e-17  3.419585733393647e-18  8.249246414290947e-18
  1.550000000000001e-01  -1.323818144040233e-10  1.485008560144760e-10  -2.200758531122926e-10  3.288196665943197e-10  6.861147104544091e-11  7.052164322671974e-11  3.114347314318839e-17  5.941502643365716e-18  1.033723192560639e-17
  1.600000000000001e-01  -1.029136235265805e-10  2.641872997707390e-10  -3.099485429819878e-10  5.608043398848769e-10  1.117909646978576e-10  8.914859585555606e-11  6.289251554962398e-17  1.008757251414743e-17  1.129599135252374e-17
  1.650000000000001e-01  4.125066125496049e-11  4.712055904254700e-10  -4.111531423317918e-10  9.274184765265278e-10  1.836888154296002e-10  1.097776956189097e-10  1.216633581310776e-16  1.651637770618502e-17  8.428779578706225e-18
  1.700000000000001e-01  -1.182152957850984e-09  3.596586694642347e-10  -1.108894072629732e-09  1.171586595190475e-09  2.582926490907563e-10  5.335365610510664e-10  8.635837352851781e-17  1.586755646609854e-17  4.692928120247892e-17
  1.750000000000001e-01  -1.503497195076541e-09  6.650148906258952e-10  -1.578208233960536e-09  1.856593887191586e-09  4.192440853747921e-10  8.453904994562543e-10  1.747633330502753e-16  2.577500345664284e-17  5.168987043245641e-17
  1.800000000000001e-01  -1.694428754542372e-09  1.215823248353368e-09  -2.136839059298740e-09  2.839306040212114e-09  6.691563693537623e-10  1.365699835980069e-09  3.405667899298868e-16  3.774175635545529e-17  3.950974058319921e-17
  1.850000000000001e-01  -1.482774774369480e-09  2.187756850286024e-09  -2.689576839905272e-09  4.129594496343155e-09  1.044576066044110e-09  2.267713394145619e-09  6.426476219815194e-16  4.569733494768329e-17  -1.356950066157318e-17
  1.900000000000001e-01  -3.658754524276040e-10  3.864651841428036e-09  -2.992270903584135e-09  5.560377228610970e-09  1.586816734760832e-09  3.892101821536000e-09  1.178169636894500e-15  3.146540979348487e-17  -1.534574050171341e-16
  1.950000000000001e-01  -1.226134603023669e-08  1.827361134821819e-09  -9.457996356720524e-09  6.572463182368707e-09  2.360261204838750e-09  9.302091234012223e-09  7.885299017358825e-16  8.768844215583114e-17  3.318988803815030e-17
  2.000000000000001e-01  -1.515566365958522e-08  3.408925965145570e-09  -1.191899718831264e-08  7.232345375075735e-09  3.553048783457791e-09  1.586984905679528e-08  1.556694885290320e-15  5.203765351898537e-17  -2.991919860480196e-16
  2.050000000000001e-01  -1.714984598857432e-08  6.094097841992199e-09  -1.357029250325251e-08  4.817434608467241e-09  5.210945487180490e-09  2.745219537030196e-08  2.930884678986275e-15  -1.236535110302747e-16  -1.062339653333396e-15
  2.100000000000001e-01  -1.659717525005169e-08  1.049335366235454e-08  -1.262064215233921e-08  -5.424744132701663e-09  7.442299910600243e-09  4.801058524764651e-08  5.323691094687486e-15  -6.309482756283233e-16  -2.639420911210193e-15
  2.150000000000001e-01  -7.534764738372874e-08  -1.003500872495825e-08  -4.736538813504849e-08  -9.954533907571241e-09  1.400121367349820e-08  8.364333050657022e-08  3.640347924263852e-15  2.223904771746139e-16  -3.124786016493418e-15
  2.200000000000001e-01  -9.259520502203765e-08  -1.596258268430636e-08  -5.499512457780727e-08  -4.747694408166680e-08  2.123448123044735e-08  1.423651186432934e-07  7.475873529971899e-15  -4.459247740493989e-16  -7.380391571069799e-15
  2.250000000000001e-01  -1.051641361396846e-07  -2.580475436059043e-08  -5.534721291559750e-08  -1.312013530403736e-07  3.221724058104182e-08  2.426773312273037e-07  1.445201311922290e-14  -2.223926119420872e-15  -1.545251386661483e-14
  2.300000000000001e-01  -1.032302258012549e-07  -4.239233321333955e-08  -3.882596539153990e-08  -3.024428147859081e-07  4.943783142796291e-08  4.128487029754242e-07  2.685981990919166e-14  -6.162063470916673e-15  -3.015616840752131e-14
  2.350000000000001e-01  -3.346123596048692e-07  -2.204835548901940e-07  -2.278860072861072e-07  -3.870183704607922e-07  1.125121188041125e-07  6.138319785363725e-07  2.650438765834713e-14  1.896202415249729e-15  -4.237700374639298e-14
  2.400000000000001e-01  -3.665091972657879e-07  -3.534657550267298e-07  -2.601912305378462e-07  -8.027946928791137e-07  1.819289510398178e-07  1.015831451247300e-06  5.317019217864382e-14  -1.726325716249200e-15  -7.909923328134718e-14
  2.450000000000001e-01  -3.300772059893795e-07  -5.617818918503685e-07  -2.632170093542453e-07  -1.561030071886050e-06  2.972695692415382e-07  1.669877269379597e-06  1.012181753030442e-13  -1.011920571381626e-14  -1.418244907807378e-13
  2.500000000000001e-01  -1.422117439418716e-07  -8.855102286967414e-07  -2.030006711554727e-07  -2.890076194996927e-06  4.918976334914208e-07  2.719878867570093e-06  1.857190826313291e-13  -2.628791472601069e-14  -2.466486167603487e-13
  2.550000000000001e-01  -9.069592968428553e-07  -2.142969611158740e-06  -1.284815633259256e-06  -3.531379461970032e-06  1.002356853742047e-06  3.684680466609161e-06  2.439028979014280e-13  2.531092961831264e-14  -3.382532951205961e-13
  2.600000000000001e-01  -5.604576179724225e-07  -3.284962963672585e-06  -1.582362682898623e-06  -6.260707018421663e-06  1.627339861637023e-06  5.851983725838696e-06  4.448994731363534e-13  1.737149321064973e-14  -5.637188424418709e-13
  2.650000000000001e-01  4.130634379212942e-07  -4.968843552035349e-06  -1.854493976095630e-06  -1.071852481849477e-05  2.642167826912938e-06  9.188123499275408e-06  7.846569375169591e-13  -9.451165790845915e-16  -9.188042730940021e-13
  2.700000000000001e-01  2.551812940459761e-06  -7.418954566594955e-06  -2.021767685940164e-06  -1.778495554574716e-05  4.286992006431174e-06  1.424056678620623e-05  1.345334354858616e-12  -3.014605794080872e-14  -1.470139442322960e-12
  2.750000000000001e-01  -1.161900944774287e-08  -1.426579836520869e-05  -7.711925254862945e-06  -2.106265480693781e-05  7.329434152616285e-06  1.821754627045431e-05  1.850257700734100e-12  1.751381877679227e-13  -1.848501014335091e-12
  2.800000000000001e-01  3.829968853965419e-06  -2.061049166121180e-05  -9.849533048268547e-06  -3.389424844759873e-05  1.140849523403030e-05  2.762000872776846e-05  3.081756942525971e-12  1.699448070727097e-13  -2.821032744738152e-12
  2.850000000000001e-01  1.142002636623617e-05  -2.929266130185057e-05  -1.219117478659319e-05  -5.308464040341197e-05  1.765485614158835e-05  4.130385816099720e-05  5.008345908202108e-12  1.567162441282800e-13  -4.239462708053206e-12
  2.900000000000001e-01  2.524627341944097e-05  -4.093532751032526e-05  -1.452790912999328e-05  -8.102472498225355e-05  2.714130390594981e-05  6.088262887197467e-05  7.951938234700046e-12  1.634820820388588e-13  -6.288521908106511e-12
  2.950000000000002e-01  4.905297697722132e-05  -5.617683717438450e-05  -1.649762857818609e-05  -1.206460944897061e-04  4.139587011469479e-05  8.842449261514619e-05  1.234154251125299e-11  2.592123135827359e-13  -9.225108826434257e-12
  3.000000000000002e-01  3.765166632324163e-05  -9.135709638944725e-05  -4.664181610800293e-05  -1.397542925025628e-04  5.838633461607861e-05  1.095671652043855e-04  1.621735020433477e-11  1.652583169681128e-13  -9.499250703632914e-12
  3.050000000000002e-01  7.636392463465919e-05  -1.200490145354862e-04  -5.544380262900572e-05  -2.031776875181960e-04  8.514113389009707e-05  1.564958323662490e-04  2.447166783784037e-11  -1.418689101289218e-13  -1.307605075662282e-11
  3.100000000000002e-01  1.396997003916083e-04  -1.539875455337319e-04  -6.324119607704859e-05  -2.885870881628458e-04  1.230364903073494e-04  2.203860895702479e-04  3.612888255046968e-11  -4.470149998012490e-13  -1.781737450147659e-11
  3.150000000000002e-01  2.390391451871773e-04  -1.918944646193134e-04  -6.845537392507760e-05  -4.007057583551233e-04  1.759405772087324e-04  3.061007058654410e-04  5.215842675617589e-11  -5.708165209125284e-13  -2.407351162843603e-11
  3.200000000000002e-01  1.951735001438130e-04  -2.732286481871684e-04  -1.438297399332188e-04  -4.616491329564452e-04  2.145163443530471e-04  3.810999676501566e-04  6.493707961134055e-11  -6.413293874850662e-12  -1.627231102849693e-11
  3.250000000000002e-01  3.429373566397853e-04  -3.192270624396238e-04  -1.516578243784841e-04  -6.290924728816953e-04  2.933964129942970e-04  5.237886087377329e-04  9.136003902369456e-11  -1.037699203451161e-11  -1.882409834268988e-11
  3.300000000000002e-01  5.628554452930949e-04  -3.546797389545772e-04  -1.480022278432364e-04  -8.389683844399347e-04  3.967235796618049e-04  7.110135186461046e-04  1.255683138713828e-10  -1.536689646976221e-11  -2.115367004402030e-11
  3.350000000000002e-01  8.773387834531259e-04  -3.652426157885716e-04  -1.272074947779959e-04  -1.095658002133976e-03  5.290617546497153e-04  9.541950082780895e-04  1.683225593596519e-10  -2.134558349212239e-11  -2.295417208295658e-11
  3.400000000000002e-01  7.404964344860114e-04  -4.177649830499552e-04  -1.949906552671890e-04  -1.286277408126284e-03  5.363839980911880e-04  1.223764468167647e-03  1.980465098684680e-10  -5.819451914519950e-11  2.922418584904693e-11
  3.450000000000002e-01  1.160521256254280e-03  -3.359681563541734e-04  -1.128151410057911e-04  -1.657839492522351e-03  6.772268027005054e-04  1.632709367269201e-03  2.579658147742706e-10  -8.212202414757708e-11  5.203431945190648e-11
  3.500000000000002e-01  1.715098650555962e-03  -1.501279003131551e-04  2.111613148738429e-05  -2.095275108235101e-03  8.380941115841513e-04  2.156819383474474e-03  3.258883596556538e-10  -1.121975409214351e-10  8.430572031268538e-11
  3.550000000000002e-01  2.410478237556998e-03  1.940373306195547e-04  2.187678881314715e-04  -2.600469292163796e-03  1.009461093322973e-03  2.825648412613876e-03  3.972594374398224e-10  -1.495854604249210e-10  1.290368823520471e-10
  3.600000000000002e-01  2.036288895194402e-03  6.197713126865244e-04  5.715817941652982e-04  -3.189941011380897e-03  6.654422912266007e-04  3.743693701526528e-03  4.352685745192093e-10  -2.881647722967817e-10  3.274520036773387e-10
  3.650000000000002e-01  2.791203526399023e-03  1.422372629693156e-03  1.057445086321083e-03  -3.940309558337629e-03  6.774286083683556e-04  4.876950887171289e-03  5.056160654944967e-10  -3.779708172488392e-10  4.503126183103633e-10
  3.700000000000002e-01  3.580775976147345e-03  2.609322983392011e-03  1.672223265803593e-03  -4.807032355497718e-03  6.077331981579324e-04  6.311918446672237e-03  5.538537714134269e-10  -4.866691493070431e-10  6.056698788504524e-10
  3.750000000000002e-01  4.285409550938361e-03  4.317865269120997e-03  2.414285266221577e-03  -5.824453456195835e-03  3.991315181494152e-04  8.135420928065008e-03  5.579188665466493e-10  -6.179651328232694e-10  7.994891497889497e-10
  3.800000000000002e-01  4.719505616466906e-03  6.725556275381900e-03  3.267204394801469e-03  -7.064036478319355e-03  -2.681536051742965e-05  1.046997789719126e-02  4.888570845767035e-10  -7.774434557972739e-10  1.038430776915233e-09
  3.850000000000002e-01  3.904726059068330e-03  9.395910578568582e-03  5.828596958055632e-03  -9.410787490618893e-03  -1.931306116244751e-03  1.395153385133647e-02  4.640445229958821e-10  -1.176817805143213e-09  1.613361662140251e-09
  3.900000000000002e-01  3.633121074111176e-03  1.322402424760296e-02  7.210851343722449e-03  -1.163720810034906e-02  -2.991108970681102e-03  1.778641868958523e-02  2.707334785407935e-10  -1.410073405180695e-09  1.963079476975847e-09
  3.950000000000002e-01  2.358285176762326e-03  1.814807410816428e-02  8.466667377978805e-03  -1.455464344146585e-02  -4.418504583167617e-03  2.264847394232873e-02  -7.321681051962416e-11  -1.661019414294307e-09  2.335554871786652e-09
  4.000000000000002e-01  -4.492575962660990e-04  2.435233806100492e-02  9.410541561815759e-03  -1.843391346093734e-02  -6.293438163544838e-03  2.881387627948700e-02  -6.073856524223311e-10  -1.924337615534254e-09  2.716590310305895e-09
  4.050000000000002e-01  -6.034336019530631e-04  2.948219730271047e-02  1.482156145011332e-02  -2.488424281897252e-02  -9.546047043087777e-03  3.693425887539355e-02  -6.874793130019104e-10  -2.230699851376058e-09  3.222223488486722e-09
  4.100000000000003e-01  -6.226068737241176e-03  3.684053605468186e-02  1.503267791890549e-02  -3.100255643126683e-02  -1.169967107883082e-02  4.578714420406128e-02  -1.467280519079236e-09  -2.292304592611863e-09  3.364338285572887e-09
  4.150000000000003e-01  -1.538478855984429e-02  4.539178341657055e-02  1.415686654270074e-02  -3.845720508659128e-02  -1.422202875324283e-02  5.637587729356657e-02  -2.515287041350027e-09  -2.237805698799182e-09  3.354883450533048e-09
  4.200000000000003e-01  -2.899208040873810e-02  5.524722952818219e-02  1.221042929147881e-02  -4.726760191377120e-02  -1.720458221291595e-02  6.883168825212516e-02  -3.849634037882711e-09  -2.035927216402505e-09  3.171201874795369e-09
  4.250000000000003e-01  -3.195119806627656e-02  5.812192493355670e-02  1.799601317608197e-02  -5.637855045914358e-02  -1.850664266380194e-02  8.003964216350609e-02  -3.999950271351280e-09  -8.419324722561996e-10  2.005431936104726e-09
  4.300000000000003e-01  -5.700331247543530e-02  6.794839304456708e-02  1.551127585279607e-02  -6.311647710252793e-02  -2.197414502500971e-02  9.238796278058102e-02  -6.015416864793072e-09  2.190076348632364e-10  1.009005064851042e-09
  4.350000000000003e-01  -9.274417113085109e-02  7.996554601811540e-02  1.597963296819498e-02  -6.564447308548474e-02  -2.838926892413203e-02  1.035267095607341e-01  -8.812503060536068e-09  1.545048680802356e-09  -8.398004926391714e-12
  4.400000000000003e-01  -1.396360841834610e-01  9.665298875723935e-02  2.384719800914866e-02  -6.058895186363752e-02  -3.997153962999971e-02  1.113490338588637e-01  -1.256024932636581e-08  2.981392027833466e-09  -7.651969790430929e-10
  4.450000000000003e-01  -1.711892777430776e-01  1.077972389618317e-01  4.871523125355089e-02  -4.329261814878677e-02  -4.958455394204161e-02  1.045925089658601e-01  -1.494708119481527e-08  6.233878283551795e-09  -3.714869466929571e-09
  4.500000000000003e-01  -2.270980707531524e-01  1.504273945408060e-01  8.593801068805020e-02  -1.777810512200332e-02  -7.614762882706484e-02  9.758842418396507e-02  -2.000448541742903e-08  7.113832638876513e-09  -3.623844431011043e-09
  4.550000000000003e-01  -2.654676835813393e-01  2.180050877633684e-01  1.468724963632429e-01  1.441273594428244e-02  -1.112189540060855e-01  8.195233409587363e-02  -2.431604952295169e-08  6.863947346325110e-09  -2.572220399882152e-09
  4.600000000000003e-01  -2.678163115157136e-01  3.123789067829033e-01  2.324231109134548e-01  5.077569222745366e-02  -1.513819994100868e-01  5.536447853426164e-02  -2.657733703107006e-08  5.506632551003280e-09  -8.279446227357156e-10
  4.650000000000003e-01  -2.196583046449373e-01  4.264735354861802e-01  3.387288843839356e-01  9.123265957547319e-02  -1.911593800119220e-01  1.469208261224726e-02  -2.581214890096786e-08  3.641980287561386e-09  1.099621434772508e-09
  4.700000000000003e-01  -1.266419860381547e-01  5.332109892915109e-01  4.526616869303862e-01  1.223652328421662e-01  -2.140837409747533e-01  -4.453936982582944e-02  -1.902634188471423e-08  2.904135311071728e-09  -8.197424547087345e-10
  4.750000000000003e-01  2.999979672646238e-02  6.298272363934704e-01  5.647185272069555e-01  1.668630824279039e-01  -2.314153937464357e-01  -1.110551820904126e-01  -1.042945519271111e-08  2.934125081168919e-09  -1.065394794269090e-10
  4.800000000000003e-01  2.381129987536621e-01  6.752744525075445e-01  6.611485453773752e-01  2.289371299159965e-01  -2.299948998797826e-01  -1.939747778738720e-01  6.179473592500988e-10  6.796543788862039e-09  -5.647710293906204e-10
  4.850000000000003e-01  4.928329263412620e-01  6.491742052403834e-01  7.317123673084670e-01  3.154392707479596e-01  -2.088918419545383e-01  -2.919819589771291e-01  1.310618644948568e-08  1.592747247397441e-08  -2.336536240282943e-09
  4.900000000000003e-01  7.851285419301386e-01  5.342802709887357e-01  7.566077258913425e-01  3.690328035191540e-01  -1.449873624575665e-01  -3.843602421209554e-01  3.609224977152346e-08  2.836707202180657e-08  -9.710832800978237e-09
  4.950000000000003e-01  1.148742839397803e+00  3.605816276928959e-01  7.775370871639380e-01  5.068872090070962e-01  -9.389724621796637e-02  -5.067093990355572e-01  5.255792226797413e-08  4.816747677601668e-08  -1.363545491898893e-08
  5.000000000000003e-01  1.581700235026434e+00  1.475211805691007e-01  7.880892331805486e-01  6.794525039079350e-01  -4.514804619587180e-02  -6.488387968460934e-01  7.080475228494737e-08  7.231625493263437e-08  -1.830641002174225e-08
  5.050000000000003e-01  2.094135211784682e+00  -6.936250109594268e-02  8.005914089040523e-01  8.871246082018577e-01  -1.087381567949974e-02  -8.166298156249725e-01  9.178168375705985e-08  9.860814226108735e-08  -2.344948232637264e-08
  5.100000000000003e-01  2.590195074326078e+00  -2.971861642586217e-01  8.157007480495259e-01  1.017450848686476e+00  3.591968324938664e-02  -9.833010483156907e-01  1.228857158850970e-07  1.150216564470493e-07  -2.938462921938403e-08
  5.150000000000003e-01  3.188783241354487e+00  -4.210285225022130e-01  8.614206332130017e-01  1.266322774834356e+00  4.297376570288253e-03  -1.216488174009390e+00  1.453638616726397e-07  1.323414961634296e-07  -3.044173080856324e-08
  5.200000000000004e-01  3.814062548582617e+00  -4.734663741100608e-01  9.177648927419974e-01  1.540708740892996e+00  -6.888716058545206e-02  -1.491666321690710e+00  1.661719545937202e-07  1.412939386198937e-07  -2.900262535096071e-08
  5.250000000000004e-01  4.439458777289678e+00  -4.579273111558210e-01  9.786273574130797e-01  1.836898905363617e+00  -1.837238715108385e-01  -1.807750961619728e+00  1.814551907940652e-07  1.388872748144172e-07  -2.404920059879820e-08
  5.300000000000004e-01  4.860445689466879e+00  -3.838253952976554e-01  1.030665051715226e+00  1.906192467388747e+00  -3.070465358524063e-01  -2.066850411487102e+00  1.979388655796340e-07  1.055656272218793e-07  -7.648936689472885e-09
  5.350000000000004e-01  5.479927165304320e+00  -2.813587425106873e-01  1.064935145828520e+00  2.197221792295637e+00  -4.758583822409791e-01  -2.437766237431529e+00  2.006525887228999e-07  7.554886385858281e-08  7.467808957755783e-09
  5.400000000000004e-01  6.171754005185851e+00  -1.826986109786871e-01  1.084799967181699e+00  2.520748254372069e+00  -6.471166254446080e-01  -2.837465077174791e+00  1.991865410576852e-07  3.583067453427341e-08  2.484148010733490e-08
  5.450000000000004e-01  6.982178771810693e+00  -1.198453428856822e-01  1.068522559310762e+00  2.893285936643687e+00  -7.969888174806750e-01  -3.254730730317696e+00  1.976714988632545e-07  -8.041504334821284e-09  4.322630032698736e-08
  5.500000000000004e-01  7.691066535913043e+00  -1.711348399113547e-01  9.082152872272696e-01  3.024402780483173e+00  -8.560092807267509e-01  -3.533378310015199e+00  2.170700813192381e-07  -7.773179912283742e-08  8.228780396184423e-08
  5.550000000000004e-01  8.687978403666335e+00  -3.464183911430729e-01  6.978687780724999e-01  3.593967804382033e+00  -8.884072776379427e-01  -3.939189543820647e+00  2.190815596803129e-07  -1.107949467005026e-07  1.074194450839505e-07
  5.600000000000004e-01  9.698293238090542e+00  -6.013441081401880e-01  3.894330477059492e-01  4.312416395512096e+00  -8.769952010783384e-01  -4.293941948767121e+00  2.165193687871589e-07  -1.233009937292205e-07  1.367309526954964e-07
  5.650000000000004e-01  1.066747862862038e+01  -8.643656087002188e-01  9.591801592590462e-03  5.189364886669409e+00  -8.521225063903353e-01  -4.558786183625288e+00  2.061650489992578e-07  -1.102418334897453e-07  1.733578135045090e-07
  5.700000000000004e-01  1.157114316335838e+01  -1.039449979103509e+00  -4.122472361064282e-01  6.197856183991718e+00  -8.444224543630383e-01  -4.687844065993259e+00  1.879920943386460e-07  -7.250507573021900e-08  2.201518102730564e-07
  5.750000000000004e-01  1.175786397770340e+01  -1.675820686466465e+00  -1.042538883270375e+00  7.141276124052952e+00  -6.811328076574048e-01  -4.734293656727552e+00  1.714150871472108e-07  -8.738534619980182e-08  3.105476148956747e-07
  5.800000000000004e-01  1.241927072539641e+01  -1.598889462235031e+00  -1.550291299131802e+00  8.241079718498524e+00  -7.012994770497170e-01  -4.524298162924099e+00  1.401740747043484e-07  -2.408711542701015e-08  3.808119035327242e-07
  5.850000000000004e-01  1.308688663874036e+01  -1.263368243116041e+00  -2.168387212503874e+00  9.204843560117025e+00  -7.285706106355574e-01  -4.058834258246404e+00  1.140579200598012e-07  4.715230581252246e-08  4.535387122425242e-07
  5.900000000000004e-01  1.375498807786816e+01  -7.425517479425583e-01  -2.964275252214084e+00  9.977946663461994e+00  -7.316101181746547e-01  -3.352501575141520e+00  9.524552990728070e-08  1.215936345826374e-07  5.201099600487870e-07
  5.950000000000004e-01  1.382870928606441e+01  -1.000146765602601e+00  -4.015940602535114e+00  1.051013155202437e+01  -3.958400085654922e-01  -2.819693391436418e+00  8.563636438920641e-08  1.098147434464439e-07  6.094652278377090e-07
  6.000000000000004e-01  1.458932700511040e+01  -4.641499942282749e-01  -5.226944733497205e+00  1.087984803010526e+01  -2.481920245119392e-01  -1.913620279944599e+00  8.255437348447045e-08  1.796394362254220e-07  6.384406729657107e-07
  6.050000000000004e-01  1.524698207548649e+01  -2.006643897111451e-01  -6.672409360944123e+00  1.110139321738306e+01  -4.025007990130415e-02  -9.786766603088324e-01  7.670838040405106e-08  2.363686517021665e-07  6.417906765314162e-07
  6.100000000000004e-01  1.573094749988037e+01  -3.993634843040619e-01  -8.324148487362550e+00  1.116244293501289e+01  2.214240496997512e-01  -4.348672391214472e-02  6.097733930441622e-08  2.649080500276900e-07  6.222063009668258e-07
  6.150000000000004e-01  1.645931459973545e+01  -1.506054754543646e+00  -1.008647895578868e+01  1.102780346393004e+01  8.817020719178186e-01  3.685863748220743e-01  1.023762484220458e-07  1.883965861626375e-07  6.278736504847943e-07
  6.200000000000004e-01  1.674894633021518e+01  -2.752329209067508e+00  -1.191866055118378e+01  1.068292742471785e+01  1.118484852320413e+00  1.376931146760157e+00  7.194435876808958e-08  1.250896016368869e-07  5.937619725287810e-07
  6.250000000000004e-01  1.667221532337176e+01  -4.702197774815085e+00  -1.388844920373173e+01  9.833139438776808e+00  1.328477279953289e+00  2.731211309295986e+00  1.435918165764831e-08  -1.536649461460002e-08  5.712762770728630e-07
  6.300000000000004e-01  1.603416690323133e+01  -7.325957656340481e+00  -1.608926901653498e+01  8.214843642217083e+00  1.500063664377181e+00  4.701502956666705e+00  -8.782644534193555e-08  -2.406094670927245e-07  5.752536849117562e-07
  6.350000000000005e-01  1.538867805266490e+01  -1.091943920524841e+01  -1.808779604393196e+01  7.537601771112116e+00  1.698681121615979e+00  6.194580131683241e+00  -1.074338718333310e-07  -4.807970765089883e-07  6.508232724085718e-07
  6.400000000000005e-01  1.216513469035732e+01  -1.518458206207795e+01  -2.102562996375754e+01  4.775487996476222e+00  1.565519712531409e+00  9.897962254625110e+00  -3.788208513516733e-07  -7.876713256623751e-07  7.317305229961438e-07
  6.450000000000005e-01  6.570919369595151e+00  -2.017532276536415e+01  -2.476079371448700e+01  9.033315555990142e-01  1.260848946613350e+00  1.501979329665923e+01  -8.220886692692934e-07  -1.106504728252174e-06  8.621976621001828e-07
  6.500000000000005e-01  -2.176442737789236e+00  -2.576470021422243e+01  -2.940661958443575e+01  -4.101786092699665e+00  6.746921293989755e-01  2.172802333781803e+01  -1.488549981645764e-06  -1.386361807296102e-06  1.044511924513764e-06
  6.550000000000005e-01  -1.470790633536504e+01  -3.176536828843767e+01  -3.491880205466709e+01  -1.009166052106437e+01  -3.169401487620173e-01  2.999123517366703e+01  -2.407567654347569e-06  -1.566179500775907e-06  1.271407236904321e-06
  6.600000000000005e-01  -2.733964066792144e+01  -3.993387110075732e+01  -3.907513898398769e+01  -1.040888663718146e+01  -1.468555437553425e+00  3.531097902649933e+01  -3.075157653440252e-06  -1.313069676932831e-06  1.304928905719784e-06
  6.650000000000005e-01  -4.564126573780157e+01  -4.562815279195370e+01  -4.479483374245224e+01  -1.693938525421373e+01  -3.392457825234683e+00  4.481602646357542e+01  -4.313284593509364e-06  -1.112125903750169e-06  1.445370545231070e-06
  6.700000000000005e-01  -6.609441991989331e+01  -5.011995597727256e+01  -4.979120998333531e+01  -2.350157863844151e+01  -5.910733696342552e+00  5.394713093635390e+01  -5.633448202478266e-06  -7.049796247142147e-07  1.531396758465975e-06
  6.750000000000005e-01  -8.720499043645029e+01  -5.304348867022350e+01  -5.328211596491959e+01  -2.929716836576961e+01  -8.933076822962986e+00  6.132599896646600e+01  -6.903665258051349e-06  -1.101039238682710e-07  1.524781326918946e-06
  6.800000000000005e-01  -9.685804386053528e+01  -5.483594308369909e+01  -5.142826579495866e+01  -3.203855858583271e+01  -1.116651702478467e+01  6.215773158060603e+01  -7.139635579529173e-06  7.009925868498060e-07  8.848513380147384e-07
  6.850000000000005e-01  -1.118238219574351e+02  -5.288322661996558e+01  -5.007431731717324e+01  -3.816484411153218e+01  -1.424973263597504e+01  6.279950350639951e+01  -7.855557623608443e-06  1.269323824208562e-06  5.479281620372766e-07
  6.900000000000005e-01  -1.223278193122026e+02  -5.026825387458511e+01  -4.687210952302642e+01  -4.290058043563551e+01  -1.639229764832776e+01  5.750388482764473e+01  -8.194687210727620e-06  1.601104510967745e-06  7.824668678349655e-08
  6.950000000000005e-01  -1.274742403817465e+02  -4.901982592017585e+01  -4.306697849056138e+01  -4.595742484863666e+01  -1.653320538437512e+01  4.480726478911063e+01  -8.160759969656824e-06  1.470084019513805e-06  -5.245183124920513e-07
  7.000000000000005e-01  -1.192913616964309e+02  -4.586365590206588e+01  -3.658967981050324e+01  -6.405426221730011e+01  -1.447182092838131e+01  3.026916782597591e+01  -7.088954817765504e-06  1.052327159549143e-07  -1.634515120081581e-06
  7.050000000000005e-01  -1.213244168673617e+02  -5.510977796910085e+01  -3.954229580167467e+01  -7.014157847228252e+01  -8.435179302336410e+00  4.221277977629697e+00  -7.071603856851652e-06  -1.992434634313160e-06  -2.188381159592087e-06
  7.100000000000005e-01  -1.290084032772094e+02  -7.856618125109540e+01  -5.108377143153833e+01  -7.350568688920131e+01  1.954532082607992e+00  -3.057060608481856e+01  -7.810937182640496e-06  -5.339571310863768e-06  -2.606380132949140e-06
  7.150000000000005e-01  -1.499772356350510e+02  -1.213966913449582e+02  -7.449551994651827e+01  -7.444407265638448e+01  1.630744342623159e+01  -7.238138365223473e+01  -1.007384936658336e-05  -1.014771490751067e-05  -2.741422244172719e-06
  7.200000000000005e-01  -2.098478568548039e+02  -1.805219052074897e+02  -1.197536908893829e+02  -1.080972912954842e+02  3.079956894637472e+01  -9.553113670285693e+01  -1.424041176861488e-05  -1.742103620389903e-05  -1.836475690422460e-06
  7.250000000000005e-01  -2.991048846726486e+02  -2.795946407005925e+02  -1.822345251614334e+02  -1.091913149400764e+02  4.930351591036316e+01  -1.354606559903401e+02  -2.241690398987760e-05  -2.533569212112605e-05  -4.018100937265118e-07
  7.300000000000005e-01  -4.292275631773035e+02  -4.074095393234620e+02  -2.616684825198552e+02  -1.164747822053133e+02  6.645000399750535e+01  -1.667045342555543e+02  -3.441954647355206e-05  -3.458508495368723e-05  1.614999782700595e-06
  7.350000000000005e-01  -6.092881837994721e+02  -5.597845946534404e+02  -3.558636306781181e+02  -1.371471751234444e+02  7.842227983406336e+01  -1.823693362969472e+02  -5.081086834724979e-05  -4.473414116108606e-05  3.954216931062499e-06
  7.400000000000005e-01  -8.522155540842475e+02  -7.280276918045662e+02  -4.614062370485804e+02  -1.775582994515959e+02  7.991667761284199e+01  -1.766374010059812e+02  -7.226906371773758e-05  -5.503594859729321e-05  6.272574266250399e-06
  7.450000000000006e-01  -1.197363334862833e+03  -9.341262594411169e+02  -6.115323043708964e+02  -2.079450299832902e+02  7.762988901991140e+01  -1.549084719078254e+02  -9.837462494011557e-05  -6.386485118295299e-05  1.125172591750384e-05
  7.500000000000006e-01  -1.594029949456109e+03  -1.110245336625639e+03  -7.279025585005149e+02  -2.783967275436510e+02  4.913716834384739e+01  -1.139662389449770e+02  -1.311002457846592e-04  -7.078335869208595e-05  1.243850225679804e-05
  7.550000000000006e-01  -2.103376694503697e+03  -1.256774519426824e+03  -8.383457988026444e+02  -3.901594030892257e+02  -5.563131923839202e+00  -4.347470809288043e+01  -1.710071136646506e-04  -7.428334882838932e-05  1.243009679979953e-05
  7.600000000000006e-01  -2.757018368977326e+03  -1.358471823983308e+03  -9.375639670397038e+02  -5.513771171198379e+02  -9.180423680364599e+01  5.858926459672980e+01  -2.194088712769597e-04  -7.316337587165928e-05  1.155168617242229e-05
  7.650000000000006e-01  -3.409686295235654e+03  -1.480561718362766e+03  -1.023930110689909e+03  -6.423037867567394e+02  -1.582787004453421e+02  5.545353177609766e+01  -2.652692186715124e-04  -6.706549488443535e-05  5.798256775306725e-06
  7.700000000000006e-01  -4.324456420484101e+03  -1.449554730007546e+03  -1.045866542810391e+03  -9.036365783758503e+02  -3.014123386516493e+02  1.499314058916750e+02  -3.267422854818525e-04  -5.567592539386126e-05  -1.628646199699275e-06
  7.750000000000006e-01  -5.404274376984863e+03  -1.324448513463482e+03  -1.011535754262061e+03  -1.214420975320345e+03  -4.824866197445538e+02  2.299256714634757e+02  -3.938265479213313e-04  -3.926071387705392e-05  -1.150481344608034e-05
  7.800000000000006e-01  -6.599585636065814e+03  -1.103041073803368e+03  -9.090659081693732e+02  -1.534296871158829e+03  -6.909860885186084e+02  2.453714338569334e+02  -4.596581998688898e-04  -1.979918746101268e-05  -2.470049258153260e-05
  7.850000000000006e-01  -7.554076619259005e+03  -9.278625079985620e+02  -7.340150708399406e+02  -1.874483346734942e+03  -7.967399847625876e+02  5.374721971660920e+01  -5.044535952496086e-04  -1.026083186739299e-05  -5.767000845561698e-05
  7.900000000000006e-01  -8.913335322132849e+03  -6.526189323147554e+02  -6.246067478683477e+02  -2.223149243242811e+03  -9.640067402142188e+02  -1.004710508837031e+02  -5.573068831567978e-04  -3.672416016362274e-06  -7.267796930636799e-05
  7.950000000000006e-01  -1.031820760816642e+04  -5.420459948168836e+02  -7.004965377593775e+02  -2.508270115118270e+03  -1.020920347397016e+03  -3.840813946791267e+02  -6.036834619275988e-04  -1.682248977196589e-05  -7.609560326622113e-05
  8.000000000000006e-01  -1.176825548588364e+04  -7.699418474133710e+02  -1.102362836970370e+03  -2.751346956463573e+03  -9.043002190617813e+02  -7.727262664378634e+02  -6.538388483317331e-04  -6.121857200961793e-05  -5.994804693481950e-05
  8.050000000000006e-01  -1.319539586952885e+04  -1.246361935462318e+03  -1.524468714801887e+03  -3.437691957392900e+03  -7.082513897703633e+02  -9.667810239296534e+02  -7.107646543834822e-04  -1.325912415294381e-04  -5.787208751570767e-05
  8.100000000000006e-01  -1.478646802724230e+04  -2.397057590452044e+03  -2.659666124796662e+03  -3.722374975583951e+03  -2.866194388637571e+02  -1.335727431723210e+03  -7.987472868230922e-04  -2.402275772778543e-04  -1.768081018143018e-06
  8.150000000000006e-01  -1.633536652358087e+04  -4.009495376381560e+03  -4.024444410854577e+03  -4.008455235071896e+03  2.126094901706130e+02  -1.672272973859744e+03  -9.161796510707982e-04  -3.745692759028548e-04  6.333306821486073e-05
  8.200000000000006e-01  -1.779892312724354e+04  -5.907286924956779e+03  -5.368814932810074e+03  -4.341568971647356e+03  6.472084510377571e+02  -1.915373759755518e+03  -1.062364171279435e-03  -5.203203696379396e-04  1.207447978131782e-04
  8.250000000000006e-01  -1.983926146552113e+04  -7.954768776724191e+03  -6.680777183164328e+03  -4.608945129169268e+03  8.041908560095090e+02  -1.727774133328201e+03  -1.233881979381944e-03  -6.000439834314679e-04  1.395192667266140e-04
  8.300000000000006e-01  -2.169208122451151e+04  -9.991873887264752e+03  -7.624507351472356e+03  -4.747869264365204e+03  7.018539505106561e+02  -1.665577476022057e+03  -1.447534766934660e-03  -6.993241303173358e-04  1.513425964670887e-04
  8.350000000000006e-01  -2.384045147481381e+04  -1.163855885385871e+04  -8.034631977733255e+03  -5.079485144478495e+03  1.378511876251916e+02  -1.323900919603365e+03  -1.698184911659409e-03  -7.526368743689812e-04  1.190245131157592e-04
  8.400000000000006e-01  -2.636186718383304e+04  -1.260338254755041e+04  -7.901885987027163e+03  -5.608393205451560e+03  -9.479334026250458e+02  -7.039538953547569e+02  -1.981828855553426e-03  -7.355263096795476e-04  3.881946767530949e-05
  8.450000000000006e-01  -2.925438337971288e+04  -1.262038859776060e+04  -7.377097510569520e+03  -6.137428500044906e+03  -2.538680558959614e+03  3.877976928501352e+01  -2.273600447758969e-03  -6.280611341748349e-04  -8.045785003855461e-05
  8.500000000000006e-01  -3.297685684875599e+04  -1.221624627227355e+04  -7.411264262115023e+03  -5.766283567548576e+03  -4.237767229708835e+03  7.816993297092368e+02  -2.561463454540774e-03  -4.489954819232456e-04  -1.477623775554742e-04
  8.550000000000006e-01  -3.628585739128289e+04  -9.983548132879017e+03  -6.890920195451304e+03  -6.294229552218751e+03  -6.347660526760020e+03  1.364766552535967e+03  -2.811734355393170e-03  -2.127659655669918e-04  -2.691852419666425e-04
  8.600000000000007e-01  -4.024328428713306e+04  -6.992052539693897e+03  -7.270348178216121e+03  -6.747187860921917e+03  -8.297921328663557e+03  1.781263325110178e+03  -3.058512990670811e-03  5.662027526794438e-05  -3.359856511777706e-04
  8.650000000000007e-01  -4.486535025497615e+04  -3.772951508464972e+03  -8.751775133638272e+03  -7.304900709569460e+03  -9.767921143892296e+03  2.076214243863363e+03  -3.323143973034185e-03  3.018331108359160e-04  -3.270415603878185e-04
  8.700000000000007e-01  -4.843070681240857e+04  -5.658722485685520e+02  -9.735491672308470e+03  -9.577659838884352e+03  -1.063629274996972e+04  2.036678909784336e+03  -3.560435135923577e-03  3.820864669791340e-04  -3.332936087150590e-04
  8.750000000000007e-01  -5.290765997373237e+04  1.926262950237925e+03  -1.236680729827977e+04  -1.149368145705092e+04  -1.053176544179760e+04  1.732651251590328e+03  -3.815536694325005e-03  4.227931546254539e-04  -2.690272146638868e-04
  8.800000000000007e-01  -5.750556061823043e+04  2.642600857489378e+03  -1.545233709674456e+04  -1.391640516271480e+04  -9.246446177965139e+03  1.045560682203043e+03  -4.050394857121675e-03  2.745092620592309e-04  -1.808866841501113e-04
  8.850000000000007e-01  -6.242348065034630e+04  7.997883003224679e+02  -1.876446604459226e+04  -1.708824253582279e+04  -6.629477975797176e+03  -5.430716778058381e+01  -4.268473693413140e-03  -1.156212074893278e-04  -9.582892153344134e-05
  8.900000000000007e-01  -6.636977702704417e+04  -1.338013780080185e+03  -2.018898465541548e+04  -2.247725370053958e+04  -3.909648061494388e+03  -1.807243931352962e+03  -4.519788875856604e-03  -6.453778907721446e-04  -2.380112860193498e-04
  8.950000000000007e-01  -7.415080617059457e+04  -9.057319281482020e+03  -2.364327015532930e+04  -2.701775252199365e+04  8.777764442799875e+02  -3.513678496196603e+03  -4.872046492693234e-03  -1.475381891792347e-03  -2.275592794030009e-04
  9.000000000000007e-01  -8.432477893821306e+04  -2.010201231077186e+04  -2.683312268522613e+04  -3.256754055586244e+04  6.478152918166284e+03  -5.217299984357409e+03  -5.362885846683198e-03  -2.527174225290143e-03  -2.856436225628468e-04
  9.050000000000007e-01  -9.704964250864933e+04  -3.350936880529687e+04  -2.928324653566983e+04  -3.895447202478576e+04  1.228702725473729e+04  -6.880202553356732e+03  -6.022788940972281e-03  -3.703643491963246e-03  -4.561092052827399e-04
  9.100000000000007e-01  -1.127311777552570e+05  -4.483435856568856e+04  -3.062550757100936e+04  -4.325281074480368e+04  1.653424246380672e+04  -8.773266899203863e+03  -6.940065463467707e-03  -4.546684687433147e-03  -7.356767523356364e-04
  9.150000000000007e-01  -1.318135762988887e+05  -6.031112050574533e+04  -3.249794283917774e+04  -4.872369642855190e+04  2.163184652722210e+04  -1.011935140688294e+04  -7.984187187612724e-03  -5.606262497388757e-03  -1.002324618401130e-03
  9.200000000000007e-01  -1.540790850259451e+05  -7.458670271975116e+04  -3.448011276584454e+04  -5.342748333627167e+04  2.565646889548254e+04  -1.132828343213526e+04  -9.245494067390924e-03  -6.424915588438008e-03  -1.312193032420873e-03
  9.250000000000007e-01  -1.802822238592149e+05  -8.657646339049071e+04  -3.759913343581698e+04  -5.679022852420265e+04  2.837705303044948e+04  -1.222179276582259e+04  -1.077342714189360e-02  -6.893830828155074e-03  -1.581105745453987e-03
  9.300000000000007e-01  -2.112455188538421e+05  -9.558006686984304e+04  -4.288430589827253e+04  -5.849210531758074e+04  2.969857196804631e+04  -1.235412972547585e+04  -1.262534357000817e-02  -6.949149310543335e-03  -1.708987689922015e-03
  9.350000000000007e-01  -2.489252060243321e+05  -1.032752350335761e+05  -5.018852430850737e+04  -5.567432938415639e+04  3.021292113200836e+04  -1.020681304109043e+04  -1.472610244720588e-02  -6.540387379651103e-03  -1.327015154481590e-03
  9.400000000000007e-01  -2.904487645852955e+05  -1.060945171542964e+05  -6.040946211488606e+04  -5.443980952521404e+04  2.881300223465326e+04  -7.550682687291798e+03  -1.721609536450437e-02  -5.813320700717528e-03  -1.013044167166819e-03
  9.450000000000007e-01  -3.370578047686503e+05  -1.045963348259157e+05  -7.277141234618866e+04  -5.204913329608739e+04  2.569761694942476e+04  -2.770904116258805e+03  -2.004935354719716e-02  -4.639411447997518e-03  -4.827555800120602e-04
  9.500000000000007e-01  -3.883508968500017e+05  -9.917596303100583e+04  -8.666462423160249e+04  -4.884150051991685e+04  2.103985667701972e+04  4.363407823641142e+03  -2.315780794964632e-02  -3.071040454797934e-03  2.429614268795393e-04
  9.550000000000007e-01  -4.423727870957967e+05  -9.651319430712941e+04  -1.002338221874019e+05  -4.380509747332762e+04  1.679340553071294e+04  1.210882451760676e+04  -2.606583867154268e-02  -1.607345879852650e-03  1.340295108591324e-03
  9.600000000000007e-01  -5.018800861502957e+05  -8.720821330545092e+04  -1.167107896786952e+05  -4.104158520455236e+04  1.045954891749589e+04  2.269445766834366e+04  -2.957125172525466e-02  2.744192501364519e-04  2.312687085836893e-03
  9.650000000000007e-01  -5.672867266628122e+05  -7.923056763536435e+04  -1.349796863484195e+05  -3.988221648368425e+04  4.308465475196233e+03  3.523262447035554e+04  -3.337217776288736e-02  2.057200726701648e-03  3.410199232750322e-03
  9.700000000000008e-01  -6.403780672162971e+05  -7.529559486535101e+04  -1.554087825085945e+05  -4.185300217725038e+04  -1.058846263780396e+03  4.950820573515938e+04  -3.759356300134054e-02  3.488909251747001e-03  4.593456366369345e-03
  9.750000000000008e-01  -7.170837343800045e+05  -8.097860554000460e+04  -1.769315901310136e+05  -4.610027647102769e+04  -5.259876117555370e+03  6.068369664974228e+04  -4.179670660759870e-02  3.927839677194989e-03  5.683746017040620e-03
  9.800000000000008e-01  -8.095426404269931e+05  -8.885997462987190e+04  -2.012625576407800e+05  -5.799869389243044e+04  -9.415383238719916e+03  7.641142043522476e+04  -4.727432509339263e-02  4.147663024635622e-03  6.682269940590809e-03
  9.850000000000008e-01  -9.147779622706660e+05  -1.053380299392736e+05  -2.269466202067608e+05  -7.702349758608478e+04  -1.284356279515203e+04  9.218228859445224e+04  -5.352912186998463e-02  3.499573548697120e-03  7.484158908668743e-03
  9.900000000000008e-01  -1.034715928234784e+06  -1.320098658130966e+05  -2.545561957259880e+05  -1.044098319816680e+05  -1.537718297464997e+04  1.070699111034665e+05  -6.063219807098211e-02  1.805667577756614e-03  8.026554583550977e-03
  9.950000000000008e-01  -1.166412279270193e+06  -1.716410207482268e+05  -2.885451198469494e+05  -1.337022881471217e+05  -1.726902292662590e+04  1.150130218053545e+05  -6.824891836105200e-02  -1.245527091989075e-03  8.224963949539631e-03
  1.000000000000001e+00  -1.326223322237755e+06  -2.239530598868731e+05  -3.216326388660888e+05  -1.864070850483077e+05  -1.652279446762704e+04  1.301628149292750e+05  -7.779879304389166e-02  -5.460021878012407e-03  8.242989577041041e-03
  1.005000000000001e+00  -1.501657090172434e+06  -2.905049824336662e+05  -3.659041603031823e+05  -2.344294884713340e+05  -1.647865350532692e+04  1.339196792340476e+05  -8.799765907122831e-02  -1.098067214524951e-02  7.923099963461598e-03
  1.010000000000000e+00  -1.705542581741164e+06  -3.737195880731879e+05  -4.135555887643875e+05  -3.040272786430740e+05  -1.334457366974577e+04  1.393978797684306e+05  -9.994237300171488e-02  -1.802452656901636e-02  7.312625393715354e-03
  1.015000000000000e+00  -1.936245984115663e+06  -4.738621460143764e+05  -4.691508240705704e+05  -3.868070339133232e+05  -8.289524390726479e+03  1.412845170660022e+05  -1.134590148612888e-01  -2.657259777654720e-02  6.382474564263022e-03
  1.020000000000000e+00  -2.194944275182950e+06  -5.897158684745564e+05  -5.328781448723355e+05  -4.830052309421119e+05  -1.773279460868065e+03  1.392069376519118e+05  -1.286561656433869e-01  -3.646622886471420e-02  5.114815196616780e-03
  1.025000000000000e+00  -2.488408308687837e+06  -7.114496505211460e+05  -6.053722071190653e+05  -5.780081990606171e+05  2.814291478238952e+02  1.320864127463826e+05  -1.459034566139874e-01  -4.654240202473170e-02  3.898277050758123e-03
  1.030000000000000e+00  -2.808082519028495e+06  -8.539206042133584e+05  -6.858054152640222e+05  -6.991717429858055e+05  8.536294910458513e+03  1.226246158933828e+05  -1.647073393743648e-01  -5.858408756170207e-02  2.206668534900397e-03
  1.035000000000000e+00  -3.157187102982950e+06  -1.007886275200612e+06  -7.754775633750774e+05  -8.318842412663257e+05  1.810573414643041e+04  1.087679972408849e+05  -1.852606742679511e-01  -7.145283215680737e-02  3.705229335526399e-04
  1.040000000000000e+00  -3.535395430359669e+06  -1.171641167370749e+06  -8.741272824612687e+05  -9.748770225310816e+05  2.894299030280872e+04  9.095852005179398e+04  -2.075860957322642e-01  -8.492134057800102e-02  -1.511982367171175e-03
  1.045000000000000e+00  -3.955027756721537e+06  -1.326922341216210e+06  -9.761022342532016e+05  -1.115491440742239e+06  3.091246339815060e+04  7.199106830558549e+04  -2.325004743478738e-01  -9.730999754775507e-02  -2.960757414643986e-03
  1.050000000000000e+00  -4.389263817247948e+06  -1.500090260763322e+06  -1.088117911950829e+06  -1.276399151399192e+06  4.225268863749363e+04  4.879488635874639e+04  -2.582969594113327e-01  -1.112665011178793e-01  -4.859986355883817e-03
  1.054999999999999e+00  -4.848218970322294e+06  -1.674900169539575e+06  -1.205123449935135e+06  -1.442926050625832e+06  5.380348240981757e+04  2.333827343673880e+04  -2.857185755979332e-01  -1.250328459939011e-01  -6.664226940192472e-03
  1.059999999999999e+00  -5.329588842900447e+06  -1.848439934423089e+06  -1.324825720387988e+06  -1.612770712658994e+06  6.505642653673136e+04  -3.877944180691221e+03  -3.146581771692260e-01  -1.383445056199936e-01  -8.326129871561051e-03
  1.064999999999999e+00  -5.845518424787533e+06  -1.996064517443406e+06  -1.439654288241114e+06  -1.782275747109079e+06  6.420251516962478e+04  -2.878561756588479e+04  -3.460463805948177e-01  -1.499637759201359e-01  -9.637468577545062e-03
  1.069999999999999e+00  -6.362346650030878e+06  -2.154805818381699e+06  -1.558233424756248e+06  -1.956335355134191e+06  7.326350350263325e+04  -5.808011774051874e+04  -3.774392617987148e-01  -1.618919441051807e-01  -1.116456648452784e-02
  1.074999999999999e+00  -6.893102930857752e+06  -2.304334044914945e+06  -1.672787276938083e+06  -2.127973594949713e+06  8.101812249520562e+04  -8.810584872880181e+04  -4.098844984850593e-01  -1.728049679774712e-01  -1.246308762415691e-02
  1.079999999999999e+00  -7.434774115461735e+06  -2.442238006548241e+06  -1.780678732801606e+06  -2.295588323280219e+06  8.700406130805124e+04  -1.186473859839899e+05  -4.432107807548600e-01  -1.826141766534970e-01  -1.351636662160706e-02
  1.084999999999999e+00  -7.998128913545450e+06  -2.543414452253252e+06  -1.882376383706637e+06  -2.469962666906985e+06  8.285959424567061e+04  -1.435145272943830e+05  -4.783887875896681e-01  -1.915119441982853e-01  -1.450146760288047e-02
  1.089999999999999e+00  -8.550936627784431e+06  -2.649082324358675e+06  -1.972439456645133e+06  -2.630692427490254e+06  8.513914108205505e+04  -1.740713665921678e+05  -5.127449445416566e-01  -1.991207657017640e-01  -1.532287224193508e-02
  1.094999999999999e+00  -9.105192989271078e+06  -2.736700561049107e+06  -2.048869596568187e+06  -2.784342984544892e+06  8.444313062695303e+04  -2.051290821607159e+05  -5.473845004488664e-01  -2.055147755045964e-01  -1.590420045812451e-02
  1.099999999999999e+00  -9.657884106259560e+06  -2.804060987788617e+06  -2.109821885632763e+06  -2.930715353518438e+06  8.021791967871456e+04  -2.368861828881419e+05  -5.821058286978682e-01  -2.107782056648554e-01  -1.625040808270080e-02
  1.104999999999998e+00  -1.020674872404945e+07  -2.849372129443877e+06  -2.154178188188721e+06  -3.070419890525237e+06  7.201312301835265e+04  -2.692998503447730e+05  -6.167654221466035e-01  -2.150466764099021e-01  -1.635425954612217e-02
  1.109999999999998e+00  -1.077088239466275e+07  -2.863393982044260e+06  -2.202124933134799e+06  -3.235439088073582e+06  6.427587433327761e+04  -2.888632230568872e+05  -6.527365295801566e-01  -2.203842759782395e-01  -1.679910001501211e-02
  1.114999999999998e+00  -1.131112646312719e+07  -2.868192450029936e+06  -2.215331011993008e+06  -3.369834128938441e+06  5.121346016204931e+04  -3.198455802466215e+05  -6.870337574129061e-01  -2.232252603350454e-01  -1.646375114075279e-02
  1.119999999999998e+00  -1.184537928962899e+07  -2.849615437012251e+06  -2.210788464841008e+06  -3.502570351227576e+06  3.375108503606477e+04  -3.500645189285409e+05  -7.210931197166009e-01  -2.256073476228726e-01  -1.581794225884626e-02
  1.124999999999998e+00  -1.237347926898131e+07  -2.806982157928470e+06  -2.188770359656398e+06  -3.636468260770121e+06  1.174737628090282e+04  -3.787723305282096e+05  -7.548958405215853e-01  -2.277421902694442e-01  -1.488188968899375e-02
  1.129999999999998e+00  -1.292330485044550e+07  -2.756476617584897e+06  -2.178809624747401e+06  -3.813706160282759e+06  3.673121460547005e+03  -3.886586715866214e+05  -7.900946105276888e-01  -2.327192545792382e-01  -1.444743043626495e-02
  1.134999999999998e+00  -1.344390536822578e+07  -2.679372114284717e+06  -2.126472850307508e+06  -3.960811150309145e+06  -2.151481459449104e+04  -4.114166784862424e+05  -8.232692900653186e-01  -2.351127730749145e-01  -1.285276404375957e-02
  1.139999999999998e+00  -1.396120147816652e+07  -2.582445588967367e+06  -2.060157680476698e+06  -4.119347720414607e+06  -4.960656981942267e+04  -4.294977703884384e+05  -8.562361115763091e-01  -2.380536740762147e-01  -1.089786415755546e-02
  1.144999999999998e+00  -1.447660505955783e+07  -2.467458036571427e+06  -1.982180398170409e+06  -4.293120060815866e+06  -7.963692215625825e+04  -4.416904942748512e+05  -8.889792480688775e-01  -2.417650647978491e-01  -8.574450679543627e-03
  1.149999999999997e+00  -1.501438861476493e+07  -2.377402408931561e+06  -1.921200857673846e+06  -4.524278931056015e+06  -8.064414551294163e+04  -4.352262720904196e+05  -9.227120645728318e-01  -2.494608876338666e-01  -6.907389214647492e-03
  1.154999999999997e+00  -1.553029017068868e+07  -2.246928529038064e+06  -1.826416234594341e+06  -4.738162767468812e+06  -1.069909715820937e+05  -4.337336719286823e+05  -9.546972644771436e-01  -2.554318355187282e-01  -3.656089342969519e-03
  1.159999999999997e+00  -1.605007559731468e+07  -2.107787108406806e+06  -1.726705522859622e+06  -4.978575092856703e+06  -1.321824215839363e+05  -4.220190121080120e+05  -9.865020874928322e-01  -2.629302265415381e-01  -4.207187107498770e-05
  1.164999999999997e+00  -1.657625870367249e+07  -1.963959647550040e+06  -1.623631312236986e+06  -5.249090568406169e+06  -1.553768210071763e+05  -3.989680245200270e+05  -1.018128053003986e+00  -2.721590519868432e-01  3.805228827984767e-03
  1.169999999999997e+00  -1.710214396661192e+07  -1.874388951838052e+06  -1.530811183544902e+06  -5.579902826447036e+06  -1.404163864200937e+05  -3.676682519680802e+05  -1.049481807724754e+00  -2.855487389572597e-01  6.258742743246571e-03
  1.174999999999997e+00  -1.763735422324788e+07  -1.740252162417111e+06  -1.421369289055805e+06  -5.914214017986789e+06  -1.559575768240131e+05  -3.254691669606089e+05  -1.080145810018645e+00  -2.986698453775963e-01  1.041745884836253e-02
  1.179999999999997e+00  -1.818250139017573e+07  -1.613095179983402e+06  -1.312008514237672e+06  -6.286509575837781e+06  -1.676386503337513e+05  -2.720580226240599e+05  -1.110643861700835e+00  -3.140466931793710e-01  1.448157834309535e-02
  1.184999999999997e+00  -1.873573111775296e+07  -1.497667305727958e+06  -1.203396013496899e+06  -6.699212422810255e+06  -1.737023677286872e+05  -2.096618724767885e+05  -1.141084405330078e+00  -3.317861419793504e-01  1.836201352449211e-02
  1.189999999999997e+00  -1.929519645028348e+07  -1.399437291854112e+06  -1.096209812388707e+06  -7.152277454473473e+06  -1.735133604215206e+05  -1.403020211376919e+05  -1.171139064369245e+00  -3.520473764977123e-01  2.181512392931633e-02
  1.194999999999997e+00  -1.979827033295666e+07  -1.369489881945435e+06  -9.832976171505240e+05  -7.642908940399396e+06  -1.408660880208636e+05  -8.667217171011821e+04  -1.197961173221140e+00  -3.756158227355046e-01  2.356760284781793e-02
  1.199999999999996e+00  -2.035273087251974e+07  -1.312055595917962e+06  -8.727548923017307e+05  -8.165700356860447e+06  -1.343054999760863e+05  -1.018480753216245e+04  -1.225913819837648e+00  -4.008396241975472e-01  2.599662385612037e-02
  1.204999999999996e+00  -2.090433173180201e+07  -1.281893749076892e+06  -7.620770864030252e+05  -8.724047600005012e+06  -1.235046390998025e+05  6.739546026868999e+04  -1.252819453715912e+00  -4.286766286042176e-01  2.749463830186576e-02
  1.209999999999996e+00  -2.144527061542232e+07  -1.281417585579878e+06  -6.506034872111896e+05  -9.317219693516620e+06  -1.075811348045415e+05  1.412702898736967e+05  -1.278954861346106e+00  -4.589966048857200e-01  2.808951458000890e-02
  1.214999999999996e+00  -2.188898969697760e+07  -1.334624454363089e+06  -5.231818818452682e+05  -9.924035110384554e+06  -7.749006554394375e+04  1.906368648981969e+05  -1.300340363634754e+00  -4.907911945465087e-01  2.763024099278908e-02
  1.219999999999996e+00  -2.239490485046345e+07  -1.392470736205464e+06  -4.088975498839309e+05  -1.057421156358615e+07  -6.052374548086846e+04  2.542535245947745e+05  -1.324399170700547e+00  -5.256182936017296e-01  2.687573299686277e-02
  1.224999999999996e+00  -2.288421744534212e+07  -1.489257266077266e+06  -2.990065099205850e+05  -1.124999398193561e+07  -4.140721289189464e+04  3.119549441240876e+05  -1.347018594432851e+00  -5.628256000704461e-01  2.530758902337341e-02
  1.229999999999996e+00  -2.335572727342018e+07  -1.627740063437600e+06  -1.946350268258909e+05  -1.194606219419349e+07  -2.096928590519094e+04  3.646967084677257e+05  -1.367663064645889e+00  -6.022961011818351e-01  2.312564185156184e-02
  1.234999999999996e+00  -2.371593927376609e+07  -1.793119201570743e+06  -6.832054748278359e+04  -1.262465023725944e+07  -7.218389860107235e+03  3.992019086221630e+05  -1.381258214617258e+00  -6.407410899547389e-01  2.145221367470180e-02
  1.239999999999996e+00  -2.414210513571915e+07  -2.002927273330923e+06  2.945131648093494e+04  -1.334239214851787e+07  8.914991808174875e+03  4.436836621009402e+05  -1.397668569679537e+00  -6.834287824640073e-01  1.888711322992209e-02
  1.244999999999995e+00  -2.454131358230043e+07  -2.253235330436483e+06  1.213924976284249e+05  -1.406388464919343e+07  2.629362021045131e+04  4.814956843238701e+05  -1.411569797270085e+00  -7.273769985571829e-01  1.606410461858348e-02
  1.249999999999995e+00  -2.490503842652494e+07  -2.539127189242857e+06  2.096530462068929e+05  -1.478346086887378e+07  4.576681525908290e+04  5.081648154239750e+05  -1.423089832625818e+00  -7.719828202257608e-01  1.309284141106213e-02
  1.254999999999995e+00  -2.514814033427143e+07  -2.820326930730883e+06  3.207294401624150e+05  -1.546214785396960e+07  4.608735656823542e+04  5.216400160918789e+05  -1.427421403568023e+00  -8.128715494982662e-01  1.194544576059738e-02
  1.259999999999995e+00  -2.543209796388756e+07  -3.160942775880296e+06  4.022097914349259e+05  -1.615799741884495e+07  6.422738407767627e+04  5.229497920456194e+05  -1.434651345193648e+00  -8.576903656114854e-01  8.810284473689674e-03
  1.264999999999995e+00  -2.566596811590822e+07  -3.528508357568825e+06  4.788876446138363e+05  -1.683212527281563e+07  8.287349700531125e+04  5.080581214145318e+05  -1.438812787470995e+00  -9.022398338215091e-01  5.464129317244129e-03
  1.269999999999995e+00  -2.584804791730671e+07  -3.920361224293855e+06  5.503099261718042e+05  -1.747828922256134e+07  1.004182996421963e+05  4.795105034035812e+05  -1.439513526086448e+00  -9.462422458849836e-01  2.000798725983590e-03
  1.274999999999995e+00  -2.595436632527223e+07  -4.296899539897527e+06  6.353237700297770e+05  -1.806021547294614e+07  8.780055678827260e+04  4.595138598083768e+05  -1.433342327522924e+00  -9.859051464027700e-01  1.172258041621823e-03
  1.279999999999995e+00  -2.605247475804619e+07  -4.726808343784570e+06  6.933507286794004e+05  -1.863637322413599e+07  9.988515717845039e+04  4.152649405952898e+05  -1.428288234905024e+00  -1.028134522176932e+00  -2.253024371846314e-03
  1.284999999999995e+00  -2.610207347703080e+07  -5.172476520083153e+06  7.445243700026413e+05  -1.917365755027075e+07  1.108160950385171e+05  3.670690842382264e+05  -1.419855520319051e+00  -1.068841923814518e+00  -5.447955309847539e-03
  1.289999999999994e+00  -2.610509478764846e+07  -5.630013066546024e+06  7.892571666327739e+05  -1.967024636559206e+07  1.209378822431101e+05  3.164147451042687e+05  -1.408519981651015e+00  -1.107718444165203e+00  -8.271804272955756e-03
  1.294999999999994e+00  -2.606494944271116e+07  -6.096475398154681e+06  8.276650453890163e+05  -2.012432746093684e+07  1.300640325583467e+05  2.635989560210275e+05  -1.394711065986442e+00  -1.144576161088888e+00  -1.067524702223200e-02
  1.299999999999994e+00  -2.602315384113082e+07  -6.540281665508636e+06  8.774415451951396e+05  -2.051349278323901e+07  1.068983177333975e+05  2.315145399864161e+05  -1.378957233853704e+00  -1.177204546422427e+00  -1.061522436862939e-02
  1.304999999999994e+00  -2.592465053128403e+07  -7.022962979025794e+06  8.978102909462452e+05  -2.088093531950888e+07  1.135708121053488e+05  1.745825880079019e+05  -1.361827496739524e+00  -1.210159616374176e+00  -1.285488556227765e-02
  1.309999999999994e+00  -2.579876324915209e+07  -7.512034737665392e+06  9.101396271992247e+05  -2.120134803978121e+07  1.180135965275364e+05  1.169729099639355e+05  -1.342623358085221e+00  -1.240999796996175e+00  -1.479086023264898e-02
  1.314999999999994e+00  -2.565075527676036e+07  -8.005708327160504e+06  9.148527344408461e+05  -2.147452412471422e+07  1.198485323344440e+05  6.013383858897138e+04  -1.321661140250354e+00  -1.269665514856676e+00  -1.633776496226140e-02
  1.319999999999994e+00  -2.555404473251156e+07  -8.485633659548402e+06  9.229040499150272e+05  -2.169140461020918e+07  9.451379392826240e+04  2.445576908699192e+04  -1.301053100551827e+00  -1.294865674257427e+00  -1.638860072068032e-02
  1.324999999999994e+00  -2.538156284199137e+07  -8.981537341704428e+06  9.051934018793069e+05  -2.187305702875580e+07  9.449429989855099e+04  -3.173172890871684e+04  -1.278046575888545e+00  -1.318994433163073e+00  -1.776180058747344e-02
  1.329999999999994e+00  -2.519690367847008e+07  -9.469499929281699e+06  8.808380911038212e+05  -2.200491927001489e+07  9.160121806760850e+04  -8.479258682423149e+04  -1.253527300531757e+00  -1.340345974103834e+00  -1.863764751806828e-02
  1.334999999999994e+00  -2.500311764470600e+07  -9.944865368799027e+06  8.493567672261344e+05  -2.208564544418278e+07  8.637335922020007e+04  -1.338270068106200e+05  -1.227457820789515e+00  -1.358705229759162e+00  -1.901922831779386e-02
  1.339999999999993e+00  -2.489366879143644e+07  -1.040783657209877e+07  8.076490279115218e+05  -2.211820891088713e+07  6.532862967937027e+04  -1.714802782230733e+05  -1.204058331936903e+00  -1.374325622202453e+00  -1.873372429679577e-02
  1.344999999999993e+00  -2.469044607852502e+07  -1.084913255260529e+07  7.549466996986162e+05  -2.210464209855747e+07  6.117783143241394e+04  -2.154131766010535e+05  -1.176326836974173e+00  -1.386821111191330e+00  -1.849902944091646e-02
  1.349999999999993e+00  -2.447861825755735e+07  -1.126486017916341e+07  6.967120955715085e+05  -2.204775939034295e+07  5.643297036893694e+04  -2.525102009349998e+05  -1.148244880883023e+00  -1.395898266278524e+00  -1.780741844561763e-02
  1.354999999999993e+00  -2.426051875642094e+07  -1.165336454540966e+07  6.326484702179477e+05  -2.195260866565442e+07  5.063488843492126e+04  -2.817484935559141e+05  -1.120578239500561e+00  -1.401581499335618e+00  -1.678352397040220e-02
  1.359999999999993e+00  -2.415392330540819e+07  -1.203402496388669e+07  5.539946695087731e+05  -2.182895182854806e+07  3.345186032208773e+04  -3.106987984092545e+05  -1.099026199634892e+00  -1.406169869859154e+00  -1.593973745242729e-02
  1.364999999999993e+00  -2.393967455432383e+07  -1.237503140502511e+07  4.706236676957000e+05  -2.167213121511784e+07  2.733427836404384e+04  -3.274727329874728e+05  -1.072735051097707e+00  -1.405982054250466e+00  -1.480942691783552e-02
  1.369999999999993e+00  -2.373510819094810e+07  -1.269549910694333e+07  3.798416763919882e+05  -2.148819178617395e+07  1.830161328429542e+04  -3.347660574562455e+05  -1.047471604338537e+00  -1.403050449304764e+00  -1.350590818363044e-02
  1.374999999999993e+00  -2.355122507820448e+07  -1.300060160871813e+07  2.807392970667710e+05  -2.128084625018279e+07  6.230125910170647e+03  -3.311350868021630e+05  -1.023443759010987e+00  -1.397823976298395e+00  -1.197997044273609e-02
  1.379999999999993e+00  -2.339912462092567e+07  -1.329489481002566e+07  1.732214919227021e+05  -2.105370720838110e+07  -8.347454445826941e+03  -3.154243941878874e+05  -1.000855301482653e+00  -1.390709493796988e+00  -1.017158666617229e-02
  1.384999999999992e+00  -2.336097470817851e+07  -1.359965271459291e+07  4.588632534326270e+04  -2.081697923771248e+07  -1.741927647620019e+04  -3.178214089552821e+05  -9.835243991994740e-01  -1.384275845147957e+00  -9.657426517163673e-03
  1.389999999999992e+00  -2.326281845368743e+07  -1.387366385983535e+07  -7.321808770157522e+04  -2.055896987471541e+07  -3.056096119615950e+04  -2.847830795236056e+05  -9.624785708315334e-01  -1.373721973189651e+00  -7.625008383340150e-03
  1.394999999999992e+00  -2.319984559899085e+07  -1.413453528466232e+07  -1.944379196495856e+05  -2.028549125401004e+07  -4.463391422214394e+04  -2.457536532883598e+05  -9.427919988088521e-01  -1.361625674911254e+00  -5.400387968841795e-03
  1.399999999999992e+00  -2.316815620605456e+07  -1.437892145818056e+07  -3.175589686021326e+05  -1.999894138346931e+07  -5.916642327591214e+04  -2.034505490228972e+05  -9.245752526801301e-01  -1.347974788976703e+00  -3.127621708203365e-03
  1.404999999999992e+00  -2.318847129930783e+07  -1.462152067406413e+07  -4.600092816082132e+05  -1.971481893123277e+07  -5.763805294721603e+04  -1.934880260877574e+05  -9.113501020079497e-01  -1.334313491645482e+00  -3.397514319385851e-03
  1.409999999999992e+00  -2.318819379013559e+07  -1.482319573846863e+07  -5.837127166089427e+05  -1.941819281209045e+07  -7.014187654781493e+04  -1.456104434868012e+05  -8.957692600094045e-01  -1.317365115475412e+00  -1.218246420008748e-03
  1.414999999999992e+00  -2.321211886906775e+07  -1.500505659942400e+07  -7.096373475878780e+05  -1.912142648486957e+07  -8.135700713901343e+04  -9.650944219132631e+04  -8.826743818541659e-01  -1.299050561660509e+00  1.131676551829050e-03
  1.419999999999992e+00  -2.326078461240297e+07  -1.516934162987338e+07  -8.382519089103384e+05  -1.882709046524556e+07  -9.032842174167123e+04  -4.735914214601595e+04  -8.720044691198683e-01  -1.279528132139305e+00  3.644700079833269e-03
  1.424999999999992e+00  -2.330987280759155e+07  -1.531795864156368e+07  -9.870485423378487e+05  -1.854882142175429e+07  -7.774777620856327e+04  -3.032173245577488e+04  -8.649933940864466e-01  -1.259518256857111e+00  3.093262092495537e-03
  1.429999999999992e+00  -2.338956996533529e+07  -1.544624189306729e+07  -1.113165708105882e+06  -1.826542736884131e+07  -8.224971666165475e+04  1.957168452198106e+04  -8.571946447133777e-01  -1.237656356308229e+00  6.021430156579802e-03
  1.434999999999991e+00  -2.349232645131295e+07  -1.556091704487278e+07  -1.240729583331817e+06  -1.798827299697781e+07  -8.380183965003700e+04  6.495744426824610e+04  -8.513472091048239e-01  -1.214836198002151e+00  8.893775367247649e-03
  1.439999999999991e+00  -2.361165943007880e+07  -1.566073669571315e+07  -1.368291933912359e+06  -1.772018581444659e+07  -8.219276217671139e+04  1.043170926387678e+05  -8.475092049660958e-01  -1.191016545717269e+00  1.149088086762385e-02
  1.444999999999991e+00  -2.368898067069954e+07  -1.573300189368881e+07  -1.507481241762309e+06  -1.747553333794209e+07  -6.371766723422503e+04  1.236134739360506e+05  -8.451439135297106e-01  -1.166308026080826e+00  1.094919195745759e-02
  1.449999999999991e+00  -2.382517792616154e+07  -1.580597094048790e+07  -1.626228365199206e+06  -1.722831786853957e+07  -6.017072365970705e+04  1.584048443224451e+05  -8.439342521820901e-01  -1.140954317422168e+00  1.319833315829541e-02
  1.454999999999991e+00  -2.397392712144946e+07  -1.587179119176142e+07  -1.746687115297334e+06  -1.699063477302071e+07  -5.427274722274708e+04  1.858785612880442e+05  -8.442945064256351e-01  -1.115369543357018e+00  1.483976990567716e-02
  1.459999999999991e+00  -2.413478108882539e+07  -1.593382251122206e+07  -1.868862275632940e+06  -1.676146272731922e+07  -4.712666328737554e+04  2.064958463929279e+05  -8.457225774057918e-01  -1.089971935265780e+00  1.577344725418117e-02
  1.464999999999991e+00  -2.430775823779384e+07  -1.599459797958150e+07  -1.990859711177093e+06  -1.653931801398294e+07  -4.087500691074564e+04  2.223160316221759e+05  -8.476425491955785e-01  -1.065135225283307e+00  1.582304202744855e-02
  1.469999999999991e+00  -2.442888115799040e+07  -1.603433522876839e+07  -2.103595440904204e+06  -1.633298338214406e+07  -2.828701380451354e+04  2.392731666151342e+05  -8.478871219539744e-01  -1.040521455006134e+00  1.493760000169153e-02
  1.474999999999991e+00  -2.462545080543331e+07  -1.609427856102664e+07  -2.214353141263966e+06  -1.612057326078581e+07  -2.835265515031240e+04  2.509551553564535e+05  -8.500024443679950e-01  -1.016948158439400e+00  1.401900355631995e-02
  1.479999999999990e+00  -2.482715028249412e+07  -1.614879049233472e+07  -2.318536607138183e+06  -1.591607838062019e+07  -3.074104480246224e+04  2.585201152210976e+05  -8.522254625197900e-01  -9.938370973599284e-01  1.255325096577774e-02
  1.484999999999990e+00  -2.502792464771486e+07  -1.619443283176463e+07  -2.414625358387802e+06  -1.572184081843082e+07  -3.419847052483483e+04  2.611207496817275e+05  -8.547275645173560e-01  -9.709443661399064e-01  1.079818621940185e-02
  1.489999999999990e+00  -2.517257291823264e+07  -1.621938202309485e+07  -2.498849527030773e+06  -1.554477374524456e+07  -3.078015597665280e+04  2.706762068375360e+05  -8.557312866037183e-01  -9.479580775713750e-01  9.963473451387733e-03
  1.494999999999990e+00  -2.537269876482341e+07  -1.625284339348281e+07  -2.580275191547100e+06  -1.536933330651551e+07  -3.482317767258190e+04  2.647324771011648e+05  -8.591078304654493e-01  -9.257742898711159e-01  8.303016047639495e-03
  1.499999999999990e+00  -2.556672862430138e+07  -1.627883223038143e+07  -2.654396935098415e+06  -1.520541054546180e+07  -3.744145548817044e+04  2.546518456987648e+05  -8.626991181385294e-01  -9.040044858603948e-01  6.405537033085600e-03
  1.504999999999990e+00  -2.575290115528834e+07  -1.629747901295035e+07  -2.719432793065680e+06  -1.505300863613904e+07  -3.845681972813469e+04  2.418933693848011e+05  -8.664698122482336e-01  -8.826550907253974e-01  4.245871474754463e-03
  1.509999999999990e+00  -2.589322904940513e+07  -1.630634255476029e+07  -2.770227652920872e+06  -1.491185902190311e+07  -3.866152949135494e+04  2.464500804403286e+05  -8.686117924043613e-01  -8.621963549394029e-01  3.983397552057939e-03
  1.514999999999990e+00  -2.606811921068999e+07  -1.631473889664350e+07  -2.817238626998043e+06  -1.477736184977292e+07  -3.806240283041551e+04  2.298910828366089e+05  -8.732529469538344e-01  -8.420282670742283e-01  1.792750900239673e-03
  1.519999999999990e+00  -2.623292921850812e+07  -1.631807632155138e+07  -2.857776312215698e+06  -1.465266504557674e+07  -3.517169050917013e+04  2.114265575673818e+05  -8.779705528623024e-01  -8.224516885407454e-01  -3.759174317438120e-04
  1.524999999999989e+00  -2.638946157614311e+07  -1.631830496352398e+07  -2.894281272616650e+06  -1.453596261102569e+07  -3.040167257364764e+04  1.909910536768227e+05  -8.825750183587614e-01  -8.036315878191769e-01  -2.356371039698477e-03
  1.529999999999989e+00  -2.652037833777398e+07  -1.631708146869993e+07  -2.921015969009736e+06  -1.441898741657237e+07  -3.239346831783111e+04  1.901709462869824e+05  -8.852299046028536e-01  -7.866981617056962e-01  -1.739527259240503e-03
  1.534999999999989e+00  -2.667195272279338e+07  -1.631345177297107e+07  -2.955587608066967e+06  -1.431017642886043e+07  -2.628938751528338e+04  1.641683524291263e+05  -8.897890010856747e-01  -7.693403854569207e-01  -3.447842989987394e-03
  1.539999999999989e+00  -2.681674194654088e+07  -1.630350336885240e+07  -2.989451023773246e+06  -1.420576557856150e+07  -2.112157919511017e+04  1.365264450977041e+05  -8.939286320354264e-01  -7.525263596335332e-01  -5.057815980632177e-03
  1.544999999999989e+00  -2.695583658629410e+07  -1.628508204081823e+07  -3.022978213277139e+06  -1.410447736867916e+07  -1.819836079698644e+04  1.076067079588791e+05  -8.975455251891318e-01  -7.361398335667290e-01  -6.558161778478806e-03
  1.549999999999989e+00  -2.709060951836097e+07  -1.625849045113747e+07  -3.041992524844740e+06  -1.399395939578894e+07  -2.728467911778863e+04  9.805592502505514e+04  -8.990300514813935e-01  -7.210731143900588e-01  -5.900345499658008e-03
  1.554999999999989e+00  -2.723040955472935e+07  -1.621921901098546e+07  -3.077648988630468e+06  -1.389376875130704e+07  -2.850131478326581e+04  6.494430219825746e+04  -9.016562443281978e-01  -7.048204085440436e-01  -7.521326816395260e-03
  1.559999999999989e+00  -2.736973423607209e+07  -1.616632342607205e+07  -3.113003928935383e+06  -1.379418044692224e+07  -3.287693587842215e+04  3.191027640132884e+04  -9.032662546837056e-01  -6.886244068780376e-01  -8.938262264590643e-03
  1.564999999999989e+00  -2.751145603053585e+07  -1.609973784126489e+07  -3.147785572333939e+06  -1.369436595526254e+07  -4.001446589427976e+04  -4.601639888796846e+02  -9.037498580417133e-01  -6.724283626322023e-01  -1.009074654074071e-02
  1.569999999999989e+00  -2.765813128255318e+07  -1.602019750829825e+07  -3.181854075401874e+06  -1.359384587442660e+07  -4.930359573598947e+04  -3.146509510035672e+04  -9.030650638459202e-01  -6.562143350090021e-01  -1.096398192951450e-02
  1.574999999999988e+00  -2.782145683748563e+07  -1.593231904074778e+07  -3.202362984693129e+06  -1.348194158079216e+07  -6.516637927269012e+04  -5.181177463141803e+04  -9.013031854986358e-01  -6.404864892577238e-01  -1.076481219455716e-02
  1.579999999999988e+00  -2.798144707277099e+07  -1.583076262322668e+07  -3.237855530402118e+06  -1.338145852022142e+07  -7.575942577464899e+04  -8.120827766204785e+04  -8.989533156967461e-01  -6.241543237468171e-01  -1.154999155170681e-02
  1.584999999999988e+00  -2.814759322268616e+07  -1.572142493303255e+07  -3.271840456268148e+06  -1.328174166089294e+07  -8.700050399959949e+04  -1.065467924859786e+05  -8.957471922947706e-01  -6.080908179070783e-01  -1.198500569431776e-02
  1.589999999999988e+00  -2.831799246298361e+07  -1.560729733546927e+07  -3.304029149022076e+06  -1.318392798170284e+07  -9.789715804670852e+04  -1.272183225635386e+05  -8.920871660152960e-01  -5.924589059604765e-01  -1.198310607492369e-02
  1.594999999999988e+00  -2.849967469637238e+07  -1.549661070106071e+07  -3.331711261004060e+06  -1.308116419571986e+07  -1.108905215719521e+05  -1.464796604218117e+05  -8.896929338848338e-01  -5.780240401511215e-01  -1.162725691202656e-02
  1.599999999999988e+00  -2.866817621400763e+07  -1.538347977781183e+07  -3.367217950355388e+06  -1.299235374627936e+07  -1.174857327275491e+05  -1.596698229998974e+05  -8.866124829782398e-01  -5.638380176312113e-01  -1.103782704818690e-02
  1.604999999999988e+00  -2.883265585535076e+07  -1.527959566366812e+07  -3.404861993792193e+06  -1.290808034862742e+07  -1.208781015778670e+05  -1.672616296067265e+05  -8.842524194377982e-01  -5.510369149148229e-01  -9.867183679252526e-03
  1.609999999999988e+00  -2.899214612380135e+07  -1.519064079814686e+07  -3.447404383438981e+06  -1.282793291021576e+07  -1.204913713190987e+05  -1.695583569317417e+05  -8.828529658903526e-01  -5.400153744075369e-01  -8.226426530675885e-03
  1.614999999999988e+00  -2.915915354862854e+07  -1.512187997939294e+07  -3.502088457124556e+06  -1.274690544711761e+07  -1.191149550065527e+05  -1.768492696771700e+05  -8.835536186253743e-01  -5.308729315438538e-01  -7.124626338378358e-03
  1.619999999999987e+00  -2.930188565977918e+07  -1.506588497626260e+07  -3.555618718675300e+06  -1.267732329169357e+07  -1.131298493593264e+05  -1.680319765016238e+05  -8.840663173293285e-01  -5.232769420076586e-01  -5.309563408940522e-03
  1.624999999999987e+00  -2.943325311296134e+07  -1.502414153541129e+07  -3.610766986016700e+06  -1.261248129525274e+07  -1.064777131325515e+05  -1.533351299445218e+05  -8.857809996926234e-01  -5.173345412399278e-01  -3.597263478606582e-03
  1.629999999999987e+00  -2.955132204505341e+07  -1.499137030080721e+07  -3.665827675378025e+06  -1.255300313670479e+07  -1.004272816328252e+05  -1.337732593731793e+05  -8.886617935846381e-01  -5.125774197394123e-01  -2.142353112330592e-03
  1.634999999999987e+00  -2.966755725058418e+07  -1.496118046616825e+07  -3.727298272941011e+06  -1.250037213127284e+07  -9.501933201176862e+04  -1.199602100645001e+05  -8.925954664641524e-01  -5.069049472918901e-01  -1.789333422235257e-03
  1.639999999999987e+00  -2.975423802640408e+07  -1.492790993261556e+07  -3.776939936075399e+06  -1.245530923227192e+07  -9.172719723123022e+04  -9.313090565235169e+04  -8.968826955089874e-01  -5.027314047262242e-01  -8.242708314415166e-04
  1.644999999999987e+00  -2.982814644211619e+07  -1.488777573372059e+07  -3.823428869468762e+06  -1.241559160509881e+07  -8.985539495773950e+04  -6.622204498487207e+04  -9.016832230793859e-01  -4.983498620596122e-01  4.798915115723335e-06
  1.649999999999987e+00  -2.989077594582120e+07  -1.483741542315794e+07  -3.866213026647177e+06  -1.238056238878067e+07  -8.874627401997051e+04  -4.061659890563302e+04  -9.066587285724843e-01  -4.933349651196815e-01  7.977687172329886e-04
  1.654999999999987e+00  -2.994383610939445e+07  -1.477489837677782e+07  -3.904669572818274e+06  -1.234940861948024e+07  -8.730379190814987e+04  -1.750832984505118e+04  -9.114647050152295e-01  -4.873775753089197e-01  1.688972585031431e-03
  1.659999999999987e+00  -2.999388086607854e+07  -1.469711015724044e+07  -3.944335733870897e+06  -1.232970623531063e+07  -8.067568714396498e+04  -1.589489887649441e+03  -9.152309604352891e-01  -4.787035772985806e-01  2.195753911160851e-03
  1.664999999999986e+00  -3.003196174854027e+07  -1.460867675206411e+07  -3.972153921168567e+06  -1.230447856925779e+07  -7.572454665179580e+04  1.480077143286353e+04  -9.190149198432660e-01  -4.710114205625812e-01  3.670979880679448e-03
  1.669999999999986e+00  -3.006601735595596e+07  -1.451061304737265e+07  -3.995736209827310e+06  -1.228000444041771e+07  -6.739513567283619e+04  2.658709800199178e+04  -9.220050556418130e-01  -4.623252095935748e-01  5.409968166647953e-03
  1.674999999999986e+00  -3.009770944643532e+07  -1.440623974398521e+07  -4.015948834349874e+06  -1.225533055520052e+07  -5.537118573627614e+04  3.405429171136257e+04  -9.240236520593403e-01  -4.528812049985978e-01  7.344221942383332e-03
  1.679999999999986e+00  -3.013707841806472e+07  -1.429895185908089e+07  -4.042351446941415e+06  -1.223555383794156e+07  -3.852114864082768e+04  3.509803107274813e+04  -9.246362693390455e-01  -4.426737476396601e-01  8.594585726612893e-03
  1.684999999999986e+00  -3.016961365091864e+07  -1.419162773882417e+07  -4.057170674016790e+06  -1.220658163562028e+07  -2.239268465066846e+04  3.591599532505920e+04  -9.247026037663669e-01  -4.330971943961368e-01  1.057151064104896e-02
  1.689999999999986e+00  -3.020248490319699e+07  -1.408743412604708e+07  -4.070568424532887e+06  -1.217539146540872e+07  -5.268900270826832e+03  3.470881159280390e+04  -9.237961394953106e-01  -4.235648206566616e-01  1.221722684307133e-02
  1.694999999999986e+00  -3.023547322395913e+07  -1.398783915256815e+07  -4.083451032740144e+06  -1.214225694267814e+07  1.133295495511871e+04  3.231120100991024e+04  -9.220924027218573e-01  -4.143017117935969e-01  1.334390011869312e-02
  1.699999999999986e+00  -3.027876161426223e+07  -1.389331883470990e+07  -4.101017443415715e+06  -1.210987594026348e+07  2.566778460035512e+04  2.878297555222669e+04  -9.195987639464871e-01  -4.057466607551596e-01  1.343331170943311e-02
  1.704999999999986e+00  -3.031269721887280e+07  -1.380473836440297e+07  -4.113629935795323e+06  -1.207288147918872e+07  3.741573122994410e+04  2.615297324625061e+04  -9.167893509054929e-01  -3.974636971679048e-01  1.352617466878729e-02
  1.709999999999986e+00  -3.034812994055133e+07  -1.372268222598697e+07  -4.129297800807459e+06  -1.203493378707307e+07  4.646606576776876e+04  2.331574358338330e+04  -9.135567311682833e-01  -3.897141268998151e-01  1.301407279449636e-02
  1.714999999999985e+00  -3.038581115730765e+07  -1.364594365098618e+07  -4.147964508855717e+06  -1.199641881205196e+07  5.256771889019059e+04  2.037764313254636e+04  -9.100048238374283e-01  -3.824822425974765e-01  1.198969287319068e-02
  1.719999999999985e+00  -3.042930855874634e+07  -1.357070452966574e+07  -4.163399040582099e+06  -1.195952454273798e+07  5.562758099772900e+04  2.128428327211488e+04  -9.057225052793603e-01  -3.755292409142965e-01  1.089830335074018e-02
  1.724999999999985e+00  -3.046975581830676e+07  -1.349806822259927e+07  -4.183585268142632e+06  -1.192169765509845e+07  5.672318131877533e+04  1.895094355780305e+04  -9.018625454105810e-01  -3.687710577827791e-01  9.431250383505967e-03
  1.729999999999985e+00  -3.051264789829230e+07  -1.342390854887816e+07  -4.203862343158693e+06  -1.188503382704174e+07  5.599172572975944e+04  1.599384352955526e+04  -8.979712074053628e-01  -3.620492964402024e-01  7.816226557052929e-03
  1.734999999999985e+00  -3.055852163667423e+07  -1.334594266974195e+07  -4.222984776848274e+06  -1.184986017791125e+07  5.375324064984847e+04  1.243589536392157e+04  -8.940092340068809e-01  -3.551781591900013e-01  6.161034277405093e-03
  1.739999999999985e+00  -3.060806385482148e+07  -1.326243305649710e+07  -4.239833729401974e+06  -1.181643248986640e+07  5.029722300324798e+04  8.475374664841091e+03  -8.898919189632326e-01  -3.479877018852502e-01  4.562973341346602e-03
  1.744999999999985e+00  -3.065631356935140e+07  -1.317263922888467e+07  -4.248020063901196e+06  -1.178734515972043e+07  4.675694314583993e+04  1.055166177016822e+04  -8.850560613284764e-01  -3.399596679898768e-01  3.843701633111320e-03
  1.749999999999985e+00  -3.071403451895126e+07  -1.307578941071353e+07  -4.259771910119488e+06  -1.175783853404266e+07  4.269611852150992e+04  5.164228931200871e+03  -8.807393619555532e-01  -3.318772463818219e-01  2.580255173277155e-03
  1.754999999999985e+00  -3.077484518064360e+07  -1.297113216613044e+07  -4.266614558956879e+06  -1.173113072056263e+07  3.894237106617838e+04  -3.973088276308268e+02  -8.762495184562191e-01  -3.232309694578664e-01  1.577211849770371e-03
  1.759999999999984e+00  -3.083748675697932e+07  -1.285959649479566e+07  -4.268273001599272e+06  -1.170757082379595e+07  3.619893197634604e+04  -5.936128204487626e+03  -8.716527552747196e-01  -3.140565161537623e-01  8.903796993009137e-04
  1.764999999999984e+00  -3.089650428744294e+07  -1.274641726372512e+07  -4.268238968246371e+06  -1.168783050354967e+07  3.464703772440687e+04  -8.184125386288419e+03  -8.671250764400297e-01  -3.047448882978428e-01  8.353787988060638e-04
  1.769999999999984e+00  -3.096540354680619e+07  -1.262993802832953e+07  -4.266322373063701e+06  -1.166857641542445e+07  3.501839897960381e+04  -1.501885038938925e+04  -8.624719102940664e-01  -2.953246562707331e-01  5.580062936927322e-04
  1.774999999999984e+00  -3.103789008363641e+07  -1.251582647820890e+07  -4.263772869706146e+06  -1.165094120796292e+07  3.699935665485604e+04  -2.137133936291988e+04  -8.575079677962759e-01  -2.860738063251781e-01  4.367594817542332e-04
  1.779999999999984e+00  -3.111400654550957e+07  -1.240671021546436e+07  -4.262271031367050e+06  -1.163453152738897e+07  3.999221372654243e+04  -2.671873607878645e+04  -8.522578917780859e-01  -2.772491149551958e-01  3.022604250728297e-04
  1.784999999999984e+00  -3.118818727470691e+07  -1.230539603288915e+07  -4.266777460137412e+06  -1.161912339920634e+07  4.085144083399513e+04  -3.141023732964121e+04  -8.479130355882307e-01  -2.696709654191109e-01  7.003050257517697e-05
  1.789999999999984e+00  -3.126623727622589e+07  -1.220771176845257e+07  -4.267910153924702e+06  -1.160613681788748e+07  4.320689472817307e+04  -3.426721431798794e+04  -8.426799158877316e-01  -2.620502478865088e-01  -5.045836090468044e-04
  1.794999999999984e+00  -3.134021413330755e+07  -1.211437659029821e+07  -4.268746684014150e+06  -1.159635245969056e+07  4.412374775830610e+04  -3.480376335098592e+04  -8.377382591430016e-01  -2.550297079596376e-01  -1.348111040384983e-03
  1.799999999999984e+00  -3.140737522683088e+07  -1.202356771033445e+07  -4.268147550221979e+06  -1.159066343000084e+07  4.318691496990274e+04  -3.333409907428859e+04  -8.333361761302106e-01  -2.485554727664096e-01  -2.437266202642658e-03
  1.804999999999984e+00  -3.146307545888626e+07  -1.193282670352903e+07  -4.265773581188994e+06  -1.158971500881391e+07  3.812381358574636e+04  -3.263653778916857e+04  -8.305995622426054e-01  -2.430087157866016e-01  -3.704209882137860e-03
  1.809999999999983e+00  -3.151151633804974e+07  -1.184233952499855e+07  -4.258753063723638e+06  -1.159453311941591e+07  3.366243349094835e+04  -2.808012918400743e+04  -8.274031970612810e-01  -2.372368716545936e-01  -5.121049657797200e-03
  1.814999999999983e+00  -3.154934412100943e+07  -1.175024055270690e+07  -4.248707329435147e+06  -1.160497521506564e+07  2.769555416947619e+04  -2.273211712696272e+04  -8.249786744964017e-01  -2.317487994331874e-01  -6.575923677676281e-03
  1.819999999999983e+00  -3.157755886389338e+07  -1.165657408871381e+07  -4.236796005977408e+06  -1.162074270724161e+07  2.088349365602060e+04  -1.734029544824853e+04  -8.232488250169233e-01  -2.265090387901565e-01  -7.966312648184450e-03
  1.824999999999983e+00  -3.159833681323755e+07  -1.156179106410802e+07  -4.221829756560519e+06  -1.164053009710607e+07  1.319386507475848e+04  -1.408401361105938e+04  -8.222400560685275e-01  -2.217515983017098e-01  -9.049439851763437e-03
  1.829999999999983e+00  -3.161429236716828e+07  -1.146888647637944e+07  -4.209604398882454e+06  -1.166420031180772e+07  7.491970675478810e+03  -1.021202470919283e+04  -8.210468575596198e-01  -2.170290405202069e-01  -9.867897483121432e-03
  1.834999999999983e+00  -3.162777372122702e+07  -1.137790892846404e+07  -4.199679504075259e+06  -1.168992255948647e+07  3.286808574131887e+03  -8.543898894656906e+03  -8.199671959333709e-01  -2.127026951192090e-01  -1.021581945953866e-02
  1.839999999999983e+00  -3.164010590883747e+07  -1.128942105541907e+07  -4.192031955299957e+06  -1.171675378817815e+07  1.035371214270643e+03  -9.369794557950396e+03  -8.188408510704673e-01  -2.087830045939116e-01  -1.002244421670939e-02
  1.844999999999983e+00  -3.165122600998674e+07  -1.120308149586660e+07  -4.185667936760546e+06  -1.174423556461339e+07  8.116875063074658e+02  -1.243731405372587e+04  -8.175971004770755e-01  -2.052191971360126e-01  -9.294337267429476e-03
  1.849999999999983e+00  -3.166109779661386e+07  -1.111843496469474e+07  -4.173924739699003e+06  -1.177130252394635e+07  2.465943200677969e+03  -1.686307093063724e+04  -8.159129001186929e-01  -2.018766036434972e-01  -8.104471650188325e-03
  1.854999999999982e+00  -3.166611166413188e+07  -1.103312439059593e+07  -4.165317266363210e+06  -1.180015187934021e+07  5.183881735259374e+03  -2.197782660431005e+04  -8.144390051719997e-01  -1.987137516866611e-01  -6.658750891867224e-03
  1.859999999999982e+00  -3.166616303253352e+07  -1.094674117784392e+07  -4.153606308451620e+06  -1.182982937248129e+07  8.595546717025825e+03  -2.689236393280902e+04  -8.129403197983822e-01  -1.956578803279873e-01  -5.019963288351643e-03
  1.864999999999982e+00  -3.166041774547280e+07  -1.085880606428782e+07  -4.137672738312837e+06  -1.186034373176917e+07  1.218638702816672e+04  -3.087956239219319e+04  -8.114147525392871e-01  -1.926609964206696e-01  -3.302867946274084e-03
  1.869999999999982e+00  -3.164929874232072e+07  -1.076950004150730e+07  -4.115445412769596e+06  -1.189059674519555e+07  1.608608757350581e+04  -3.487075219278110e+04  -8.097775815072416e-01  -1.895688712343651e-01  -1.861787419834878e-03
  1.874999999999982e+00  -3.163090167029613e+07  -1.067794808703918e+07  -4.091188755171699e+06  -1.192277108089054e+07  1.878007120677421e+04  -3.658703691169701e+04  -8.081926096829488e-01  -1.865859131659565e-01  -3.498839190211656e-04
  1.879999999999982e+00  -3.160749243892224e+07  -1.058559563351042e+07  -4.063329478971186e+06  -1.195525159673497e+07  2.066463630112743e+04  -3.748516049860867e+04  -8.064472276078158e-01  -1.836208575758073e-01  1.029021535429638e-03
  1.884999999999982e+00  -3.158062949372285e+07  -1.049324749006355e+07  -4.033275755353164e+06  -1.198773552675994e+07  2.149133568875226e+04  -3.800403220816638e+04  -8.044423300019404e-01  -1.806707498138454e-01  2.235120965107404e-03
  1.889999999999982e+00  -3.155487850554137e+07  -1.040179834269225e+07  -4.005949381003854e+06  -1.201877165692870e+07  2.220865698810102e+04  -4.033576892590302e+04  -8.022236354542567e-01  -1.775706080360919e-01  2.815790264980753e-03
  1.894999999999982e+00  -3.152751173810344e+07  -1.031229523287088e+07  -3.977692461993354e+06  -1.205011134173429e+07  2.091525285923330e+04  -4.121396667427725e+04  -7.993771517849975e-01  -1.746859823393688e-01  3.671489675399643e-03
  1.899999999999981e+00  -3.150304360853379e+07  -1.022579931510711e+07  -3.952325405843083e+06  -1.208014548498502e+07  1.851965828706300e+04  -4.289670486630539e+04  -7.959892420480034e-01  -1.718526696838027e-01  4.405621820139823e-03
  1.904999999999981e+00  -3.148292493600542e+07  -1.014299639278032e+07  -3.930934490557907e+06  -1.210850484752972e+07  1.522495315112025e+04  -4.562819562556865e+04  -7.920457949524821e-01  -1.690717908714923e-01  5.047184991220109e-03
  1.909999999999981e+00  -3.147000782880886e+07  -1.006331572974539e+07  -3.918573692915899e+06  -1.213444828686477e+07  1.373767787489361e+04  -5.084613171640761e+04  -7.876951600236287e-01  -1.661038364328957e-01  5.323857594704704e-03
  1.914999999999981e+00  -3.145978036494505e+07  -9.988859612035098e+06  -3.906242307756414e+06  -1.215901386421360e+07  9.856436929876814e+03  -5.546312724078410e+04  -7.827031270508198e-01  -1.634298908281115e-01  5.962007384910694e-03
  1.919999999999981e+00  -3.145429856394125e+07  -9.918716408082286e+06  -3.897887510000366e+06  -1.218156788270371e+07  6.033932309141547e+03  -6.081205677186517e+04  -7.773514319065286e-01  -1.607752588966589e-01  6.556917002965348e-03
  1.924999999999981e+00  -3.145264432172844e+07  -9.852654786074031e+06  -3.892756055944915e+06  -1.220232653998768e+07  2.650501245159562e+03  -6.639913409782723e+04  -7.717464896933939e-01  -1.581147103837422e-01  7.083134494675037e-03
  1.929999999999981e+00  -3.145361181230242e+07  -9.790314225931987e+06  -3.889910290721011e+06  -1.222162620290034e+07  5.363605956712190e+01  -7.165367185781547e+04  -7.659948687067016e-01  -1.554206769671568e-01  7.508717223445843e-03
  1.934999999999981e+00  -3.145670393806561e+07  -9.731373169329671e+06  -3.891005830480521e+06  -1.223921273217204e+07  4.421501070385685e+02  -7.650661241489803e+04  -7.600714343560219e-01  -1.525429076506259e-01  7.915305435976188e-03
  1.939999999999981e+00  -3.145750108346285e+07  -9.675092943287028e+06  -3.888770303505127e+06  -1.225690385758576e+07  -3.222495617379855e+02  -7.933151913677699e+04  -7.543888850733828e-01  -1.497491750252590e-01  8.146346268869216e-03
  1.944999999999981e+00  -3.145555761482518e+07  -9.620197066307968e+06  -3.885655539159436e+06  -1.227493426090631e+07  5.418480962864855e+01  -8.029748482537273e+04  -7.489330425672789e-01  -1.467884998569129e-01  8.167718995903116e-03
  1.949999999999980e+00  -3.144886994739782e+07  -9.565415570880143e+06  -3.880778725789168e+06  -1.229411424544314e+07  1.404339592008108e+03  -7.909884184425177e+04  -7.438177520972132e-01  -1.435949229989925e-01  7.967419454097350e-03
  1.954999999999980e+00  -3.143262361289055e+07  -9.510272093736712e+06  -3.872283729976839e+06  -1.231483893323093e+07  3.676554737953685e+03  -7.542871006766180e+04  -7.391818027923039e-01  -1.400749863890511e-01  7.808522292430827e-03
  1.959999999999980e+00  -3.141022888334791e+07  -9.451994535044461e+06  -3.861192521326730e+06  -1.233871510618243e+07  5.687932068620185e+03  -6.963894461808119e+04  -7.351325660354111e-01  -1.362789620859089e-01  7.202999293010149e-03
  1.964999999999980e+00  -3.137878249820206e+07  -9.390280426186809e+06  -3.847200278129471e+06  -1.236582868530387e+07  7.711857304858485e+03  -6.195718219568855e+04  -7.316642854301337e-01  -1.320684444556195e-01  6.402536537863704e-03
  1.969999999999980e+00  -3.133802478849795e+07  -9.324743406258648e+06  -3.830628463620977e+06  -1.239638286929606e+07  9.409600420861261e+03  -5.284127848330110e+04  -7.287800520578537e-01  -1.274308196029953e-01  5.457258767526513e-03
  1.974999999999980e+00  -3.128377126213663e+07  -9.256175839795696e+06  -3.809023498126321e+06  -1.243092910946173e+07  9.546798940451325e+03  -4.194015494198262e+04  -7.266206537538165e-01  -1.224691179796833e-01  4.634971354956354e-03
  1.979999999999980e+00  -3.122746510105450e+07  -9.184132148385590e+06  -3.789675040904445e+06  -1.246771139040636e+07  9.854599442945637e+03  -3.178321879480784e+04  -7.247152045141825e-01  -1.171391555555261e-01  3.521791069555683e-03
  1.984999999999980e+00  -3.116588847030944e+07  -9.110649581320405e+06  -3.770465696986121e+06  -1.250647022047019e+07  9.386986016533772e+03  -2.201268142326963e+04  -7.231007290135528e-01  -1.115679548705737e-01  2.407796769286785e-03
  1.989999999999980e+00  -3.110128270865860e+07  -9.037612595606171e+06  -3.752263898835919e+06  -1.254612984162954e+07  8.138299454109409e+03  -1.306825412789902e+04  -7.216273771430802e-01  -1.058998307639305e-01  1.325817552001520e-03
  1.994999999999979e+00  -3.103483607828116e+07  -8.966987785483226e+06  -3.733733583735578e+06  -1.258699013366992e+07  5.270219794997012e+03  -4.622537820152986e+03  -7.202082436505670e-01  -1.005067378973603e-01  3.778860843212667e-04
  1.999999999999979e+00  -3.097288596131595e+07  -8.900811758764349e+06  -3.720303721128622e+06  -1.262503679046253e+07  3.052783730768464e+03  1.526304530030528e+03  -7.185061131777647e-01  -9.514188628662558e-02  -6.595697670248298e-04
