TITLE = "Temporal Signal for receiver number 00003"
VARIABLES = "Time","s_xx","s_yy","s_zz","s_xy","s_yz","s_xz","v1","v2","v3"
# x1       3.000000000000e+03
# x2       1.000000000000e+03
# x3       -7.500000000000e+03
# cell-global-id 16148
  0.000000000000000e+00  0.000000000000000e+00  0.000000000000000e+00  0.000000000000000e+00  0.000000000000000e+00  0.000000000000000e+00  0.000000000000000e+00  0.000000000000000e+00  0.000000000000000e+00  0.000000000000000e+00
  5.000000000000000e-03  0.000000000000000e+00  0.000000000000000e+00  0.000000000000000e+00  0.000000000000000e+00  0.000000000000000e+00  0.000000000000000e+00  0.000000000000000e+00  0.000000000000000e+00  0.000000000000000e+00
  1.000000000000000e-02  5.966640481443432e-13  2.972187619684646e-13  2.915590889699516e-13  -5.714009007375228e-14  -3.990590202458709e-14  -4.241899217423383e-14  2.302711476072117e-20  -2.119903045359224e-20  1.088844362379250e-20
  1.500000000000000e-02  1.560759869275094e-12  6.979266102187666e-13  5.352344240911841e-13  -2.407615022744267e-13  -2.458059894465162e-13  -1.141451703624678e-14  6.158332677218747e-20  -5.185963206709421e-20  4.243998652380623e-20
  2.000000000000000e-02  1.279934240247819e-12  4.694290518831629e-13  1.882120656355365e-13  -5.223610705731779e-13  -4.669255215317219e-13  5.398405565879135e-13  1.284093457942333e-19  -2.997863188177135e-20  5.471627023858679e-20
  2.500000000000000e-02  9.686915712194593e-13  3.368790950349398e-13  3.112715215953994e-14  -1.321164859448476e-13  -5.830871532094179e-13  1.367560341083417e-12  1.513719625408311e-19  -2.448707487936730e-21  3.208008820147524e-20
  3.000000000000000e-02  2.787938091058646e-13  -1.129284395042688e-15  -1.312670991346950e-13  1.131920459758683e-13  -6.167574784634754e-13  2.640321111075427e-12  1.739269826585723e-19  4.770424561121007e-20  -9.104707369058727e-21
  3.500000000000000e-02  -2.757317398376367e-13  -1.729092882325710e-13  -1.186881526436183e-15  8.842166869463663e-13  -4.817228721306390e-13  3.574248507546966e-12  1.110708506224152e-19  8.068595709324380e-20  -5.204704945155554e-20
  4.000000000000000e-02  -8.131964793033768e-13  -3.535440299419492e-13  1.916947922621409e-13  2.231963067827706e-12  -1.450050984157701e-13  3.841881577549687e-12  -3.791488964091144e-20  9.554751222812126e-20  -8.036285132365451e-20
  4.500000000000000e-02  -1.422960362932224e-12  -7.469945299787699e-13  1.158488355925588e-13  3.838979080597594e-12  2.251833981686363e-13  3.750643080114099e-12  -1.687885352031873e-19  9.795996814854214e-20  -7.693775729872353e-20
  5.000000000000000e-02  -2.578711413670558e-12  -1.268133202577101e-12  -1.822664693403720e-13  5.530919170020284e-12  8.652014363283636e-13  2.752921836284685e-12  -3.821326788828522e-19  9.567133061272410e-20  -6.760431192435400e-20
  5.499999999999999e-02  -3.848166220133963e-12  -1.834406502070066e-12  -7.745289632378652e-13  7.079343228014134e-12  1.533025103146675e-12  1.352994052664166e-12  -5.913367260428029e-19  8.786064210342679e-20  -5.677041852701532e-20
  5.999999999999999e-02  -4.966326398682213e-12  -2.198085851508445e-12  -1.511729176184891e-12  8.165555665492359e-12  2.058605541773464e-12  -2.099984256270024e-13  -7.626950952674666e-19  7.098708799124764e-20  -5.361251246886580e-20
  6.499999999999999e-02  -5.719070011923445e-12  -2.033887617946677e-12  -2.085732720333358e-12  7.882218962517835e-12  2.287309964593483e-12  -1.615804657392191e-12  -8.066670084327665e-19  4.285909730368541e-20  -5.235637279390337e-20
  6.999999999999999e-02  -5.847727926863398e-12  -1.444888264299638e-12  -2.482390642002071e-12  7.303795520762634e-12  2.215951961174116e-12  -3.136858044210265e-12  -8.525035387761037e-19  2.088967625552668e-21  -7.012445368141851e-20
  7.500000000000000e-02  -5.269252551312634e-12  -2.734871789094835e-13  -2.430045567763169e-12  5.811905158966882e-12  1.710923403875034e-12  -4.440718634281477e-12  -8.052773595395052e-19  -5.447844524842202e-20  -7.972535256780833e-20
  8.000000000000000e-02  -4.021671456668933e-12  1.357348178471601e-12  -1.835937923456291e-12  3.421632568970112e-12  8.165897907349917e-13  -5.476953684989805e-12  -6.553153811250559e-19  -1.233005608866320e-19  -6.600721980932776e-20
  8.500000000000001e-02  -2.685749940635966e-12  2.791675199567390e-12  -9.905648265922671e-13  -3.669351253507841e-13  -8.811344237921013e-14  -6.358478487911029e-12  -4.273882680711416e-19  -1.715838238133902e-19  -4.457216980535505e-20
  9.000000000000001e-02  -5.651243710562066e-13  4.499138019645515e-12  4.495169002364710e-13  -4.176973011977739e-12  -1.382335733173037e-12  -6.849391308793480e-12  -1.005623578240594e-19  -2.389544830486871e-19  3.065822942609429e-20
  9.500000000000001e-02  1.782300037541372e-12  5.872238814498621e-12  2.127089910916381e-12  -8.402024999751257e-12  -2.668988278542727e-12  -7.021531520161862e-12  3.047970196476137e-19  -2.939460359340695e-19  1.352611071537454e-19
  1.000000000000000e-01  4.238801809111988e-12  6.677462634196405e-12  3.842379365968003e-12  -1.278278146714267e-11  -3.800730722844149e-12  -6.896563337873082e-12  7.565078690169893e-19  -3.264030084512238e-19  2.520232111591558e-19
  1.050000000000000e-01  6.766958549341003e-12  6.797770087165015e-12  5.444794630474575e-12  -1.701141406998944e-11  -4.674078617836612e-12  -6.513633872996198e-12  1.211385250580148e-18  -3.279862447015524e-19  3.591521869403844e-19
  1.100000000000000e-01  8.485103822058728e-12  6.180203534868463e-12  6.537092556945135e-12  -2.087853708054877e-11  -5.186522813704237e-12  -6.187525695111543e-12  1.581844149221462e-18  -2.888313530022771e-19  4.072882698811422e-19
  1.150000000000000e-01  1.091615281884299e-11  5.241833798142508e-12  7.826117902031215e-12  -2.365287608430000e-11  -5.560897184686607e-12  -5.410093342213129e-12  1.933670595225370e-18  -2.189474045181724e-19  4.296658836181932e-19
  1.200000000000000e-01  1.364377395728900e-11  4.126407430703755e-12  9.288925355544252e-12  -2.515407229028873e-11  -5.795429438740676e-12  -4.543548476380840e-12  2.148505652641829e-18  -1.072677528477597e-19  3.809260066810932e-19
  1.250000000000000e-01  1.719974460083652e-11  3.383750387597554e-12  1.155248887796586e-11  -2.490649803885847e-11  -6.122525221684466e-12  -3.675877578335371e-12  2.156020101738223e-18  4.285634954693234e-20  2.511667668664422e-19
  1.300000000000000e-01  1.703027012649579e-11  2.945412017280555e-12  1.335193051995264e-11  -2.307352019717288e-11  -6.862680291609521e-12  -2.724953107221170e-12  2.240172052231427e-18  2.338006636524537e-19  -7.006110256035137e-20
  1.350000000000000e-01  2.162919876131300e-11  4.877022374473110e-12  1.953019874086485e-11  -1.808738318315080e-11  -8.689942634815102e-12  -2.007520662672240e-12  1.874154920643052e-18  4.656896821757281e-19  -4.814630113411845e-19
  1.400000000000000e-01  3.004138591603196e-11  1.049129767132019e-11  3.151187071524197e-11  -9.320885466380083e-12  -1.231375202726033e-11  -1.466462773186143e-12  1.076544584759515e-18  7.272959447034149e-19  -1.097120950295170e-18
  1.450000000000000e-01  4.608823682685615e-11  2.239149245777010e-11  5.377331075701461e-11  4.794124767493036e-12  -1.871316401783720e-11  -8.223376821613705e-13  -4.128314717826214e-19  1.010307608786761e-18  -2.040660933677393e-18
  1.500000000000000e-01  3.986117670133146e-11  3.495944013514850e-11  7.690278591202444e-11  1.914879633104277e-11  -2.943556862681033e-11  1.748337057578613e-12  -6.747671837055114e-22  1.553008200535403e-18  -4.175368502401749e-18
  1.550000000000001e-01  6.804712208416999e-11  6.759572481763562e-11  1.368666500111051e-10  4.793103615291395e-11  -4.731403116059451e-11  5.371847612939215e-12  -2.179605501529632e-18  2.078204665237016e-18  -7.168141103050340e-18
  1.600000000000001e-01  1.224043027284215e-10  1.236527756167537e-10  2.409683877467224e-10  9.243449905913922e-11  -7.428000206200118e-11  1.482357707082699e-11  -6.078244381590254e-18  2.721193033668437e-18  -1.229390733928211e-17
  1.650000000000001e-01  2.238621479042963e-10  2.173462906028894e-10  4.172864133136151e-10  1.618476077715423e-10  -1.126019373270485e-10  3.753460025140001e-11  -1.316409263925283e-17  3.475838277908840e-18  -2.113900269902078e-17
  1.700000000000001e-01  2.014103662276218e-10  3.103826346923704e-10  6.183399466686434e-10  2.250081197534688e-10  -1.800155531566263e-10  8.041399828544949e-11  -7.315443682858215e-18  6.165104405364333e-18  -3.848477680283946e-17
  1.750000000000001e-01  3.818361288483819e-10  5.245112162038247e-10  1.057044854908115e-09  3.714650111947151e-10  -2.669603332323548e-10  1.692332521120516e-10  -1.660521684581332e-17  8.276270781735234e-18  -6.613304050676121e-17
  1.800000000000001e-01  7.081287482850841e-10  8.691051051416614e-10  1.773104681468271e-09  6.044259709747209e-10  -3.786356702146712e-10  3.447091562274905e-10  -3.485442311765885e-17  1.049907918792443e-17  -1.129714595383351e-16
  1.850000000000001e-01  1.282993145615189e-09  1.416430639773744e-09  2.918620298163431e-09  9.733918518285457e-10  -5.064577757007882e-10  6.792702320348036e-10  -6.992815024433884e-17  1.178634078242614e-17  -1.913064678936335e-16
  1.900000000000001e-01  2.271585260243620e-09  2.274474274895197e-09  4.714277058686969e-09  1.553289453018770e-09  -6.210061547809873e-10  1.297822175456122e-09  -1.356120549269957e-16  9.499105558087670e-18  -3.205334418906040e-16
  1.950000000000001e-01  2.352991653309925e-09  3.123747919811411e-09  6.953220154463282e-09  2.125418486096246e-09  -1.061746460774768e-09  2.114250627412620e-09  -8.244245259482207e-17  2.700322732354714e-17  -5.301543831553801e-16
  2.000000000000001e-01  4.145270054620774e-09  4.918157091746357e-09  1.104052933391155e-08  3.372768939670240e-09  -1.249351433529227e-09  3.806618670643243e-09  -1.785350230665561e-16  1.867653746901079e-17  -8.703636049991107e-16
  2.050000000000001e-01  7.102290736308278e-09  7.629336406185815e-09  1.718930194226039e-08  5.295542230306633e-09  -1.219470705661877e-09  6.713530528926212e-09  -3.593747629034307e-16  -1.453432045820459e-17  -1.410420865793988e-15
  2.100000000000001e-01  1.184548152145335e-08  1.165242174200278e-08  2.623357804688356e-08  8.216117261649174e-09  -6.511293290512551e-10  1.160643142843138e-08  -6.851058184925872e-16  -1.004660966073005e-16  -2.254826880947977e-15
  2.150000000000001e-01  1.359671686794328e-08  1.542549663100674e-08  3.750738542902667e-08  1.118612489247135e-08  -1.888991043057378e-09  1.716847959241618e-08  -4.689063617009151e-16  -6.096194976199506e-17  -3.423865856170333e-15
  2.200000000000001e-01  2.211460817668619e-08  2.289252428190188e-08  5.586315589777933e-08  1.709146941760722e-08  -2.895613596151195e-10  2.851736670697157e-08  -9.553212812493207e-16  -2.688519463716649e-16  -5.337477455298219e-15
  2.250000000000001e-01  3.491177729796772e-08  3.323220245905795e-08  8.137653743297762e-08  2.568512462827781e-08  3.744810995362757e-09  4.653039542510005e-08  -1.800988649910988e-15  -6.934863004803061e-16  -8.193342527114473e-15
  2.300000000000001e-01  5.351689422393041e-08  4.698310325496905e-08  1.158597251412191e-07  3.787740985112778e-08  1.219352593615736e-08  7.453030382150036e-08  -3.207848696313992e-15  -1.485191678140825e-15  -1.237366820776245e-14
  2.350000000000001e-01  6.523978671817111e-08  5.790645634178510e-08  1.568210034650099e-07  4.993100345242121e-08  1.160710220288483e-08  1.015834881334878e-07  -2.501204946650042e-15  -1.491901490833471e-15  -1.728948030574230e-14
  2.400000000000001e-01  9.629227209534900e-08  7.676249044141566e-08  2.150999297506999e-07  7.126140216376050e-08  2.968726025308435e-08  1.566701655075511e-07  -4.537587399798696e-15  -2.973720252295704e-15  -2.527286810139290e-14
  2.450000000000001e-01  1.380594118538336e-07  9.584900659101663e-08  2.865694454908518e-07  9.875831631311590e-08  6.194841473174954e-08  2.366333471241624e-07  -7.758595612179167e-15  -5.349279804672908e-15  -3.619270508102315e-14
  2.500000000000001e-01  1.926591542487715e-07  1.085949355706421e-07  3.695820570221070e-07  1.319468024768398e-07  1.160547137660639e-07  3.492368440839560e-07  -1.266697094289096e-14  -8.869265062859708e-15  -5.066665375881545e-14
  2.550000000000001e-01  2.399864615099568e-07  1.044197577188794e-07  4.549287187546620e-07  1.617733069578984e-07  1.315402032657291e-07  4.356235437838264e-07  -1.079550479158801e-14  -8.457333801082382e-15  -6.432087682607942e-14
  2.600000000000001e-01  3.240696395606698e-07  6.928345877007609e-08  5.436518691446341e-07  1.997073817320349e-07  2.309256027579451e-07  6.122328817610132e-07  -1.769778644591990e-14  -1.267106154789771e-14  -8.562049362292267e-14
  2.650000000000001e-01  4.312260551124358e-07  -4.113603838335297e-08  6.079528814604443e-07  2.265969870348957e-07  3.805145182821664e-07  8.326003425552823e-07  -2.786198947023903e-14  -1.698849273220175e-14  -1.101101596384314e-13
  2.700000000000001e-01  5.715538628146783e-07  -2.957165216010049e-07  6.128498269676482e-07  2.216716380146742e-07  5.933165136770062e-07  1.087725003945724e-06  -4.242130692875848e-14  -1.944169157983383e-14  -1.357644810737525e-13
  2.750000000000001e-01  7.087531445222751e-07  -5.904040598865162e-07  5.487436086044276e-07  2.045000635159081e-07  6.859018450558174e-07  1.179613301795583e-06  -4.016624790514029e-14  -9.585398499265113e-15  -1.464637154957350e-13
  2.800000000000001e-01  9.431358246015580e-07  -1.352844268096656e-06  2.694413256142227e-07  6.785851778725252e-08  1.010742979465828e-06  1.381308025698585e-06  -6.218952178522893e-14  1.925048523335403e-15  -1.583888965226683e-13
  2.850000000000001e-01  1.292440074849519e-06  -2.716383153836255e-06  -3.282540199685468e-07  -2.431572565772278e-07  1.404945524195106e-06  1.454672440278740e-06  -9.361314400619840e-14  3.207170390819241e-14  -1.502115210709349e-13
  2.900000000000001e-01  1.842569725711259e-06  -5.044568583312110e-06  -1.431181499356911e-06  -8.387116769387387e-07  1.822990732621269e-06  1.245237723146932e-06  -1.371553979511318e-13  9.536335983742545e-14  -1.065812496873842e-13
  2.950000000000002e-01  2.731717076981081e-06  -8.868839104947140e-06  -3.312661660028651e-06  -1.873362408074093e-06  2.156881562988020e-06  5.111238433491394e-07  -1.953164183482725e-13  2.130973800327081e-13  -6.934301509086330e-15
  3.000000000000002e-01  3.143610631744013e-06  -1.219452671496258e-05  -5.578732699157363e-06  -2.826797741087484e-06  2.462919239688746e-06  -9.788502803762532e-07  -2.252731004181316e-13  3.237391490434863e-13  1.945023043280776e-13
  3.050000000000002e-01  4.746009238222941e-06  -1.999339246400258e-05  -9.900496171803947e-06  -5.066174908109389e-06  2.482216509901641e-06  -3.659612513472514e-06  -3.247252137097578e-13  5.805714787685841e-13  5.035932426431905e-13
  3.100000000000002e-01  7.252036994022206e-06  -3.172128690511023e-05  -1.647384261075891e-05  -8.442587276819334e-06  1.741730390694016e-06  -8.251776492982446e-06  -4.506714400003355e-13  9.776148067623657e-13  9.771381281063570e-13
  3.150000000000002e-01  1.101550777278379e-05  -4.884157009428276e-05  -2.624495524485417e-05  -1.334362875811748e-05  -4.119740939099746e-07  -1.561608088604125e-05  -5.979236414226937e-13  1.561396291489622e-12  1.660782664101023e-12
  3.200000000000002e-01  1.098885141873436e-05  -6.185961185954182e-05  -3.589625557359570e-05  -1.766933041557678e-05  -5.571997870784968e-07  -2.469951219092955e-05  -7.602665968815308e-13  1.937121034964617e-12  2.702650174466156e-12
  3.250000000000002e-01  1.606019792438216e-05  -9.090660532319944e-05  -5.410625202338340e-05  -2.627316917990082e-05  -5.779506534575216e-06  -4.013637699141273e-05  -9.870025692243810e-13  2.868945752849282e-12  4.073155548924165e-12
  3.300000000000002e-01  2.260609545727514e-05  -1.301378016431354e-04  -7.977550206432088e-05  -3.788553327518846e-05  -1.525411295541109e-05  -6.225277735953971e-05  -1.198114327265654e-12  4.085973456096661e-12  5.873318320778861e-12
  3.350000000000002e-01  3.023602757821138e-05  -1.815529002199881e-04  -1.154260761529444e-04  -5.322521765270927e-05  -3.102913991676828e-05  -9.298361204812346e-05  -1.323647978795404e-12  5.599427327428620e-12  8.163266715623207e-12
  3.400000000000002e-01  2.181813262341215e-05  -2.162959513475839e-04  -1.460020974905014e-04  -6.695823464941626e-05  -3.550576671637772e-05  -1.268376784579291e-04  -1.748401440711316e-12  6.313738769739044e-12  1.169339972969299e-11
  3.450000000000002e-01  2.376022091532207e-05  -2.896965806169017e-04  -2.056517370861041e-04  -9.109427994356574e-05  -6.338140410552455e-05  -1.798226379055610e-04  -1.741673807341160e-12  8.130423484854127e-12  1.566062637003945e-11
  3.500000000000002e-01  1.946417989831293e-05  -3.784397114509667e-04  -2.861048462820129e-04  -1.218125940333956e-04  -1.046090552158072e-04  -2.482756581358009e-04  -1.292718911547526e-12  1.000390459244839e-11  2.044219785637802e-11
  3.550000000000002e-01  1.928483700941488e-06  -4.821060247928088e-04  -3.938003435374585e-04  -1.605184818247756e-04  -1.629393649779465e-04  -3.339143914356063e-04  -5.775054289603630e-14  1.161651696030557e-11  2.598878926415948e-11
  3.600000000000002e-01  -5.859994099922576e-05  -5.456263032793017e-04  -4.824044802312420e-04  -1.964039475173313e-04  -1.842899535654872e-04  -4.245252621650269e-04  -2.132183765920781e-13  1.175330995946505e-11  3.552537299650429e-11
  3.650000000000002e-01  -1.357755052069436e-04  -6.697077302976143e-04  -6.592006522518241e-04  -2.538735879904021e-04  -2.723853733620521e-04  -5.468106097235865e-04  2.968881935555093e-12  1.177203559319723e-11  4.396874059691124e-11
  3.700000000000002e-01  -2.791751088565953e-04  -8.019451754588118e-04  -8.977207187750040e-04  -3.249325711843429e-04  -3.860335649609243e-04  -6.823965401474947e-04  9.071656879403562e-12  9.392827443256085e-12  5.271771295143669e-11
  3.750000000000002e-01  -5.356735988658131e-04  -9.360067432319183e-04  -1.220221152107043e-03  -4.130532246811787e-04  -5.256773023169377e-04  -8.207325023934557e-04  2.014374526813297e-11  2.883536398265821e-12  6.091297226511960e-11
  3.800000000000002e-01  -9.793575240951615e-04  -1.062844405333428e-03  -1.655545806298099e-03  -5.243881699838224e-04  -6.877664017897529e-04  -9.455177583283850e-04  3.951803743341547e-11  -9.937033762098775e-12  6.768592602859434e-11
  3.850000000000002e-01  -1.448191520273946e-03  -1.149490761060862e-03  -2.066801508376345e-03  -6.281391604773972e-04  -7.654855865462410e-04  -1.102157770456716e-03  5.102644328755196e-11  -1.860653372161946e-11  9.323694697873737e-11
  3.900000000000002e-01  -2.411129944377585e-03  -1.261314392495517e-03  -2.817022254435367e-03  -8.082513984038771e-04  -9.552307052093687e-04  -1.188055906435230e-03  9.197970651728784e-11  -4.321677320567437e-11  1.058178152429525e-10
  3.950000000000002e-01  -3.868904053647037e-03  -1.347198201631000e-03  -3.797353600475254e-03  -1.070600989720148e-03  -1.142942894314326e-03  -1.231466197727420e-03  1.549506992240383e-10  -7.539530580466323e-11  1.246706032877949e-10
  4.000000000000002e-01  -5.924596489817853e-03  -1.421800909444128e-03  -5.030505526255865e-03  -1.477094603462868e-03  -1.315428878456794e-03  -1.265657739329383e-03  2.433382491472746e-10  -1.097203107531186e-10  1.603265079944993e-10
  4.050000000000002e-01  -7.340927447453960e-03  -1.594171390588624e-03  -6.275518090913234e-03  -1.835490374392485e-03  -1.441234137354984e-03  -1.455250211147500e-03  2.828286566167391e-10  -1.175371070142483e-10  2.464700066021031e-10
  4.100000000000003e-01  -1.032699399203221e-02  -1.906800643602965e-03  -8.142680925491159e-03  -2.662693817524186e-03  -1.598055135097131e-03  -1.606508731475015e-03  4.010585215933911e-10  -1.307443445796391e-10  3.498901072328428e-10
  4.150000000000003e-01  -1.408018853760897e-02  -2.674001438550014e-03  -1.045783269437576e-02  -3.928623005725078e-03  -1.747585195539256e-03  -1.906397469202542e-03  5.521550191339326e-10  -1.096375393758137e-10  5.039644061809993e-10
  4.200000000000003e-01  -1.883889466307967e-02  -4.244349658029748e-03  -1.338738281227109e-02  -5.765775537083815e-03  -1.946992175884756e-03  -2.441758272000520e-03  7.606852920047905e-10  -2.936718213343439e-11  7.200856344279258e-10
  4.250000000000003e-01  -2.113516840484701e-02  -5.788242839994345e-03  -1.615298995769015e-02  -7.017171107513293e-03  -1.970728178990090e-03  -2.893117762102901e-03  8.023788674579780e-10  4.255980175661127e-11  9.708100937502231e-10
  4.300000000000003e-01  -2.604735111434215e-02  -9.191119126665113e-03  -1.990821431930962e-02  -9.854750854190721e-03  -2.325632292072266e-03  -4.281135753989319e-03  1.008180969384713e-09  2.586548841121044e-10  1.342392772086561e-09
  4.350000000000003e-01  -2.885484297162140e-02  -1.426259655497381e-02  -2.374768364725313e-02  -1.335036639674426e-02  -3.210249337593669e-03  -6.644863362917238e-03  1.077457563514209e-09  5.741157248530922e-10  1.765472735668305e-09
  4.400000000000003e-01  -2.847600575610193e-02  -2.191235912130339e-02  -2.827590370422140e-02  -1.712325977199467e-02  -4.948255841446764e-03  -9.170901365076064e-03  9.394870015681832e-10  8.861856489530623e-10  2.015358391243584e-09
  4.450000000000003e-01  -2.626435385221233e-02  -2.746053756733192e-02  -3.072401549560603e-02  -1.845904458224886e-02  -4.575106551490936e-03  -9.443914571083163e-03  5.799442427939682e-10  8.728049945094189e-10  2.061722756853221e-09
  4.500000000000003e-01  -2.703409420693822e-02  -3.925900810272286e-02  -3.887013676181401e-02  -2.002274822298785e-02  -7.160298771186982e-03  -7.421630759785778e-03  5.294956558057906e-10  6.306876682446531e-10  1.290987689367203e-09
  4.550000000000003e-01  -3.680718142991844e-02  -4.978741988361342e-02  -5.179383442975037e-02  -1.773816168920270e-02  -1.064194234789562e-02  5.369644738531331e-05  1.128724039073245e-09  -3.665775344265656e-10  -3.830256130495011e-10
  4.600000000000003e-01  -5.687051588612453e-02  -5.029952040682554e-02  -6.605514353580645e-02  -1.024396145223090e-02  -1.488483371454744e-02  1.110690670724505e-02  2.414112276668560e-09  -2.214568223459898e-09  -2.460891916747862e-09
  4.650000000000003e-01  -7.762920762764369e-02  -2.983480878033837e-02  -7.279146594884038e-02  1.521042319252238e-03  -1.976421600675839e-02  1.907860277254516e-02  3.597815878449950e-09  -4.554374412344583e-09  -3.788882963675499e-09
  4.700000000000003e-01  -7.379360705188404e-02  -6.307445375721613e-03  -6.671247826684065e-02  8.502226672584646e-03  -2.016857256637002e-02  1.480236100184123e-02  2.975331704057433e-09  -5.548741909039595e-09  -3.070171765081835e-09
  4.750000000000003e-01  -6.049378066435451e-02  5.590227621377508e-02  -4.534554289770940e-02  1.712717215174807e-02  -2.651581947661260e-02  -1.253505405923097e-05  1.384779034248752e-09  -6.811137503231397e-09  -7.083252665914902e-10
  4.800000000000003e-01  -1.935684427390166e-02  1.331750824511063e-01  -5.620410352647069e-03  1.632194969441330e-02  -3.326485752565220e-02  -3.231747964703557e-02  -2.473332897579167e-09  -6.372543524735522e-09  4.277281488399855e-09
  4.850000000000003e-01  2.668591559851227e-02  2.024704488616990e-01  3.638833017194808e-02  3.028727750244420e-03  -4.038278090232913e-02  -7.468886987238710e-02  -6.821642728574620e-09  -4.084775946196004e-09  1.069188015848997e-08
  4.900000000000003e-01  4.330365501943630e-02  2.265780414725385e-01  4.431103763964388e-02  -9.457778711211194e-03  -4.335379990110304e-02  -9.584273265657163e-02  -8.396727797032501e-09  -2.076903685668395e-09  1.404367929531895e-08
  4.950000000000003e-01  -7.185987465043293e-04  2.362935707873516e-01  3.458283505333126e-02  -3.222072906897480e-02  -5.186182656927266e-02  -1.182411787645070e-01  -6.077474337466495e-09  9.273303853584468e-10  1.804479232690251e-08
  5.000000000000003e-01  -1.485403188493793e-01  2.024934607307062e-01  -2.657284880332948e-02  -4.827350091253700e-02  -6.338156222802921e-02  -1.127102772337545e-01  3.964599555660472e-09  2.348221962803647e-09  1.874039002730625e-08
  5.050000000000003e-01  -3.922188580709450e-01  1.460695911779945e-01  -1.313207522478963e-01  -4.665490421585135e-02  -8.026794160925015e-02  -7.706228533561940e-02  2.105065271525726e-08  7.997326578318357e-10  1.609265277464406e-08
  5.100000000000003e-01  -5.304648787791141e-01  1.042826356251782e-01  -2.236649358450217e-01  -2.224342312073324e-02  -8.906288096240371e-02  -2.646697572907312e-02  3.146301095451132e-08  -1.834750048482847e-09  1.146489179418902e-08
  5.150000000000003e-01  -7.662906586054383e-01  8.376751725243761e-02  -3.293211992915636e-01  1.789394002116800e-02  -1.172614948781835e-01  3.561430285133487e-02  4.814736080857781e-08  -8.027485709264490e-09  6.162540212477750e-09
  5.200000000000004e-01  -8.826441073129936e-01  1.253313659143904e-01  -3.819247106910235e-01  7.261169545994754e-02  -1.544261612867833e-01  8.823755035188482e-02  5.568230509228621e-08  -1.562211696463936e-08  1.669513882782434e-09
  5.250000000000004e-01  -8.116271301636057e-01  2.334072765465722e-01  -3.576859871902175e-01  1.292061009652788e-01  -2.003255356787007e-01  1.176330739710217e-01  4.897414650673445e-08  -2.273559084120099e-08  -1.157356616519724e-09
  5.300000000000004e-01  -5.653114070867675e-01  3.214012652443244e-01  -3.015048328443204e-01  1.619969864095301e-01  -2.251858578870209e-01  1.391842910635180e-01  3.307786594055071e-08  -2.516182450169261e-08  -4.949233056958582e-09
  5.350000000000004e-01  -2.041811858087328e-01  4.959863093877648e-01  -1.617576884668397e-01  1.918496413039275e-01  -2.844432890774437e-01  1.267487081019205e-01  5.036940305036593e-09  -2.897396173954831e-08  -6.638565764461616e-09
  5.400000000000004e-01  2.103014318139992e-01  6.682121642937056e-01  -1.549394127525569e-03  2.044482615839428e-01  -3.527869601610029e-01  1.041378901049431e-01  -2.716902364010773e-08  -3.085180815042622e-08  -9.186522358444333e-09
  5.450000000000004e-01  5.539653180942551e-01  8.208073909486887e-01  1.387872435206846e-01  2.097605270558145e-01  -4.309797290415237e-01  8.587281136041966e-02  -5.416492537067446e-08  -3.191309534095792e-08  -1.323379607746420e-08
  5.500000000000004e-01  8.057630557811887e-01  9.097721374181513e-01  1.997909412004279e-01  2.197078899754033e-01  -4.754101888906968e-01  9.443882329101087e-02  -6.850284071307268e-08  -3.316374079984991e-08  -2.176518083132778e-08
  5.550000000000004e-01  9.174093459240066e-01  1.051570747132911e+00  2.690941019849731e-01  2.593995624348607e-01  -5.734234858841797e-01  7.974249415254020e-02  -7.686365823202424e-08  -3.568825737758994e-08  -2.578673477341130e-08
  5.600000000000004e-01  9.290857155797666e-01  1.209506652622647e+00  3.212233370450193e-01  3.480349857628097e-01  -6.911029538573626e-01  4.316753524137469e-02  -7.644343651185253e-08  -3.981534800877271e-08  -2.564877978250673e-08
  5.650000000000004e-01  8.825933971244978e-01  1.383435601525977e+00  3.642381373031567e-01  5.044348374966866e-01  -8.307023649252864e-01  -1.343691444134090e-02  -6.981112903044504e-08  -4.719121521955646e-08  -2.234607301616768e-08
  5.700000000000004e-01  7.718340378333107e-01  1.570860193211965e+00  3.880108205129867e-01  7.451576675790301e-01  -9.863045769557621e-01  -5.902321086348786e-02  -5.629944875907626e-08  -6.039054154165531e-08  -2.037838022357930e-08
  5.750000000000004e-01  7.592755961950370e-01  1.727437552169518e+00  3.313801273380375e-01  9.470178361474691e-01  -1.058328136939672e+00  -3.947723634113116e-02  -4.158250669556245e-08  -7.086578992774706e-08  -3.384482889530389e-08
  5.800000000000004e-01  6.028721689053239e-01  2.031561424164451e+00  3.666552633930537e-01  1.332051184824203e+00  -1.211440083815140e+00  -1.416217384238921e-02  -1.991963183943585e-08  -9.447590072045900e-08  -4.035475456713262e-08
  5.850000000000004e-01  5.634783803745811e-01  2.492150844044895e+00  4.983573426579376e-01  1.790532940151639e+00  -1.345274409141706e+00  2.781768913921806e-02  -4.859116222672033e-09  -1.208120715656120e-07  -4.528871896528121e-08
  5.900000000000004e-01  8.241034908835980e-01  3.148500319612349e+00  8.163330094185154e-01  2.269745282910554e+00  -1.449574091309767e+00  1.555234315838228e-02  -1.018851619254334e-08  -1.407275639504697e-07  -3.850236066058523e-08
  5.950000000000004e-01  1.280006409463860e+00  3.692634727212059e+00  1.047013503800469e+00  2.516241305435804e+00  -1.483511117960882e+00  -6.211251295558168e-02  -2.166336138825564e-08  -1.391423767513189e-07  -3.904677979389319e-08
  6.000000000000004e-01  2.033129394306326e+00  4.493183279174103e+00  1.643865257126654e+00  2.842474708657388e+00  -1.539309322278804e+00  -2.946810073314814e-01  -6.255072726521544e-08  -1.254730004633910e-07  -1.681582380921269e-09
  6.050000000000004e-01  2.756096724791834e+00  5.107528071580362e+00  2.228264203525472e+00  2.971575103585432e+00  -1.565547190712191e+00  -6.346686645407005e-01  -1.041640605067162e-07  -8.234167275609162e-08  4.878906209713440e-08
  6.100000000000004e-01  2.964111986380876e+00  5.300463069790758e+00  2.557873793650955e+00  2.857914375593647e+00  -1.571475906114471e+00  -9.989535830850443e-01  -1.138774819566135e-07  -1.063012545685620e-08  9.879837631097255e-08
  6.150000000000004e-01  2.433449998176026e+00  5.247401982986032e+00  2.348760001309477e+00  2.631114803061008e+00  -1.543330553964882e+00  -1.244878444268881e+00  -6.389265889231540e-08  5.306863941784715e-08  1.085826682181818e-07
  6.200000000000004e-01  8.919950282130025e-01  4.536969935605963e+00  1.838934904255877e+00  2.144321730740722e+00  -1.537082876333630e+00  -1.493328568657115e+00  3.764022964010931e-08  1.557056375795035e-07  1.342531239182457e-07
  6.250000000000004e-01  -1.721943905117383e+00  3.371858873971581e+00  8.351397304447897e-01  1.486615591806110e+00  -1.553801428259265e+00  -1.655538104619921e+00  2.048598283531208e-07  2.642630976837107e-07  1.439125114577763e-07
  6.300000000000004e-01  -5.014320102877390e+00  1.992263361023275e+00  -4.565021597040770e-01  7.015508597036254e-01  -1.617323117219287e+00  -1.817357620443957e+00  4.080350718657310e-07  3.719310897328053e-07  1.491797905382650e-07
  6.350000000000005e-01  -7.605288515084869e+00  1.195516281316935e+00  -1.666095958098047e+00  7.198191229490596e-02  -1.606563845172934e+00  -2.094013748159657e+00  5.769070624727030e-07  4.531778791196558e-07  1.472013109216085e-07
  6.400000000000005e-01  -1.076150417763962e+01  -4.458864292323067e-02  -2.859439040893466e+00  -9.480245197673045e-01  -1.767239304637343e+00  -2.539843114377338e+00  7.488976974140074e-07  5.604285452099900e-07  1.800937836525668e-07
  6.450000000000005e-01  -1.329451731233424e+01  -1.086212594653489e+00  -3.742222491984046e+00  -2.139251193332972e+00  -2.012872635683598e+00  -3.245465176230467e+00  8.634474534131421e-07  6.696467506190752e-07  2.410573354515927e-07
  6.500000000000005e-01  -1.534150478564784e+01  -2.095371162175220e+00  -4.405962690275085e+00  -3.551530435844032e+00  -2.342955818272443e+00  -4.185046543572258e+00  9.304396536537537e-07  7.841491653003917e-07  3.255862612668973e-07
  6.550000000000005e-01  -1.762450238767557e+01  -3.428366519819583e+00  -5.199114510441456e+00  -5.235609351862459e+00  -2.751353411486624e+00  -5.235534276428230e+00  1.000903095170905e-06  9.046642555169014e-07  4.173141760192376e-07
  6.600000000000005e-01  -2.109951630792294e+01  -4.857113021568524e+00  -6.772457997117320e+00  -6.903350008018907e+00  -2.844640288989756e+00  -5.845300338885888e+00  1.186371895129887e-06  1.014261451529181e-06  4.458766106000949e-07
  6.650000000000005e-01  -2.735496539610905e+01  -7.991849929365679e+00  -9.320595572598268e+00  -9.253140902977320e+00  -3.346431530597591e+00  -6.604656227017180e+00  1.503095870350734e-06  1.147674994500321e-06  4.994725196086051e-07
  6.700000000000005e-01  -3.807718422266123e+01  -1.280630085672806e+01  -1.371429856198235e+01  -1.204598043084113e+01  -3.935977549015703e+00  -7.031300973782429e+00  2.109385927698870e-06  1.286614825963986e-06  5.111624079135856e-07
  6.750000000000005e-01  -5.480053262387783e+01  -1.960268044056640e+01  -2.041764264846230e+01  -1.540229056441018e+01  -4.639899459631855e+00  -7.084630441818737e+00  3.105522357514665e-06  1.436971579057029e-06  4.794314994233606e-07
  6.800000000000005e-01  -7.526035681825674e+01  -2.725082663125151e+01  -2.863807158683564e+01  -1.905527310277729e+01  -4.855644035368362e+00  -6.673313504041630e+00  4.357771345866107e-06  1.650673463534689e-06  4.147831584070799e-07
  6.850000000000005e-01  -1.058304274893326e+02  -3.843882259161943e+01  -4.009566411118126e+01  -2.411043662440333e+01  -5.805607742904213e+00  -6.258315662697025e+00  6.230927329952253e-06  1.904469244855830e-06  3.446671806198283e-07
  6.900000000000005e-01  -1.443435594113684e+02  -5.177847984553673e+01  -5.372983016441776e+01  -3.050666492663379e+01  -6.979544310468857e+00  -5.805772417763721e+00  8.600855718154410e-06  2.251015083573841e-06  2.762861563525264e-07
  6.950000000000005e-01  -1.906447296829008e+02  -6.712176087792110e+01  -6.904681775992917e+01  -3.866187152330281e+01  -8.404967415164501e+00  -5.461570803819876e+00  1.144479966433933e-05  2.737249555469617e-06  2.242301696232777e-07
  7.000000000000005e-01  -2.393356125043575e+02  -8.510683978342557e+01  -8.486538493632706e+01  -4.860784475939654e+01  -9.099978432766438e+00  -4.442846807604854e+00  1.444400300559306e-05  3.540619608644834e-06  1.147199063452762e-07
  7.050000000000005e-01  -3.010392586918448e+02  -1.055386125945688e+02  -1.025834124874634e+02  -6.179396203700444e+01  -1.090272710127131e+01  -3.758652440502089e+00  1.822226476982287e-05  4.498259795147876e-06  4.414489570806555e-09
  7.100000000000005e-01  -3.710944430496361e+02  -1.287219231620565e+02  -1.211486878340788e+02  -7.834026118187205e+01  -1.273063775294959e+01  -2.436824482464388e+00  2.248924885695199e-05  5.774492359638760e-06  -2.140694052850032e-07
  7.150000000000005e-01  -4.510705821480018e+02  -1.557911982972797e+02  -1.411558583073942e+02  -9.896343006640267e+01  -1.433173876670620e+01  2.257891478836473e-01  2.733716479997267e-05  7.455447254343108e-06  -6.377886363134928e-07
  7.200000000000005e-01  -5.414042246221860e+02  -1.917506095339834e+02  -1.649741521951368e+02  -1.249700659516381e+02  -1.514907365699151e+01  5.618516107706959e+00  3.303441612042920e-05  9.829403934112875e-06  -1.405209840510626e-06
  7.250000000000005e-01  -6.529251788689190e+02  -2.325046812662497e+02  -1.928400504490130e+02  -1.571458690189073e+02  -1.603424996392614e+01  1.243806560125018e+01  3.990088170070724e-05  1.265951328290227e-05  -2.431415634441995e-06
  7.300000000000005e-01  -7.887192152280650e+02  -2.837569510854304e+02  -2.285576587912300e+02  -1.969981573103290e+02  -1.636824909869440e+01  2.142513977350204e+01  4.830016102034324e-05  1.630300515590274e-05  -3.737665109854733e-06
  7.350000000000005e-01  -9.563573493478370e+02  -3.484963220737404e+02  -2.755059501382676e+02  -2.458778697355759e+02  -1.640214316641322e+01  3.166584904859200e+01  5.874005477406920e-05  2.094398247229874e-05  -5.164358082904428e-06
  7.400000000000005e-01  -1.163613929523260e+03  -4.297542660410226e+02  -3.371702354544219e+02  -3.049463557954080e+02  -1.661574731267598e+01  4.135388260999754e+01  7.174955536905678e-05  2.674411064504195e-05  -6.439078157033443e-06
  7.450000000000006e-01  -1.423598097413427e+03  -5.311587311141434e+02  -4.213693254560595e+02  -3.788405562833638e+02  -1.594131474180032e+01  4.665617974271596e+01  8.867099955427463e-05  3.350838395144795e-05  -7.277004970811766e-06
  7.500000000000006e-01  -1.742343051182878e+03  -6.551198117174375e+02  -5.277586679948531e+02  -4.639339676815472e+02  -1.660221557055198e+01  4.766620676980791e+01  1.088894818303939e-04  4.179795165395252e-05  -7.284369052745381e-06
  7.550000000000006e-01  -2.135750117119651e+03  -8.079176232589218e+02  -6.655387553252892e+02  -5.636810358411772e+02  -1.838178312069269e+01  4.092822138237128e+01  1.339361286909565e-04  5.144916097752541e-05  -6.140752099080665e-06
  7.600000000000006e-01  -2.622076616299343e+03  -9.939373764830971e+02  -8.424247853494245e+02  -6.794199070870370e+02  -2.133423453496191e+01  2.511322159846285e+01  1.650527967752465e-04  6.237628247697120e-05  -3.616658688949269e-06
  7.650000000000006e-01  -3.240113537696790e+03  -1.212547606123700e+03  -1.070456974076933e+03  -8.239518753033148e+02  -1.673265956196155e+01  -4.685658816448854e+00  2.040336505830976e-04  7.418058512201316e-05  7.499651088775981e-07
  7.700000000000006e-01  -3.981912441568260e+03  -1.475757464922445e+03  -1.350574988633134e+03  -9.797049949450021e+02  -1.884567108020161e+01  -4.423721668208102e+01  2.510092114658410e-04  8.756347781949505e-05  7.271203446011104e-06
  7.750000000000006e-01  -4.907706244594158e+03  -1.788420450034966e+03  -1.698816700004766e+03  -1.160563943723785e+03  -2.205284298701351e+01  -9.622475260158879e+01  3.097463962613546e-04  1.023692972469745e-04  1.599256996379980e-05
  7.800000000000006e-01  -6.083351470039463e+03  -2.165237671089198e+03  -2.129827614833830e+03  -1.381073785612833e+03  -3.032092246321477e+01  -1.639017370147054e+02  3.842569846453155e-04  1.194664706603529e-04  2.716257761379107e-05
  7.850000000000006e-01  -7.486474309255733e+03  -2.589319103413646e+03  -2.608889619144154e+03  -1.649854147300902e+03  -2.837490497618262e+01  -2.563432587859133e+02  4.678738636210097e-04  1.391037108562023e-04  4.188282095447931e-05
  7.900000000000006e-01  -9.156264388115062e+03  -3.067441634297161e+03  -3.147273766690502e+03  -1.957537519355764e+03  -6.288418430510358e+01  -3.572575347719490e+02  5.704885585721168e-04  1.607138633100594e-04  5.736857519637098e-05
  7.950000000000006e-01  -1.091120598877823e+04  -3.508280289451381e+03  -3.656090364001376e+03  -2.275792181697385e+03  -1.180319832382819e+02  -4.553730054865763e+02  6.765781545775483e-04  1.801919246881578e-04  7.087790238126770e-05
  8.000000000000006e-01  -1.257729895720145e+04  -3.824552975122805e+03  -4.077169287257346e+03  -2.551207443664100e+03  -1.735878925083419e+02  -5.040838486272414e+02  7.755604788795084e-04  1.929935563392707e-04  7.582308109522072e-05
  8.050000000000006e-01  -1.441507189583590e+04  -4.217629628740232e+03  -4.446971053583281e+03  -2.871849561027554e+03  -1.828413921376278e+02  -4.639123156502030e+02  8.798808292870556e-04  2.135303783630505e-04  7.508562851292969e-05
  8.100000000000006e-01  -1.622045606134918e+04  -4.408943710384373e+03  -4.820144720937889e+03  -3.101059257555915e+03  -1.872062399236403e+02  -3.255542106844906e+02  9.893390937557832e-04  2.236417718572373e-04  5.573097204076749e-05
  8.150000000000006e-01  -1.846603441486907e+04  -4.638046558860166e+03  -5.314828502406307e+03  -3.392765636464908e+03  -1.544606332674340e+02  -1.014841797687645e+02  1.130142976735973e-03  2.446229397257423e-04  2.803253082314686e-05
  8.200000000000006e-01  -2.133535955728385e+04  -5.000293560526218e+03  -5.975575310837939e+03  -3.848799916282976e+03  -1.084018041110382e+02  1.299306927265697e+02  1.312664892918179e-03  2.900837566576818e-04  4.286500784057672e-06
  8.250000000000006e-01  -2.466178319850724e+04  -5.689809819700163e+03  -6.790795576264941e+03  -4.526153110038644e+03  -1.322332818364175e+02  2.655333605671132e+02  1.518689605161789e-03  3.618715953476254e-04  -7.021407226422627e-06
  8.300000000000006e-01  -2.836344890301383e+04  -6.328231525858557e+03  -7.678747136675707e+03  -5.434486642336364e+03  -1.611200211021309e+02  3.249133452311204e+02  1.755585851615046e-03  4.675770994907392e-04  -5.878715870784629e-06
  8.350000000000006e-01  -3.203478195203341e+04  -7.099747340337820e+03  -8.496445742359818e+03  -6.600683508919936e+03  -2.564860691628273e+02  2.037229074357442e+02  1.985873405290389e-03  6.067828079690509e-04  1.738749281991206e-05
  8.400000000000006e-01  -3.525978394348341e+04  -7.948698104599099e+03  -9.143039060058116e+03  -7.910964338050435e+03  -4.036223785980568e+02  -5.961916722861218e+01  2.181240838823642e-03  7.640694725994355e-04  5.240782477486898e-05
  8.450000000000006e-01  -3.777009246193598e+04  -8.816895870778741e+03  -9.610731925674585e+03  -9.173199331250726e+03  -5.448867887582273e+02  -3.374200414797636e+02  2.326138176488868e-03  9.143255589033208e-04  7.711557791420265e-05
  8.500000000000006e-01  -3.977414198017165e+04  -9.022912870744200e+03  -1.006258330704580e+04  -9.888532296908899e+03  -7.528374960723855e+02  -3.475114298842476e+02  2.460683931163999e-03  9.774886669280528e-04  4.850312458271626e-05
  8.550000000000006e-01  -4.130722247057685e+04  -9.800112301913763e+03  -1.045415579885293e+04  -1.046437685921271e+04  -6.985440295664770e+02  -2.994702671087034e+02  2.544655599105316e-03  1.039877975098970e-03  3.501076552371857e-06
  8.600000000000007e-01  -4.282975447091737e+04  -1.064017054166404e+04  -1.104097676426292e+04  -1.041798021683954e+04  -4.283840333774838e+02  1.359785673671316e+02  2.628278343974051e-03  1.018292441273885e-03  -1.011908008839476e-04
  8.650000000000007e-01  -4.494984229632488e+04  -1.154127950066558e+04  -1.193898956220870e+04  -9.666568878520988e+03  4.852149759134125e+01  9.775933090823664e+02  2.748507318590431e-03  8.932578041131314e-04  -2.590668227573895e-04
  8.700000000000007e-01  -4.873049764251037e+04  -1.255709906149277e+04  -1.322398832462511e+04  -8.528713167485521e+03  5.357495989086161e+02  1.760077717769299e+03  2.988213677501522e-03  7.362936218802736e-04  -3.978848882981787e-04
  8.750000000000007e-01  -5.424899262689417e+04  -1.435588467970315e+04  -1.514222607731976e+04  -6.921429557054999e+03  1.335596107262325e+03  2.973794608159844e+03  3.309433953435234e-03  4.717711307220611e-04  -5.800157364065951e-04
  8.800000000000007e-01  -6.237016067299504e+04  -1.662652641032716e+04  -1.762934483394295e+04  -5.273446374493617e+03  2.118303021232434e+03  4.126059565758898e+03  3.788180167449239e-03  1.578099979099102e-04  -7.316470490209428e-04
  8.850000000000007e-01  -7.334452805431164e+04  -1.952455318400382e+04  -2.061457136822723e+04  -4.084539295846131e+03  2.768024409568574e+03  4.985226962078824e+03  4.442486483461426e-03  -1.505989474062240e-04  -8.181120918461678e-04
  8.900000000000007e-01  -8.627678402775161e+04  -2.421914324964460e+04  -2.394386022524718e+04  -4.241144808731819e+03  3.522727202711154e+03  5.291806993322748e+03  5.231107028905248e-03  -2.226342139532272e-04  -8.056647179628702e-04
  8.950000000000007e-01  -1.015929966244836e+05  -2.856893704397895e+04  -2.719247272479352e+04  -5.270993513417304e+03  3.767435988344588e+03  5.266962166791386e+03  6.163304847625342e-03  -3.502766514715534e-04  -7.203544640179961e-04
  9.000000000000007e-01  -1.183192727272094e+05  -3.344374030969582e+04  -3.010635251077434e+04  -8.051372021074329e+03  3.601616644054107e+03  4.545405929715913e+03  7.198540191266459e-03  -3.075642818427553e-04  -5.190891389187084e-04
  9.050000000000007e-01  -1.356350204298700e+05  -3.864353953437284e+04  -3.237327162849492e+04  -1.276091415942088e+04  2.969820461895282e+03  3.077377024672407e+03  8.288899080327870e-03  -5.380761324079217e-05  -2.031455515114295e-04
  9.100000000000007e-01  -1.503242542399396e+05  -4.314239144268895e+04  -3.326810416011717e+04  -1.847685826411774e+04  2.580301693476024e+03  1.704728134701534e+03  9.214317016058004e-03  3.665676054985728e-04  1.077925012647785e-04
  9.150000000000007e-01  -1.653305560252021e+05  -4.668989674850576e+04  -3.311676692834934e+04  -2.612206059399022e+04  1.071437504140498e+03  -7.096010849299497e+02  1.018208087634576e-02  9.474338305980684e-04  5.475225726261547e-04
  9.200000000000007e-01  -1.780041843765826e+05  -4.905967183866586e+04  -3.171741348640984e+04  -3.476097617673266e+04  -7.265637733061467e+02  -3.270483171330413e+03  1.101033855704842e-02  1.701600971666715e-03  9.810402939389091e-04
  9.250000000000007e-01  -1.883254760297897e+05  -5.025001024293472e+04  -2.947179403457500e+04  -4.390780886298116e+04  -2.595492700057497e+03  -5.585264357251130e+03  1.169098139625441e-02  2.601410983389032e-03  1.343598244517660e-03
  9.300000000000007e-01  -1.971366495649693e+05  -5.059065071203309e+04  -2.708148552507980e+04  -5.315629698378023e+04  -4.339663120725653e+03  -7.331057914540292e+03  1.226946143972131e-02  3.613326063979056e-03  1.586135503821023e-03
  9.350000000000007e-01  -2.076208328364838e+05  -4.871237797821690e+04  -2.485746101995357e+04  -6.201567617671558e+04  -6.093917862042207e+03  -8.072405838972799e+03  1.288597654486389e-02  4.366629759043236e-03  1.684011121461603e-03
  9.400000000000007e-01  -2.194065533920944e+05  -4.911706279975457e+04  -2.476573850803703e+04  -7.095402130710064e+04  -7.460863308622621e+03  -8.388267847037940e+03  1.360129342754473e-02  5.455329480051681e-03  1.645875316829031e-03
  9.450000000000007e-01  -2.352852401672503e+05  -5.057804167383397e+04  -2.710306846723326e+04  -7.913561890481379e+04  -8.228113403959022e+03  -7.632833656330680e+03  1.453470102281877e-02  6.509252668513135e-03  1.425506356359970e-03
  9.500000000000007e-01  -2.578683907041094e+05  -5.374933244925343e+04  -3.273201375204486e+04  -8.645975709305755e+04  -8.265521419986575e+03  -5.746322755052706e+03  1.584042365219472e-02  7.461127249894249e-03  1.027146898522674e-03
  9.550000000000007e-01  -2.935349164383948e+05  -5.963234970837670e+04  -4.285050311073563e+04  -9.430901563670723e+04  -8.553225498777778e+03  -4.026257360343800e+03  1.787809594592814e-02  8.122818454255679e-03  6.278456741593469e-04
  9.600000000000007e-01  -3.374388245913868e+05  -6.938257261471666e+04  -5.783761774103960e+04  -1.005624232627499e+05  -7.049501093038841e+03  -6.704517549392879e+02  2.043278516569378e-02  8.846440612438741e-03  -2.326630905804251e-07
  9.650000000000007e-01  -3.954039124864500e+05  -8.272279379799984e+04  -7.806808090885705e+04  -1.064883452786105e+05  -4.820510543035002e+03  3.137597137175813e+03  2.383006190493972e-02  9.363370263687854e-03  -6.734245658975494e-04
  9.700000000000008e-01  -4.691436558400000e+05  -9.982157724997796e+04  -1.035319244077008e+05  -1.125156645730818e+05  -2.079093409424563e+03  6.931690426596440e+03  2.818487346185241e-02  9.661949810083345e-03  -1.319988175880893e-03
  9.750000000000008e-01  -5.600715593229053e+05  -1.241641175080721e+05  -1.350862666808661e+05  -1.204567802546718e+05  2.653602839450496e+02  8.550997087989190e+03  3.360556110659690e-02  1.005400321380764e-02  -1.736210017787020e-03
  9.800000000000008e-01  -6.669465115134006e+05  -1.493580801101397e+05  -1.700124157673074e+05  -1.278098459539422e+05  3.571842811694466e+03  1.108641670856903e+04  4.001536136793148e-02  1.008433915727423e-02  -2.173633780883223e-03
  9.850000000000008e-01  -7.917355527287454e+05  -1.778915424284009e+05  -2.085221251330550e+05  -1.368296071794286e+05  6.624256414869926e+03  1.239548758500798e+04  4.753361691206274e-02  9.994923906091985e-03  -2.420926321593853e-03
  9.900000000000008e-01  -9.342289547054146e+05  -2.095186015758251e+05  -2.498482691284950e+05  -1.481172221029540e+05  9.178091908714541e+03  1.216062134172940e+04  5.614792499828761e-02  9.871618949699295e-03  -2.446932759813941e-03
  9.950000000000008e-01  -1.090229480936733e+06  -2.482030717202176e+05  -2.948072087812681e+05  -1.622710335933686e+05  1.146530545546642e+04  1.013108625959246e+04  6.566562439980381e-02  1.035009959747863e-02  -2.279523951704735e-03
  1.000000000000001e+00  -1.269851963868632e+06  -2.833534606691555e+05  -3.393818942171917e+05  -1.802881055982681e+05  1.239168659331921e+04  6.735520358296770e+03  7.653298640911521e-02  1.018814545361224e-02  -1.838879150681338e-03
  1.005000000000001e+00  -1.462043017760664e+06  -3.288215072019201e+05  -3.884852837936104e+05  -2.030653733623358e+05  1.348313752309939e+04  2.754562295222192e+03  8.830508913401547e-02  1.130556173564344e-02  -1.341740237463581e-03
  1.010000000000000e+00  -1.678124517876755e+06  -3.766746780576606e+05  -4.393076941638992e+05  -2.333229977121313e+05  1.309940559662350e+04  -3.097092065393622e+03  1.014823820199333e-01  1.261643334046207e-02  -5.739763956714687e-04
  1.015000000000000e+00  -1.916635506947099e+06  -4.325543831993269e+05  -4.943062211564025e+05  -2.726275800586994e+05  1.183847301445398e+04  -9.933014636835773e+03  1.160443807738548e-01  1.488499296356046e-02  3.275298835951862e-04
  1.020000000000000e+00  -2.179560156496135e+06  -4.987308909477136e+05  -5.546064470956885e+05  -3.229908606535573e+05  9.714610277097583e+03  -1.746416743912685e+04  1.321126723495919e-01  1.839226998336388e-02  1.327064515380234e-03
  1.025000000000000e+00  -2.468700116251628e+06  -5.769828424496187e+05  -6.208809580544513e+05  -3.858667484707043e+05  7.563327278724412e+03  -2.285041325348064e+04  1.498304378054405e-01  2.344314579196437e-02  2.158324585426694e-03
  1.030000000000000e+00  -2.787099708847532e+06  -6.687035734659588e+05  -6.941330428726630e+05  -4.642690107986427e+05  4.005542409710145e+03  -2.992388583844714e+04  1.692934782302620e-01  2.996726895493665e-02  3.141911160014742e-03
  1.035000000000000e+00  -3.134302775495298e+06  -7.756550730145051e+05  -7.747963590368881e+05  -5.587530062597203e+05  1.604672070377223e+02  -3.575151368240084e+04  1.905130736857148e-01  3.827666355467318e-02  3.973706200154290e-03
  1.040000000000000e+00  -3.510586407005345e+06  -8.981155390029551e+05  -8.626673917790521e+05  -6.701295366184071e+05  -3.644670163973738e+03  -3.947138911448626e+04  2.134951691619393e-01  4.839681991729785e-02  4.551328928387588e-03
  1.045000000000000e+00  -3.916989601243519e+06  -1.031835941475402e+06  -9.551233956470439e+05  -7.986281762517438e+05  -7.165496708233736e+03  -3.920876367888129e+04  2.383079503320788e-01  5.987917177890471e-02  4.763441099913544e-03
  1.050000000000000e+00  -4.349654330268108e+06  -1.183226061101301e+06  -1.055226355473924e+06  -9.445801818851181e+05  -1.030477999446929e+04  -3.745306067898626e+04  2.646837935406907e-01  7.333587981662155e-02  4.698065504435672e-03
  1.054999999999999e+00  -4.808299204532223e+06  -1.346983193583826e+06  -1.160017658190492e+06  -1.106768234123202e+06  -1.268073645594660e+04  -3.227083015986595e+04  2.926188364127225e-01  8.823507749260191e-02  4.242027385505568e-03
  1.059999999999999e+00  -5.291204425440472e+06  -1.520839485808047e+06  -1.268277071191552e+06  -1.284061399112090e+06  -1.419588624579344e+04  -2.376211314667773e+04  3.220069407226255e-01  1.043168446576035e-01  3.420199304259573e-03
  1.064999999999999e+00  -5.796426039927311e+06  -1.698875221926108e+06  -1.377163090607421e+06  -1.475131095812662e+06  -1.552169697933912e+04  -1.361442259132108e+04  3.527415621234187e-01  1.208300612756052e-01  2.467659683421968e-03
  1.069999999999999e+00  -6.320182534043827e+06  -1.884891997787466e+06  -1.488664612645911e+06  -1.677382178431138e+06  -1.532772397169403e+04  -4.025546265835313e+02  3.845587222118417e-01  1.383781971447816e-01  1.131935691706523e-03
  1.074999999999999e+00  -6.861032992524894e+06  -2.071779281284022e+06  -1.599607460771337e+06  -1.888967809907512e+06  -1.425410607367076e+04  1.440336971432008e+04  4.173814536273330e-01  1.561253694069693e-01  -3.524998704191361e-04
  1.079999999999999e+00  -7.416203671531054e+06  -2.255903990719894e+06  -1.708511646785748e+06  -2.107634345926940e+06  -1.236319292126622e+04  2.990600356043193e+04  4.510316977471998e-01  1.737178994771575e-01  -1.883058243577924e-03
  1.084999999999999e+00  -7.980059325205796e+06  -2.431745158295621e+06  -1.813575381244785e+06  -2.329728222261534e+06  -1.042192915153782e+04  4.281151125732146e+04  4.851430648578922e-01  1.905120559280124e-01  -3.173648667440385e-03
  1.089999999999999e+00  -8.553946798173992e+06  -2.598428586411005e+06  -1.913822028043570e+06  -2.554332401455294e+06  -7.040218958522085e+03  5.705673478949942e+04  5.197884152053845e-01  2.067659189750351e-01  -4.556114190905445e-03
  1.094999999999999e+00  -9.133211302652484e+06  -2.750242426904106e+06  -2.006978258079320e+06  -2.778926339236891e+06  -3.007863130782669e+03  6.960122106546052e+04  5.546615318798106e-01  2.218582665775301e-01  -5.745021301119059e-03
  1.099999999999999e+00  -9.714830033180056e+06  -2.883302041460887e+06  -2.091230562172060e+06  -3.001558498245958e+06  1.607029446006454e+03  7.980622259991083e+04  5.895519985911581e-01  2.355264855305625e-01  -6.688267504521637e-03
  1.104999999999998e+00  -1.029603969106206e+07  -2.994032392556285e+06  -2.164844536470952e+06  -3.220609371018189e+06  6.714251788450913e+03  8.718783734695602e+04  6.242640367978559e-01  2.475613430866121e-01  -7.354225336540413e-03
  1.109999999999998e+00  -1.087276810884920e+07  -3.078252729635817e+06  -2.227902305622827e+06  -3.430124885986172e+06  1.168315159452203e+04  9.014251305392559e+04  6.585097241764415e-01  2.576633375798998e-01  -7.740362431272313e-03
  1.114999999999998e+00  -1.144825773157579e+07  -3.135897602203599e+06  -2.276330775588116e+06  -3.638376950236815e+06  1.725506076431406e+04  9.148859469947394e+04  6.925005123090103e-01  2.660630634961401e-01  -7.868250710227233e-03
  1.119999999999998e+00  -1.201870985790841e+07  -3.164646173240921e+06  -2.310473552723343e+06  -3.841637138670527e+06  2.273507561971124e+04  8.952353711495647e+04  7.259560049331076e-01  2.726480329645973e-01  -7.708376996779725e-03
  1.124999999999998e+00  -1.258380624888277e+07  -3.164053853674653e+06  -2.329930989351883e+06  -4.040620833569643e+06  2.782146079855024e+04  8.431775913343471e+04  7.588306587679304e-01  2.775226476109954e-01  -7.274202618276114e-03
  1.129999999999998e+00  -1.314607865358245e+07  -3.134573613832725e+06  -2.336528232916289e+06  -4.231590372008258e+06  3.161711540997819e+04  7.618317799301556e+04  7.913217142733165e-01  2.808633214386917e-01  -6.704444779300245e-03
  1.134999999999998e+00  -1.370371124858348e+07  -3.078569981221230e+06  -2.327053872449494e+06  -4.427069058359182e+06  3.478866888832497e+04  6.546928113285353e+04  8.232096896698453e-01  2.829759889459421e-01  -5.790556774987619e-03
  1.139999999999998e+00  -1.425841044116992e+07  -2.997843270646045e+06  -2.303909418351317e+06  -4.624425249066574e+06  3.666731349367115e+04  5.234552139559068e+04  8.546100002624666e-01  2.841743320370184e-01  -4.668049597387212e-03
  1.144999999999998e+00  -1.481160452243814e+07  -2.895418446836719e+06  -2.267942906162399e+06  -4.826573308799653e+06  3.707371154781970e+04  3.729184624124480e+04  8.856006870286804e-01  2.848383857235376e-01  -3.373387713514563e-03
  1.149999999999997e+00  -1.536845996157128e+07  -2.776890352168915e+06  -2.220328111298124e+06  -5.034109393666569e+06  3.511347077763034e+04  2.197088576861449e+04  9.167129620353508e-01  2.855213923717114e-01  -2.079898007844523e-03
  1.154999999999997e+00  -1.592344928323272e+07  -2.643925671530370e+06  -2.161259703243535e+06  -5.257438473306110e+06  3.205951879371248e+04  4.851678130182394e+03  9.472273035371408e-01  2.864866536491245e-01  -5.285040230715430e-04
  1.159999999999997e+00  -1.648049525834092e+07  -2.501141082225314e+06  -2.091807061733482e+06  -5.496379917220869e+06  2.725639778424351e+04  -1.255435508206853e+04  9.775564136775136e-01  2.882348876734855e-01  1.097751014492955e-03
  1.164999999999997e+00  -1.704010251227964e+07  -2.352372323268252e+06  -2.012364945099903e+06  -5.754480400810239e+06  2.079974329579136e+04  -2.956631428286284e+04  1.007744818833854e+00  2.911596345275002e-01  2.747067041882855e-03
  1.169999999999997e+00  -1.760153691283985e+07  -2.205026559107453e+06  -1.921426432014590e+06  -6.035465763671352e+06  1.244766260778216e+04  -4.353335888465174e+04  1.038171661271065e+00  2.958271378311331e-01  4.160860335991652e-03
  1.174999999999997e+00  -1.816299390823464e+07  -2.056180310723622e+06  -1.822029529302669e+06  -6.342777940292924e+06  3.800344018184923e+03  -5.737070868916531e+04  1.068007520131458e+00  3.022408147965267e-01  5.630659383257862e-03
  1.179999999999997e+00  -1.872350724038241e+07  -1.911521706601421e+06  -1.712626592943244e+06  -6.677973803784394e+06  -5.118648329690533e+03  -6.858978588321331e+04  1.097574248089593e+00  3.107712830737979e-01  6.883214702854101e-03
  1.184999999999997e+00  -1.928095849068380e+07  -1.774847312862000e+06  -1.593432981218956e+06  -7.043284788526486e+06  -1.365103085656981e+04  -7.654922377209224e+04  1.126791362189352e+00  3.216858337392647e-01  7.839210390500596e-03
  1.189999999999997e+00  -1.983304696173927e+07  -1.650604125433277e+06  -1.465099650365222e+06  -7.440707152999799e+06  -2.120001711425263e+04  -8.080782293663881e+04  1.155583695856042e+00  3.352681651787836e-01  8.446352442326594e-03
  1.194999999999997e+00  -2.036874668019298e+07  -1.549736905553145e+06  -1.327727247126901e+06  -7.875327725300262e+06  -2.767321401073980e+04  -7.976734161795359e+04  1.183905316187421e+00  3.522876263920429e-01  8.541961612443701e-03
  1.199999999999996e+00  -2.089999726489968e+07  -1.463821553953827e+06  -1.184049326750929e+06  -8.341283294959931e+06  -3.190789269910199e+04  -7.636200611980396e+04  1.211449822913785e+00  3.720142906774042e-01  8.427341791153238e-03
  1.204999999999996e+00  -2.141682778381249e+07  -1.403029885108712e+06  -1.033918468678239e+06  -8.841744956108743e+06  -3.411859577560831e+04  -6.903845222554346e+04  1.238226955815355e+00  3.950022146335040e-01  7.957133475299740e-03
  1.209999999999996e+00  -2.191551912823895e+07  -1.371170767440983e+06  -8.784389482201263e+05  -9.376173088080907e+06  -3.418589543020544e+04  -5.802254650296556e+04  1.264070926541051e+00  4.213385439555383e-01  7.162120795085578e-03
  1.214999999999996e+00  -2.238205322450852e+07  -1.373316549302547e+06  -7.198185399537494e+05  -9.945152358416129e+06  -3.251102822582141e+04  -4.347465513939464e+04  1.288570731836734e+00  4.512869513205647e-01  6.013618671010333e-03
  1.219999999999996e+00  -2.283321485222171e+07  -1.405339578468973e+06  -5.576508353506662e+05  -1.054175243971030e+07  -2.825646761697430e+04  -2.681437166174003e+04  1.311917217015457e+00  4.841430714124471e-01  4.728947382838516e-03
  1.224999999999996e+00  -2.325627245324667e+07  -1.473553456785836e+06  -3.945436892076626e+05  -1.116560747288625e+07  -2.215064348638890e+04  -8.176166353515972e+03  1.333823235795477e+00  5.200988378100306e-01  3.281538914460183e-03
  1.229999999999996e+00  -2.364865027327459e+07  -1.579555053088340e+06  -2.323954201156908e+05  -1.181309409778244e+07  -1.447793445968909e+04  1.159552215873822e+04  1.354143649266717e+00  5.589561884290062e-01  1.736283497855970e-03
  1.234999999999996e+00  -2.400174344070389e+07  -1.716358959825633e+06  -7.343343171454493e+04  -1.247832664370521e+07  -5.376851315344038e+03  3.174070733292529e+04  1.372341774430975e+00  6.001420114516983e-01  6.382779687661070e-05
  1.239999999999996e+00  -2.432754424732931e+07  -1.895622441548628e+06  8.269090243444865e+04  -1.315821802835289e+07  4.977223565602822e+03  5.131699325085538e+04  1.388928879042499e+00  6.437235968464144e-01  -1.530524169928208e-03
  1.244999999999995e+00  -2.461791178873007e+07  -2.113836302706072e+06  2.327029592241830e+05  -1.384697763387880e+07  1.612442735640173e+04  6.950797964489827e+04  1.403458477324549e+00  6.892507260168128e-01  -3.079464407949343e-03
  1.249999999999995e+00  -2.487210863759041e+07  -2.370508983582581e+06  3.748570369885494e+05  -1.453882941777196e+07  2.780296783870534e+04  8.554361674197196e+04  1.415772094931307e+00  7.363432904169388e-01  -4.547173784630363e-03
  1.254999999999995e+00  -2.508986574740529e+07  -2.648575449573198e+06  5.088037209238034e+05  -1.522370164631261e+07  4.093015550473807e+04  9.973909377335919e+04  1.425305540272908e+00  7.838648207798875e-01  -5.975977793743408e-03
  1.259999999999995e+00  -2.527203966832011e+07  -2.975957299460132e+06  6.316161887659291e+05  -1.590298410911747e+07  5.309499302409800e+04  1.097762596129725e+05  1.432699421165293e+00  8.327286764067586e-01  -7.160200233345389e-03
  1.264999999999995e+00  -2.541662736179786e+07  -3.337840540138136e+06  7.425339003693627e+05  -1.656709652114794e+07  6.463436156829674e+04  1.159908336417718e+05  1.437398447874973e+00  8.819577902627050e-01  -8.147064056245846e-03
  1.269999999999995e+00  -2.552293935976565e+07  -3.731866445887073e+06  8.409672115981154e+05  -1.720993936091576e+07  7.504926226462747e+04  1.181565727006949e+05  1.439223950671300e+00  9.311590312232997e-01  -8.890736424423616e-03
  1.274999999999995e+00  -2.560156395337959e+07  -4.139939120676208e+06  9.279596424530083e+05  -1.782355576965428e+07  8.612410682677967e+04  1.183064388344963e+05  1.437945849201817e+00  9.792191905923774e-01  -9.380730013245809e-03
  1.279999999999995e+00  -2.563451776431590e+07  -4.590961823053776e+06  1.000379992559995e+06  -1.840816425890537e+07  9.320979288141929e+04  1.127925983032316e+05  1.433804915734145e+00  1.027201884308181e+00  -9.515675488787911e-03
  1.284999999999995e+00  -2.562983293003388e+07  -5.065363512984010e+06  1.059884589110689e+06  -1.895581427634706e+07  9.780060781478147e+04  1.038069493330386e+05  1.426565271218586e+00  1.074008311299089e+00  -9.324388915815239e-03
  1.289999999999994e+00  -2.558867174692064e+07  -5.558157941331539e+06  1.107283642472903e+06  -1.946188454421221e+07  9.969524994511029e+04  9.189072809841797e+04  1.416237589610453e+00  1.119176581809134e+00  -8.841424539068278e-03
  1.294999999999994e+00  -2.551309012631063e+07  -6.064023456555812e+06  1.143485629646764e+06  -1.992231191806072e+07  9.898935928783537e+04  7.766471665179005e+04  1.402896991992461e+00  1.162247772038376e+00  -8.148397264963738e-03
  1.299999999999994e+00  -2.542915323543936e+07  -6.574193842130659e+06  1.169310446804173e+06  -2.034003030961202e+07  9.969609243490208e+04  6.442542433248467e+04  1.387042270243222e+00  1.202606018308720e+00  -7.378849145626844e-03
  1.304999999999994e+00  -2.529642890753822e+07  -7.095410171313933e+06  1.184417952769617e+06  -2.070277459560307e+07  9.491466093845318e+04  4.748018950468962e+04  1.368284265242668e+00  1.240518932706316e+00  -6.525031630382232e-03
  1.309999999999994e+00  -2.514110154987730e+07  -7.616272055652289e+06  1.189421569346436e+06  -2.101293908538471e+07  8.867625182210197e+04  3.007500437688429e+04  1.347205732947786e+00  1.275343236453137e+00  -5.741137556113541e-03
  1.314999999999994e+00  -2.496904315908808e+07  -8.133202233706341e+06  1.183967068786190e+06  -2.127000586015935e+07  8.133136873259254e+04  1.270451609566983e+04  1.324162179716295e+00  1.306867196113172e+00  -5.065208371535495e-03
  1.319999999999994e+00  -2.480838326067145e+07  -8.652098255346689e+06  1.165576961610849e+06  -2.148731380115274e+07  7.615805895537735e+04  -2.726010368827270e+03  1.299780985054477e+00  1.335453594057082e+00  -4.242228452094789e-03
  1.324999999999994e+00  -2.461958582020809e+07  -9.156968934676701e+06  1.135573944697069e+06  -2.164130718530401e+07  6.688385738309858e+04  -1.954784749721241e+04  1.273897381480884e+00  1.360240682698252e+00  -3.649371437985038e-03
  1.329999999999994e+00  -2.443121644570700e+07  -9.650797629167033e+06  1.091911698830712e+06  -2.174532401660800e+07  5.694197546253838e+04  -3.545751206470397e+04  1.247211869540065e+00  1.381513005116496e+00  -3.056116629879746e-03
  1.334999999999994e+00  -2.424868641719233e+07  -1.013195529301096e+07  1.033663527088057e+06  -2.180210807906159e+07  4.636060406405081e+04  -5.009728378573154e+04  1.220148376532735e+00  1.399293036061961e+00  -2.387305721265077e-03
  1.339999999999993e+00  -2.408983025163482e+07  -1.061607822306520e+07  9.582837335238855e+05  -2.183009377051689e+07  3.684561786726429e+04  -6.410169714988125e+04  1.193071117452167e+00  1.414646998867020e+00  -1.281180384442211e-03
  1.344999999999993e+00  -2.392819378082859e+07  -1.106881980581661e+07  8.708442412100105e+05  -2.180248329427062e+07  2.454711993171357e+04  -7.617315473113641e+04  1.166330444981444e+00  1.425725353717986e+00  -3.326249265449353e-04
  1.349999999999993e+00  -2.378145213429825e+07  -1.150267292940788e+07  7.712459586529983e+05  -2.173799652050239e+07  1.191650607779646e+04  -8.620646331151169e+04  1.140289941736657e+00  1.433452199599539e+00  7.600418964706515e-04
  1.354999999999993e+00  -2.365005489609677e+07  -1.191530240261622e+07  6.623288417771359e+05  -2.164072455992668e+07  -6.327702471199699e+02  -9.385127291465351e+04  1.115245535268477e+00  1.437884495669998e+00  1.920429838408759e-03
  1.359999999999993e+00  -2.353791495664994e+07  -1.232376419072115e+07  5.451079997179495e+05  -2.152773476765820e+07  -1.226120077010314e+04  -1.016387545003667e+05  1.090969211399061e+00  1.440255712004940e+00  3.167395699945431e-03
  1.364999999999993e+00  -2.343687526847746e+07  -1.268808149524023e+07  4.263890121431032e+05  -2.137649229714458e+07  -2.394523206891595e+04  -1.038329633243809e+05  1.068486404913393e+00  1.438295345100433e+00  4.090861522134419e-03
  1.369999999999993e+00  -2.335513215778160e+07  -1.302602292946063e+07  3.063926400297161e+05  -2.120505623044222e+07  -3.442138646338451e+04  -1.025784567473666e+05  1.047558499013977e+00  1.433212310165565e+00  4.714252772392099e-03
  1.374999999999993e+00  -2.329565854168146e+07  -1.333818912943685e+07  1.856800453944180e+05  -2.101734001546545e+07  -4.327646966907151e+04  -9.788352069844570e+04  1.028201930965293e+00  1.425171525395143e+00  4.940664656428499e-03
  1.379999999999993e+00  -2.326102131090360e+07  -1.362620188447502e+07  6.372156082732338e+04  -2.081667623994922e+07  -5.006377238976935e+04  -9.005707307882997e+04  1.010361166998860e+00  1.414418202975549e+00  4.740635250758887e-03
  1.384999999999992e+00  -2.323600729547420e+07  -1.390320087029708e+07  -6.109870529591504e+04  -2.060746134443409e+07  -5.599856380495116e+04  -8.420458799867712e+04  9.930971512723078e-01  1.402255219251389e+00  4.502911534938550e-03
  1.389999999999992e+00  -2.324937858944848e+07  -1.414531266873541e+07  -1.870517901575603e+05  -2.038557786077521e+07  -5.840838474643954e+04  -7.203589586218787e+04  9.780422163286855e-01  1.386772568808866e+00  3.666283534480549e-03
  1.394999999999992e+00  -2.328833326165471e+07  -1.436807025889988e+07  -3.160493675120099e+05  -2.015738634525162e+07  -5.821371630672679e+04  -5.868381942197524e+04  9.642262353861907e-01  1.369373300763348e+00  2.659898506552982e-03
  1.399999999999992e+00  -2.335000889754154e+07  -1.457223347075724e+07  -4.476973197098720e+05  -1.992426492465818e+07  -5.547689573188513e+04  -4.477985148680064e+04  9.515426115049636e-01  1.350303364733904e+00  1.611797361401831e-03
  1.404999999999992e+00  -2.340386693490191e+07  -1.475653215335170e+07  -5.788608948449814e+05  -1.967988152327516e+07  -5.391153556374383e+04  -3.549880227533438e+04  9.394224450378772e-01  1.330017949027759e+00  9.082427603721881e-04
  1.409999999999992e+00  -2.349937673944516e+07  -1.492059983958464e+07  -7.124895471135810e+05  -1.943805779013242e+07  -4.735006813598024e+04  -2.186884998715390e+04  9.289093083176513e-01  1.307944094369500e+00  2.613666533557948e-05
  1.414999999999992e+00  -2.360702496534464e+07  -1.506694778114225e+07  -8.458124407578453e+05  -1.919499993082174e+07  -3.894779516483007e+04  -8.850551631318189e+03  9.193164387491616e-01  1.284837404481596e+00  -6.924666133077970e-04
  1.419999999999992e+00  -2.372258890873646e+07  -1.519615629689617e+07  -9.773284046021921e+05  -1.895214123344687e+07  -2.907360368562018e+04  3.342993974267395e+03  9.106208908946987e-01  1.260912659199340e+00  -1.249294041297133e-03
  1.424999999999992e+00  -2.382116602979483e+07  -1.529676041497530e+07  -1.100901350143963e+06  -1.869832579752710e+07  -2.277939292970498e+04  9.970726563585067e+03  9.030037996726015e-01  1.235608908191353e+00  -1.486723131996345e-03
  1.429999999999992e+00  -2.394299834229031e+07  -1.539078902529239e+07  -1.222758456174965e+06  -1.846006962634570e+07  -1.157612570806016e+04  2.070383143409064e+04  8.964731969484874e-01  1.210265965257547e+00  -1.741000204334581e-03
  1.434999999999991e+00  -2.406097976560393e+07  -1.547091108581875e+07  -1.337811943982340e+06  -1.822789504381201e+07  -8.885558978201138e+02  3.082300861769499e+04  8.910701985723423e-01  1.184590875580103e+00  -1.826557202354428e-03
  1.439999999999991e+00  -2.417441562132863e+07  -1.554038394424032e+07  -1.446131797769033e+06  -1.800281335833980e+07  8.943114672609343e+03  3.977579914911331e+04  8.867463079150363e-01  1.158804328902150e+00  -1.785090188706853e-03
  1.444999999999991e+00  -2.428176651183831e+07  -1.558949895535642e+07  -1.546495087295815e+06  -1.776701131110261e+07  1.592079385280707e+04  4.432541998797782e+04  8.837211097799356e-01  1.132189341479472e+00  -1.614485780974792e-03
  1.449999999999991e+00  -2.439431675651770e+07  -1.564984301637951e+07  -1.645375807318634e+06  -1.755486961667883e+07  2.502697145345771e+04  5.054689086825727e+04  8.811639036338665e-01  1.106979046795105e+00  -1.412642843217045e-03
  1.454999999999991e+00  -2.450765767657387e+07  -1.571109910645388e+07  -1.741555722465170e+06  -1.734816058633636e+07  3.391849283599736e+04  5.398754409161522e+04  8.790795209131188e-01  1.082496345183241e+00  -1.079707102586834e-03
  1.459999999999991e+00  -2.462306308127505e+07  -1.577450717715035e+07  -1.834872291916304e+06  -1.714501842108985e+07  4.287912903026192e+04  5.449262975544570e+04  8.772774076938936e-01  1.058899303072031e+00  -5.360865409375472e-04
  1.464999999999991e+00  -2.473987110477203e+07  -1.583934978382838e+07  -1.923873826303654e+06  -1.694397302759397e+07  5.188816811671179e+04  5.264891721547097e+04  8.756719287935699e-01  1.036220584905580e+00  2.901746084449755e-04
  1.469999999999991e+00  -2.485978947255718e+07  -1.589031640273292e+07  -2.006894839829352e+06  -1.673451380752632e+07  5.897847052088042e+04  5.228158751972927e+04  8.753928882681524e-01  1.013208483572887e+00  1.002365526938334e-03
  1.474999999999991e+00  -2.497666313148353e+07  -1.595484786542825e+07  -2.086738563689028e+06  -1.653920831164548e+07  6.760879789411691e+04  4.789732552434173e+04  8.742149102532384e-01  9.922050107147884e-01  2.070496896137226e-03
  1.479999999999990e+00  -2.509239743621349e+07  -1.601676058498793e+07  -2.162911049596700e+06  -1.634495743403024e+07  7.583846902946440e+04  4.153929252070900e+04  8.731086970584059e-01  9.718991392884935e-01  3.015780401156302e-03
  1.484999999999990e+00  -2.520777301589384e+07  -1.607518919414084e+07  -2.236626729477193e+06  -1.615157877862854e+07  8.367431163629262e+04  3.312805337979094e+04  8.720310975340781e-01  9.522214439972845e-01  3.659539931304971e-03
  1.489999999999990e+00  -2.532869688523548e+07  -1.612399669412427e+07  -2.308512030646448e+06  -1.595930886439476e+07  8.986579872860979e+04  2.941438317375808e+04  8.720857238850047e-01  9.322986870098434e-01  3.649134621980020e-03
  1.494999999999990e+00  -2.544376487697480e+07  -1.617567422553694e+07  -2.377702619872138e+06  -1.577100638695181e+07  9.633796480850005e+04  1.960064632037251e+04  8.711084061150537e-01  9.138435644369601e-01  3.644160620524874e-03
  1.499999999999990e+00  -2.555787819274046e+07  -1.622053128593463e+07  -2.443372079815709e+06  -1.558471744251343e+07  1.012406007241090e+05  1.070432635749878e+04  8.703267351030692e-01  8.958008802585233e-01  3.398162634038991e-03
  1.504999999999990e+00  -2.567226653068180e+07  -1.625823146335433e+07  -2.505585081320466e+06  -1.540103152517611e+07  1.042688383090332e+05  3.913571530877852e+03  8.697533148318040e-01  8.781344541577650e-01  2.969003699567495e-03
  1.509999999999990e+00  -2.579647727226370e+07  -1.629586297228566e+07  -2.567868425473005e+06  -1.522543565370597e+07  1.072257171333243e+05  3.109544898208339e+03  8.697933038567861e-01  8.605914992060714e-01  1.964661232831947e-03
  1.514999999999990e+00  -2.591624473280990e+07  -1.632227299496812e+07  -2.624995483220754e+06  -1.504939598707085e+07  1.073846085691184e+05  6.984522652948966e+02  8.694241149605491e-01  8.437559785978662e-01  1.208666012631407e-03
  1.519999999999990e+00  -2.604093165435703e+07  -1.634070697764311e+07  -2.679875504439188e+06  -1.487735405184772e+07  1.060817861777911e+05  6.775509401874117e+02  8.692685251034773e-01  8.271381154038876e-01  2.911925447245571e-04
  1.524999999999989e+00  -2.617163045581142e+07  -1.635073909185702e+07  -2.732698935881055e+06  -1.470986996037015e+07  1.036080773973724e+05  2.427724804820934e+03  8.693715778517369e-01  8.106681091839508e-01  -7.491088556693704e-04
  1.529999999999989e+00  -2.631199317719079e+07  -1.636521795680137e+07  -2.787230012673219e+06  -1.455394717178530e+07  1.033802525021033e+05  5.820580641013941e+03  8.696502663905846e-01  7.945548952402169e-01  -1.996364093740160e-03
  1.534999999999989e+00  -2.645471372336431e+07  -1.635816183448759e+07  -2.836989672236566e+06  -1.439692608694227e+07  9.885683074549396e+04  9.104997657504977e+03  8.701793783953197e-01  7.783975204918575e-01  -2.923006106076212e-03
  1.539999999999989e+00  -2.660524040624512e+07  -1.634140964846155e+07  -2.885953392250240e+06  -1.424532196782613e+07  9.319752505668857e+04  1.264016465608803e+04  8.709792798179208e-01  7.622939182281296e-01  -3.669974026161105e-03
  1.544999999999989e+00  -2.676360271095328e+07  -1.631496599867147e+07  -2.934537942831160e+06  -1.409936636922763e+07  8.639495800901274e+04  1.603671361883935e+04  8.720246381465158e-01  7.462572931466793e-01  -4.135478896348959e-03
  1.549999999999989e+00  -2.692512079481459e+07  -1.629278446165292e+07  -2.986652923471154e+06  -1.396578134278188e+07  8.150481619273277e+04  1.904458481328684e+04  8.727881197822271e-01  7.308553810761425e-01  -4.362302114848397e-03
  1.554999999999989e+00  -2.709493174515121e+07  -1.624653918720035e+07  -3.035330680520380e+06  -1.383174143691557e+07  7.226324069401770e+04  2.145365713431529e+04  8.741535216817219e-01  7.150327799442598e-01  -4.130644935376931e-03
  1.559999999999989e+00  -2.727034085953310e+07  -1.619138417795844e+07  -3.084936641752293e+06  -1.370373748847159e+07  6.234432845213058e+04  2.306522730092895e+04  8.756584311273995e-01  6.993455689632158e-01  -3.597555419816980e-03
  1.564999999999989e+00  -2.745034558882521e+07  -1.612840173840420e+07  -3.135753396302273e+06  -1.358160258187507e+07  5.215966204714663e+04  2.380612220574392e+04  8.772111833426921e-01  6.838730203135577e-01  -2.842281236334411e-03
  1.569999999999989e+00  -2.763327838048399e+07  -1.605849216449835e+07  -3.187439687789276e+06  -1.346522641008884e+07  4.205040845975302e+04  2.378091291360816e+04  8.787594235546222e-01  6.686798055791900e-01  -1.942170539165264e-03
  1.574999999999988e+00  -2.780917415153975e+07  -1.599194558175698e+07  -3.241098780488805e+06  -1.335987850685335e+07  3.327990882114264e+04  2.199862192622044e+04  8.796215883386286e-01  6.543580583642694e-01  -1.033117059513869e-03
  1.579999999999988e+00  -2.799140853764947e+07  -1.590916589829003e+07  -3.292124287823314e+06  -1.325475071231543e+07  2.335072060962227e+04  2.038095729980134e+04  8.811876729259729e-01  6.398046030457211e-01  -2.254673304688441e-05
  1.584999999999988e+00  -2.817016037834150e+07  -1.582214456964467e+07  -3.341965548690548e+06  -1.315535109241119e+07  1.414591297543000e+04  1.833793073503301e+04  8.828498814351244e-01  6.256615846165838e-01  9.616353643686581e-04
  1.589999999999988e+00  -2.834365945645735e+07  -1.573239335901679e+07  -3.390342250838347e+06  -1.306156166324099e+07  5.938795602526242e+03  1.583952448844867e+04  8.846496548646908e-01  6.119945932224322e-01  1.871882993510590e-03
  1.594999999999988e+00  -2.850645329863626e+07  -1.564609700699160e+07  -3.439321767990059e+06  -1.297709611757587e+07  -2.457208894737978e+03  1.077366358470909e+04  8.859267511643417e-01  5.992673954815059e-01  2.625254019929544e-03
  1.599999999999988e+00  -2.866755647232236e+07  -1.555379382997416e+07  -3.485336920738208e+06  -1.289371415901995e+07  -8.709483009624691e+03  6.847487302083998e+03  8.880651306876046e-01  5.866447842235504e-01  3.240383729083118e-03
  1.604999999999988e+00  -2.882106507150602e+07  -1.546316182402013e+07  -3.531220987325394e+06  -1.281550016266037e+07  -1.318679657618209e+04  1.984988953030586e+03  8.904169991272128e-01  5.746444698453251e-01  3.626753602016140e-03
  1.609999999999988e+00  -2.896599882635935e+07  -1.537464789397190e+07  -3.577290735962138e+06  -1.274260439343706e+07  -1.591373379160857e+04  -3.743716951456716e+03  8.930509295322332e-01  5.632475239809167e-01  3.799761200224737e-03
  1.614999999999988e+00  -2.910124879886867e+07  -1.528444806191535e+07  -3.622593205611604e+06  -1.267780934207344e+07  -2.107987706729948e+04  -1.103365985135142e+04  8.954030709867397e-01  5.524170492419862e-01  3.910018103525874e-03
  1.619999999999987e+00  -2.922814138014736e+07  -1.519722637298560e+07  -3.668355269521838e+06  -1.261569950252041e+07  -2.122358950383044e+04  -1.727582591902144e+04  8.987353227303967e-01  5.419369871822152e-01  3.805334485802100e-03
  1.624999999999987e+00  -2.934547525307365e+07  -1.511129037767757e+07  -3.714304071210921e+06  -1.255931874559117e+07  -2.003916605911772e+04  -2.334682815151374e+04  9.023873347785378e-01  5.318816577422685e-01  3.619139988238457e-03
  1.629999999999987e+00  -2.945360439829314e+07  -1.502588483182245e+07  -3.759811821992006e+06  -1.250872712003300e+07  -1.780870822569221e+04  -2.883054272843997e+04  9.062867772800379e-01  5.221549594243906e-01  3.385719649381010e-03
  1.634999999999987e+00  -2.955594589407829e+07  -1.493081947035682e+07  -3.801494474304823e+06  -1.246414089599782e+07  -1.874197876407555e+04  -3.391262851931804e+04  9.098501105811787e-01  5.123655855516375e-01  3.146711261385454e-03
  1.639999999999987e+00  -2.964674301029985e+07  -1.484280589752429e+07  -3.843036873612524e+06  -1.242418470999287e+07  -1.490993103028891e+04  -3.669034471515278e+04  9.140623053488193e-01  5.029326225766698e-01  2.889674608384527e-03
  1.644999999999987e+00  -2.972918061834841e+07  -1.475361882883814e+07  -3.881437841656883e+06  -1.238949061053702e+07  -1.106552816722157e+04  -3.748758939084769e+04  9.182168428777464e-01  4.935419934309703e-01  2.686423082366594e-03
  1.649999999999987e+00  -2.980433929746102e+07  -1.466348245607609e+07  -3.916666687207160e+06  -1.235944001902855e+07  -7.650773023705096e+03  -3.623725567750605e+04  9.221258424518154e-01  4.841326909497727e-01  2.544210404107030e-03
  1.654999999999987e+00  -2.987395043005780e+07  -1.457330555701303e+07  -3.949446649538445e+06  -1.233304315210014e+07  -4.994377029343514e+03  -3.325363780442791e+04  9.255556283439211e-01  4.746998197598610e-01  2.440912736596082e-03
  1.659999999999987e+00  -2.994499575840401e+07  -1.447711615100504e+07  -3.978762158438298e+06  -1.230459705356040e+07  -3.770540971026330e+03  -2.926920805950896e+04  9.282343164487182e-01  4.652955847783628e-01  2.367634849250027e-03
  1.664999999999986e+00  -3.000931128375410e+07  -1.439204022571376e+07  -4.008956813964711e+06  -1.228037661476338e+07  -2.301753089459387e+03  -2.396029079273263e+04  9.301438545913382e-01  4.560911417776516e-01  2.299953998385724e-03
  1.669999999999986e+00  -3.007347632574895e+07  -1.431118856551216e+07  -4.039278335005112e+06  -1.225548914727188e+07  -1.753317778115891e+03  -1.867798638836397e+04  9.309139931646312e-01  4.470884160862458e-01  2.176765587063284e-03
  1.674999999999986e+00  -3.013750492458607e+07  -1.423471478503481e+07  -4.069614810289449e+06  -1.222883043041501e+07  -1.865892521023278e+03  -1.385750706486019e+04  9.304915561368388e-01  4.383313528347461e-01  1.997038517654196e-03
  1.679999999999986e+00  -3.020293870643941e+07  -1.415662177919305e+07  -4.095222656335992e+06  -1.219485803969190e+07  -1.669795416929147e+03  -7.540616633873025e+03  9.294748764805717e-01  4.298827370791887e-01  2.024305106748851e-03
  1.684999999999986e+00  -3.026323318085321e+07  -1.408688152765240e+07  -4.123082347527782e+06  -1.216324942440031e+07  -2.035083362619059e+03  -3.772771758565817e+03  9.270003537918541e-01  4.215690004294346e-01  1.842510637271997e-03
  1.689999999999986e+00  -3.031994004704243e+07  -1.401825763965150e+07  -4.148361128846458e+06  -1.212911015752333e+07  -2.134099649080198e+03  -9.601323544952244e+02  9.236332038866794e-01  4.134111836900365e-01  1.705182222334342e-03
  1.694999999999986e+00  -3.037275243477776e+07  -1.394967542356260e+07  -4.170447448225624e+06  -1.209255000166739e+07  -1.706866609539231e+03  1.002868838290664e+03  9.194951922416246e-01  4.053757895626192e-01  1.663903941092901e-03
  1.699999999999986e+00  -3.042476386789947e+07  -1.387705363615424e+07  -4.186883406247158e+06  -1.205045134054275e+07  -2.669072642904690e+02  4.890991333807696e+03  9.153157815290562e-01  3.974603306395000e-01  1.833382277970962e-03
  1.704999999999986e+00  -3.047021337413405e+07  -1.380558036657778e+07  -4.202455015526531e+06  -1.201101350086252e+07  1.083257061237030e+03  5.568319682927123e+03  9.100488749705881e-01  3.895010193210106e-01  2.017898354799810e-03
  1.709999999999986e+00  -3.051240546849869e+07  -1.373056461441850e+07  -4.214432985165432e+06  -1.197131993486933e+07  2.494861752681361e+03  5.955275937482989e+03  9.044480492020119e-01  3.814744643070666e-01  2.359594631018157e-03
  1.714999999999985e+00  -3.055186835387028e+07  -1.365077823142780e+07  -4.223074916923995e+06  -1.193256399964263e+07  3.506864567177187e+03  6.126498275175389e+03  8.986941504139164e-01  3.732871990748675e-01  2.820929666127426e-03
  1.719999999999985e+00  -3.059236757280098e+07  -1.356452821084976e+07  -4.228447828483116e+06  -1.189291674874724e+07  4.772518670115946e+03  7.383766334820260e+03  8.934564339334899e-01  3.649751435554265e-01  3.288613929699795e-03
  1.724999999999985e+00  -3.062970172795172e+07  -1.347387808355224e+07  -4.232391004139663e+06  -1.185888811215783e+07  4.190964653164806e+03  6.520074539198905e+03  8.877797333410646e-01  3.563394352328376e-01  3.824387176296861e-03
  1.729999999999985e+00  -3.066817601374327e+07  -1.337750766020938e+07  -4.234886595852412e+06  -1.182820187782271e+07  2.292784251406603e+03  5.055474162481905e+03  8.822866216010875e-01  3.474721450408837e-01  4.296772131020390e-03
  1.734999999999985e+00  -3.070930901403221e+07  -1.327623253875189e+07  -4.236512637536737e+06  -1.180090916575461e+07  -8.689352947860807e+02  2.892488915762125e+03  8.770273938620913e-01  3.384710638057619e-01  4.657266449592370e-03
  1.739999999999985e+00  -3.075437807037918e+07  -1.317144585519727e+07  -4.237575845973205e+06  -1.177656628828624e+07  -4.985956812119427e+03  1.693981724109741e+02  8.720301613804430e-01  3.295074973267902e-01  4.900490372972240e-03
  1.744999999999985e+00  -3.080654748026713e+07  -1.306655393409850e+07  -4.238177778751167e+06  -1.175090731010664e+07  -7.198318525719813e+03  -2.749490250708408e+03  8.675718142745081e-01  3.209468512519912e-01  5.210197892029717e-03
  1.749999999999985e+00  -3.086108829363628e+07  -1.295993787385071e+07  -4.238596563889514e+06  -1.173047330054616e+07  -1.181351319201366e+04  -5.741744545783215e+03  8.630838930707884e-01  3.125973019480530e-01  5.321501696033433e-03
  1.754999999999985e+00  -3.092012925310593e+07  -1.285471671706096e+07  -4.238400653708730e+06  -1.171084183480963e+07  -1.589681179501973e+04  -7.841448418389681e+03  8.588876405963375e-01  3.048705618584690e-01  5.396671443655745e-03
  1.759999999999984e+00  -3.098266872364759e+07  -1.275191738665802e+07  -4.237403100798866e+06  -1.169163776759296e+07  -1.886875784035500e+04  -8.679840889987443e+03  8.549968935059814e-01  2.978820941233979e-01  5.432629100510646e-03
  1.764999999999984e+00  -3.104790933021528e+07  -1.265128897903642e+07  -4.236930068956625e+06  -1.167254742321359e+07  -1.942854521044185e+04  -9.859385500629252e+03  8.515596762328295e-01  2.912746085030880e-01  5.467995761733195e-03
  1.769999999999984e+00  -3.111084735260440e+07  -1.255200335807973e+07  -4.233817781192261e+06  -1.165640065645467e+07  -1.967677394287947e+04  -8.070253169048937e+03  8.484269632880190e-01  2.855462454254207e-01  5.304279910803890e-03
  1.774999999999984e+00  -3.116991053668877e+07  -1.245275231156258e+07  -4.228867036273061e+06  -1.164301120762564e+07  -1.824593992624482e+04  -4.838783967439799e+03  8.458488020144945e-01  2.802952071246969e-01  5.004009327684169e-03
  1.779999999999984e+00  -3.122250809898264e+07  -1.235159227560410e+07  -4.221920229521184e+06  -1.163385501206909e+07  -1.550215154723679e+04  -3.785501447390074e+02  8.439137063746915e-01  2.752784595969756e-01  4.555691151945389e-03
  1.784999999999984e+00  -3.126844052139713e+07  -1.224592590780817e+07  -4.214736098637528e+06  -1.163132439134026e+07  -1.235973965368459e+04  3.544357505531746e+03  8.425244314716713e-01  2.698454215937532e-01  4.057467459558553e-03
  1.789999999999984e+00  -3.130507239878270e+07  -1.213712983513364e+07  -4.203984301753161e+06  -1.163385373384958e+07  -8.783964426638833e+03  1.002079019293743e+04  8.418015868063593e-01  2.647728824233530e-01  3.395684150854629e-03
  1.794999999999984e+00  -3.133483749596471e+07  -1.202395178700278e+07  -4.192164880106728e+06  -1.164251574667773e+07  -5.673935397867745e+03  1.685154424025291e+04  8.415385099341498e-01  2.594678219233222e-01  2.709117127631016e-03
  1.799999999999984e+00  -3.136023152417165e+07  -1.190734331693871e+07  -4.180029981212667e+06  -1.165666886420539e+07  -3.533856797266650e+03  2.366333557308442e+04  8.415236956450897e-01  2.539232753785646e-01  2.081194121656603e-03
  1.804999999999984e+00  -3.138444849532957e+07  -1.179016748700748e+07  -4.168737668178435e+06  -1.167588543746990e+07  -2.433793862491777e+03  3.052871006516140e+04  8.414566184062922e-01  2.482125976369117e-01  1.640352109087643e-03
  1.809999999999983e+00  -3.140932084275160e+07  -1.167274787654955e+07  -4.157764846992458e+06  -1.169725831179591e+07  -2.666741961237836e+03  3.687659228588104e+04  8.413331601890973e-01  2.425609085899420e-01  1.321324231565999e-03
  1.814999999999983e+00  -3.143797299937287e+07  -1.155773669399777e+07  -4.148106058184532e+06  -1.172010825137864e+07  -4.013110019800596e+03  4.236495296441293e+04  8.408948691297435e-01  2.369932145953257e-01  1.240680636747621e-03
  1.819999999999983e+00  -3.147136779297175e+07  -1.144674594011501e+07  -4.139625658172093e+06  -1.174333036580414e+07  -6.104828708384940e+03  4.692920470358207e+04  8.401002236722221e-01  2.316316786877936e-01  1.399383864258200e-03
  1.824999999999983e+00  -3.150468247779414e+07  -1.134160752159767e+07  -4.131815664759235e+06  -1.176846199306350e+07  -8.421932620626289e+03  5.168241839493717e+04  8.391276927601607e-01  2.266260518389999e-01  1.673925509579087e-03
  1.829999999999983e+00  -3.154421173517662e+07  -1.124035078761244e+07  -4.124435706690465e+06  -1.179177418882326e+07  -1.097012585708925e+04  5.430097499448861e+04  8.378306597186645e-01  2.218137363964545e-01  2.155668669339380e-03
  1.834999999999983e+00  -3.158397776171330e+07  -1.114346520802449e+07  -4.116497366250554e+06  -1.181532831686044e+07  -1.318002766993749e+04  5.620468809829258e+04  8.364962274597076e-01  2.172427068215735e-01  2.722424020419012e-03
  1.839999999999983e+00  -3.162104111115565e+07  -1.104989298565256e+07  -4.107348017283297e+06  -1.183991984762352e+07  -1.490850872967815e+04  5.764197489914410e+04  8.352897938765252e-01  2.128334352389352e-01  3.300240245355913e-03
  1.844999999999983e+00  -3.165267990363922e+07  -1.095838888544681e+07  -4.096571598192102e+06  -1.186645360279947e+07  -1.618661023104049e+04  5.880828810077060e+04  8.343310120200629e-01  2.084861759319291e-01  3.821585573802813e-03
  1.849999999999983e+00  -3.167399039091004e+07  -1.086853858094369e+07  -4.085582624965849e+06  -1.189807462501444e+07  -1.787858722623679e+04  5.920566357292994e+04  8.334348949170770e-01  2.041716158878909e-01  4.107877031933410e-03
  1.854999999999982e+00  -3.169075208441190e+07  -1.077831371300778e+07  -4.071819928693069e+06  -1.193011588184833e+07  -1.889542980072032e+04  5.975386324074191e+04  8.329518292413445e-01  1.997153360257400e-01  4.385159196127771e-03
  1.859999999999982e+00  -3.169916981658077e+07  -1.068803111173760e+07  -4.057134517324646e+06  -1.196529560678840e+07  -2.017302904176360e+04  6.014267347544234e+04  8.326377907327891e-01  1.951263205614347e-01  4.504311184277926e-03
  1.864999999999982e+00  -3.170008672212903e+07  -1.059787283901737e+07  -4.042382836020410e+06  -1.200333021543282e+07  -2.205315747182744e+04  6.016680454592186e+04  8.323265378161574e-01  1.904070570294340e-01  4.466429311189192e-03
  1.869999999999982e+00  -3.169468294563714e+07  -1.050931920553556e+07  -4.028991500311875e+06  -1.204419554559957e+07  -2.511549030490903e+04  5.896765370264163e+04  8.315178540750318e-01  1.857452314933294e-01  4.259087450354055e-03
  1.874999999999982e+00  -3.168525236723655e+07  -1.042118990610070e+07  -4.015761598301681e+06  -1.208537690170612e+07  -2.872601681990227e+04  5.781433487117561e+04  8.306978089561631e-01  1.809116344551364e-01  4.014801645540645e-03
  1.879999999999982e+00  -3.167262391358197e+07  -1.033522654256648e+07  -4.004193598016728e+06  -1.212699906435811e+07  -3.343334650556626e+04  5.562479529615861e+04  8.293691763265719e-01  1.761189258094261e-01  3.711623878117890e-03
  1.884999999999982e+00  -3.165788305813578e+07  -1.025213137137660e+07  -3.994192358129987e+06  -1.216811057294291e+07  -3.915003819387672e+04  5.219652809030381e+04  8.274264566595240e-01  1.714469880418675e-01  3.397558115861111e-03
  1.889999999999982e+00  -3.164134514736482e+07  -1.017264035380738e+07  -3.983512276610609e+06  -1.220769998338576e+07  -4.509602541485195e+04  4.778277071544216e+04  8.247730665283436e-01  1.670526154129117e-01  3.146658539135328e-03
  1.894999999999982e+00  -3.162354883685495e+07  -1.009631019321869e+07  -3.974357619180947e+06  -1.224548981751567e+07  -5.184373546700725e+04  4.178138536771327e+04  8.215929879864847e-01  1.627701119719738e-01  2.941597048622971e-03
  1.899999999999981e+00  -3.160392638445054e+07  -1.002362458927787e+07  -3.964483851450301e+06  -1.228098123032359e+07  -5.863088640728385e+04  3.438225171433936e+04  8.178261690806606e-01  1.587500070981444e-01  2.831468123498805e-03
  1.904999999999981e+00  -3.158184060963167e+07  -9.954408608969204e+06  -3.952800759514003e+06  -1.231399803086208e+07  -6.499735462015345e+04  2.574884712747848e+04  8.135766261459130e-01  1.549992628180203e-01  2.830106390702206e-03
  1.909999999999981e+00  -3.155710904100810e+07  -9.887949036249572e+06  -3.937104894386286e+06  -1.234468675236968e+07  -6.975064803194873e+04  1.644379710379874e+04  8.090443430799403e-01  1.514860549327596e-01  2.916409424327588e-03
  1.914999999999981e+00  -3.152840559359189e+07  -9.824634969692107e+06  -3.919983113671299e+06  -1.237315728988911e+07  -7.409138352248850e+04  5.862422419629813e+03  8.042182793826613e-01  1.482132183492926e-01  3.084802456459101e-03
  1.919999999999981e+00  -3.149556415731083e+07  -9.763914231039595e+06  -3.899660856798269e+06  -1.239972162797062e+07  -7.693453952296260e+04  -5.221052244688054e+03  7.992862330346188e-01  1.451551817254489e-01  3.297871785706361e-03
  1.924999999999981e+00  -3.145860702617465e+07  -9.705628632836664e+06  -3.876525111506680e+06  -1.242474289055105e+07  -7.808321311157524e+04  -1.649560773983113e+04  7.943542261992702e-01  1.422809873065678e-01  3.511320850230963e-03
  1.929999999999981e+00  -3.141797773698477e+07  -9.649770889723105e+06  -3.851424517297179e+06  -1.244859044054653e+07  -7.747929449635993e+04  -2.762132664012170e+04  7.894991867704374e-01  1.395601519295125e-01  3.683953835211341e-03
  1.934999999999981e+00  -3.137650084786207e+07  -9.595981024520293e+06  -3.826639345116469e+06  -1.247184067142638e+07  -7.532611443732922e+04  -3.859208304214301e+04  7.848041950177871e-01  1.369101877267704e-01  3.778209500434362e-03
  1.939999999999981e+00  -3.133150241678478e+07  -9.545669044057807e+06  -3.801751378514131e+06  -1.249408387647270e+07  -7.180074675289879e+04  -4.825011786789612e+04  7.801847120986756e-01  1.344387839727535e-01  3.812299847600478e-03
  1.944999999999981e+00  -3.128644656896829e+07  -9.498728916148148e+06  -3.779005249255044e+06  -1.251571473989703e+07  -6.715763704330385e+04  -5.645984422489734e+04  7.756507034544439e-01  1.320737605759555e-01  3.759141567174091e-03
  1.949999999999980e+00  -3.124306647155109e+07  -9.455607191669740e+06  -3.759818984286949e+06  -1.253667345985214e+07  -6.181957462478605e+04  -6.286337863204890e+04  7.711345165611930e-01  1.298186373920713e-01  3.618776705047382e-03
  1.954999999999980e+00  -3.120377181118494e+07  -9.416102321663685e+06  -3.746122542317644e+06  -1.255651754116488e+07  -5.655863489039786e+04  -6.768454914966191e+04  7.666207353362426e-01  1.276652884664018e-01  3.428944951214122e-03
  1.959999999999980e+00  -3.116778569197609e+07  -9.381525345055189e+06  -3.736730190499836e+06  -1.257535055308608e+07  -5.099108842544753e+04  -6.994402785308487e+04  7.619132782047695e-01  1.256726388945494e-01  3.113199800546752e-03
  1.964999999999980e+00  -3.113721510116348e+07  -9.351165598906917e+06  -3.732803368227663e+06  -1.259280073115276e+07  -4.583135219460817e+04  -7.026568495923211e+04  7.570018428005094e-01  1.238183230297263e-01  2.688142638622052e-03
  1.969999999999980e+00  -3.111228184570712e+07  -9.324597382915271e+06  -3.734026872137602e+06  -1.260862590055281e+07  -4.129425702010349e+04  -6.891656420286474e+04  7.518542310858254e-01  1.221012074788296e-01  2.146126491098620e-03
  1.974999999999980e+00  -3.109042480039201e+07  -9.300225316162042e+06  -3.739057341933231e+06  -1.262252363926531e+07  -3.742539836133812e+04  -6.611017231628852e+04  7.466040525955979e-01  1.204631695507859e-01  1.586821749238050e-03
  1.979999999999980e+00  -3.107417228380497e+07  -9.278610718796298e+06  -3.747649567136654e+06  -1.263502033532210e+07  -3.435514339084365e+04  -6.220394313304307e+04  7.410268991546464e-01  1.189381316661481e-01  8.511756847860481e-04
  1.984999999999980e+00  -3.106049643607143e+07  -9.257723116461158e+06  -3.758280801022133e+06  -1.264602619196074e+07  -3.213904127055207e+04  -5.759227005673157e+04  7.353263101768517e-01  1.174446196781100e-01  5.538650623689235e-05
  1.989999999999980e+00  -3.104749717250536e+07  -9.236228977811784e+06  -3.769738525135448e+06  -1.265589455543947e+07  -3.079268028773177e+04  -5.254356010697435e+04  7.296003135587878e-01  1.159179938420546e-01  -7.527824672801967e-04
  1.994999999999979e+00  -3.103092301892711e+07  -9.212415095120246e+06  -3.780055700737749e+06  -1.266533115511390e+07  -3.010609009204249e+04  -4.668543392390436e+04  7.239872900954354e-01  1.142672764162698e-01  -1.424571611760608e-03
  1.999999999999979e+00  -3.101437689960584e+07  -9.186345492806688e+06  -3.790550315622391e+06  -1.267444511943641e+07  -3.063141683586680e+04  -4.139727177553295e+04  7.184497817020176e-01  1.125001488708658e-01  -2.121109428400353e-03
