TITLE = "Temporal Signal for receiver number 00001"
VARIABLES = "Time","s_xx","s_yy","s_zz","s_xy","s_yz","s_xz","v1","v2","v3"
# x1       0.000000000000e+00
# x2       2.000000000000e+03
# x3       -7.500000000000e+03
  0.000000000000000e+00  0.000000000000000e+00  0.000000000000000e+00  0.000000000000000e+00  0.000000000000000e+00  0.000000000000000e+00  0.000000000000000e+00  0.000000000000000e+00  0.000000000000000e+00  0.000000000000000e+00
  4.999999888241291e-03  0.000000000000000e+00  0.000000000000000e+00  0.000000000000000e+00  0.000000000000000e+00  0.000000000000000e+00  0.000000000000000e+00  0.000000000000000e+00  0.000000000000000e+00  0.000000000000000e+00
  9.999999776482582e-03  0.000000000000000e+00  0.000000000000000e+00  0.000000000000000e+00  0.000000000000000e+00  0.000000000000000e+00  0.000000000000000e+00  0.000000000000000e+00  0.000000000000000e+00  0.000000000000000e+00
  1.499999966472387e-02  -1.732580184936523e+00  -2.959323883056641e+00  -2.275393962860107e+00  4.307431355118752e-02  1.283761620521545e+00  7.326291799545288e-01  -5.374990905693267e-07  2.460242853885575e-07  -4.881496806774521e-08
  1.999999955296516e-02  -1.425228881835938e+01  -2.769284057617188e+01  -1.763151931762695e+01  -4.626057624816895e+00  1.415625572204590e+01  7.001659870147705e+00  -4.638078735297313e-06  2.332056510567782e-06  -3.900462957062700e-07
  2.500000037252903e-02  -4.294385147094727e+01  -7.817904663085938e+01  -4.849913024902344e+01  -6.939848899841309e+00  4.178170394897461e+01  2.427300071716309e+01  -1.571375105413608e-05  6.005316663504345e-06  -7.840497460165352e-07
  2.999999932944775e-02  -2.911716842651367e+01  -9.755451965332031e+01  -5.243495559692383e+01  9.838756561279297e+00  6.882450866699219e+01  3.614044952392578e+01  -3.153256329824217e-05  6.515061159007018e-06  -1.134928879764630e-06
  3.500000014901161e-02  -1.176701426506042e+00  -6.330559921264648e+01  -1.984680366516113e+01  3.826033782958984e+01  7.112922668457031e+01  2.249710845947266e+01  -4.005732625955716e-05  3.255582214478636e-06  -9.928927511282382e-07
  3.999999910593033e-02  1.504877319335938e+02  7.377764129638672e+01  8.399600982666016e+01  8.629206085205078e+01  5.270288848876953e+01  1.884371519088745e+00  -4.739942960441113e-05  -8.634897312731482e-06  -1.400426413056266e-06
  4.500000178813934e-02  2.993328857421875e+02  2.569195861816406e+02  2.003709411621094e+02  1.218393554687500e+02  -4.835389137268066e+00  -2.418387413024902e+01  -3.853175076073967e-05  -2.401602250756696e-05  -1.491011289544986e-06
  5.000000074505806e-02  3.469465637207031e+02  3.980681152343750e+02  2.576912231445312e+02  1.109231491088867e+02  -9.115284729003906e+01  -3.453824234008789e+01  -1.071970018529100e-05  -3.554309296305291e-05  -5.814782184643263e-07
  5.499999970197678e-02  2.529924163818359e+02  4.301379699707031e+02  2.143126831054688e+02  2.945684051513672e+01  -1.846541290283203e+02  -1.926479339599609e+01  3.293681584182195e-05  -3.731019751285203e-05  1.691555553406943e-06
  5.999999865889549e-02  5.229122924804688e+01  3.365372009277344e+02  7.889290618896484e+01  -1.225584640502930e+02  -2.609681091308594e+02  1.367113304138184e+01  8.428793807979673e-05  -2.740003219514620e-05  5.161462013347773e-06
  6.499999761581421e-02  7.273707389831543e+00  2.430685577392578e+02  -1.983024978637695e+01  -2.423777313232422e+02  -2.928672790527344e+02  4.646332931518555e+01  1.120766464737244e-04  -1.767994035617448e-05  6.537923127325485e-06
  7.000000029802322e-02  -1.807218322753906e+02  1.764336466789246e+00  -2.107041778564453e+02  -4.264787292480469e+02  -2.990502929687500e+02  5.687385177612305e+01  1.513589086243883e-04  6.357002348522656e-06  1.085079748008866e-05
  7.500000298023224e-02  -3.093529357910156e+02  -2.673517456054688e+02  -3.727367248535156e+02  -5.746154785156250e+02  -2.484640808105469e+02  4.313172531127930e+01  1.714796089800075e-04  3.362098868819885e-05  1.360710211883998e-05
  7.999999821186066e-02  -3.584989318847656e+02  -5.225589599609375e+02  -4.771297302246094e+02  -6.423228759765625e+02  -1.437623901367188e+02  7.233831882476807e+00  1.669711782597005e-04  5.957935354672372e-05  1.330338818661403e-05
  8.500000089406967e-02  -3.364624633789062e+02  -7.341296386718750e+02  -5.155886230468750e+02  -6.001602172851562e+02  4.099792480468750e+00  -4.088274383544922e+01  1.366210781270638e-04  8.035180508159101e-05  8.932443051890004e-06
  9.000000357627869e-02  -2.656288146972656e+02  -8.805041503906250e+02  -4.926951599121094e+02  -4.399973754882812e+02  1.782570343017578e+02  -8.901721954345703e+01  8.315913146361709e-05  9.274371404899284e-05  3.355687283601583e-07
  9.499999880790710e-02  -1.682221069335938e+02  -9.432290039062500e+02  -4.164909057617188e+02  -1.749287109375000e+02  3.580445861816406e+02  -1.279713592529297e+02  1.223705930897268e-05  9.419042908120900e-05  -1.160005740530323e-05
  1.000000014901161e-01  -2.327482452392578e+02  -1.012144836425781e+03  -3.968309326171875e+02  1.980897712707520e+01  5.040043640136719e+02  -1.577395935058594e+02  -3.128670141450129e-05  9.404384763911366e-05  -1.969070217455737e-05
  1.049999967217445e-01  -1.587973327636719e+02  -8.805161132812500e+02  -2.232572479248047e+02  3.776620788574219e+02  6.319859619140625e+02  -1.752529602050781e+02  -1.125568742281757e-04  7.349731458816677e-05  -3.215318065485917e-05
  1.099999994039536e-01  -5.467979431152344e+01  -6.156862182617188e+02  4.897384166717529e+00  7.533229370117188e+02  6.990947265625000e+02  -1.857637939453125e+02  -1.928840065374970e-04  3.888110222760588e-05  -4.143614569329657e-05
  1.150000020861626e-01  7.646816253662109e+01  -2.303376464843750e+02  2.750383605957031e+02  1.106904418945312e+03  6.918151245117188e+02  -1.927714996337891e+02  -2.653042902238667e-04  -7.285400897671934e-06  -4.523604729911312e-05
  1.199999973177910e-01  2.213619232177734e+02  2.435365905761719e+02  5.656570434570312e+02  1.400615112304688e+03  6.050189208984375e+02  -1.971171722412109e+02  -3.234149189665914e-04  -6.040610242052935e-05  -4.214025830151513e-05
  1.250000000000000e-01  3.558237304687500e+02  7.567953491210938e+02  8.464768066406250e+02  1.600863159179688e+03  4.432384643554688e+02  -1.960452880859375e+02  -3.615377354435623e-04  -1.142837572842836e-04  -3.195218596374616e-05
  1.299999952316284e-01  3.388513183593750e+02  1.219569824218750e+03  1.107720581054688e+03  1.661900390625000e+03  2.264437561035156e+02  -1.976964874267578e+02  -3.699799708556384e-04  -1.537610951345414e-04  -1.750139199430123e-05
  1.350000053644180e-01  4.401549987792969e+02  1.684635864257812e+03  1.296790405273438e+03  1.663444946289062e+03  -3.601585388183594e+01  -1.675695190429688e+02  -3.689425357151777e-04  -1.956424384843558e-04  1.117347437684657e-06
  1.400000005960464e-01  4.459962463378906e+02  2.005182983398438e+03  1.363877685546875e+03  1.510749023437500e+03  -3.094848937988281e+02  -1.109484100341797e+02  -3.376288223080337e-04  -2.194623957620934e-04  2.116141513397451e-05
  1.449999958276749e-01  3.359335021972656e+02  2.135006347656250e+03  1.286982666015625e+03  1.198836547851562e+03  -5.651979370117188e+02  -2.403988265991211e+01  -2.750435087364167e-04  -2.209410886280239e-04  3.987762829638086e-05
  1.500000059604645e-01  1.097395782470703e+02  2.051005615234375e+03  1.060749877929688e+03  7.367867431640625e+02  -7.770012817382812e+02  9.241849517822266e+01  -1.826274674385786e-04  -1.984586997423321e-04  5.482824417413212e-05
  1.550000011920929e-01  -2.099797210693359e+02  1.755904418945312e+03  6.981856079101562e+02  1.487928161621094e+02  -9.246785278320312e+02  2.324698944091797e+02  -6.446887709898874e-05  -1.532396127004176e-04  6.425874744309112e-05
  1.599999964237213e-01  -5.791160278320312e+02  1.277336669921875e+03  2.298971405029297e+02  -5.264725952148438e+02  -9.962384033203125e+02  3.851488342285156e+02  7.275731331901625e-05  -8.914788486436009e-05  6.730068707838655e-05
  1.650000065565109e-01  -6.295267944335938e+02  8.348120727539062e+02  -1.763941955566406e+02  -9.651245117187500e+02  -9.982622680664062e+02  5.386846923828125e+02  1.595743960933760e-04  -3.690111043397337e-05  5.959025656920858e-05
  1.700000017881393e-01  -9.160575561523438e+02  1.231073379516602e+02  -7.340077514648438e+02  -1.672601684570312e+03  -9.108908081054688e+02  6.768059692382812e+02  3.081193717662245e-04  4.779528535436839e-05  5.123015944263898e-05
  1.749999970197678e-01  -1.087120849609375e+03  -6.016048583984375e+02  -1.246752075195312e+03  -2.319491455078125e+03  -7.602964477539062e+02  7.786220703125000e+02  4.493170708883554e-04  1.320255396421999e-04  3.891147935064510e-05
  1.800000071525574e-01  -1.090010498046875e+03  -1.270269042968750e+03  -1.661344238281250e+03  -2.849305908203125e+03  -5.642941284179688e+02  8.291916503906250e+02  5.722295027226210e-04  2.078608085867018e-04  2.418612893961836e-05
  1.850000023841858e-01  -8.924997558593750e+02  -1.824407836914062e+03  -1.935498046875000e+03  -3.214887695312500e+03  -3.428414001464844e+02  8.177921142578125e+02  6.670105503872037e-04  2.684358914848417e-04  8.603656169725582e-06
  1.899999976158142e-01  -4.892357788085938e+02  -2.222032714843750e+03  -2.042752441406250e+03  -3.383219238281250e+03  -1.154267959594727e+02  7.393637695312500e+02  7.257699035108089e-04  3.085869539063424e-04  -6.486952770501375e-06
  1.949999928474426e-01  9.779901123046875e+01  -2.481940673828125e+03  -2.031166015625000e+03  -3.367406005859375e+03  1.499890899658203e+02  6.311468505859375e+02  7.342379540205002e-04  3.290822787676007e-04  -2.059883991023526e-05
  2.000000029802322e-01  7.173286132812500e+02  -2.559763427734375e+03  -1.831779418945312e+03  -3.193089843750000e+03  3.516515502929688e+02  4.295784606933594e+02  7.246496970765293e-04  3.276238567195833e-04  -3.079000816796906e-05
  2.049999982118607e-01  1.394652221679688e+03  -2.469873046875000e+03  -1.493542846679688e+03  -2.821868652343750e+03  5.161767578125000e+02  1.812429199218750e+02  6.723214755766094e-04  3.023655153810978e-04  -3.851177825708874e-05
  2.099999934434891e-01  2.050275146484375e+03  -2.242624511718750e+03  -1.055605834960938e+03  -2.280609375000000e+03  6.385608520507812e+02  -9.653111267089844e+01  5.796960904262960e-04  2.562149893492460e-04  -4.374360651127063e-05
  2.150000035762787e-01  2.600969482421875e+03  -1.917352661132812e+03  -5.646292724609375e+02  -1.605942016601562e+03  7.179727783203125e+02  -3.836495361328125e+02  4.515793698374182e-04  1.935706968652084e-04  -4.661546336137690e-05
  2.199999988079071e-01  2.969900146484375e+03  -1.536354980468750e+03  -6.908209991455078e+01  -8.397027587890625e+02  7.567817993164062e+02  -6.590526733398438e+02  2.946010208688676e-04  1.197835226776078e-04  -4.732353409053758e-05
  2.249999940395355e-01  3.095889648437500e+03  -1.139200195312500e+03  3.862703247070312e+02  -2.450102996826172e+01  7.594530639648438e+02  -9.025068969726562e+02  1.166101210401393e-04  4.059709681314416e-05  -4.606822767527774e-05
  2.300000041723251e-01  2.595885009765625e+03  -9.414501953125000e+02  6.140670166015625e+02  4.243549499511719e+02  7.609431762695312e+02  -1.101108276367188e+03  3.453676754361368e-06  -1.535292358312290e-05  -3.817016113316640e-05
  2.349999994039536e-01  2.158543457031250e+03  -5.911735839843750e+02  9.036409912109375e+02  1.228920166015625e+03  6.881151733398438e+02  -1.242925781250000e+03  -1.873125584097579e-04  -9.113638225244358e-05  -3.348129393998533e-05
  2.399999946355820e-01  1.472019897460938e+03  -2.781114807128906e+02  1.088941406250000e+03  1.999942504882812e+03  5.949644165039062e+02  -1.311623535156250e+03  -3.778643440455198e-04  -1.586240687174723e-04  -2.747680991888046e-05
  2.450000047683716e-01  5.779896240234375e+02  -2.063713669776917e-01  1.170733886718750e+03  2.716703613281250e+03  4.880827941894531e+02  -1.301684326171875e+03  -5.607645143754780e-04  -2.145606995327398e-04  -2.028045309998561e-05
  2.500000000000000e-01  -4.615832214355469e+02  2.537602539062500e+02  1.160810791015625e+03  3.364284667968750e+03  3.733362426757812e+02  -1.212699584960938e+03  -7.292541558854282e-04  -2.568365889601409e-04  -1.207739933306584e-05
  2.549999952316284e-01  -1.570627563476562e+03  5.010977478027344e+02  1.079425415039062e+03  3.932095458984375e+03  2.558612670898438e+02  -1.049230224609375e+03  -8.773473091423512e-04  -2.844695409294218e-04  -3.141662546113366e-06
  2.599999904632568e-01  -2.763746826171875e+03  7.000006713867188e+02  9.388935546875000e+02  4.250750488281250e+03  7.080110931396484e+01  -8.703300781250000e+02  -9.458205313421786e-04  -2.956250391434878e-04  8.262480150733609e-06
  2.649999856948853e-01  -3.668605957031250e+03  1.040444824218750e+03  8.338795776367188e+02  4.715205566406250e+03  -5.209728240966797e+01  -5.925494384765625e+02  -1.053325831890106e-03  -3.002235607709736e-04  1.696646904747467e-05
  2.700000107288361e-01  -4.399494628906250e+03  1.427564819335938e+03  7.353029785156250e+02  5.081183593750000e+03  -1.614465332031250e+02  -2.746194763183594e+02  -1.129247597418725e-03  -2.924502477981150e-04  2.505504198779818e-05
  2.750000059604645e-01  -4.902403320312500e+03  1.862906127929688e+03  6.613309326171875e+02  5.333762695312500e+03  -2.539592437744141e+02  6.594567108154297e+01  -1.169751165434718e-03  -2.740140189416707e-04  3.195624231011607e-05
  2.800000011920929e-01  -5.141220214843750e+03  2.337979003906250e+03  6.236199951171875e+02  5.454777343750000e+03  -3.270429077148438e+02  4.104591064453125e+02  -1.171564334072173e-03  -2.468493185006082e-04  3.711640238179825e-05
  2.849999964237213e-01  -5.099874511718750e+03  2.833819824218750e+03  6.262924194335938e+02  5.423064453125000e+03  -3.788140563964844e+02  7.401580810546875e+02  -1.132029225118458e-03  -2.129316126229241e-04  4.005480150226504e-05
  2.899999916553497e-01  -4.782612792968750e+03  3.321797607421875e+03  6.658531494140625e+02  5.215563964843750e+03  -4.081406555175781e+02  1.037270996093750e+03  -1.049199956469238e-03  -1.741290034260601e-04  4.041233842144720e-05
  2.949999868869781e-01  -3.794176513671875e+03  4.007443603515625e+03  9.384332885742188e+02  5.206940429687500e+03  -5.129669799804688e+02  1.261779296875000e+03  -9.860520949587226e-04  -1.561614189995453e-04  3.863566234940663e-05
  3.000000119209290e-01  -2.963392089843750e+03  4.390372070312500e+03  1.026676635742188e+03  4.651891113281250e+03  -4.873458862304688e+02  1.462827148437500e+03  -8.320229826495051e-04  -1.132626202888787e-04  3.305414065835066e-05
  3.050000071525574e-01  -1.993568481445312e+03  4.631794433593750e+03  1.096041748046875e+03  3.847837402343750e+03  -4.380403442382812e+02  1.594144165039062e+03  -6.324365385808051e-04  -6.849838973721489e-05  2.469176797603723e-05
  3.100000023841858e-01  -9.442241210937500e+02  4.691209960937500e+03  1.126387573242188e+03  2.783826416015625e+03  -3.676777954101562e+02  1.648919677734375e+03  -3.893043322023004e-04  -2.271087214467116e-05  1.390336274198489e-05
  3.149999976158142e-01  1.238559188842773e+02  4.535200683593750e+03  1.099221679687500e+03  1.459428710937500e+03  -2.795032653808594e+02  1.624303833007812e+03  -1.063018862623721e-04  2.342875995964278e-05  1.205180069518974e-06
  3.199999928474426e-01  1.153006469726562e+03  4.140668945312500e+03  9.996677246093750e+02  -1.130660858154297e+02  -1.772180175781250e+02  1.521407104492188e+03  2.111032663378865e-04  6.935453711776063e-05  -1.276848706766032e-05
  3.249999880790710e-01  2.530042968750000e+03  3.753066894531250e+03  9.851790161132812e+02  -1.281371582031250e+03  -9.322218322753906e+01  1.390201538085938e+03  4.262046422809362e-04  9.662906086305156e-05  -2.853522892110050e-05
  3.300000131130219e-01  3.268801025390625e+03  2.820212890625000e+03  6.792710571289062e+02  -3.273022949218750e+03  4.647333526611328e+01  1.161787475585938e+03  7.881628116592765e-04  1.446985697839409e-04  -4.407597225508653e-05
  3.350000083446503e-01  3.829741455078125e+03  1.653648559570312e+03  2.865026550292969e+02  -5.406395996093750e+03  1.882649230957031e+02  8.764350585937500e+02  1.161281135864556e-03  1.912860316224396e-04  -5.874446287634782e-05
  3.400000035762787e-01  4.200203613281250e+03  2.901677246093750e+02  -1.808477325439453e+02  -7.609648437500000e+03  3.278159179687500e+02  5.466085205078125e+02  1.533249742351472e-03  2.353702293476090e-04  -7.186371658463031e-05
  3.449999988079071e-01  4.379800781250000e+03  -1.220490356445312e+03  -7.045452880859375e+02  -9.798155273437500e+03  4.611636962890625e+02  1.863111877441406e+02  1.890525571070611e-03  2.757727052085102e-04  -8.288258686661720e-05
  3.499999940395355e-01  4.379028320312500e+03  -2.818193603515625e+03  -1.261572509765625e+03  -1.187717773437500e+04  5.847869873046875e+02  -1.896480102539062e+02  2.218750305473804e-03  3.111784171778709e-04  -9.139880421571434e-05
  3.549999892711639e-01  4.217241699218750e+03  -4.435692382812500e+03  -1.825618164062500e+03  -1.374511621093750e+04  6.956470336914062e+02  -5.663501586914062e+02  2.503208117559552e-03  3.401830617804080e-04  -9.716684144223109e-05
  3.600000143051147e-01  3.771172851562500e+03  -6.118598632812500e+03  -2.485383056640625e+03  -1.508964550781250e+04  9.012290649414062e+02  -8.425635375976562e+02  2.658818848431110e-03  3.744183050002903e-04  -1.074984829756431e-04
  3.650000095367432e-01  3.265375000000000e+03  -7.620030273437500e+03  -3.015398681640625e+03  -1.633260253906250e+04  9.947076416015625e+02  -1.182995483398438e+03  2.833296544849873e-03  3.905961348209530e-04  -1.076970875146799e-04
  3.700000047683716e-01  2.697690673828125e+03  -8.924181640625000e+03  -3.462940185546875e+03  -1.705946679687500e+04  1.065975708007812e+03  -1.487602905273438e+03  2.924447180703282e-03  3.957077278755605e-04  -1.048884369083680e-04
  3.750000000000000e-01  2.101596923828125e+03  -9.970569335937500e+03  -3.804402587890625e+03  -1.717587304687500e+04  1.113531738281250e+03  -1.745972534179688e+03  2.920672530308366e-03  3.887162602040917e-04  -9.932832472259179e-05
  3.799999952316284e-01  1.506979736328125e+03  -1.070945410156250e+04  -4.020946044921875e+03  -1.659924609375000e+04  1.136305908203125e+03  -1.949688354492188e+03  2.812459366396070e-03  3.689712902996689e-04  -9.133051207754761e-05
  3.849999904632568e-01  9.387171020507812e+02  -1.110404687500000e+04  -4.099380371093750e+03  -1.526169628906250e+04  1.133626464843750e+03  -2.092491943359375e+03  2.592747332528234e-03  3.362822171766311e-04  -8.123263978632167e-05
  3.899999856948853e-01  -1.180107192993164e+02  -1.146855468750000e+04  -4.268223632812500e+03  -1.353226855468750e+04  1.269275024414062e+03  -2.126883056640625e+03  2.308615716174245e-03  3.174447629135102e-04  -7.552465103799477e-05
  3.950000107288361e-01  -5.986567993164062e+02  -1.112019140625000e+04  -4.048376220703125e+03  -1.062875000000000e+04  1.209176147460938e+03  -2.153886718750000e+03  1.876844791695476e-03  2.598652499727905e-04  -6.081318133510649e-05
  4.000000059604645e-01  -9.939940795898438e+02  -1.039445800781250e+04  -3.681447998046875e+03  -6.855380371093750e+03  1.119852661132812e+03  -2.114944580078125e+03  1.327326754108071e-03  1.910374703584239e-04  -4.484425880946219e-05
  4.050000011920929e-01  -1.303979736328125e+03  -9.314751953125000e+03  -3.179976806640625e+03  -2.217471679687500e+03  1.002387634277344e+03  -2.011709228515625e+03  6.639321218244731e-04  1.129268057411537e-04  -2.792454870359506e-05
  4.099999964237213e-01  -1.533910644531250e+03  -7.917586425781250e+03  -2.561799316406250e+03  3.260148193359375e+03  8.583099365234375e+02  -1.847625610351562e+03  -1.066543773049489e-04  2.795033469737973e-05  -1.031820193020394e-05
  4.149999916553497e-01  -1.693153930664062e+03  -6.250728027343750e+03  -1.849178833007812e+03  9.534125000000000e+03  6.895934448242188e+02  -1.627717285156250e+03  -9.751499164849520e-04  -6.111188122304156e-05  7.744785762042738e-06
  4.199999868869781e-01  -1.793939697265625e+03  -4.370892089843750e+03  -1.067781005859375e+03  1.654417187500000e+04  4.986085510253906e+02  -1.358289550781250e+03  -1.929984078742564e-03  -1.512375747552142e-04  2.605992449389305e-05
  4.250000119209290e-01  -2.213605957031250e+03  -2.517123535156250e+03  -3.435285949707031e+02  2.346271679687500e+04  3.552018127441406e+02  -1.102534790039062e+03  -2.811426995322108e-03  -2.294216101290658e-04  4.712626105174422e-05
  4.300000071525574e-01  -2.162500976562500e+03  -3.538968200683594e+02  5.244419555664062e+02  3.171889257812500e+04  1.032135925292969e+02  -7.697000732421875e+02  -3.893732791766524e-03  -3.166449023410678e-04  6.660468352492899e-05
  4.350000023841858e-01  -2.091900634765625e+03  1.824644897460938e+03  1.374594970703125e+03  4.046595703125000e+04  -1.623886413574219e+02  -4.090401916503906e+02  -5.020901560783386e-03  -3.958927991334349e-04  8.552861254429445e-05
  4.399999976158142e-01  -2.034691528320312e+03  3.952859619140625e+03  2.179465576171875e+03  4.960395703125000e+04  -4.431070251464844e+02  -2.923606681823730e+01  -6.174833048135042e-03  -4.649887268897146e-04  1.038160698954016e-04
  4.449999928474426e-01  -2.040583129882812e+03  5.961665527343750e+03  2.917378417968750e+03  5.903065625000000e+04  -7.472913208007812e+02  3.556770324707031e+02  -7.333751767873764e-03  -5.216228892095387e-04  1.211336202686653e-04
  4.499999880790710e-01  -2.142785156250000e+03  7.770755859375000e+03  3.571137695312500e+03  6.861985156250000e+04  -1.075594238281250e+03  7.242831420898438e+02  -8.472603745758533e-03  -5.617782589979470e-04  1.362935290671885e-04
  4.550000131130219e-01  -2.123000244140625e+03  9.444121093750000e+03  4.184253906250000e+03  7.771766406250000e+04  -1.438786743164062e+03  9.934943237304688e+02  -9.466097690165043e-03  -5.955657688900828e-04  1.568192819831893e-04
  4.600000083446503e-01  -2.281179199218750e+03  1.071018359375000e+04  4.615620117187500e+03  8.727046875000000e+04  -1.755767944335938e+03  1.309276733398438e+03  -1.052726060152054e-02  -5.971522186882794e-04  1.656118693063036e-04
  4.650000035762787e-01  -2.509158691406250e+03  1.161740722656250e+04  4.881177246093750e+03  9.653010937500000e+04  -1.994368652343750e+03  1.592622070312500e+03  -1.152560021728277e-02  -5.752979195676744e-04  1.712800731183961e-04
  4.699999988079071e-01  -2.769389404296875e+03  1.218689746093750e+04  4.965968261718750e+03  1.054054921875000e+05  -2.116141357421875e+03  1.853479736328125e+03  -1.246608328074217e-02  -5.340618081390858e-04  1.751528325257823e-04
  4.749999940395355e-01  -3.005820800781250e+03  1.246975097656250e+04  4.879729003906250e+03  1.138897890625000e+05  -2.111381835937500e+03  2.097844726562500e+03  -1.335989776998758e-02  -4.800907627213746e-04  1.774665724951774e-04
  4.799999892711639e-01  -3.150058593750000e+03  1.251544726562500e+04  4.652183593750000e+03  1.220386328125000e+05  -2.004552734375000e+03  2.323650878906250e+03  -1.421660371124744e-02  -4.195823858026415e-04  1.768611546140164e-04
  4.850000143051147e-01  -2.779640136718750e+03  1.248386523437500e+04  4.483478027343750e+03  1.298918203125000e+05  -2.105666015625000e+03  2.418135009765625e+03  -1.494047138839960e-02  -3.700067463796586e-04  1.794897543732077e-04
  4.900000095367432e-01  -2.667845214843750e+03  1.208820996093750e+04  4.072505126953125e+03  1.374818593750000e+05  -1.948302734375000e+03  2.574419433593750e+03  -1.570342294871807e-02  -3.027277998626232e-04  1.703840389382094e-04
  4.950000047683716e-01  -2.329227539062500e+03  1.153813378906250e+04  3.624805664062500e+03  1.448322656250000e+05  -1.842238403320312e+03  2.706843750000000e+03  -1.641211844980717e-02  -2.384045073995367e-04  1.563134719617665e-04
  5.000000000000000e-01  -1.776224731445312e+03  1.083434570312500e+04  3.156644531250000e+03  1.518829843750000e+05  -1.836448608398438e+03  2.825913574218750e+03  -1.704355888068676e-02  -1.775751879904419e-04  1.392499398207292e-04
  5.049999952316284e-01  -1.081619995117188e+03  9.958558593750000e+03  2.660235595703125e+03  1.584889375000000e+05  -1.953555419921875e+03  2.947836181640625e+03  -1.756544038653374e-02  -1.188859168905765e-04  1.226257882080972e-04
  5.099999904632568e-01  -3.501388854980469e+02  8.884976562500000e+03  2.112655517578125e+03  1.644340156250000e+05  -2.184873779296875e+03  3.087133056640625e+03  -1.793887279927731e-02  -5.962480645393953e-05  1.097496497095563e-04
  5.149999856948853e-01  3.198330383300781e+02  7.595957031250000e+03  1.492645507812500e+03  1.694604062500000e+05  -2.491020019531250e+03  3.247702392578125e+03  -1.812261343002319e-02  3.144138872812619e-06  1.019988267216831e-04
  5.199999809265137e-01  1.015544189453125e+03  6.376915527343750e+03  1.021118041992188e+03  1.735358281250000e+05  -2.843218505859375e+03  3.324870117187500e+03  -1.811153069138527e-02  6.466826744144782e-05  9.959880844689906e-05
  5.249999761581421e-01  1.575630371093750e+03  4.758052734375000e+03  2.908092651367188e+02  1.763485625000000e+05  -3.114765869140625e+03  3.509931884765625e+03  -1.789153553545475e-02  1.331824460066855e-04  9.327253792434931e-05
  5.299999713897705e-01  1.931373046875000e+03  2.904046630859375e+03  -5.426511840820312e+02  1.776663125000000e+05  -3.269175292968750e+03  3.666568847656250e+03  -1.740725897252560e-02  2.107420004904270e-04  8.429832814726979e-05
  5.350000262260437e-01  1.991883544921875e+03  7.931677246093750e+02  -1.503127929687500e+03  1.774066562500000e+05  -3.238881347656250e+03  3.771351806640625e+03  -1.665526255965233e-02  3.005166072398424e-04  6.899097934365273e-05
  5.400000214576721e-01  1.675453857421875e+03  -1.581948364257812e+03  -2.610191406250000e+03  1.756043281250000e+05  -2.975369140625000e+03  3.803702880859375e+03  -1.565145887434483e-02  4.048112023156136e-04  4.466545215109363e-05
  5.450000166893005e-01  9.401027221679688e+02  -4.191603515625000e+03  -3.863740966796875e+03  1.724143437500000e+05  -2.455960449218750e+03  3.745166503906250e+03  -1.443028170615435e-02  5.236609722487628e-04  1.011548374663107e-05
  5.500000119209290e-01  1.180473510742188e+03  -6.363394531250000e+03  -4.825979492187500e+03  1.702200625000000e+05  -1.906821289062500e+03  3.656522460937500e+03  -1.346065197139978e-02  6.105002830736339e-04  -3.881118391291238e-05
  5.550000071525574e-01  -1.820986022949219e+02  -9.281954101562500e+03  -6.309462890625000e+03  1.652113125000000e+05  -9.265310668945312e+02  3.409139160156250e+03  -1.197773311287165e-02  7.510831928811967e-04  -9.309384768130258e-05
  5.600000023841858e-01  -1.814976074218750e+03  -1.217133984375000e+04  -7.801759765625000e+03  1.597171093750000e+05  2.167170104980469e+02  3.028525390625000e+03  -1.042728405445814e-02  8.965028682723641e-04  -1.522501261206344e-04
  5.649999976158142e-01  -3.504202636718750e+03  -1.486947753906250e+04  -9.185541992187500e+03  1.541915781250000e+05  1.429958740234375e+03  2.500750244140625e+03  -8.879381231963634e-03  1.037514652125537e-03  -2.119347336702049e-04
  5.699999928474426e-01  -4.997150878906250e+03  -1.721539257812500e+04  -1.033156152343750e+04  1.490871562500000e+05  2.609120605468750e+03  1.815102539062500e+03  -7.402555085718632e-03  1.163067412562668e-03  -2.679580939002335e-04
  5.749999880790710e-01  -6.048208496093750e+03  -1.906883984375000e+04  -1.111998828125000e+04  1.448115312500000e+05  3.654293701171875e+03  9.690238037109375e+02  -6.058040075004101e-03  1.261202385649085e-03  -3.170716227032244e-04
  5.799999833106995e-01  -6.461171386718750e+03  -2.032806640625000e+04  -1.146008105468750e+04  1.416839375000000e+05  4.484113769531250e+03  -2.776038169860840e+01  -4.893638659268618e-03  1.320449169725180e-03  -3.574279835447669e-04
  5.849999785423279e-01  -6.244604492187500e+03  -2.150662500000000e+04  -1.169498242187500e+04  1.398183750000000e+05  5.307624023437500e+03  -8.955737304687500e+02  -3.954636398702860e-03  1.369109610095620e-03  -4.164785495959222e-04
  5.899999737739563e-01  -5.620038085937500e+03  -2.162454101562500e+04  -1.116321777343750e+04  1.388484531250000e+05  5.661111816406250e+03  -2.130465820312500e+03  -3.103382186964154e-03  1.342050498351455e-03  -4.382365441415459e-04
  5.950000286102295e-01  -4.257130859375000e+03  -2.107572656250000e+04  -1.013838964843750e+04  1.392820000000000e+05  5.700725097656250e+03  -3.422743164062500e+03  -2.468595979735255e-03  1.254009781405330e-03  -4.498362250160426e-04
  6.000000238418579e-01  -2.286671875000000e+03  -1.993902539062500e+04  -8.701345703125000e+03  1.409803750000000e+05  5.450128906250000e+03  -4.708070312500000e+03  -2.028510440140963e-03  1.106045441702008e-03  -4.518154892139137e-04
  6.050000190734863e-01  8.885440826416016e+01  -1.832399023437500e+04  -6.966547363281250e+03  1.437135625000000e+05  4.951549804687500e+03  -5.914899414062500e+03  -1.745668472722173e-03  9.038916323333979e-04  -4.439988697413355e-04
  6.100000143051147e-01  2.630223632812500e+03  -1.634953417968750e+04  -5.065423339843750e+03  1.471885468750000e+05  4.259316406250000e+03  -6.972102050781250e+03  -1.570391003042459e-03  6.568733369931579e-04  -4.255450039636344e-04
  6.150000095367432e-01  3.176391113281250e+03  -1.507299902343750e+04  -3.829542724609375e+03  1.488306875000000e+05  3.793031005859375e+03  -7.818840332031250e+03  -1.032362575642765e-03  4.627433372661471e-04  -4.045527894049883e-04
  6.200000047683716e-01  5.354643554687500e+03  -1.264130371093750e+04  -1.923275268554688e+03  1.528354062500000e+05  2.808636718750000e+03  -8.463688476562500e+03  -8.922424749471247e-04  1.596132060512900e-04  -3.548254899214953e-04
  6.250000000000000e-01  7.150571777343750e+03  -1.016671777343750e+04  -2.053875427246094e+02  1.567162656250000e+05  1.809373413085938e+03  -8.792710937500000e+03  -6.986608495935798e-04  -1.479959173593670e-04  -2.933639334514737e-04
  6.299999952316284e-01  8.388597656250000e+03  -7.763647460937500e+03  1.218288208007812e+03  1.601483125000000e+05  8.725917968750000e+02  -8.776606445312500e+03  -3.839467826765031e-04  -4.412701528053731e-04  -2.223070041509345e-04
  6.349999904632568e-01  8.939357421875000e+03  -5.533962890625000e+03  2.268506591796875e+03  1.628458125000000e+05  7.102195739746094e+01  -8.405499023437500e+03  1.160586543846875e-04  -7.018995820544660e-04  -1.448216062271968e-04
  6.399999856948853e-01  8.724385742187500e+03  -3.567461425781250e+03  2.893257080078125e+03  1.645785312500000e+05  -5.317763671875000e+02  -7.688461914062500e+03  8.582217851653695e-04  -9.131176630035043e-04  -6.464229227276519e-05
  6.449999809265137e-01  7.713021484375000e+03  -1.947073364257812e+03  3.063829589843750e+03  1.651865625000000e+05  -8.850592041015625e+02  -6.651064941406250e+03  1.888579921796918e-03  -1.060258713550866e-03  1.433548368368065e-05
  6.499999761581421e-01  6.068849609375000e+03  -6.415423583984375e+02  3.020188232421875e+03  1.652484218750000e+05  -1.441908203125000e+03  -5.590424316406250e+03  3.140878165140748e-03  -1.147279981523752e-03  1.352267427137122e-04
  6.549999713897705e-01  4.117644042968750e+03  2.761657409667969e+02  2.465612792968750e+03  1.642152500000000e+05  -1.310158447265625e+03  -4.020413085937500e+03  4.687370266765356e-03  -1.154077937826514e-03  2.043253480223939e-04
  6.600000262260437e-01  1.523833740234375e+03  6.268737182617188e+02  1.478371948242188e+03  1.620860937500000e+05  -8.533898925781250e+02  -2.269877441406250e+03  6.567999720573425e-03  -1.069733058102429e-03  2.592805540189147e-04
  6.650000214576721e-01  -1.593625732421875e+03  3.709510192871094e+02  1.044049148559570e+02  1.590367187500000e+05  -9.819666290283203e+01  -4.170274047851562e+02  8.765427395701408e-03  -8.943074499256909e-04  2.980731369461864e-04
  6.700000166893005e-01  -5.064059082031250e+03  -4.940861816406250e+02  -1.582064086914062e+03  1.553436562500000e+05  9.072324829101562e+02  1.449500122070312e+03  1.124150678515434e-02  -6.341370171867311e-04  3.189683775417507e-04
  6.750000119209290e-01  -8.671756835937500e+03  -1.929614013671875e+03  -3.478826904296875e+03  1.513751875000000e+05  2.099187744140625e+03  3.234464355468750e+03  1.393863745033741e-02  -3.017367853317410e-04  3.199965576641262e-04
  6.800000071525574e-01  -9.512578125000000e+03  -2.809404541015625e+03  -4.384897949218750e+03  1.515269843750000e+05  2.745284667968750e+03  4.806843261718750e+03  1.607306674122810e-02  -9.554561302138609e-07  3.295851929578930e-04
  6.850000023841858e-01  -1.248318261718750e+04  -5.170153320312500e+03  -6.326656738281250e+03  1.485934062500000e+05  4.170964355468750e+03  6.224657714843750e+03  1.893620565533638e-02  4.247340548317879e-04  2.748036640696228e-04
  6.899999976158142e-01  -1.504686718750000e+04  -7.959578613281250e+03  -8.203063476562500e+03  1.466819843750000e+05  5.579785644531250e+03  7.321545410156250e+03  2.179423347115517e-02  8.698503370396793e-04  1.938213245011866e-04
  6.949999928474426e-01  -1.704673242187500e+04  -1.113058789062500e+04  -9.941399414062500e+03  1.463174687500000e+05  6.892742675781250e+03  8.057223632812500e+03  2.454906515777111e-02  1.313943881541491e-03  8.649709343444556e-05
  6.999999880790710e-01  -1.838187500000000e+04  -1.466377734375000e+04  -1.150066601562500e+04  1.480095156250000e+05  8.035898925781250e+03  8.419075195312500e+03  2.710304223001003e-02  1.738973311148584e-03  -4.562668254948221e-05
  7.049999833106995e-01  -1.901475976562500e+04  -1.856497851562500e+04  -1.287207226562500e+04  1.522311562500000e+05  8.940875000000000e+03  8.421346679687500e+03  2.936320379376411e-02  2.130131702870131e-03  -1.986584538826719e-04
  7.099999785423279e-01  -1.896017382812500e+04  -2.284763671875000e+04  -1.406902734375000e+04  1.593999687500000e+05  9.546036132812500e+03  8.099797851562500e+03  3.124533779919147e-02  2.475615125149488e-03  -3.661112568806857e-04
  7.149999737739563e-01  -1.652052148437500e+04  -2.709275390625000e+04  -1.467490429687500e+04  1.717748125000000e+05  1.017304199218750e+04  7.720715820312500e+03  3.231139481067657e-02  2.763460855931044e-03  -5.836608470417559e-04
  7.200000286102295e-01  -1.577294433593750e+04  -3.227384960937500e+04  -1.578614550781250e+04  1.848833125000000e+05  1.025930371093750e+04  6.904239746093750e+03  3.340211883187294e-02  3.008438041433692e-03  -7.661998970434070e-04
  7.250000238418579e-01  -1.452537109375000e+04  -3.765966406250000e+04  -1.673918945312500e+04  2.015990312500000e+05  9.914155273437500e+03  5.909399414062500e+03  3.396588563919067e-02  3.179850988090038e-03  -9.300204692408442e-04
  7.300000190734863e-01  -1.276523828125000e+04  -4.305154687500000e+04  -1.748105664062500e+04  2.220145156250000e+05  9.105218750000000e+03  4.787133789062500e+03  3.397532925009727e-02  3.268086351454258e-03  -1.060810987837613e-03
  7.350000143051147e-01  -1.045406933593750e+04  -4.817656640625000e+04  -1.793029687500000e+04  2.461163125000000e+05  7.812114746093750e+03  3.580695068359375e+03  3.342250362038612e-02  3.263316815719008e-03  -1.144560868851840e-03
  7.400000095367432e-01  -7.535312500000000e+03  -5.270007031250000e+04  -1.798249414062500e+04  2.737753750000000e+05  6.030117675781250e+03  2.323194580078125e+03  3.232017904520035e-02  3.156199352815747e-03  -1.169004710391164e-03
  7.450000047683716e-01  -5.743352050781250e+03  -5.729665234375000e+04  -1.845186718750000e+04  3.007472500000000e+05  5.289015136718750e+03  1.183856567382812e+03  3.137908130884171e-02  3.047890029847622e-03  -1.236841082572937e-03
  7.500000000000000e-01  -2.209109619140625e+03  -5.986329687500000e+04  -1.763444726562500e+04  3.335854687500000e+05  2.697515625000000e+03  -1.362404479980469e+02  2.949303574860096e-02  2.739717718213797e-03  -1.119738211855292e-03
  7.549999952316284e-01  2.042199462890625e+03  -6.079262890625000e+04  -1.612407031250000e+04  3.689435000000000e+05  -3.317735900878906e+02  -1.445059448242188e+03  2.720819413661957e-02  2.319459337741137e-03  -9.217039332725108e-04
  7.599999904632568e-01  6.930292480468750e+03  -5.986226171875000e+04  -1.390744824218750e+04  4.062371562500000e+05  -3.728499511718750e+03  -2.712191162109375e+03  2.461488172411919e-02  1.796923344954848e-03  -6.458837888203561e-04
  7.649999856948853e-01  1.228519628906250e+04  -5.697466015625000e+04  -1.103602636718750e+04  4.447696562500000e+05  -7.401522949218750e+03  -3.896670166015625e+03  2.182088419795036e-02  1.190645969472826e-03  -3.002083394676447e-04
  7.699999809265137e-01  1.785641406250000e+04  -5.216684375000000e+04  -7.622619140625000e+03  4.837452500000000e+05  -1.124051855468750e+04  -4.949015625000000e+03  1.894919201731682e-02  5.272890557534993e-04  1.027747712214477e-04
  7.749999761581421e-01  2.333802929687500e+04  -4.560187109375000e+04  -3.828074951171875e+03  5.222779687500000e+05  -1.511894531250000e+04  -5.816562011718750e+03  1.613503135740757e-02  -1.601788972038776e-04  5.464311689138412e-04
  7.799999713897705e-01  2.337333984375000e+04  -4.019972656250000e+04  -1.643335327148438e+03  5.509357500000000e+05  -1.758780859375000e+04  -6.621493652343750e+03  1.502481289207935e-02  -6.729796295985579e-04  9.745297138579190e-04
  7.850000262260437e-01  2.769985351562500e+04  -3.087455859375000e+04  2.445034179687500e+03  5.856325625000000e+05  -2.135886718750000e+04  -7.079184082031250e+03  1.277582626789808e-02  -1.319717150181532e-03  1.467798370867968e-03
  7.900000214576721e-01  3.118036523437500e+04  -2.066183007812500e+04  6.400996582031250e+03  6.171210625000000e+05  -2.479333593750000e+04  -7.230932128906250e+03  1.098919101059437e-02  -1.889205886982381e-03  1.940277521498501e-03
  7.950000166893005e-01  3.361377734375000e+04  -9.950177734375000e+03  1.005932031250000e+04  6.443905625000000e+05  -2.776051562500000e+04  -7.056013671875000e+03  9.810515679419041e-03  -2.349800430238247e-03  2.369827823713422e-03
  8.000000119209290e-01  3.488366406250000e+04  8.895727539062500e+02  1.329178515625000e+04  6.664521250000000e+05  -3.014952539062500e+04  -6.549625488281250e+03  9.379099123179913e-03  -2.676450181752443e-03  2.736859256401658e-03
  8.050000071525574e-01  3.496767968750000e+04  1.152879882812500e+04  1.601357324218750e+04  6.823621875000000e+05  -3.187589062500000e+04  -5.722294433593750e+03  9.824858978390694e-03  -2.852286212146282e-03  3.025669138878584e-03
  8.100000023841858e-01  3.036732421875000e+04  2.071631640625000e+04  1.751611132812500e+04  6.850250000000000e+05  -3.313431250000000e+04  -5.156727539062500e+03  1.242600101977587e-02  -2.889340976253152e-03  3.356045810505748e-03
  8.149999976158142e-01  2.898546484375000e+04  3.073404101562500e+04  1.943653515625000e+04  6.869260625000000e+05  -3.371364843750000e+04  -3.807693603515625e+03  1.480629667639732e-02  -2.794525586068630e-03  3.486288245767355e-03
  8.199999928474426e-01  2.689221679687500e+04  3.992157031250000e+04  2.084909179687500e+04  6.803441875000000e+05  -3.353986328125000e+04  -2.226526855468750e+03  1.835647970438004e-02  -2.550144214183092e-03  3.515537595376372e-03
  8.249999880790710e-01  2.430110351562500e+04  4.815846093750000e+04  2.181338867187500e+04  6.645987500000000e+05  -3.263407031250000e+04  -4.736116638183594e+02  2.315849810838699e-02  -2.171365777030587e-03  3.446314251050353e-03
  8.299999833106995e-01  2.143502148437500e+04  5.536544140625000e+04  2.240643945312500e+04  6.390882500000000e+05  -3.103534375000000e+04  1.380734375000000e+03  2.928060665726662e-02  -1.679314416833222e-03  3.284627804532647e-03
  8.349999785423279e-01  1.849725976562500e+04  6.148405468750000e+04  2.270468945312500e+04  6.032891875000000e+05  -2.879504882812500e+04  3.260229003906250e+03  3.677732124924660e-02  -1.098720822483301e-03  3.039043629541993e-03
  8.399999737739563e-01  1.564434179687500e+04  6.645492187500000e+04  2.276450390625000e+04  5.567646250000000e+05  -2.597216015625000e+04  5.089579589843750e+03  4.568889737129211e-02  -4.552876634988934e-04  2.719981828704476e-03
  8.450000286102295e-01  1.392439257812500e+04  7.229189062500000e+04  2.360070117187500e+04  5.003855000000000e+05  -2.455281445312500e+04  6.413563964843750e+03  5.587177723646164e-02  -9.141926966549363e-07  2.545157447457314e-03
  8.500000238418579e-01  1.213726074218750e+04  7.497892187500000e+04  2.335557617187500e+04  4.327255937500000e+05  -2.091667578125000e+04  8.055177734375000e+03  6.743820011615753e-02  6.867331103421748e-04  2.105020452290773e-03
  8.550000190734863e-01  1.042753027343750e+04  7.609643750000000e+04  2.277333789062500e+04  3.536077812500000e+05  -1.686201757812500e+04  9.501625000000000e+03  8.045071363449097e-02  1.382621238008142e-03  1.622268464416265e-03
  8.600000143051147e-01  8.671851562500000e+03  7.546792187500000e+04  2.175879296875000e+04  2.630068437500000e+05  -1.245744628906250e+04  1.073116210937500e+04  9.488663077354431e-02  2.074776217341423e-03  1.109461532905698e-03
  8.650000095367432e-01  6.723660156250000e+03  7.291592187500000e+04  2.020541210937500e+04  1.610302968750000e+05  -7.772778320312500e+03  1.173807714843750e+04  1.107044890522957e-01  2.754881978034973e-03  5.784170934930444e-04
  8.700000047683716e-01  4.445994628906250e+03  6.829017187500000e+04  1.801684179687500e+04  4.792191015625000e+04  -2.878172607421875e+03  1.252683203125000e+04  1.278429627418518e-01  3.416748950257897e-03  3.982462658314034e-05
  8.750000000000000e-01  6.032607910156250e+03  6.486114453125000e+04  1.689734179687500e+04  -6.834649218750000e+04  -9.432418823242188e+01  1.315983007812500e+04  1.448983550071716e-01  3.812134731560946e-03  -3.939867601729929e-04
  8.799999952316284e-01  3.175677246093750e+03  5.591202343750000e+04  1.332775097656250e+04  -2.015840468750000e+05  5.114158203125000e+03  1.363409472656250e+04  1.642603874206543e-01  4.429670516401529e-03  -9.527653455734253e-04
  8.849999904632568e-01  -2.111594696044922e+02  4.482429296875000e+04  9.064596679687500e+03  -3.445055937500000e+05  1.037115429687500e+04  1.391006640625000e+04  1.846689581871033e-01  5.011535715311766e-03  -1.494433963671327e-03
  8.899999856948853e-01  -4.005625732421875e+03  3.180496875000000e+04  4.220820312500000e+03  -4.963229062500000e+05  1.559920996093750e+04  1.398356152343750e+04  2.059904932975769e-01  5.545504856854677e-03  -2.010306110605597e-03
  8.949999809265137e-01  -8.010331054687500e+03  1.717427539062500e+04  -1.028124755859375e+03  -6.561205000000000e+05  2.071513671875000e+04  1.384119238281250e+04  2.280753254890442e-01  6.016207858920097e-03  -2.491430379450321e-03
  8.999999761581421e-01  -1.197508300781250e+04  1.354009033203125e+03  -6.456556152343750e+03  -8.228640625000000e+05  2.562969140625000e+04  1.346269042968750e+04  2.507603168487549e-01  6.405646447092295e-03  -2.928344998508692e-03
  9.049999713897705e-01  -1.079561035156250e+04  -1.218314453125000e+04  -1.018190527343750e+04  -9.852495000000000e+05  2.904713476562500e+04  1.334015429687500e+04  2.720275819301605e-01  6.547197699546814e-03  -3.387456992641091e-03
  9.100000262260437e-01  -1.409941796875000e+04  -2.914521875000000e+04  -1.533999023437500e+04  -1.162476625000000e+06  3.358673046875000e+04  1.251677050781250e+04  2.953847050666809e-01  6.746020168066025e-03  -3.740050829946995e-03
  9.150000214576721e-01  -1.659903710937500e+04  -4.569333984375000e+04  -1.989734960937500e+04  -1.343232125000000e+06  3.766301171875000e+04  1.137696289062500e+04  3.188360333442688e-01  6.806277669966221e-03  -4.019519314169884e-03
  9.200000166893005e-01  -1.807358789062500e+04  -6.124671875000000e+04  -2.361257226562500e+04  -1.526234375000000e+06  4.118825000000000e+04  9.904090820312500e+03  3.421993553638458e-01  6.710052490234375e-03  -4.220047034323215e-03
  9.250000119209290e-01  -1.839058984375000e+04  -7.527887500000000e+04  -2.629980859375000e+04  -1.710211500000000e+06  4.409017187500000e+04  8.096690917968750e+03  3.652969300746918e-01  6.443988066166639e-03  -4.338858183473349e-03
  9.300000071525574e-01  -1.752628320312500e+04  -8.735426562500000e+04  -2.784720898437500e+04  -1.893911000000000e+06  4.631547265625000e+04  5.973832519531250e+03  3.879585862159729e-01  6.001321133226156e-03  -4.376406781375408e-03
  9.350000023841858e-01  -1.556776953125000e+04  -9.715550781250000e+04  -2.822605664062500e+04  -2.076128750000000e+06  4.783145312500000e+04  3.576281005859375e+03  4.100236892700195e-01  5.383494310081005e-03  -4.336148034781218e-03
  9.399999976158142e-01  -1.085296093750000e+04  -1.045403906250000e+05  -2.749143164062500e+04  -2.248655750000000e+06  4.938955468750000e+04  1.992371826171875e+03  4.299664795398712e-01  4.685759078711271e-03  -4.438072908669710e-03
  9.449999928474426e-01  -7.925862304687500e+03  -1.098768046875000e+05  -2.600423046875000e+04  -2.425358500000000e+06  4.970837890625000e+04  -7.446854248046875e+02  4.505610466003418e-01  3.792959265410900e-03  -4.264632705599070e-03
  9.499999880790710e-01  -4.648991210937500e+03  -1.127085312500000e+05  -2.366379882812500e+04  -2.597403250000000e+06  4.929480078125000e+04  -3.553139160156250e+03  4.701688587665558e-01  2.775419969111681e-03  -4.030972719192505e-03
  9.549999833106995e-01  -1.312288208007812e+03  -1.131687109375000e+05  -2.065714648437500e+04  -2.763845500000000e+06  4.817606640625000e+04  -6.337076171875000e+03  4.886786341667175e-01  1.663348986767232e-03  -3.746708855032921e-03
  9.599999785423279e-01  1.825711303710938e+03  -1.114560156250000e+05  -1.717319335937500e+04  -2.923809250000000e+06  4.638662500000000e+04  -9.002287109375000e+03  5.059922933578491e-01  4.901330103166401e-04  -3.421172499656677e-03
  9.649999737739563e-01  4.564551757812500e+03  -1.078050468750000e+05  -1.338116308593750e+04  -3.076480250000000e+06  4.396496484375000e+04  -1.146266992187500e+04  5.220243334770203e-01  -7.102098315954208e-04  -3.062932519242167e-03
  9.700000286102295e-01  5.630383789062500e+03  -1.046431718750000e+05  -1.045689941406250e+04  -3.219342500000000e+06  4.263604687500000e+04  -1.286127148437500e+04  5.362876653671265e-01  -1.710421522147954e-03  -2.864575944840908e-03
  9.750000238418579e-01  6.769066894531250e+03  -9.803283593750000e+04  -6.492457519531250e+03  -3.356203500000000e+06  3.914302734375000e+04  -1.482154394531250e+04  5.497401952743530e-01  -2.864706330001354e-03  -2.445755992084742e-03
  9.800000190734863e-01  7.388821289062500e+03  -9.010688281250000e+04  -2.471423828125000e+03  -3.483690250000000e+06  3.511484375000000e+04  -1.641947265625000e+04  5.617222189903259e-01  -3.965760581195354e-03  -2.010580152273178e-03
  9.850000143051147e-01  7.575043945312500e+03  -8.105064843750000e+04  1.586560913085938e+03  -3.601217250000000e+06  3.059862109375000e+04  -1.763049218750000e+04  5.721916556358337e-01  -4.994148854166269e-03  -1.563057303428650e-03
  9.900000095367432e-01  7.449802246093750e+03  -7.102200781250000e+04  5.682316406250000e+03  -3.708268250000000e+06  2.564548242187500e+04  -1.844735351562500e+04  5.811198949813843e-01  -5.935703404247761e-03  -1.106333336792886e-03
  9.950000047683716e-01  7.149268554687500e+03  -6.015723046875000e+04  9.824483398437500e+03  -3.804400000000000e+06  2.031318359375000e+04  -1.887672851562500e+04  5.884901881217957e-01  -6.781046744436026e-03  -6.432614172808826e-04
  1.000000000000000e+00  7.020773925781250e+03  -4.841555859375000e+04  1.409848730468750e+04  -3.889026250000000e+06  1.456388769531250e+04  -1.894884765625000e+04  5.942624807357788e-01  -7.536084856837988e-03  -1.718451530905440e-04
  1.004999995231628e+00  3.299618652343750e+03  -3.878261718750000e+04  1.706722656250000e+04  -3.966642000000000e+06  1.047211425781250e+04  -1.859744531250000e+04  5.992487072944641e-01  -8.013771846890450e-03  2.209928788943216e-04
  1.009999990463257e+00  3.064828857421875e+03  -2.602906054687500e+04  2.135825195312500e+04  -4.028939000000000e+06  4.388949218750000e+03  -1.810170507812500e+04  6.021172404289246e-01  -8.560937829315662e-03  7.005424122326076e-04
  1.014999985694885e+00  3.078592529296875e+03  -1.289363476562500e+04  2.562480273437500e+04  -4.079374500000000e+06  -1.758829467773438e+03  -1.731929687500000e+04  6.034832596778870e-01  -9.008874185383320e-03  1.168353483080864e-03
  1.019999980926514e+00  3.338668212890625e+03  4.893725891113281e+02  2.980713476562500e+04  -4.117980000000000e+06  -7.856796875000000e+03  -1.628243261718750e+04  6.033965349197388e-01  -9.360311552882195e-03  1.616840832866728e-03
  1.024999976158142e+00  3.797062500000000e+03  1.396959667968750e+04  3.383129687500000e+04  -4.144871750000000e+06  -1.379046777343750e+04  -1.502353125000000e+04  6.019172668457031e-01  -9.618404321372509e-03  2.038446720689535e-03
  1.029999971389771e+00  4.371379882812500e+03  2.738607031250000e+04  3.761889453125000e+04  -4.160255500000000e+06  -1.945037695312500e+04  -1.357527636718750e+04  5.991126894950867e-01  -9.786292910575867e-03  2.426378428936005e-03
  1.034999966621399e+00  1.923147949218750e+03  3.878097265625000e+04  4.024505468750000e+04  -4.171489000000000e+06  -2.360300195312500e+04  -1.244713378906250e+04  5.962932705879211e-01  -9.770230390131474e-03  2.829225035384297e-03
  1.039999961853027e+00  2.727308349609375e+03  5.178110546875000e+04  4.342522265625000e+04  -4.164906000000000e+06  -2.862123437500000e+04  -1.078546386718750e+04  5.911013484001160e-01  -9.780157357454300e-03  3.157204249873757e-03
  1.044999957084656e+00  3.393548583984375e+03  6.423746093750000e+04  4.616687109375000e+04  -4.147724500000000e+06  -3.313541796875000e+04  -9.019350585937500e+03  5.848004817962646e-01  -9.709564968943596e-03  3.438830608502030e-03
  1.049999952316284e+00  3.842835449218750e+03  7.600832812500000e+04  4.843822656250000e+04  -4.120392250000000e+06  -3.710474609375000e+04  -7.180921875000000e+03  5.774744749069214e-01  -9.562175720930099e-03  3.673946484923363e-03
  1.054999947547913e+00  4.030898681640625e+03  8.697742187500000e+04  5.023028515625000e+04  -4.083390500000000e+06  -4.051167187500000e+04  -5.301682617187500e+03  5.692075490951538e-01  -9.343015030026436e-03  3.863829188048840e-03
  1.059999942779541e+00  3.948467041015625e+03  9.705658593750000e+04  5.155239062500000e+04  -4.037245000000000e+06  -4.336027734375000e+04  -3.409079345703125e+03  5.600840449333191e-01  -9.058704599738121e-03  4.010762553662062e-03
  1.065000057220459e+00  2.778718261718750e+03  1.056121328125000e+05  5.209119921875000e+04  -3.989363500000000e+06  -4.551451562500000e+04  -2.294071044921875e+03  5.514143705368042e-01  -8.691147901117802e-03  4.255926236510277e-03
  1.070000052452087e+00  2.713386962890625e+03  1.140538046875000e+05  5.265146484375000e+04  -3.926361750000000e+06  -4.748740625000000e+04  -4.571492614746094e+02  5.407787561416626e-01  -8.321993052959442e-03  4.331607371568680e-03
  1.075000047683716e+00  2.514744384765625e+03  1.215357187500000e+05  5.285353125000000e+04  -3.855922250000000e+06  -4.898676171875000e+04  1.351460571289062e+03  5.295204520225525e-01  -7.918367162346840e-03  4.369883332401514e-03
  1.080000042915344e+00  2.254798339843750e+03  1.280907265625000e+05  5.274643359375000e+04  -3.778701000000000e+06  -5.005452734375000e+04  3.126771484375000e+03  5.177210569381714e-01  -7.492881733924150e-03  4.372832830995321e-03
  1.085000038146973e+00  2.010035766601562e+03  1.337765000000000e+05  5.238271875000000e+04  -3.695383250000000e+06  -5.073005078125000e+04  4.865574707031250e+03  5.054598450660706e-01  -7.059062365442514e-03  4.341853782534599e-03
  1.090000033378601e+00  1.851400756835938e+03  1.386694843750000e+05  5.181520703125000e+04  -3.606670000000000e+06  -5.104693750000000e+04  6.562189941406250e+03  4.928170740604401e-01  -6.630862597376108e-03  4.277804400771856e-03
  1.095000028610229e+00  1.833522583007812e+03  1.428550468750000e+05  5.109506250000000e+04  -3.513287000000000e+06  -5.103125000000000e+04  8.206408203125000e+03  4.798694252967834e-01  -6.221943069249392e-03  4.181287717074156e-03
  1.100000023841858e+00  3.478405517578125e+03  1.472495468750000e+05  5.054621484375000e+04  -3.420060250000000e+06  -5.139066796875000e+04  8.920358398437500e+03  4.674556553363800e-01  -5.894036032259464e-03  4.199272021651268e-03
  1.105000019073486e+00  3.964684570312500e+03  1.503752968750000e+05  4.970183593750000e+04  -3.318979000000000e+06  -5.086789843750000e+04  1.043105273437500e+04  4.540278613567352e-01  -5.566562060266733e-03  4.034769255667925e-03
  1.110000014305115e+00  4.520457519531250e+03  1.529511250000000e+05  4.878400000000000e+04  -3.215386000000000e+06  -5.004042187500000e+04  1.184707031250000e+04  4.405124187469482e-01  -5.284969229251146e-03  3.839402692392468e-03
  1.115000009536743e+00  5.079467773437500e+03  1.549992968750000e+05  4.779293359375000e+04  -3.109984250000000e+06  -4.891032031250000e+04  1.314659179687500e+04  4.269768297672272e-01  -5.052971653640270e-03  3.615366760641336e-03
  1.120000004768372e+00  5.549921386718750e+03  1.565118437500000e+05  4.671038671875000e+04  -3.003443000000000e+06  -4.747905078125000e+04  1.430820410156250e+04  4.134828150272369e-01  -4.870743025094271e-03  3.365374170243740e-03
  1.125000000000000e+00  5.826256835937500e+03  1.574547968750000e+05  4.550316796875000e+04  -2.896400000000000e+06  -4.574963671875000e+04  1.531222949218750e+04  4.000870287418365e-01  -4.735054913908243e-03  3.092537168413401e-03
  1.129999995231628e+00  7.514572265625000e+03  1.588627656250000e+05  4.458842578125000e+04  -2.790240000000000e+06  -4.488367187500000e+04  1.556607910156250e+04  3.870744109153748e-01  -4.689011257141829e-03  2.899790648370981e-03
  1.134999990463257e+00  7.032610839843750e+03  1.584902500000000e+05  4.301192187500000e+04  -2.683399750000000e+06  -4.262185546875000e+04  1.628176562500000e+04  3.739268183708191e-01  -4.626355599611998e-03  2.576929051429033e-03
  1.139999985694885e+00  6.099873535156250e+03  1.573721718750000e+05  4.118363281250000e+04  -2.577737250000000e+06  -4.007688281250000e+04  1.678951953125000e+04  3.610112965106964e-01  -4.587058443576097e-03  2.241273177787662e-03
  1.144999980926514e+00  4.715641601562500e+03  1.554710000000000e+05  3.907597656250000e+04  -2.473722500000000e+06  -3.727250781250000e+04  1.707005078125000e+04  3.483580350875854e-01  -4.562613554298878e-03  1.897162175737321e-03
  1.149999976158142e+00  2.928207763671875e+03  1.527714375000000e+05  3.667741015625000e+04  -2.371776500000000e+06  -3.423914843750000e+04  1.710716796875000e+04  3.359919786453247e-01  -4.545186180621386e-03  1.548962318338454e-03
  1.154999971389771e+00  8.283361206054688e+02  1.492832500000000e+05  3.399375000000000e+04  -2.272277500000000e+06  -3.101381054687500e+04  1.688753906250000e+04  3.239318132400513e-01  -4.528120160102844e-03  1.200937200337648e-03
  1.159999966621399e+00  -1.459353759765625e+03  1.450428281250000e+05  3.104668164062500e+04  -2.175560750000000e+06  -2.763899609375000e+04  1.640282031250000e+04  3.121923506259918e-01  -4.506262019276619e-03  8.572059450671077e-04
  1.164999961853027e+00  -3.074472412109375e+03  1.409487968750000e+05  2.833125390625000e+04  -2.079782000000000e+06  -2.527474218750000e+04  1.567814648437500e+04  3.005618453025818e-01  -4.516971297562122e-03  5.267224041745067e-04
  1.169999957084656e+00  -5.491368652343750e+03  1.353024218750000e+05  2.494703906250000e+04  -1.989203375000000e+06  -2.167584960937500e+04  1.474095410156250e+04  2.894462049007416e-01  -4.474059212952852e-03  1.906845573103055e-04
  1.174999952316284e+00  -7.683479980468750e+03  1.291061171875000e+05  2.140949804687500e+04  -1.902217625000000e+06  -1.806818164062500e+04  1.354353125000000e+04  2.786839306354523e-01  -4.417862743139267e-03  -1.278227573493496e-04
  1.179999947547913e+00  -9.553022460937500e+03  1.224443203125000e+05  1.775711718750000e+04  -1.819004000000000e+06  -1.450923925781250e+04  1.210139648437500e+04  2.682805359363556e-01  -4.347239620983601e-03  -4.248788754921407e-04
  1.184999942779541e+00  -1.103856738281250e+04  1.153968671875000e+05  1.402409082031250e+04  -1.739716125000000e+06  -1.105585449218750e+04  1.043589160156250e+04  2.582412660121918e-01  -4.261414054781199e-03  -6.968685775063932e-04
  1.190000057220459e+00  -1.211558007812500e+04  1.080394453125000e+05  1.024151171875000e+04  -1.664480125000000e+06  -7.760730957031250e+03  8.570909179687500e+03  2.485711276531219e-01  -4.160019103437662e-03  -9.408059413544834e-04
  1.195000052452087e+00  -1.290534960937500e+04  1.008180937500000e+05  6.803220703125000e+03  -1.590325625000000e+06  -5.294056152343750e+03  6.886165527343750e+03  2.388755232095718e-01  -4.084946587681770e-03  -1.207507448270917e-03
  1.200000047683716e+00  -1.324562695312500e+04  9.296200000000000e+04  2.996064453125000e+03  -1.523464875000000e+06  -2.328222900390625e+03  4.720334960937500e+03  2.299443185329437e-01  -3.951448015868664e-03  -1.397051964886487e-03
  1.205000042915344e+00  -1.324389941406250e+04  8.500140625000000e+04  -7.748381347656250e+02  -1.460957250000000e+06  3.683742980957031e+02  2.429465332031250e+03  2.214053571224213e-01  -3.803033148869872e-03  -1.554545946419239e-03
  1.210000038146973e+00  -1.295858105468750e+04  7.699979687500000e+04  -4.475304199218750e+03  -1.402854000000000e+06  2.775488769531250e+03  4.476033401489258e+01  2.132640480995178e-01  -3.640791634097695e-03  -1.681326306425035e-03
  1.215000033378601e+00  -1.244849511718750e+04  6.901940625000000e+04  -8.067646972656250e+03  -1.349186375000000e+06  4.881206054687500e+03  -2.400483398437500e+03  2.055242359638214e-01  -3.465983783826232e-03  -1.779375248588622e-03
  1.220000028610229e+00  -1.177063769531250e+04  6.111965625000000e+04  -1.151237988281250e+04  -1.299953750000000e+06  6.679844726562500e+03  -4.870574218750000e+03  1.981870234012604e-01  -3.279859898611903e-03  -1.850779750384390e-03
  1.225000023841858e+00  -1.097371191406250e+04  5.335733593750000e+04  -1.476959277343750e+04  -1.255124125000000e+06  8.169605468750000e+03  -7.328307128906250e+03  1.912503540515900e-01  -3.083532443270087e-03  -1.897307578474283e-03
  1.230000019073486e+00  -1.028007617187500e+04  4.574306250000000e+04  -1.764020703125000e+04  -1.211708250000000e+06  9.395204101562500e+03  -9.282254882812500e+03  1.842519044876099e-01  -2.912659663707018e-03  -1.991894561797380e-03
  1.235000014305115e+00  -9.301774414062500e+03  3.839341406250000e+04  -2.043023632812500e+04  -1.175560125000000e+06  1.036608105468750e+04  -1.160061230468750e+04  1.781011968851089e-01  -2.695759991183877e-03  -1.992425648495555e-03
  1.240000009536743e+00  -8.269532226562500e+03  3.137723046875000e+04  -2.290123437500000e+04  -1.143534375000000e+06  1.103428515625000e+04  -1.380719531250000e+04  1.723293364048004e-01  -2.473971806466579e-03  -1.970638288185000e-03
  1.245000004768372e+00  -7.181220214843750e+03  2.476264648437500e+04  -2.501047656250000e+04  -1.115468750000000e+06  1.141106347656250e+04  -1.587835156250000e+04  1.669231206178665e-01  -2.250601537525654e-03  -1.927194767631590e-03
  1.250000000000000e+00  -6.018849121093750e+03  1.862569140625000e+04  -2.671467187500000e+04  -1.091183625000000e+06  1.151491992187500e+04  -1.779581054687500e+04  1.618685722351074e-01  -2.030193805694580e-03  -1.863251090981066e-03
  1.254999995231628e+00  -4.750487792968750e+03  1.305009765625000e+04  -2.797013867187500e+04  -1.070485125000000e+06  1.137300878906250e+04  -1.954695312500000e+04  1.571513712406158e-01  -1.818557735532522e-03  -1.780815073288977e-03
  1.259999990463257e+00  -3.107904541015625e+03  8.145527343750000e+03  -2.862208789062500e+04  -1.051140500000000e+06  1.147653613281250e+04  -2.071576953125000e+04  1.523599475622177e-01  -1.649846439249814e-03  -1.753795193508267e-03
  1.264999985694885e+00  -1.488011230468750e+03  3.966901855468750e+03  -2.887837500000000e+04  -1.037219187500000e+06  1.100055566406250e+04  -2.211154882812500e+04  1.482952982187271e-01  -1.470832852646708e-03  -1.641184790059924e-03
  1.269999980926514e+00  3.170703430175781e+02  5.931588134765625e+02  -2.860102148437500e+04  -1.026275187500000e+06  1.039029296875000e+04  -2.331178125000000e+04  1.445282399654388e-01  -1.320739858783782e-03  -1.519797951914370e-03
  1.274999976158142e+00  2.322957275390625e+03  -1.919493530273438e+03  -2.778611328125000e+04  -1.018101812500000e+06  9.695898437500000e+03  -2.430133398437500e+04  1.410451531410217e-01  -1.205483800731599e-03  -1.394251245073974e-03
  1.279999971389771e+00  4.525592773437500e+03  -3.539080810546875e+03  -2.644856640625000e+04  -1.012491750000000e+06  8.966568359375000e+03  -2.505959765625000e+04  1.378326117992401e-01  -1.129200914874673e-03  -1.269039581529796e-03
  1.284999966621399e+00  6.898149902343750e+03  -4.264374023437500e+03  -2.462496875000000e+04  -1.009240875000000e+06  8.246703125000000e+03  -2.556067382812500e+04  1.348761767148972e-01  -1.093689235858619e-03  -1.148177543655038e-03
  1.289999961853027e+00  9.392681640625000e+03  -4.126447753906250e+03  -2.237232031250000e+04  -1.008145125000000e+06  7.572927734375000e+03  -2.577550000000000e+04  1.321613639593124e-01  -1.098142936825752e-03  -1.034954446367919e-03
  1.294999957084656e+00  1.204037402343750e+04  -3.245702880859375e+03  -1.985530273437500e+04  -1.008317937500000e+06  7.459698730468750e+03  -2.540532226562500e+04  1.294143497943878e-01  -1.125082955695689e-03  -9.690612205304205e-04
  1.299999952316284e+00  1.447951269531250e+04  -1.614329956054688e+03  -1.701034570312500e+04  -1.011116687500000e+06  6.922046386718750e+03  -2.501063085937500e+04  1.271644681692123e-01  -1.191616873256862e-03  -8.714968571439385e-04
  1.304999947547913e+00  1.684434375000000e+04  6.384854736328125e+02  -1.397579785156250e+04  -1.015474875000000e+06  6.479540527343750e+03  -2.427457031250000e+04  1.251110434532166e-01  -1.284110709093511e-03  -7.872814894653857e-04
  1.309999942779541e+00  1.906889843750000e+04  3.396917236328125e+03  -1.084625878906250e+04  -1.021210500000000e+06  6.132205566406250e+03  -2.319361914062500e+04  1.232388317584991e-01  -1.394529943354428e-03  -7.171923061832786e-04
  1.315000057220459e+00  2.108688476562500e+04  6.535772460937500e+03  -7.719112304687500e+03  -1.028151687500000e+06  5.872717773437500e+03  -2.177761523437500e+04  1.215336918830872e-01  -1.514250412583351e-03  -6.615484599024057e-04
  1.320000052452087e+00  2.283202734375000e+04  9.925096679687500e+03  -4.692847167968750e+03  -1.036140000000000e+06  5.688414550781250e+03  -2.005042578125000e+04  1.199826598167419e-01  -1.634615357033908e-03  -6.202044314704835e-04
  1.325000047683716e+00  2.392441992187500e+04  1.326663476562500e+04  -2.035879394531250e+03  -1.045303625000000e+06  5.935995117187500e+03  -1.804895117187500e+04  1.184717565774918e-01  -1.719390507787466e-03  -5.980337737128139e-04
  1.330000042915344e+00  2.485252734375000e+04  1.676947851562500e+04  5.083182983398438e+02  -1.055073750000000e+06  5.832399414062500e+03  -1.587430273437500e+04  1.172224208712578e-01  -1.819434575736523e-03  -5.763981025665998e-04
  1.335000038146973e+00  2.532555859375000e+04  2.014042187500000e+04  2.672698730468750e+03  -1.065473875000000e+06  5.752690429687500e+03  -1.353131640625000e+04  1.160950809717178e-01  -1.898865564726293e-03  -5.653478438034654e-04
  1.340000033378601e+00  2.528523437500000e+04  2.326256054687500e+04  4.376019531250000e+03  -1.076400375000000e+06  5.678828613281250e+03  -1.108508593750000e+04  1.150822713971138e-01  -1.952127786353230e-03  -5.624065524898469e-04
  1.345000028610229e+00  2.468887304687500e+04  2.603374804687500e+04  5.553504882812500e+03  -1.087760125000000e+06  5.594260742187500e+03  -8.606380859375000e+03  1.141779720783234e-01  -1.975066028535366e-03  -5.645153578370810e-04
  1.350000023841858e+00  2.351722265625000e+04  2.837115039062500e+04  6.161326171875000e+03  -1.099470375000000e+06  5.484345703125000e+03  -6.168208984375000e+03  1.133767440915108e-01  -1.964921830222011e-03  -5.681691691279411e-04
  1.355000019073486e+00  2.178287500000000e+04  3.021474218750000e+04  6.180607910156250e+03  -1.111457000000000e+06  5.336415039062500e+03  -3.842529785156250e+03  1.126733422279358e-01  -1.920373295433819e-03  -5.696819862350821e-04
  1.360000014305115e+00  1.886673242187500e+04  3.130393554687500e+04  5.432884765625000e+03  -1.124455375000000e+06  5.351430664062500e+03  -1.889123291015625e+03  1.121029853820801e-01  -1.825556159019470e-03  -5.403045797720551e-04
  1.365000009536743e+00  1.621023730468750e+04  3.208035156250000e+04  4.306431152343750e+03  -1.136780375000000e+06  5.053862304687500e+03  9.641282081604004e+00  1.115889251232147e-01  -1.716309809125960e-03  -5.240897298790514e-04
  1.370000004768372e+00  1.328646972656250e+04  3.234538476562500e+04  2.686460937500000e+03  -1.149161000000000e+06  4.688275878906250e+03  1.633505126953125e+03  1.111485064029694e-01  -1.576309208758175e-03  -4.973786417394876e-04
  1.375000000000000e+00  1.027089355468750e+04  3.215026757812500e+04  6.545773315429688e+02  -1.161524250000000e+06  4.250969238281250e+03  2.951151611328125e+03  1.107697859406471e-01  -1.409252290613949e-03  -4.588490119203925e-04
  1.379999995231628e+00  7.366843750000000e+03  3.156750976562500e+04  -1.693407592773438e+03  -1.173796000000000e+06  3.741175292968750e+03  3.948564697265625e+03  1.104379817843437e-01  -1.219794619828463e-03  -4.084435931872576e-04
  1.384999990463257e+00  4.791343261718750e+03  3.068471289062500e+04  -4.254264648437500e+03  -1.185896000000000e+06  3.161861328125000e+03  4.629225097656250e+03  1.101357489824295e-01  -1.013221917673945e-03  -3.475546545814723e-04
  1.389999985694885e+00  2.080021240234375e+03  2.936000976562500e+04  -7.197344726562500e+03  -1.198470625000000e+06  2.504543457031250e+03  4.852534179687500e+03  1.099479869008064e-01  -7.900124182924628e-04  -2.463044365867972e-04
  1.394999980926514e+00  8.210869140625000e+02  2.817132226562500e+04  -9.877982421875000e+03  -1.209958125000000e+06  1.784593627929688e+03  4.989214355468750e+03  1.096582412719727e-01  -5.681466427631676e-04  -1.751092786435038e-04
  1.399999976158142e+00  4.588469848632812e+02  2.696528515625000e+04  -1.246677050781250e+04  -1.221066625000000e+06  1.042933471679688e+03  4.916540527343750e+03  1.093441694974899e-01  -3.451165102887899e-04  -1.068219644366764e-04
  1.404999971389771e+00  1.097162841796875e+03  2.581394921875000e+04  -1.488597558593750e+04  -1.231755875000000e+06  3.047301635742188e+02  4.690856445312500e+03  1.089923977851868e-01  -1.252690562978387e-04  -4.770169107359834e-05
  1.409999966621399e+00  2.771837890625000e+03  2.476521289062500e+04  -1.707655859375000e+04  -1.242007500000000e+06  -4.002498168945312e+02  4.373604003906250e+03  1.085946038365364e-01  8.818010974209756e-05  -4.305642960389378e-06
  1.414999961853027e+00  5.443791015625000e+03  2.383823242187500e+04  -1.900080468750000e+04  -1.251826375000000e+06  -1.038934936523438e+03  4.027106933593750e+03  1.081484556198120e-01  2.934305812232196e-04  1.707025512587279e-05
  1.419999957084656e+00  8.996398437500000e+03  2.302084179687500e+04  -2.064353320312500e+04  -1.261246625000000e+06  -1.576634399414062e+03  3.710040527343750e+03  1.076580807566643e-01  4.902079235762358e-04  1.098283064493444e-05
  1.424999952316284e+00  1.296392480468750e+04  2.221958789062500e+04  -2.212087304687500e+04  -1.270816500000000e+06  -2.084050292968750e+03  3.361950683593750e+03  1.072783693671227e-01  6.732614128850400e-04  -1.801297230485943e-06
  1.429999947547913e+00  1.775719140625000e+04  2.149932226562500e+04  -2.319694921875000e+04  -1.279604250000000e+06  -2.317495361328125e+03  3.263705322265625e+03  1.067351177334785e-01  8.583702729083598e-04  -7.612108311150223e-05
  1.434999942779541e+00  2.275824023437500e+04  2.070670898437500e+04  -2.404568945312500e+04  -1.288215750000000e+06  -2.358895751953125e+03  3.314429443359375e+03  1.061868891119957e-01  1.042051007971168e-03  -1.848131360020489e-04
  1.440000057220459e+00  2.770155664062500e+04  1.975968945312500e+04  -2.470349609375000e+04  -1.296742000000000e+06  -2.190491210937500e+03  3.525492919921875e+03  1.056515201926231e-01  1.227471861056983e-03  -3.260942758060992e-04
  1.445000052452087e+00  3.234870703125000e+04  1.858765234375000e+04  -2.520110156250000e+04  -1.305273000000000e+06  -1.802386718750000e+03  3.892789306640625e+03  1.051457077264786e-01  1.417289604432881e-03  -4.962848033756018e-04
  1.450000047683716e+00  3.651386328125000e+04  1.714280859375000e+04  -2.555568359375000e+04  -1.313887000000000e+06  -1.193181640625000e+03  4.396965820312500e+03  1.046833172440529e-01  1.613030908629298e-03  -6.901386659592390e-04
  1.455000042915344e+00  4.038481640625000e+04  1.552633886718750e+04  -2.567165234375000e+04  -1.322994125000000e+06  -4.433741455078125e+02  4.977687011718750e+03  1.044036895036697e-01  1.814896939322352e-03  -8.947834139689803e-04
  1.460000038146973e+00  4.340492578125000e+04  1.354634375000000e+04  -2.567486132812500e+04  -1.331935125000000e+06  5.835905761718750e+02  5.671281738281250e+03  1.040470823645592e-01  2.023971639573574e-03  -1.119369291700423e-03
  1.465000033378601e+00  4.581882031250000e+04  1.135285839843750e+04  -2.547569335937500e+04  -1.341094500000000e+06  1.787678466796875e+03  6.383171386718750e+03  1.037480905652046e-01  2.233883598819375e-03  -1.346229924820364e-03
  1.470000028610229e+00  4.772608593750000e+04  9.031123046875000e+03  -2.502382421875000e+04  -1.350478750000000e+06  3.142534912109375e+03  7.068845214843750e+03  1.035032570362091e-01  2.439812291413546e-03  -1.568096457049251e-03
  1.475000023841858e+00  4.926962109375000e+04  6.686655273437500e+03  -2.426350976562500e+04  -1.360085625000000e+06  4.618697753906250e+03  7.687965820312500e+03  1.033063530921936e-01  2.636180492118001e-03  -1.778314588591456e-03
  1.480000019073486e+00  5.061156250000000e+04  4.431671875000000e+03  -2.314359375000000e+04  -1.369901625000000e+06  6.185880371093750e+03  8.208377929687500e+03  1.031500846147537e-01  2.817342290654778e-03  -1.971168676391244e-03
  1.485000014305115e+00  5.247334765625000e+04  2.472850830078125e+03  -2.148992382812500e+04  -1.380185000000000e+06  7.782407226562500e+03  8.691597656250000e+03  1.031170934438705e-01  2.997417468577623e-03  -2.148224040865898e-03
  1.490000009536743e+00  5.384219921875000e+04  6.891824340820312e+02  -1.957184570312500e+04  -1.390378875000000e+06  9.452984375000000e+03  8.973414062500000e+03  1.030149087309837e-01  3.135133534669876e-03  -2.294432371854782e-03
  1.495000004768372e+00  5.535250390625000e+04  -7.568342895507812e+02  -1.726683398437500e+04  -1.400763750000000e+06  1.113901269531250e+04  9.124637695312500e+03  1.029393151402473e-01  3.245337400585413e-03  -2.413435606285930e-03
  1.500000000000000e+00  5.702596875000000e+04  -1.841513183593750e+03  -1.461698535156250e+04  -1.411359000000000e+06  1.282543750000000e+04  9.156024414062500e+03  1.028921753168106e-01  3.327630227431655e-03  -2.504944801330566e-03
  1.504999995231628e+00  5.882399609375000e+04  -2.577755615234375e+03  -1.169384765625000e+04  -1.422199250000000e+06  1.450345410156250e+04  9.086607421875000e+03  1.028791218996048e-01  3.383535426110029e-03  -2.569960197433829e-03
  1.509999990463257e+00  6.065115625000000e+04  -3.014222656250000e+03  -8.595238281250000e+03  -1.433330875000000e+06  1.616944921875000e+04  8.940488281250000e+03  1.029086187481880e-01  3.416338935494423e-03  -2.610505092889071e-03
  1.514999985694885e+00  6.236737500000000e+04  -3.229176269531250e+03  -5.438998535156250e+03  -1.444810375000000e+06  1.782348046875000e+04  8.744653320312500e+03  1.029908955097198e-01  3.430714132264256e-03  -2.629242837429047e-03
  1.519999980926514e+00  6.425690625000000e+04  -3.281201171875000e+03  -2.364002441406250e+03  -1.456765500000000e+06  1.940628515625000e+04  8.628710937500000e+03  1.031479313969612e-01  3.442868590354919e-03  -2.624070970341563e-03
  1.524999976158142e+00  6.517814843750000e+04  -3.368363037109375e+03  4.854237060546875e+02  -1.469051125000000e+06  2.102390820312500e+04  8.410340820312500e+03  1.033517718315125e-01  3.433428471907973e-03  -2.605028916150331e-03
  1.529999971389771e+00  6.548376562500000e+04  -3.551959228515625e+03  3.018351562500000e+03  -1.481824500000000e+06  2.262680273437500e+04  8.211415039062500e+03  1.036323979496956e-01  3.422971349209547e-03  -2.571757882833481e-03
  1.534999966621399e+00  6.504933203125000e+04  -3.929151611328125e+03  5.135232421875000e+03  -1.495103000000000e+06  2.420736914062500e+04  8.046809570312500e+03  1.039909273386002e-01  3.416713327169418e-03  -2.525560557842255e-03
  1.539999961853027e+00  6.380110546875000e+04  -4.574518066406250e+03  6.762992187500000e+03  -1.508882750000000e+06  2.575163867187500e+04  7.926363769531250e+03  1.044234037399292e-01  3.418572014197707e-03  -2.466700505465269e-03
  1.544999957084656e+00  6.172632031250000e+04  -5.532514648437500e+03  7.860848144531250e+03  -1.523131500000000e+06  2.723910156250000e+04  7.854102050781250e+03  1.049205288290977e-01  3.430813085287809e-03  -2.394437324255705e-03
  1.549999952316284e+00  5.893799218750000e+04  -6.770958984375000e+03  8.350371093750000e+03  -1.537614750000000e+06  2.854105468750000e+04  7.890119140625000e+03  1.054318249225616e-01  3.445940325036645e-03  -2.299992833286524e-03
  1.554999947547913e+00  5.539458203125000e+04  -8.317072265625000e+03  8.429953125000000e+03  -1.552599375000000e+06  2.984327148437500e+04  7.881742187500000e+03  1.060106679797173e-01  3.474599448964000e-03  -2.198712900280952e-03
  1.559999942779541e+00  5.138708984375000e+04  -1.008737402343750e+04  8.079385742187500e+03  -1.567855625000000e+06  3.100827343750000e+04  7.899898925781250e+03  1.066066399216652e-01  3.509427420794964e-03  -2.079391153529286e-03
  1.565000057220459e+00  4.712639453125000e+04  -1.199047363281250e+04  7.384769042968750e+03  -1.583296875000000e+06  3.200451953125000e+04  7.933024414062500e+03  1.072011739015579e-01  3.545585786923766e-03  -1.940008602105081e-03
  1.570000052452087e+00  4.284267578125000e+04  -1.391399218750000e+04  6.450203125000000e+03  -1.598841125000000e+06  3.280329296875000e+04  7.968135742187500e+03  1.077775806188583e-01  3.577179275453091e-03  -1.779142534360290e-03
  1.575000047683716e+00  3.876376171875000e+04  -1.573396093750000e+04  5.388462890625000e+03  -1.614420750000000e+06  3.338122265625000e+04  7.991362304687500e+03  1.083228588104248e-01  3.597795963287354e-03  -1.596323563717306e-03
  1.580000042915344e+00  3.509385937500000e+04  -1.732663671875000e+04  4.310774414062500e+03  -1.629983250000000e+06  3.372218750000000e+04  7.989586425781250e+03  1.088287308812141e-01  3.601164091378450e-03  -1.392315025441349e-03
  1.585000038146973e+00  3.178914062500000e+04  -1.845160937500000e+04  3.409044189453125e+03  -1.645380250000000e+06  3.384458593750000e+04  7.868476562500000e+03  1.092704236507416e-01  3.563992679119110e-03  -1.190287875942886e-03
  1.590000033378601e+00  2.938015820312500e+04  -1.929389843750000e+04  2.591462158203125e+03  -1.660873000000000e+06  3.371681640625000e+04  7.772458496093750e+03  1.096952408552170e-01  3.519130637869239e-03  -9.547026129439473e-04
  1.595000028610229e+00  2.768512500000000e+04  -1.967251953125000e+04  1.977017822265625e+03  -1.676334375000000e+06  3.334909375000000e+04  7.635989746093750e+03  1.100874096155167e-01  3.446171991527081e-03  -7.073223823681474e-04
  1.600000023841858e+00  2.668098828125000e+04  -1.956708984375000e+04  1.590693847656250e+03  -1.691797875000000e+06  3.275710742187500e+04  7.458905761718750e+03  1.104583367705345e-01  3.344666445627809e-03  -4.539246147032827e-04
  1.605000019073486e+00  2.628738476562500e+04  -1.899515234375000e+04  1.428577880859375e+03  -1.707305750000000e+06  3.196282421875000e+04  7.245387695312500e+03  1.108219549059868e-01  3.216262906789780e-03  -2.011822653003037e-04
  1.610000014305115e+00  2.637600000000000e+04  -1.801110742187500e+04  1.459439941406250e+03  -1.722908750000000e+06  3.099276757812500e+04  7.004019042968750e+03  1.111930683255196e-01  3.064633114263415e-03  4.373974661575630e-05
  1.615000009536743e+00  2.660647656250000e+04  -1.676619726562500e+04  1.688346191406250e+03  -1.738547625000000e+06  2.993066601562500e+04  6.617779296875000e+03  1.115543171763420e-01  2.892612945288420e-03  2.542356960475445e-04
  1.620000004768372e+00  2.715991406250000e+04  -1.530431542968750e+04  1.895212890625000e+03  -1.754466750000000e+06  2.868954687500000e+04  6.366478515625000e+03  1.119781062006950e-01  2.716924296692014e-03  4.653913783840835e-04
  1.625000000000000e+00  2.767441992187500e+04  -1.374733691406250e+04  2.094930175781250e+03  -1.770588500000000e+06  2.735775781250000e+04  6.131573242187500e+03  1.124451830983162e-01  2.537306630983949e-03  6.493436521850526e-04
  1.629999995231628e+00  2.799034375000000e+04  -1.221885937500000e+04  2.213897216796875e+03  -1.786921000000000e+06  2.596265234375000e+04  5.929546386718750e+03  1.129606068134308e-01  2.361019607633352e-03  8.011167519725859e-04
  1.634999990463257e+00  2.797783984375000e+04  -1.083590820312500e+04  2.187540527343750e+03  -1.803454375000000e+06  2.452783593750000e+04  5.775786621093750e+03  1.135251969099045e-01  2.194933127611876e-03  9.172349236905575e-04
  1.639999985694885e+00  2.754560937500000e+04  -9.698871093750000e+03  1.968002807617188e+03  -1.820160875000000e+06  2.307266601562500e+04  5.682999511718750e+03  1.141359433531761e-01  2.044862601906061e-03  9.958622977137566e-04
  1.644999980926514e+00  2.664797460937500e+04  -8.883595703125000e+03  1.530239257812500e+03  -1.836999000000000e+06  2.161239648437500e+04  5.659595703125000e+03  1.147864088416100e-01  1.915193279273808e-03  1.036811154335737e-03
  1.649999976158142e+00  2.528276562500000e+04  -8.642080078125000e+03  8.918790283203125e+02  -1.853834875000000e+06  2.018924804687500e+04  5.580798828125000e+03  1.154435425996780e-01  1.820674864575267e-03  1.041085808537900e-03
  1.654999971389771e+00  2.353628710937500e+04  -8.557508789062500e+03  5.635104370117188e+01  -1.870810625000000e+06  1.875261523437500e+04  5.702378417968750e+03  1.161538437008858e-01  1.737312879413366e-03  1.013502711430192e-03
  1.659999966621399e+00  2.146260937500000e+04  -8.820934570312500e+03  -9.175020751953125e+02  -1.887759875000000e+06  1.733816210937500e+04  5.890429687500000e+03  1.168751418590546e-01  1.675629056990147e-03  9.555907454341650e-04
  1.664999961853027e+00  1.917642578125000e+04  -9.386437500000000e+03  -1.963933715820312e+03  -1.904628125000000e+06  1.595059960937500e+04  6.136289062500000e+03  1.175970137119293e-01  1.633002306334674e-03  8.717934251762927e-04
  1.669999957084656e+00  1.681052734375000e+04  -1.018522656250000e+04  -3.006032714843750e+03  -1.921373125000000e+06  1.459442578125000e+04  6.428781250000000e+03  1.183101534843445e-01  1.605523051694036e-03  7.669132319279015e-04
  1.674999952316284e+00  1.450133593750000e+04  -1.113438964843750e+04  -3.964737060546875e+03  -1.937959375000000e+06  1.327467871093750e+04  6.756140136718750e+03  1.190072521567345e-01  1.588494167663157e-03  6.458197021856904e-04
  1.679999947547913e+00  1.253880664062500e+04  -1.220659570312500e+04  -4.774164062500000e+03  -1.954483250000000e+06  1.204046777343750e+04  7.052546875000000e+03  1.197046861052513e-01  1.583972829394042e-03  5.188478389754891e-04
  1.684999942779541e+00  1.069375976562500e+04  -1.318026464843750e+04  -5.380252441406250e+03  -1.970739500000000e+06  1.080450878906250e+04  7.440039062500000e+03  1.203648969531059e-01  1.572579843923450e-03  3.810763882938772e-04
  1.690000057220459e+00  9.188602539062500e+03  -1.407394921875000e+04  -5.742883300781250e+03  -1.986813375000000e+06  9.623622070312500e+03  7.840752441406250e+03  1.210019290447235e-01  1.558698131702840e-03  2.401362580712885e-04
  1.695000052452087e+00  8.044644042968750e+03  -1.484422656250000e+04  -5.852052246093750e+03  -2.002724625000000e+06  8.507963867187500e+03  8.252950195312500e+03  1.216195449233055e-01  1.540033961646259e-03  9.914449037751183e-05
  1.700000047683716e+00  7.238460937500000e+03  -1.547434472656250e+04  -5.724204589843750e+03  -2.018503250000000e+06  7.469228027343750e+03  8.678646484375000e+03  1.222240999341011e-01  1.515935175120831e-03  -3.945140997529961e-05
  1.705000042915344e+00  6.706170898437500e+03  -1.597379785156250e+04  -5.399177246093750e+03  -2.034191125000000e+06  6.520698242187500e+03  9.122661132812500e+03  1.228240132331848e-01  1.487419591285288e-03  -1.738744613248855e-04
  1.710000038146973e+00  6.354387207031250e+03  -1.637584863281250e+04  -4.934367187500000e+03  -2.049831500000000e+06  5.677375488281250e+03  9.590877929687500e+03  1.234288290143013e-01  1.457085483707488e-03  -3.029927029274404e-04
  1.715000033378601e+00  6.240955566406250e+03  -1.666672851562500e+04  -4.448867187500000e+03  -2.065568375000000e+06  4.916875488281250e+03  1.015238671875000e+04  1.240760758519173e-01  1.429268158972263e-03  -4.084286629222333e-04
  1.720000028610229e+00  5.933878417968750e+03  -1.700780078125000e+04  -3.888119384765625e+03  -2.081218500000000e+06  4.320431152343750e+03  1.069082031250000e+04  1.247148513793945e-01  1.405138871632516e-03  -5.248058587312698e-04
  1.725000023841858e+00  5.511069824218750e+03  -1.741916015625000e+04  -3.379092041015625e+03  -2.096946750000000e+06  3.883249755859375e+03  1.125801464843750e+04  1.253829896450043e-01  1.392151461914182e-03  -6.360383704304695e-04
  1.730000019073486e+00  4.919251953125000e+03  -1.795267773437500e+04  -2.970078369140625e+03  -2.112779000000000e+06  3.623842041015625e+03  1.184828027343750e+04  1.260845363140106e-01  1.394995255395770e-03  -7.425849325954914e-04
  1.735000014305115e+00  4.149505371093750e+03  -1.864422070312500e+04  -2.690900878906250e+03  -2.128726500000000e+06  3.559526855468750e+03  1.245187890625000e+04  1.268196851015091e-01  1.417534309439361e-03  -8.449816377833486e-04
  1.740000009536743e+00  3.241940185546875e+03  -1.950885156250000e+04  -2.551360351562500e+03  -2.144782750000000e+06  3.705228271484375e+03  1.305511328125000e+04  1.275841891765594e-01  1.462380052544177e-03  -9.437100961804390e-04
  1.745000004768372e+00  2.349128173828125e+03  -2.040266406250000e+04  -2.530818603515625e+03  -2.160784500000000e+06  3.951581054687500e+03  1.378135644531250e+04  1.283743679523468e-01  1.516355783678591e-03  -1.022507436573505e-03
  1.750000000000000e+00  1.414220825195312e+03  -2.157405273437500e+04  -2.633829833984375e+03  -2.176906500000000e+06  4.537653808593750e+03  1.435158984375000e+04  1.291653513908386e-01  1.605146680958569e-03  -1.116089290007949e-03
  1.754999995231628e+00  6.755265502929688e+02  -2.285003515625000e+04  -2.821056396484375e+03  -2.192991750000000e+06  5.355520019531250e+03  1.487326562500000e+04  1.299503892660141e-01  1.715390942990780e-03  -1.206556218676269e-03
  1.759999990463257e+00  2.747290954589844e+02  -2.417742578125000e+04  -3.058558349609375e+03  -2.208953250000000e+06  6.400637207031250e+03  1.533194140625000e+04  1.307122260332108e-01  1.843741512857378e-03  -1.293394598178566e-03
  1.764999985694885e+00  3.363511657714844e+02  -2.550041796875000e+04  -3.315879882812500e+03  -2.224695250000000e+06  7.662166992187500e+03  1.571612402343750e+04  1.314336508512497e-01  1.985759474337101e-03  -1.375755993649364e-03
  1.769999980926514e+00  9.501207885742188e+02  -2.676716015625000e+04  -3.571214599609375e+03  -2.240117500000000e+06  9.123029296875000e+03  1.601753222656250e+04  1.320986151695251e-01  2.136354101821780e-03  -1.452461001463234e-03
  1.774999976158142e+00  2.157096923828125e+03  -2.793670898437500e+04  -3.814264892578125e+03  -2.255123250000000e+06  1.076072460937500e+04  1.623102832031250e+04  1.326938569545746e-01  2.290255157276988e-03  -1.522042788565159e-03
  1.779999971389771e+00  3.608572998046875e+03  -2.896036328125000e+04  -4.090516601562500e+03  -2.269443750000000e+06  1.244058593750000e+04  1.653662695312500e+04  1.332200020551682e-01  2.427981700748205e-03  -1.581273623742163e-03
  1.784999966621399e+00  5.877618164062500e+03  -2.988373632812500e+04  -4.326185058593750e+03  -2.283403500000000e+06  1.437212500000000e+04  1.655656835937500e+04  1.336562931537628e-01  2.576878992840648e-03  -1.634749583899975e-03
  1.789999961853027e+00  8.546083007812500e+03  -3.067506445312500e+04  -4.583230957031250e+03  -2.296755500000000e+06  1.639611328125000e+04  1.648135351562500e+04  1.340125650167465e-01  2.716460032388568e-03  -1.675783772952855e-03
  1.794999957084656e+00  1.145309277343750e+04  -3.135482812500000e+04  -4.889436523437500e+03  -2.309479500000000e+06  1.847915234375000e+04  1.631267382812500e+04  1.342963278293610e-01  2.844025613740087e-03  -1.702329609543085e-03
  1.799999952316284e+00  1.441277148437500e+04  -3.195458398437500e+04  -5.273779785156250e+03  -2.321584000000000e+06  2.058849023437500e+04  1.605323144531250e+04  1.345200389623642e-01  2.958017634227872e-03  -1.712440513074398e-03
  1.804999947547913e+00  1.723214257812500e+04  -3.251245898437500e+04  -5.761886230468750e+03  -2.333102000000000e+06  2.269268945312500e+04  1.570638867187500e+04  1.347003579139709e-01  3.058047266677022e-03  -1.704397145658731e-03
  1.809999942779541e+00  1.953527148437500e+04  -3.304290234375000e+04  -6.354532226562500e+03  -2.344096000000000e+06  2.479465429687500e+04  1.534852246093750e+04  1.348599493503571e-01  3.148091025650501e-03  -1.692156074568629e-03
  1.815000057220459e+00  2.161120507812500e+04  -3.361951171875000e+04  -7.085526367187500e+03  -2.354641750000000e+06  2.682174804687500e+04  1.482482519531250e+04  1.350048482418060e-01  3.225846681743860e-03  -1.646282733418047e-03
  1.820000052452087e+00  2.309795703125000e+04  -3.425553906250000e+04  -7.942781250000000e+03  -2.364799500000000e+06  2.875495312500000e+04  1.423696875000000e+04  1.351611614227295e-01  3.293089568614960e-03  -1.578879193402827e-03
  1.825000047683716e+00  2.392976171875000e+04  -3.496694140625000e+04  -8.907867187500000e+03  -2.374649250000000e+06  3.056987109375000e+04  1.359837402343750e+04  1.353435218334198e-01  3.351985476911068e-03  -1.490182243287563e-03
  1.830000042915344e+00  2.409418554687500e+04  -3.575580859375000e+04  -9.949515625000000e+03  -2.384271500000000e+06  3.224411718750000e+04  1.292573046875000e+04  1.355626136064529e-01  3.404688788577914e-03  -1.381246722303331e-03
  1.835000038146973e+00  2.362996289062500e+04  -3.661114062500000e+04  -1.102629785156250e+04  -2.393732250000000e+06  3.375721875000000e+04  1.223951562500000e+04  1.358240246772766e-01  3.453106153756380e-03  -1.253997441381216e-03
  1.840000033378601e+00  2.261774804687500e+04  -3.751003515625000e+04  -1.209043554687500e+04  -2.403089500000000e+06  3.509097265625000e+04  1.156316601562500e+04  1.361280232667923e-01  3.498717211186886e-03  -1.111247926019132e-03
  1.845000028610229e+00  2.120759765625000e+04  -3.840028906250000e+04  -1.311067382812500e+04  -2.412512000000000e+06  3.633891015625000e+04  1.090280078125000e+04  1.364448964595795e-01  3.554031020030379e-03  -9.762789122760296e-04
  1.850000023841858e+00  1.941596679687500e+04  -3.930472656250000e+04  -1.401813867187500e+04  -2.421782750000000e+06  3.727543359375000e+04  1.031119921875000e+04  1.368170529603958e-01  3.594943787902594e-03  -8.120906422846019e-04
  1.855000019073486e+00  1.741961132812500e+04  -4.015787890625000e+04  -1.477771875000000e+04  -2.431038750000000e+06  3.799947265625000e+04  9.805605468750000e+03  1.372104287147522e-01  3.633887972682714e-03  -6.445941398851573e-04
  1.860000014305115e+00  1.532734863281250e+04  -4.093128906250000e+04  -1.535981347656250e+04  -2.440283750000000e+06  3.850898046875000e+04  9.410614257812500e+03  1.376138478517532e-01  3.670552978292108e-03  -4.787846992257982e-04
  1.865000009536743e+00  1.322212988281250e+04  -4.160492578125000e+04  -1.574689941406250e+04  -2.449524000000000e+06  3.880693750000000e+04  9.147474609375000e+03  1.380166411399841e-01  3.704352071508765e-03  -3.194032760802656e-04
  1.870000004768372e+00  1.115511816406250e+04  -4.216872656250000e+04  -1.593349609375000e+04  -2.458763500000000e+06  3.890139843750000e+04  9.033327148437500e+03  1.384103149175644e-01  3.734599333256483e-03  -1.705488830339164e-04
  1.875000000000000e+00  8.995409179687500e+03  -4.267126171875000e+04  -1.599160546875000e+04  -2.468193000000000e+06  3.895319921875000e+04  8.973794921875000e+03  1.387713253498077e-01  3.762905253097415e-03  -3.973727143602446e-05
  1.879999995231628e+00  7.008312011718750e+03  -4.303230078125000e+04  -1.579791992187500e+04  -2.477468500000000e+06  3.868583593750000e+04  9.165739257812500e+03  1.391368210315704e-01  3.782493527978659e-03  8.304837683681399e-05
  1.884999990463257e+00  5.057521972656250e+03  -4.330525390625000e+04  -1.543505761718750e+04  -2.486779000000000e+06  3.826191796875000e+04  9.523322265625000e+03  1.394870877265930e-01  3.797145327553153e-03  1.891726278699934e-04
  1.889999985694885e+00  3.107032714843750e+03  -4.350942187500000e+04  -1.492092285156250e+04  -2.496156500000000e+06  3.770283984375000e+04  1.003945117187500e+04  1.398264616727829e-01  3.806599881500006e-03  2.791823062580079e-04
  1.894999980926514e+00  1.120806274414062e+03  -4.366545703125000e+04  -1.427142480468750e+04  -2.505633250000000e+06  3.703114843750000e+04  1.070067382812500e+04  1.401623636484146e-01  3.810766618698835e-03  3.547514206729829e-04
  1.899999976158142e+00  -9.264650878906250e+02  -4.379207421875000e+04  -1.349837304687500e+04  -2.515251500000000e+06  3.626979687500000e+04  1.148839257812500e+04  1.405035555362701e-01  3.809738205745816e-03  4.183482669759542e-04
  1.904999971389771e+00  -3.124430908203125e+03  -4.395364062500000e+04  -1.263304296875000e+04  -2.525225750000000e+06  3.554126562500000e+04  1.218036914062500e+04  1.408572793006897e-01  3.803863190114498e-03  4.809245583601296e-04
  1.909999966621399e+00  -5.226033691406250e+03  -4.406149609375000e+04  -1.161895898437500e+04  -2.535235750000000e+06  3.464228906250000e+04  1.314901562500000e+04  1.412373483181000e-01  3.794332733377814e-03  5.293854628689587e-04
  1.914999961853027e+00  -7.328520996093750e+03  -4.417296484375000e+04  -1.048933007812500e+04  -2.545507000000000e+06  3.371449609375000e+04  1.417935937500000e+04  1.416469514369965e-01  3.781172446906567e-03  5.733325378969312e-04
  1.919999957084656e+00  -9.374771484375000e+03  -4.429126953125000e+04  -9.242683593750000e+03  -2.556080000000000e+06  3.277823046875000e+04  1.524924414062500e+04  1.420904994010925e-01  3.765037981793284e-03  6.142355850897729e-04
  1.924999952316284e+00  -1.129065234375000e+04  -4.441824609375000e+04  -7.879964355468750e+03  -2.566979000000000e+06  3.185245507812500e+04  1.634025976562500e+04  1.425691694021225e-01  3.746751463040709e-03  6.524906493723392e-04
  1.929999947547913e+00  -1.299434179687500e+04  -4.455622265625000e+04  -6.407795410156250e+03  -2.578219000000000e+06  3.095447265625000e+04  1.743940625000000e+04  1.430810987949371e-01  3.727314760908484e-03  6.873715901747346e-04
  1.934999942779541e+00  -1.440455859375000e+04  -4.471098046875000e+04  -4.841396972656250e+03  -2.589805500000000e+06  3.009959570312500e+04  1.854029101562500e+04  1.436207443475723e-01  3.707922063767910e-03  7.171632605604827e-04
  1.940000057220459e+00  -1.519105175781250e+04  -4.495705468750000e+04  -3.210522705078125e+03  -2.601644500000000e+06  2.920061132812500e+04  1.953274218750000e+04  1.441775411367416e-01  3.693482372909784e-03  7.528754067607224e-04
  1.945000052452087e+00  -1.578922851562500e+04  -4.519184765625000e+04  -1.543280883789062e+03  -2.613832250000000e+06  2.844770703125000e+04  2.067113671875000e+04  1.447447538375854e-01  3.677963977679610e-03  7.652373169548810e-04
  1.950000047683716e+00  -1.595785839843750e+04  -4.549329296875000e+04  1.126366043090820e+02  -2.626297750000000e+06  2.777741015625000e+04  2.182369531250000e+04  1.453093290328979e-01  3.666231641545892e-03  7.641566917300224e-04
  1.955000042915344e+00  -1.569725585937500e+04  -4.588914453125000e+04  1.705284667968750e+03  -2.638995750000000e+06  2.719664843750000e+04  2.299913281250000e+04  1.458589732646942e-01  3.659558715298772e-03  7.471016724593937e-04
  1.960000038146973e+00  -1.503603710937500e+04  -4.641007421875000e+04  3.178900634765625e+03  -2.651874750000000e+06  2.670978906250000e+04  2.420485351562500e+04  1.463824361562729e-01  3.659008536487818e-03  7.123415125533938e-04
  1.965000033378601e+00  -1.402918066406250e+04  -4.708708593750000e+04  4.478210937500000e+03  -2.664877500000000e+06  2.631888085937500e+04  2.544426171875000e+04  1.468703001737595e-01  3.665239783003926e-03  6.591929122805595e-04
  1.970000028610229e+00  -1.237730468750000e+04  -4.793879687500000e+04  5.640427246093750e+03  -2.677696750000000e+06  2.588980859375000e+04  2.671072851562500e+04  1.473179310560226e-01  3.674995154142380e-03  6.009091739542782e-04
  1.975000023841858e+00  -1.091033789062500e+04  -4.897998046875000e+04  6.472227539062500e+03  -2.690795250000000e+06  2.570472656250000e+04  2.800525390625000e+04  1.477199941873550e-01  3.693261183798313e-03  5.107602919451892e-04
  1.980000019073486e+00  -9.362133789062500e+03  -5.023274218750000e+04  7.011487304687500e+03  -2.703879500000000e+06  2.561271875000000e+04  2.929104101562500e+04  1.480771750211716e-01  3.716851351782680e-03  4.066173569299281e-04
  1.985000014305115e+00  -7.827497558593750e+03  -5.169819921875000e+04  7.242838867187500e+03  -2.716917750000000e+06  2.560645898437500e+04  3.053807031250000e+04  1.483933031558990e-01  3.743942128494382e-03  2.922005951404572e-04
  1.990000009536743e+00  -6.392820800781250e+03  -5.336489843750000e+04  7.166621093750000e+03  -2.729890750000000e+06  2.567718554687500e+04  3.170777343750000e+04  1.486759930849075e-01  3.772028023377061e-03  1.717273116810247e-04
  1.995000004768372e+00  -5.127368164062500e+03  -5.520833203125000e+04  6.799416992187500e+03  -2.742785750000000e+06  2.581502734375000e+04  3.275591406250000e+04  1.489353477954865e-01  3.798041725531220e-03  4.952873860020190e-05
  2.000000000000000e+00  -4.077914550781250e+03  -5.719153906250000e+04  6.172401367187500e+03  -2.755605250000000e+06  2.600885742187500e+04  3.363481250000000e+04  1.491833776235580e-01  3.818493569269776e-03  -7.033073052298278e-05
