TITLE = "Temporal Signal for receiver number 00003"
VARIABLES = "Time","s_xx","s_yy","s_zz","s_xy","s_yz","s_xz","v1","v2","v3"
# x1       3.000000000000e+03
# x2       1.000000000000e+03
# x3       -7.500000000000e+03
  0.000000000000000e+00  0.000000000000000e+00  0.000000000000000e+00  0.000000000000000e+00  0.000000000000000e+00  0.000000000000000e+00  0.000000000000000e+00  0.000000000000000e+00  0.000000000000000e+00  0.000000000000000e+00
  4.999999888241291e-03  0.000000000000000e+00  0.000000000000000e+00  0.000000000000000e+00  0.000000000000000e+00  0.000000000000000e+00  0.000000000000000e+00  0.000000000000000e+00  0.000000000000000e+00  0.000000000000000e+00
  9.999999776482582e-03  0.000000000000000e+00  0.000000000000000e+00  0.000000000000000e+00  0.000000000000000e+00  0.000000000000000e+00  0.000000000000000e+00  0.000000000000000e+00  0.000000000000000e+00  0.000000000000000e+00
  1.499999966472387e-02  3.187935533333075e-07  -6.018719034273090e-08  -3.987605339261791e-07  -7.937814672231980e-08  1.266643891995045e-07  -2.487636319159492e-09  2.653656645552199e-14  4.949513783986679e-15  -3.135191149121301e-14
  1.999999955296516e-02  -5.017421022057533e-02  -2.781413123011589e-02  -2.577150426805019e-02  -1.243444066494703e-02  9.054219350218773e-03  1.365706883370876e-02  1.049142661635472e-09  -7.177740624086937e-10  -2.736222359800422e-09
  2.500000037252903e-02  1.088316202163696e+00  4.161455929279327e-01  2.213410437107086e-01  3.438320457935333e-01  3.331274390220642e-01  6.035563349723816e-01  -9.853771132384281e-08  -6.478511238583451e-08  -8.890517477766480e-08
  2.999999932944775e-02  6.981293678283691e+00  2.435977935791016e+00  1.643404364585876e+00  1.930064678192139e+00  1.713914632797241e+00  3.270740985870361e+00  -5.327528924681246e-07  -2.860294898709981e-07  -4.180244843610126e-07
  3.500000014901161e-02  1.355980205535889e+01  4.137279510498047e+00  3.426582336425781e+00  2.673570871353149e+00  3.172561645507812e+00  6.693881988525391e+00  -9.622384595786571e-07  -4.542504825622018e-07  -6.927718345650646e-07
  3.999999910593033e-02  1.975685310363770e+01  3.715694427490234e+00  2.388652324676514e+00  2.575004816055298e+00  6.358009815216064e+00  1.182247257232666e+01  -1.352538561150141e-06  -5.361332000575203e-07  -1.037190031638602e-06
  4.500000178813934e-02  1.508999538421631e+01  -1.109339714050293e+00  -5.150450229644775e+00  -7.066980004310608e-02  9.159428596496582e+00  1.333996009826660e+01  -9.919086778609199e-07  -3.018062102455588e-07  -8.127856290229829e-07
  5.000000074505806e-02  3.675950467586517e-01  -7.538022041320801e+00  -1.852897453308105e+01  -3.329790115356445e+00  1.091191673278809e+01  8.788790702819824e+00  3.732942133183315e-08  4.386970076097896e-08  1.592830614072227e-07
  5.499999970197678e-02  -1.926438140869141e+01  -1.280181407928467e+01  -3.469834899902344e+01  -4.916633605957031e+00  1.182112312316895e+01  -1.404911637306213e+00  1.355920517198683e-06  2.534727343572740e-07  1.719284796308784e-06
  5.999999865889549e-02  -3.674354934692383e+01  -1.579526805877686e+01  -4.906781005859375e+01  -3.976234436035156e+00  1.193715858459473e+01  -1.535483169555664e+01  2.474641860317206e-06  2.528064726448065e-07  3.600132458814187e-06
  6.499999761581421e-02  -5.047848129272461e+01  -1.876573753356934e+01  -5.931695175170898e+01  -1.524043083190918e+00  1.156859779357910e+01  -2.893591308593750e+01  2.939665364465327e-06  2.532838152546901e-07  5.324366156855831e-06
  7.000000029802322e-02  -4.258410644531250e+01  -1.376901340484619e+01  -5.382104873657227e+01  1.995010375976562e+00  9.690234184265137e+00  -4.086267089843750e+01  2.391893531239475e-06  1.026310414431464e-07  6.770377240172820e-06
  7.500000298023224e-02  -1.323134899139404e+01  -3.545100212097168e+00  -3.343010330200195e+01  5.036149501800537e+00  6.444812774658203e+00  -4.660781860351562e+01  4.837941105506616e-07  -2.056535741701282e-08  7.362198175542289e-06
  7.999999821186066e-02  2.869545936584473e+01  9.517148017883301e+00  -3.994717836380005e+00  6.304215431213379e+00  2.957070112228394e+00  -4.113981246948242e+01  -2.246105850645108e-06  -3.530045589172914e-08  6.426967047445942e-06
  8.500000089406967e-02  6.393614196777344e+01  2.001690673828125e+01  2.278655624389648e+01  4.719921112060547e+00  1.016517281532288e+00  -2.005444717407227e+01  -4.617868398781866e-06  1.069997850322579e-07  3.420409484533593e-06
  9.000000357627869e-02  7.072959136962891e+01  2.159546470642090e+01  3.379055404663086e+01  1.626212596893311e-01  1.802895188331604e+00  1.723898696899414e+01  -5.286923624225892e-06  4.127284398691700e-07  -1.640462414798094e-06
  9.499999880790710e-02  3.567016983032227e+01  1.040228271484375e+01  2.020710372924805e+01  -5.859087467193604e+00  4.822371006011963e+00  6.521617889404297e+01  -3.402427182663814e-06  8.274024594356888e-07  -7.916186405054759e-06
  1.000000014901161e-01  -1.721183967590332e+01  -3.496763706207275e+00  -5.156574249267578e+00  -6.621721267700195e+00  3.829410076141357e+00  1.013056259155273e+02  -2.327768129362084e-07  1.028923747981025e-06  -1.223201979883015e-05
  1.049999967217445e-01  -1.144887771606445e+02  -3.574577713012695e+01  -6.548352050781250e+01  -7.381252288818359e+00  5.330898761749268e+00  1.357797393798828e+02  5.704191153199645e-06  1.467373635932745e-06  -1.667726246523671e-05
  1.099999994039536e-01  -2.114392089843750e+02  -6.649272918701172e+01  -1.310797729492188e+02  -1.755237102508545e+00  2.747210264205933e+00  1.469650421142578e+02  1.179715491161915e-05  1.639638071537775e-06  -1.793076262401883e-05
  1.150000020861626e-01  -2.742636108398438e+02  -8.396689605712891e+01  -1.830469360351562e+02  1.205585765838623e+01  -5.625134944915771e+00  1.277277145385742e+02  1.598780181666370e-05  1.341626671091944e-06  -1.512054495833581e-05
  1.199999973177910e-01  -2.755317077636719e+02  -7.918186187744141e+01  -2.055458068847656e+02  3.418249511718750e+01  -1.941202354431152e+01  7.871848297119141e+01  1.656648964853957e-05  4.295459632430720e-07  -8.435124982497655e-06
  1.250000000000000e-01  -2.011654357910156e+02  -4.844992446899414e+01  -1.898000183105469e+02  6.337966537475586e+01  -3.609504318237305e+01  8.612317085266113e+00  1.261753004655475e-05  -1.166824858955806e-06  8.874856121110497e-07
  1.299999952316284e-01  -7.156244659423828e+01  -1.386050128936768e+01  -1.601908264160156e+02  9.456067657470703e+01  -3.872606277465820e+01  -5.350751876831055e+01  6.165722425066633e-06  -2.691826466616476e-06  7.697346518398263e-06
  1.350000053644180e-01  1.407573089599609e+02  5.873371505737305e+01  -7.360892486572266e+01  1.322200775146484e+02  -4.890755462646484e+01  -1.207086486816406e+02  -6.078160367906094e-06  -5.521454568224726e-06  1.644810436118860e-05
  1.400000005960464e-01  3.910130920410156e+02  1.390050506591797e+02  3.492062377929688e+01  1.702553558349609e+02  -5.223968124389648e+01  -1.655575866699219e+02  -2.068198955385014e-05  -8.773348781687673e-06  2.229607525805477e-05
  1.449999958276749e-01  6.453135986328125e+02  2.127649230957031e+02  1.492459564208984e+02  2.049821777343750e+02  -4.673012542724609e+01  -1.773741302490234e+02  -3.553494025254622e-05  -1.209214406117098e-05  2.392579153820407e-05
  1.500000059604645e-01  8.684853515625000e+02  2.655075073242188e+02  2.532863769531250e+02  2.316137695312500e+02  -3.223126602172852e+01  -1.521940612792969e+02  -4.843292117584497e-05  -1.493859872425674e-05  2.092524846375454e-05
  1.550000011920929e-01  1.027725219726562e+03  2.837573242187500e+02  3.328293457031250e+02  2.439428405761719e+02  -1.031894588470459e+01  -9.320252990722656e+01  -5.733057696488686e-05  -1.656710992392618e-05  1.380816138407681e-05
  1.599999964237213e-01  1.095374389648438e+03  2.562971496582031e+02  3.765292053222656e+02  2.346386413574219e+02  1.621270179748535e+01  -9.597772598266602e+00  -6.053130709915422e-05  -1.607570811756887e-05  3.830624336842448e-06
  1.650000065565109e-01  1.057405151367188e+03  1.794686279296875e+02  3.720090332031250e+02  1.956724853515625e+02  4.584132003784180e+01  7.496508026123047e+01  -5.658896407112479e-05  -1.185523160529556e-05  -6.382400897564366e-06
  1.700000017881393e-01  8.924642333984375e+02  4.856254959106445e+01  3.275318298339844e+02  1.259907226562500e+02  6.980539703369141e+01  1.665951385498047e+02  -4.546054697129875e-05  -5.111842256155796e-06  -1.692422665655613e-05
  1.749999970197678e-01  6.122286987304688e+02  -1.320704193115234e+02  2.364553222656250e+02  2.136145591735840e+01  8.865748596191406e+01  2.442854614257812e+02  -2.730934284045361e-05  5.460321972350357e-06  -2.557118932600133e-05
  1.800000071525574e-01  2.344940795898438e+02  -3.506329040527344e+02  1.042598495483398e+02  -1.154529190063477e+02  9.984622955322266e+01  2.984315795898438e+02  -3.335994506414863e-06  1.958663415280171e-05  -3.118506356258877e-05
  1.850000023841858e-01  -2.100601501464844e+02  -5.881749267578125e+02  -5.865600204467773e+01  -2.759946289062500e+02  1.014789428710938e+02  3.238952026367188e+02  2.447425504215062e-05  3.628969716373831e-05  -3.320016548968852e-05
  1.899999976158142e-01  -6.795596923828125e+02  -8.197522583007812e+02  -2.372620697021484e+02  -4.462088012695312e+02  9.233528137207031e+01  3.202118530273438e+02  5.347497062757611e-05  5.391017839428969e-05  -3.162854045513086e-05
  1.949999928474426e-01  -1.096141357421875e+03  -9.909422607421875e+02  -4.079398803710938e+02  -5.885912475585938e+02  7.078586578369141e+01  2.863943481445312e+02  8.033068297663704e-05  6.828906043665484e-05  -2.756564754236024e-05
  2.000000029802322e-01  -1.460904663085938e+03  -1.127118408203125e+03  -5.630757446289062e+02  -7.214912719726562e+02  4.088891601562500e+01  2.398139495849609e+02  1.023271470330656e-04  8.125499152811244e-05  -2.096324715239462e-05
  2.049999982118607e-01  -1.704759277343750e+03  -1.177885986328125e+03  -6.770564575195312e+02  -8.075861206054688e+02  2.309741497039795e+00  1.820088043212891e+02  1.165133871836588e-04  8.865453128237277e-05  -1.300589246966410e-05
  2.099999934434891e-01  -1.789653930664062e+03  -1.124104248046875e+03  -7.324309082031250e+02  -8.297354125976562e+02  -4.280364608764648e+01  1.207691192626953e+02  1.206199449370615e-04  8.862553659128025e-05  -4.636971425497904e-06
  2.150000035762787e-01  -1.691664184570312e+03  -9.557941284179688e+02  -7.168771362304688e+02  -7.762304077148438e+02  -9.149317932128906e+01  6.263602447509766e+01  1.132672550738789e-04  8.002622780622914e-05  3.358876710990444e-06
  2.199999988079071e-01  -1.404909423828125e+03  -6.740600585937500e+02  -6.252224121093750e+02  -6.428027954101562e+02  -1.401296691894531e+02  1.213847064971924e+01  9.418396075488999e-05  6.263471004785970e-05  1.043947850121185e-05
  2.249999940395355e-01  -9.435024414062500e+02  -2.917460327148438e+02  -4.606242065429688e+02  -4.337120971679688e+02  -1.846849212646484e+02  -2.848751640319824e+01  6.430420035030693e-05  3.721733082784340e-05  1.632736166357063e-05
  2.300000041723251e-01  -3.576796875000000e+02  1.374054412841797e+02  -2.657179870605469e+02  -1.774945831298828e+02  -2.040806427001953e+02  -5.418016052246094e+01  2.818014036165550e-05  8.207677637983579e-06  1.913219966809265e-05
  2.349999994039536e-01  3.253017883300781e+02  6.325550537109375e+02  -4.055292159318924e-02  1.336005401611328e+02  -2.271702880859375e+02  -7.557344055175781e+01  -1.555498056404758e-05  -2.702371602936182e-05  2.261965710204095e-05
  2.399999946355820e-01  1.038571166992188e+03  1.134352905273438e+03  2.851792297363281e+02  4.638338623046875e+02  -2.367150726318359e+02  -9.118544769287109e+01  -6.119342288002372e-05  -6.347860471578315e-05  2.521212263673078e-05
  2.450000047683716e-01  1.712756958007812e+03  1.600184204101562e+03  5.614008178710938e+02  7.839821166992188e+02  -2.309174499511719e+02  -1.034701614379883e+02  -1.044835080392659e-04  -9.797923121368513e-05  2.708145802898798e-05
  2.500000000000000e-01  2.277010009765625e+03  1.987369995117188e+03  7.991650390625000e+02  1.063882324218750e+03  -2.090639038085938e+02  -1.142322387695312e+02  -1.410633994964883e-04  -1.273813104489818e-04  2.831104211509228e-05
  2.549999952316284e-01  2.664845214843750e+03  2.256493896484375e+03  9.707837524414062e+02  1.275084350585938e+03  -1.715928497314453e+02  -1.241781616210938e+02  -1.667932083364576e-04  -1.488284760853276e-04  2.886101901822258e-05
  2.599999904632568e-01  2.810898925781250e+03  2.345742919921875e+03  1.036776123046875e+03  1.390957763671875e+03  -1.080556259155273e+02  -1.278715896606445e+02  -1.763731852406636e-04  -1.580140669830143e-04  2.714561924221925e-05
  2.649999856948853e-01  2.698361083984375e+03  2.292674316406250e+03  1.016026855468750e+03  1.402885864257812e+03  -4.741372299194336e+01  -1.347611083984375e+02  -1.708306663203984e-04  -1.575020287418738e-04  2.601447158667725e-05
  2.700000107288361e-01  2.278257812500000e+03  2.046838012695312e+03  8.742009277343750e+02  1.288942260742188e+03  2.141306686401367e+01  -1.367774963378906e+02  -1.458467449992895e-04  -1.437055761925876e-04  2.359255086048506e-05
  2.750000059604645e-01  1.533547851562500e+03  1.600206176757812e+03  6.045827636718750e+02  1.041844848632812e+03  9.461884307861328e+01  -1.315723571777344e+02  -1.001566924969666e-04  -1.160670071840286e-04  1.968210744962562e-05
  2.800000011920929e-01  4.603718566894531e+02  9.530726318359375e+02  2.057061920166016e+02  6.600476074218750e+02  1.679240875244141e+02  -1.173900375366211e+02  -3.332139385747723e-05  -7.458257459802553e-05  1.422698642272735e-05
  2.849999964237213e-01  -9.342949829101562e+02  1.127280197143555e+02  -3.198918762207031e+02  1.465888671875000e+02  2.368150024414062e+02  -9.359438323974609e+01  5.438466541818343e-05  -1.969422919501085e-05  7.368818842223845e-06
  2.899999916553497e-01  -2.635563964843750e+03  -9.081966552734375e+02  -9.670109252929688e+02  -4.922812500000000e+02  2.968146667480469e+02  -6.097245025634766e+01  1.621328992769122e-04  4.782888572663069e-05  -5.296246854413766e-07
  2.949999868869781e-01  -4.586041015625000e+03  -2.089721923828125e+03  -1.733451660156250e+03  -1.238220581054688e+03  3.465998840332031e+02  -2.608329391479492e+01  2.882929693441838e-04  1.270537468371913e-04  -9.014129318529740e-06
  3.000000119209290e-01  -6.841355468750000e+03  -3.419265625000000e+03  -2.605903564453125e+03  -2.106281982421875e+03  3.773738403320312e+02  1.557825469970703e+01  4.325655172578990e-04  2.167121274396777e-04  -1.719686042633839e-05
  3.050000071525574e-01  -9.341083007812500e+03  -4.874610351562500e+03  -3.578635009765625e+03  -3.073807128906250e+03  3.894330749511719e+02  5.670495223999023e+01  5.928742466494441e-04  3.156201273668557e-04  -2.446172038617078e-05
  3.100000023841858e-01  -1.206330664062500e+04  -6.434153808593750e+03  -4.643444335937500e+03  -4.131350585937500e+03  3.813704528808594e+02  9.309580230712891e+01  7.677024113945663e-04  4.224127333145589e-04  -3.006162660312839e-05
  3.149999976158142e-01  -1.498768359375000e+04  -8.075140625000000e+03  -5.791527343750000e+03  -5.269682617187500e+03  3.531730346679688e+02  1.211352767944336e+02  9.556109434925020e-04  5.356210167519748e-04  -3.338845272082835e-05
  3.199999928474426e-01  -1.809563867187500e+04  -9.773368164062500e+03  -7.012997558593750e+03  -6.479477539062500e+03  3.063037414550781e+02  1.383805999755859e+02  1.155256177298725e-03  6.536418222822249e-04  -3.406595715205185e-05
  3.249999880790710e-01  -2.136291406250000e+04  -1.149618847656250e+04  -8.317283203125000e+03  -7.750862304687500e+03  2.533696746826172e+02  1.415206298828125e+02  1.367343938909471e-03  7.743862806819379e-04  -3.356937668286264e-05
  3.300000131130219e-01  -2.479196289062500e+04  -1.322753320312500e+04  -9.650593750000000e+03  -9.071600585937500e+03  1.807419433593750e+02  1.370213165283203e+02  1.587050035595894e-03  8.964769658632576e-04  -2.938355100923218e-05
  3.350000083446503e-01  -2.835557812500000e+04  -1.493164550781250e+04  -1.101693066406250e+04  -1.043095410156250e+04  1.014770126342773e+02  1.241495971679688e+02  1.814858871512115e-03  1.017690054140985e-03  -2.316545578651130e-05
  3.400000035762787e-01  -3.203949023437500e+04  -1.657687109375000e+04  -1.239976367187500e+04  -1.181703417968750e+04  2.095644569396973e+01  1.066741714477539e+02  2.049704082310200e-03  1.135933911427855e-03  -1.564274134580046e-05
  3.449999988079071e-01  -3.583069140625000e+04  -1.813098242187500e+04  -1.378185546875000e+04  -1.321776660156250e+04  -5.546538543701172e+01  8.914736938476562e+01  2.290596021339297e-03  1.249134307727218e-03  -7.687421202717815e-06
  3.499999940395355e-01  -3.971810937500000e+04  -1.956255664062500e+04  -1.514627343750000e+04  -1.462151074218750e+04  -1.229281387329102e+02  7.625880432128906e+01  2.536667743697762e-03  1.355346292257309e-03  -2.052760095239137e-07
  3.549999892711639e-01  -4.369351562500000e+04  -2.084258789062500e+04  -1.647758593750000e+04  -1.601804296875000e+04  -1.774704742431641e+02  7.217548370361328e+01  2.787231234833598e-03  1.452874275855720e-03  5.976586180622689e-06
  3.600000143051147e-01  -4.776168359375000e+04  -2.194028515625000e+04  -1.778932812500000e+04  -1.738733984375000e+04  -1.960666809082031e+02  8.032717132568359e+01  3.044840879738331e-03  1.540426863357425e-03  7.579605608043494e-06
  3.650000095367432e-01  -5.190734375000000e+04  -2.285251953125000e+04  -1.902105664062500e+04  -1.875020703125000e+04  -2.167728729248047e+02  1.012912521362305e+02  3.303539007902145e-03  1.617465983144939e-03  9.572827366355341e-06
  3.700000047683716e-01  -5.614425781250000e+04  -2.355907812500000e+04  -2.019338085937500e+04  -2.009358203125000e+04  -2.206896667480469e+02  1.355886383056641e+02  3.566455096006393e-03  1.683397451415658e-03  9.109307029575575e-06
  3.750000000000000e-01  -6.048526562500000e+04  -2.405637109375000e+04  -2.130654687500000e+04  -2.142051171875000e+04  -2.091286926269531e+02  1.813398590087891e+02  3.834239440038800e-03  1.738453633151948e-03  6.331976237561321e-06
  3.799999952316284e-01  -6.494952343750000e+04  -2.434912304687500e+04  -2.236562304687500e+04  -2.273804296875000e+04  -1.844417572021484e+02  2.351538085937500e+02  4.107941407710314e-03  1.783413579687476e-03  1.640247546674800e-06
  3.849999904632568e-01  -6.956203125000000e+04  -2.444989257812500e+04  -2.337991406250000e+04  -2.405684570312500e+04  -1.497237396240234e+02  2.925481567382812e+02  4.388962872326374e-03  1.819542841985822e-03  -4.369271664472762e-06
  3.899999856948853e-01  -7.436036718750000e+04  -2.439668359375000e+04  -2.439469140625000e+04  -2.539499023437500e+04  -8.602949523925781e+01  3.488699951171875e+02  4.682238213717937e-03  1.850716536864638e-03  -1.297878770856187e-05
  3.950000107288361e-01  -7.935655468750000e+04  -2.418047070312500e+04  -2.536031835937500e+04  -2.676222851562500e+04  -4.182815551757812e+01  3.986754150390625e+02  4.983013030141592e-03  1.874731737188995e-03  -1.945519034052268e-05
  4.000000059604645e-01  -8.459450781250000e+04  -2.384301953125000e+04  -2.632431640625000e+04  -2.817548828125000e+04  1.938648223876953e+00  4.375935974121094e+02  5.296469200402498e-03  1.895523862913251e-03  -2.511341881472617e-05
  4.050000011920929e-01  -9.010679687500000e+04  -2.341291210937500e+04  -2.730196484375000e+04  -2.965087304687500e+04  4.246722412109375e+01  4.622510986328125e+02  5.624448414891958e-03  1.915174303576350e-03  -2.934906842710916e-05
  4.099999964237213e-01  -9.592298437500000e+04  -2.291778710937500e+04  -2.830672265625000e+04  -3.120330468750000e+04  7.757933044433594e+01  4.707301635742188e+02  5.968566052615643e-03  1.935662119649351e-03  -3.171928256051615e-05
  4.149999916553497e-01  -1.020675781250000e+05  -2.238239453125000e+04  -2.934912109375000e+04  -3.284578125000000e+04  1.057999038696289e+02  4.627412719726562e+02  6.330139469355345e-03  1.958762295544147e-03  -3.196958277840167e-05
  4.199999868869781e-01  -1.085588203125000e+05  -2.182709375000000e+04  -3.043608398437500e+04  -3.458883203125000e+04  1.263566741943359e+02  4.395654602050781e+02  6.710057146847248e-03  1.985983690246940e-03  -3.003947131219320e-05
  4.250000119209290e-01  -1.153624296875000e+05  -2.128824804687500e+04  -3.160181054687500e+04  -3.644257812500000e+04  1.622978668212891e+02  4.033310546875000e+02  7.110329810529947e-03  2.021182794123888e-03  -2.859778214769904e-05
  4.300000071525574e-01  -1.225681875000000e+05  -2.073335156250000e+04  -3.278456250000000e+04  -3.840496093750000e+04  1.686297607421875e+02  3.572760314941406e+02  7.527953945100307e-03  2.060024067759514e-03  -2.297382525284775e-05
  4.350000023841858e-01  -1.301284921875000e+05  -2.018317968750000e+04  -3.400639062500000e+04  -4.047973046875000e+04  1.690059967041016e+02  3.066856994628906e+02  7.963741198182106e-03  2.105450723320246e-03  -1.614818756934255e-05
  4.399999976158142e-01  -1.380165468750000e+05  -1.962969335937500e+04  -3.525153906250000e+04  -4.266274609375000e+04  1.647379760742188e+02  2.581283569335938e+02  8.415871299803257e-03  2.157434122636914e-03  -8.852396604197565e-06
  4.449999928474426e-01  -1.462163593750000e+05  -1.906986718750000e+04  -3.650926562500000e+04  -4.495324609375000e+04  1.572966156005859e+02  2.194821472167969e+02  8.883284404873848e-03  2.216133056208491e-03  -1.806382329050393e-06
  4.499999880790710e-01  -1.547093750000000e+05  -1.849822656250000e+04  -3.777051171875000e+04  -4.734923437500000e+04  1.501113891601562e+02  1.992768402099609e+02  9.364743717014790e-03  2.281451597809792e-03  4.286459443392232e-06
  4.550000131130219e-01  -1.634232187500000e+05  -1.793474218750000e+04  -3.906921875000000e+04  -4.984011718750000e+04  1.749198303222656e+02  1.935830383300781e+02  9.862410835921764e-03  2.356160664930940e-03  5.875142960576341e-06
  4.600000083446503e-01  -1.724847500000000e+05  -1.733538476562500e+04  -4.033657812500000e+04  -5.244006250000000e+04  1.781585693359375e+02  2.091696166992188e+02  1.037100609391928e-02  2.434879774227738e-03  9.911174856824800e-06
  4.650000035762787e-01  -1.818366093750000e+05  -1.671766015625000e+04  -4.160656250000000e+04  -5.514215625000000e+04  1.834207916259766e+02  2.253279418945312e+02  1.089307107031345e-02  2.520447596907616e-03  1.468268601456657e-05
  4.699999988079071e-01  -1.914683906250000e+05  -1.607350390625000e+04  -4.287076953125000e+04  -5.794373437500000e+04  1.829282684326172e+02  2.230040740966797e+02  1.142785325646400e-02  2.612630603834987e-03  2.171988489862997e-05
  4.749999940395355e-01  -2.013673750000000e+05  -1.539593359375000e+04  -4.411915234375000e+04  -6.084230078125000e+04  1.692243041992188e+02  1.908066406250000e+02  1.197451818734407e-02  2.711031818762422e-03  3.142977948300540e-05
  4.799999892711639e-01  -2.115080937500000e+05  -1.467752929687500e+04  -4.533980078125000e+04  -6.383320312500000e+04  1.420989379882812e+02  1.338804626464844e+02  1.253150589764118e-02  2.815154148265719e-03  4.215363878756762e-05
  4.850000143051147e-01  -2.218859062500000e+05  -1.395801562500000e+04  -4.661272656250000e+04  -6.690662500000000e+04  1.638038177490234e+02  1.044103698730469e+02  1.310684159398079e-02  2.928008558228612e-03  4.112863462069072e-05
  4.900000095367432e-01  -2.325290000000000e+05  -1.318459570312500e+04  -4.777839062500000e+04  -7.009335937500000e+04  1.346689758300781e+02  6.716962432861328e+01  1.368600502610207e-02  3.044159617275000e-03  4.446231469046324e-05
  4.950000047683716e-01  -2.434671250000000e+05  -1.242195996093750e+04  -4.893947656250000e+04  -7.338153125000000e+04  1.204795303344727e+02  7.201385498046875e+01  1.427877042442560e-02  3.166660200804472e-03  4.012300632894039e-05
  5.000000000000000e-01  -2.547737031250000e+05  -1.170275292968750e+04  -5.012498437500000e+04  -7.677556250000000e+04  1.291528167724609e+02  1.305488128662109e+02  1.488951221108437e-02  3.295559436082840e-03  2.712005880312063e-05
  5.049999952316284e-01  -2.665341562500000e+05  -1.105120898437500e+04  -5.136312109375000e+04  -8.027776562500000e+04  1.631072540283203e+02  2.414929504394531e+02  1.552311144769192e-02  3.430573735386133e-03  6.250353180803359e-06
  5.099999904632568e-01  -2.788233125000000e+05  -1.048021679687500e+04  -5.267439843750000e+04  -8.388981250000000e+04  2.207583618164062e+02  3.911804504394531e+02  1.618383452296257e-02  3.571779467165470e-03  -2.017476072069257e-05
  5.149999856948853e-01  -2.917163437500000e+05  -1.000294531250000e+04  -5.407338281250000e+04  -8.762339843750000e+04  2.957430114746094e+02  5.552533569335938e+02  1.687589474022388e-02  3.720603883266449e-03  -4.853102291235700e-05
  5.199999809265137e-01  -3.052626875000000e+05  -9.638161132812500e+03  -5.561416796875000e+04  -9.150910156250000e+04  4.037571105957031e+02  6.886773681640625e+02  1.760691963136196e-02  3.885981626808643e-03  -7.651843043277040e-05
  5.249999761581421e-01  -3.195360312500000e+05  -9.405585937500000e+03  -5.721264062500000e+04  -9.556112500000000e+04  4.842466125488281e+02  8.014113159179688e+02  1.836933568120003e-02  4.059015773236752e-03  -9.799513645702973e-05
  5.299999713897705e-01  -3.345274062500000e+05  -9.305401367187500e+03  -5.890371484375000e+04  -9.981892187500000e+04  5.541718750000000e+02  8.619523315429688e+02  1.916740462183952e-02  4.248677287250757e-03  -1.122062749345787e-04
  5.350000262260437e-01  -3.501708750000000e+05  -9.318382812500000e+03  -6.066820703125000e+04  -1.042991562500000e+05  6.108354492187500e+02  8.701706542968750e+02  1.999602094292641e-02  4.456845577806234e-03  -1.194542201119475e-04
  5.400000214576721e-01  -3.663721562500000e+05  -9.411654296875000e+03  -6.248476171875000e+04  -1.090022968750000e+05  6.590170898437500e+02  8.420714721679688e+02  2.084896154701710e-02  4.684173967689276e-03  -1.223212311742827e-04
  5.450000166893005e-01  -3.830905625000000e+05  -9.567381835937500e+03  -6.434401953125000e+04  -1.139306328125000e+05  7.022559204101562e+02  7.976676025390625e+02  2.172381617128849e-02  4.931412171572447e-03  -1.233769871760160e-04
  5.500000119209290e-01  -4.001998437500000e+05  -9.742913085937500e+03  -6.626448437500000e+04  -1.190245781250000e+05  7.614369506835938e+02  7.467115478515625e+02  2.262033335864544e-02  5.199172999709845e-03  -1.267630577785894e-04
  5.550000071525574e-01  -4.178735000000000e+05  -9.955383789062500e+03  -6.815026562500000e+04  -1.243927578125000e+05  7.717718505859375e+02  6.870522460937500e+02  2.353463694453239e-02  5.484794266521931e-03  -1.241606369148940e-04
  5.600000023841858e-01  -4.359934375000000e+05  -1.015938867187500e+04  -7.001228125000000e+04  -1.299674609375000e+05  7.529109497070312e+02  6.111842651367188e+02  2.446654811501503e-02  5.788716953247786e-03  -1.175290890387259e-04
  5.649999976158142e-01  -4.545484062500000e+05  -1.033921191406250e+04  -7.183128125000000e+04  -1.357307343750000e+05  6.937952270507812e+02  4.962048034667969e+02  2.541555091738701e-02  6.109832320362329e-03  -1.037801339407451e-04
  5.699999928474426e-01  -4.736178125000000e+05  -1.052158203125000e+04  -7.362453906250000e+04  -1.416822343750000e+05  5.878663330078125e+02  3.238424987792969e+02  2.638683468103409e-02  6.448552943766117e-03  -8.090467599686235e-05
  5.749999880790710e-01  -4.932874375000000e+05  -1.073559863281250e+04  -7.541532812500000e+04  -1.478198750000000e+05  4.346961669921875e+02  8.761489868164062e+01  2.738557383418083e-02  6.804550532251596e-03  -4.890159107162617e-05
  5.799999833106995e-01  -5.136685000000000e+05  -1.102217773437500e+04  -7.723791406250000e+04  -1.541477187500000e+05  2.385857086181641e+02  -2.013915863037109e+02  2.841797657310963e-02  7.177131716161966e-03  -1.001485634333221e-05
  5.849999785423279e-01  -5.349138750000000e+05  -1.136325097656250e+04  -7.918853125000000e+04  -1.606740312500000e+05  5.218236160278320e+01  -4.241293640136719e+02  2.949504181742668e-02  7.557097356766462e-03  1.690087083261460e-05
  5.899999737739563e-01  -5.569655625000000e+05  -1.183211523437500e+04  -8.111185937500000e+04  -1.673696562500000e+05  -1.978537597656250e+02  -7.110286865234375e+02  3.060517087578773e-02  7.953184656798840e-03  5.548375702346675e-05
  5.950000286102295e-01  -5.800406250000000e+05  -1.243823242187500e+04  -8.316067968750000e+04  -1.742303593750000e+05  -4.424157104492188e+02  -9.286000366210938e+02  3.176400065422058e-02  8.357330225408077e-03  8.329354750458151e-05
  6.000000238418579e-01  -6.043411250000000e+05  -1.323560058593750e+04  -8.543389843750000e+04  -1.812677500000000e+05  -6.345698242187500e+02  -1.002123535156250e+03  3.298361599445343e-02  8.769595995545387e-03  9.005086758406833e-05
  6.050000190734863e-01  -6.300668125000000e+05  -1.427794531250000e+04  -8.803360156250000e+04  -1.885072968750000e+05  -7.315927734375000e+02  -8.762418212890625e+02  3.427716717123985e-02  9.191773831844330e-03  6.940092862350866e-05
  6.100000143051147e-01  -6.573692500000000e+05  -1.557664550781250e+04  -9.101478906250000e+04  -1.959762187500000e+05  -7.153754882812500e+02  -5.430975952148438e+02  3.565506637096405e-02  9.624648839235306e-03  2.240051435364876e-05
  6.150000095367432e-01  -6.861789375000000e+05  -1.705334179687500e+04  -9.426693750000000e+04  -2.037115937500000e+05  -6.724841918945312e+02  -1.962527923583984e+02  3.711492568254471e-02  1.006735768169165e-02  -2.421124918328132e-05
  6.200000047683716e-01  -7.166685625000000e+05  -1.872749804687500e+04  -9.789282031250000e+04  -2.116712031250000e+05  -4.951700744628906e+02  3.468948059082031e+02  3.866414353251457e-02  1.052116230130196e-02  -9.264954132959247e-05
  6.250000000000000e-01  -7.487606250000000e+05  -2.047607421875000e+04  -1.017362031250000e+05  -2.199207187500000e+05  -2.765682678222656e+02  8.788132934570312e+02  4.029986634850502e-02  1.098523475229740e-02  -1.542740792501718e-04
  6.299999952316284e-01  -7.822954375000000e+05  -2.219436328125000e+04  -1.056619687500000e+05  -2.284740312500000e+05  -6.170495223999023e+01  1.282724243164062e+03  4.201202094554901e-02  1.146065909415483e-02  -1.945567200891674e-04
  6.349999904632568e-01  -8.169649375000000e+05  -2.375781054687500e+04  -1.095084296875000e+05  -2.373216250000000e+05  1.197582092285156e+02  1.475685180664062e+03  4.378116875886917e-02  1.194819621741772e-02  -2.049558388534933e-04
  6.399999856948853e-01  -8.524484375000000e+05  -2.505983007812500e+04  -1.131341015625000e+05  -2.464456406250000e+05  2.546129302978516e+02  1.428853515625000e+03  4.558695480227470e-02  1.244768779724836e-02  -1.845385559136048e-04
  6.449999809265137e-01  -8.885215625000000e+05  -2.602319335937500e+04  -1.164545312500000e+05  -2.558260625000000e+05  3.386521606445312e+02  1.158514526367188e+03  4.741457849740982e-02  1.295706629753113e-02  -1.380999892717227e-04
  6.499999761581421e-01  -9.250635625000000e+05  -2.679800195312500e+04  -1.196220390625000e+05  -2.654665312500000e+05  4.105700073242188e+02  8.208658447265625e+02  4.926083609461784e-02  1.347612682729959e-02  -9.438137931283563e-05
  6.549999713897705e-01  -9.622525000000000e+05  -2.700078710937500e+04  -1.224301562500000e+05  -2.753030000000000e+05  4.511958923339844e+02  3.283706359863281e+02  5.112534388899803e-02  1.399438176304102e-02  -2.864521957235411e-05
  6.600000262260437e-01  -1.000238062500000e+06  -2.688593359375000e+04  -1.251788281250000e+05  -2.853482500000000e+05  4.931940917968750e+02  -1.803034210205078e+02  5.302197113633156e-02  1.451495382934809e-02  3.195835233782418e-05
  6.650000214576721e-01  -1.039392437500000e+06  -2.659893554687500e+04  -1.281001796875000e+05  -2.956372500000000e+05  5.646956787109375e+02  -6.257833862304688e+02  5.497498437762260e-02  1.504206471145153e-02  7.701214053668082e-05
  6.700000166893005e-01  -1.080201000000000e+06  -2.636363671875000e+04  -1.314396406250000e+05  -3.062558125000000e+05  6.871749877929688e+02  -9.475450439453125e+02  5.701576545834541e-02  1.558615919202566e-02  9.986152144847438e-05
  6.750000119209290e-01  -1.123223375000000e+06  -2.643382226562500e+04  -1.354092968750000e+05  -3.173310000000000e+05  8.723955688476562e+02  -1.100344970703125e+03  5.917922034859657e-02  1.616089418530464e-02  9.691671584732831e-05
  6.800000071525574e-01  -1.169252375000000e+06  -2.731342773437500e+04  -1.401376875000000e+05  -3.291608125000000e+05  1.041773437500000e+03  -1.102426269531250e+03  6.150151789188385e-02  1.679527200758457e-02  7.929191633593291e-05
  6.850000023841858e-01  -1.218194500000000e+06  -2.849779296875000e+04  -1.456053750000000e+05  -3.415350312500000e+05  1.334556640625000e+03  -8.227052612304688e+02  6.399210542440414e-02  1.746411435306072e-02  2.352164301555604e-05
  6.899999976158142e-01  -1.270537875000000e+06  -3.036752929687500e+04  -1.518217656250000e+05  -3.547120625000000e+05  1.723239501953125e+03  -2.235976715087891e+02  6.666988134384155e-02  1.819115690886974e-02  -6.779441901016980e-05
  6.949999928474426e-01  -1.326526625000000e+06  -3.299079296875000e+04  -1.587687343750000e+05  -3.688084062500000e+05  2.223413818359375e+03  7.160430908203125e+02  6.954431533813477e-02  1.898580603301525e-02  -1.937510969582945e-04
  6.999999880790710e-01  -1.386369875000000e+06  -3.644931250000000e+04  -1.664715937500000e+05  -3.839574375000000e+05  2.828907226562500e+03  1.951185424804688e+03  7.262375205755234e-02  1.986057683825493e-02  -3.454007382970303e-04
  7.049999833106995e-01  -1.450115750000000e+06  -4.077514453125000e+04  -1.749502812500000e+05  -4.002725937500000e+05  3.501789550781250e+03  3.358473144531250e+03  7.590807974338531e-02  2.082730643451214e-02  -5.053289351053536e-04
  7.099999785423279e-01  -1.517593875000000e+06  -4.591952343750000e+04  -1.841846875000000e+05  -4.178241562500000e+05  4.178779296875000e+03  4.759187011718750e+03  7.938661426305771e-02  2.189433947205544e-02  -6.512734689749777e-04
  7.149999737739563e-01  -1.587855250000000e+06  -5.167550000000000e+04  -1.937838437500000e+05  -4.365261250000000e+05  4.482038085937500e+03  5.617666503906250e+03  8.300366997718811e-02  2.305545844137669e-02  -7.127268472686410e-04
  7.200000286102295e-01  -1.661467750000000e+06  -5.802568359375000e+04  -2.042254843750000e+05  -4.565566875000000e+05  4.948504882812500e+03  6.461154785156250e+03  8.680063486099243e-02  2.432476170361042e-02  -7.721308502368629e-04
  7.250000238418579e-01  -1.737479625000000e+06  -6.472333203125000e+04  -2.150272343750000e+05  -4.778395000000000e+05  5.181167480468750e+03  6.773707031250000e+03  9.072089940309525e-02  2.569328248500824e-02  -7.589155575260520e-04
  7.300000190734863e-01  -1.815298125000000e+06  -7.152690625000000e+04  -2.259292812500000e+05  -5.003020625000000e+05  5.115003417968750e+03  6.465812988281250e+03  9.473312646150589e-02  2.714984863996506e-02  -6.642711814492941e-04
  7.350000143051147e-01  -1.894534625000000e+06  -7.827753125000000e+04  -2.367162500000000e+05  -5.238737187500000e+05  4.719257812500000e+03  5.533152832031250e+03  9.881825000047684e-02  2.868330478668213e-02  -4.898139159195125e-04
  7.400000095367432e-01  -1.975274875000000e+06  -8.501029687500000e+04  -2.473137031250000e+05  -5.485498125000000e+05  4.000902832031250e+03  4.059288818359375e+03  1.029853671789169e-01  3.028840012848377e-02  -2.474455104675144e-04
  7.450000047683716e-01  -2.058638000000000e+06  -9.230309375000000e+04  -2.581046718750000e+05  -5.745046250000000e+05  3.152838867187500e+03  2.587658935546875e+03  1.072967126965523e-01  3.196962550282478e-02  -8.894645361579023e-06
  7.500000000000000e-01  -2.144856750000000e+06  -9.979932031250000e+04  -2.688055000000000e+05  -6.017213125000000e+05  2.055115234375000e+03  7.005111694335938e+02  1.117736995220184e-01  3.372559323906898e-02  2.846480347216129e-04
  7.549999952316284e-01  -2.235310500000000e+06  -1.081443046875000e+05  -2.798865625000000e+05  -6.303322500000000e+05  9.046004028320312e+02  -1.087186035156250e+03  1.164937019348145e-01  3.555897995829582e-02  5.626106285490096e-04
  7.599999904632568e-01  -2.331431000000000e+06  -1.177767812500000e+05  -2.918020625000000e+05  -6.605101875000000e+05  -1.554909973144531e+02  -2.536989746093750e+03  1.215377226471901e-01  3.747943788766861e-02  7.922716904431581e-04
  7.649999856948853e-01  -2.434879500000000e+06  -1.292505546875000e+05  -3.051580625000000e+05  -6.925312500000000e+05  -1.005702514648438e+03  -3.472857910156250e+03  1.270020157098770e-01  3.950805589556694e-02  9.493457619100809e-04
  7.699999809265137e-01  -2.547331000000000e+06  -1.431285156250000e+05  -3.205939375000000e+05  -7.267425625000000e+05  -1.577530273437500e+03  -3.805524902343750e+03  1.329845786094666e-01  4.167282208800316e-02  1.021578907966614e-03
  7.749999761581421e-01  -2.670236750000000e+06  -1.598831406250000e+05  -3.386602500000000e+05  -7.635224375000000e+05  -1.859013061523438e+03  -3.530166503906250e+03  1.395709365606308e-01  4.400449246168137e-02  1.008495222777128e-03
  7.799999713897705e-01  -2.805769750000000e+06  -1.800650781250000e+05  -3.599032187500000e+05  -8.035256875000000e+05  -1.868994018554688e+03  -2.766072265625000e+03  1.468684673309326e-01  4.655603319406509e-02  9.409781778231263e-04
  7.850000262260437e-01  -2.952477750000000e+06  -2.034583125000000e+05  -3.841467500000000e+05  -8.465896875000000e+05  -1.727248413085938e+03  -1.599861206054688e+03  1.548383086919785e-01  4.931725561618805e-02  8.003434631973505e-04
  7.900000214576721e-01  -3.111566500000000e+06  -2.301941562500000e+05  -4.115737187500000e+05  -8.933028125000000e+05  -1.430584716796875e+03  -6.219418334960938e+01  1.635300070047379e-01  5.232801288366318e-02  6.056423881091177e-04
  7.950000166893005e-01  -3.282505000000000e+06  -2.599316562500000e+05  -4.418418437500000e+05  -9.438616875000000e+05  -1.037692138671875e+03  1.725521728515625e+03  1.729111373424530e-01  5.559873953461647e-02  3.732882032636553e-04
  8.000000119209290e-01  -3.464112750000000e+06  -2.920425000000000e+05  -4.743467500000000e+05  -9.983078750000000e+05  -6.184471435546875e+02  3.608806152343750e+03  1.829084008932114e-01  5.912389978766441e-02  1.238473923876882e-04
  8.050000071525574e-01  -3.654367750000000e+06  -3.254819687500000e+05  -5.081743437500000e+05  -1.056419750000000e+06  -2.320606384277344e+02  5.430729003906250e+03  1.933953315019608e-01  6.287188082933426e-02  -1.233191724168137e-04
  8.100000023841858e-01  -3.848746250000000e+06  -3.581579375000000e+05  -5.414275000000000e+05  -1.117201125000000e+06  4.563455963134766e+01  6.755374023437500e+03  2.040959447622299e-01  6.675566732883453e-02  -3.111159312538803e-04
  8.149999976158142e-01  -4.047528250000000e+06  -3.898621875000000e+05  -5.743233125000000e+05  -1.180955375000000e+06  3.160182189941406e+02  8.162904785156250e+03  2.150244861841202e-01  7.075723260641098e-02  -5.252595874480903e-04
  8.199999928474426e-01  -4.246246500000000e+06  -4.183927812500000e+05  -6.049082500000000e+05  -1.246536875000000e+06  4.977163696289062e+02  9.192591796875000e+03  2.258965075016022e-01  7.477366924285889e-02  -7.028820109553635e-04
  8.249999880790710e-01  -4.441844500000000e+06  -4.421944062500000e+05  -6.319986875000000e+05  -1.313114000000000e+06  6.183549804687500e+02  9.814646484375000e+03  2.365203648805618e-01  7.871899008750916e-02  -8.420306257903576e-04
  8.299999833106995e-01  -4.631665000000000e+06  -4.598886250000000e+05  -6.545890000000000e+05  -1.379877875000000e+06  7.229789428710938e+02  1.006433300781250e+04  2.467313259840012e-01  8.250937610864639e-02  -9.460394503548741e-04
  8.349999785423279e-01  -4.813582000000000e+06  -4.703542812500000e+05  -6.718772500000000e+05  -1.446118500000000e+06  8.423970336914062e+02  9.997286132812500e+03  2.563949227333069e-01  8.606886863708496e-02  -1.017109956592321e-03
  8.399999737739563e-01  -4.986179000000000e+06  -4.728956875000000e+05  -6.833906250000000e+05  -1.511315375000000e+06  9.934145507812500e+02  9.661897460937500e+03  2.654199004173279e-01  8.934311568737030e-02  -1.054143183864653e-03
  8.450000286102295e-01  -5.148874500000000e+06  -4.672600625000000e+05  -6.892603125000000e+05  -1.574975500000000e+06  1.222886718750000e+03  9.234416015625000e+03  2.737829983234406e-01  9.228385984897614e-02  -1.073171151801944e-03
  8.500000238418579e-01  -5.301977000000000e+06  -4.535925000000000e+05  -6.892742500000000e+05  -1.637341625000000e+06  1.398000122070312e+03  8.425583984375000e+03  2.814587652683258e-01  9.491470456123352e-02  -1.030676881782711e-03
  8.550000190734863e-01  -5.445435500000000e+06  -4.321506250000000e+05  -6.838622500000000e+05  -1.698168375000000e+06  1.541963867187500e+03  7.378141113281250e+03  2.884613871574402e-01  9.722229093313217e-02  -9.354281937703490e-04
  8.600000143051147e-01  -5.580002500000000e+06  -4.034258750000000e+05  -6.734540000000000e+05  -1.757565750000000e+06  1.610676635742188e+03  6.091805175781250e+03  2.948307991027832e-01  9.922367334365845e-02  -7.853365968912840e-04
  8.650000095367432e-01  -5.706555500000000e+06  -3.680099062500000e+05  -6.585120625000000e+05  -1.815720875000000e+06  1.605567382812500e+03  4.623685546875000e+03  3.006154596805573e-01  1.009458079934120e-01  -5.919685936532915e-04
  8.700000047683716e-01  -5.826264000000000e+06  -3.267410937500000e+05  -6.395755000000000e+05  -1.872997500000000e+06  1.546162841796875e+03  3.082217529296875e+03  3.058822751045227e-01  1.024344190955162e-01  -3.747640585061163e-04
  8.750000000000000e-01  -5.942633500000000e+06  -2.806576562500000e+05  -6.177153750000000e+05  -1.929861000000000e+06  1.394492797851562e+03  1.672366577148438e+03  3.108401894569397e-01  1.037155240774155e-01  -1.809502864489332e-04
  8.799999952316284e-01  -6.053462500000000e+06  -2.311291875000000e+05  -5.927091250000000e+05  -1.987116125000000e+06  1.139999267578125e+03  2.329112548828125e+02  3.153659999370575e-01  1.049384027719498e-01  4.488107515498996e-05
  8.849999904632568e-01  -6.162276000000000e+06  -1.793416718750000e+05  -5.656884375000000e+05  -2.045383750000000e+06  7.137524414062500e+02  -1.096296875000000e+03  3.196718990802765e-01  1.061455681920052e-01  2.617296122480184e-04
  8.899999856948853e-01  -6.270595500000000e+06  -1.264191328125000e+05  -5.372791875000000e+05  -2.105318250000000e+06  1.224699783325195e+02  -2.285406494140625e+03  3.238559961318970e-01  1.074071675539017e-01  4.576907376758754e-04
  8.949999809265137e-01  -6.379626500000000e+06  -7.327344531250000e+04  -5.079667812500000e+05  -2.167477500000000e+06  -5.499698486328125e+02  -3.265615722656250e+03  3.279953300952911e-01  1.087789312005043e-01  6.146688247099519e-04
  8.999999761581421e-01  -6.490140000000000e+06  -2.057866210937500e+04  -4.780911250000000e+05  -2.232310750000000e+06  -1.189946166992188e+03  -3.953263916015625e+03  3.321407139301300e-01  1.103007793426514e-01  7.155436323955655e-04
  9.049999713897705e-01  -6.602754500000000e+06  3.077163671875000e+04  -4.478721250000000e+05  -2.300066250000000e+06  -1.849864501953125e+03  -4.399983886718750e+03  3.363549411296844e-01  1.120147407054901e-01  7.657337118871510e-04
  9.100000262260437e-01  -6.717538500000000e+06  7.985548437500000e+04  -4.179963437500000e+05  -2.371741500000000e+06  -2.342123779296875e+03  -4.598759277343750e+03  3.406161069869995e-01  1.140278875827789e-01  7.706806063652039e-04
  9.150000214576721e-01  -6.835339000000000e+06  1.256653437500000e+05  -3.887953437500000e+05  -2.447673250000000e+06  -2.769086425781250e+03  -4.646902832031250e+03  3.449946641921997e-01  1.163889542222023e-01  7.478962652385235e-04
  9.200000166893005e-01  -6.956629500000000e+06  1.668242968750000e+05  -3.607852812500000e+05  -2.528547000000000e+06  -3.205242187500000e+03  -4.699114746093750e+03  3.495311439037323e-01  1.191996708512306e-01  7.269906345754862e-04
  9.250000119209290e-01  -7.081621000000000e+06  2.020376250000000e+05  -3.343618437500000e+05  -2.614997750000000e+06  -3.735717529296875e+03  -4.911851562500000e+03  3.542496263980865e-01  1.225577890872955e-01  7.365036872215569e-04
  9.300000071525574e-01  -7.209986000000000e+06  2.303368593750000e+05  -3.096645000000000e+05  -2.707458000000000e+06  -4.386729492187500e+03  -5.359069824218750e+03  3.591361939907074e-01  1.265377551317215e-01  7.882501813583076e-04
  9.350000023841858e-01  -7.340747500000000e+06  2.511571718750000e+05  -2.865342812500000e+05  -2.806100000000000e+06  -5.051760253906250e+03  -5.942169921875000e+03  3.641359508037567e-01  1.311830282211304e-01  8.667838410474360e-04
  9.399999976158142e-01  -7.469097500000000e+06  2.637027187500000e+05  -2.641502812500000e+05  -2.910223000000000e+06  -5.763395507812500e+03  -6.460174804687500e+03  3.690437078475952e-01  1.365671902894974e-01  9.280799422413111e-04
  9.449999928474426e-01  -7.599564000000000e+06  2.695499062500000e+05  -2.426259843750000e+05  -3.020542500000000e+06  -6.059191406250000e+03  -6.734053710937500e+03  3.739758431911469e-01  1.425469517707825e-01  9.898631833493710e-04
  9.499999880790710e-01  -7.727523000000000e+06  2.679385000000000e+05  -2.210752500000000e+05  -3.136176750000000e+06  -6.052078125000000e+03  -6.650687988281250e+03  3.787186443805695e-01  1.491711288690567e-01  1.025527599267662e-03
  9.549999833106995e-01  -7.851257000000000e+06  2.586751250000000e+05  -1.991264218750000e+05  -3.256640750000000e+06  -5.673389160156250e+03  -6.101265625000000e+03  3.831573128700256e-01  1.564353406429291e-01  1.021669129841030e-03
  9.599999785423279e-01  -7.969158500000000e+06  2.413389375000000e+05  -1.766529218750000e+05  -3.381416750000000e+06  -4.860570800781250e+03  -5.041448730468750e+03  3.871847391128540e-01  1.643480658531189e-01  9.658153867349029e-04
  9.649999737739563e-01  -8.079875500000000e+06  2.153817187500000e+05  -1.537144531250000e+05  -3.509976750000000e+06  -3.589170166015625e+03  -3.511730224609375e+03  3.907174170017242e-01  1.729213446378708e-01  8.514272631146014e-04
  9.700000286102295e-01  -8.179748000000000e+06  1.810016406250000e+05  -1.302940390625000e+05  -3.640675750000000e+06  -2.121975585937500e+03  -1.461218139648438e+03  3.936659991741180e-01  1.821350008249283e-01  6.447375053539872e-04
  9.750000238418579e-01  -8.273245000000000e+06  1.373286562500000e+05  -1.064878906250000e+05  -3.774925000000000e+06  -5.743874359130859e+01  7.091094360351562e+02  3.960481584072113e-01  1.919489055871964e-01  4.234132356941700e-04
  9.800000190734863e-01  -8.356375500000000e+06  8.473460156250000e+04  -8.206822656250000e+04  -3.911010250000000e+06  2.299891357421875e+03  3.022881347656250e+03  3.977659642696381e-01  2.023227512836456e-01  1.636157539905980e-04
  9.850000143051147e-01  -8.428353000000000e+06  2.362695507812500e+04  -5.690031250000000e+04  -4.048177000000000e+06  4.774699218750000e+03  5.343270019531250e+03  3.987868130207062e-01  2.131760716438293e-01  -1.072064478648826e-04
  9.900000095367432e-01  -8.488818000000000e+06  -4.558676562500000e+04  -3.106428125000000e+04  -4.185684000000000e+06  7.164984375000000e+03  7.513515625000000e+03  3.991017639636993e-01  2.244251072406769e-01  -3.565030929166824e-04
  9.950000047683716e-01  -8.538019000000000e+06  -1.227028359375000e+05  -4.929923828125000e+03  -4.322884500000000e+06  9.252179687500000e+03  9.296644531250000e+03  3.987334072589874e-01  2.359989732503891e-01  -5.491068004630506e-04
  1.000000000000000e+00  -8.576460000000000e+06  -2.076948437500000e+05  2.106368359375000e+04  -4.459188500000000e+06  1.090453027343750e+04  1.046091992187500e+04  3.977049887180328e-01  2.478389441967010e-01  -6.634659948758781e-04
  1.004999995231628e+00  -8.605769000000000e+06  -2.972517187500000e+05  4.676310546875000e+04  -4.592506000000000e+06  1.217888574218750e+04  1.132338671875000e+04  3.961048126220703e-01  2.596744298934937e-01  -7.592883193865418e-04
  1.009999990463257e+00  -8.623931000000000e+06  -3.963914062500000e+05  7.181551562500000e+04  -4.724503500000000e+06  1.318701660156250e+04  1.125164355468750e+04  3.937736749649048e-01  2.717816233634949e-01  -7.543592364527285e-04
  1.014999985694885e+00  -8.632005000000000e+06  -5.020486250000000e+05  9.615534375000000e+04  -4.853055500000000e+06  1.400434765625000e+04  1.066713769531250e+04  3.907800316810608e-01  2.839062809944153e-01  -7.222078857012093e-04
  1.019999980926514e+00  -8.629838000000000e+06  -6.133706250000000e+05  1.198977968750000e+05  -4.977197000000000e+06  1.471036914062500e+04  9.746582031250000e+03  3.871126770973206e-01  2.959468364715576e-01  -6.832868093624711e-04
  1.024999976158142e+00  -8.617626000000000e+06  -7.295628125000000e+05  1.431290625000000e+05  -5.096100000000000e+06  1.528574804687500e+04  8.626908203125000e+03  3.827905356884003e-01  3.078064322471619e-01  -6.457574781961739e-04
  1.029999971389771e+00  -8.595913000000000e+06  -8.499311875000000e+05  1.658708125000000e+05  -5.209065500000000e+06  1.568149902343750e+04  7.432157226562500e+03  3.778604269027710e-01  3.193979263305664e-01  -6.147256353870034e-04
  1.034999966621399e+00  -8.569453000000000e+06  -9.722084375000000e+05  1.877713750000000e+05  -5.315815000000000e+06  1.615973046875000e+04  6.635446777343750e+03  3.725382685661316e-01  3.305423557758331e-01  -5.970923230051994e-04
  1.039999961853027e+00  -8.532157000000000e+06  -1.099860125000000e+06  2.091926250000000e+05  -5.415885500000000e+06  1.605613085937500e+04  5.511868164062500e+03  3.666189908981323e-01  3.414154946804047e-01  -5.678141023963690e-04
  1.044999957084656e+00  -8.488605000000000e+06  -1.230339875000000e+06  2.298422500000000e+05  -5.508845000000000e+06  1.559808398437500e+04  4.503299316406250e+03  3.603324592113495e-01  3.518282771110535e-01  -5.394851323217154e-04
  1.049999952316284e+00  -8.440492000000000e+06  -1.363423125000000e+06  2.493125625000000e+05  -5.594584500000000e+06  1.476381835937500e+04  3.618441650390625e+03  3.537982702255249e-01  3.617387712001801e-01  -5.063391290605068e-04
  1.054999947547913e+00  -8.389618000000000e+06  -1.498890000000000e+06  2.670709687500000e+05  -5.673104500000000e+06  1.353055566406250e+04  2.816427001953125e+03  3.471380174160004e-01  3.711116015911102e-01  -4.562590620480478e-04
  1.059999942779541e+00  -8.337485000000000e+06  -1.636373125000000e+06  2.826231875000000e+05  -5.744411500000000e+06  1.187538476562500e+04  2.024052490234375e+03  3.404504656791687e-01  3.799086809158325e-01  -3.745095455087721e-04
  1.065000057220459e+00  -8.288647500000000e+06  -1.775572875000000e+06  2.955366875000000e+05  -5.810590000000000e+06  1.044550097656250e+04  1.517439941406250e+03  3.338206410408020e-01  3.881489336490631e-01  -2.413144684396684e-04
  1.070000052452087e+00  -8.236908500000000e+06  -1.915651125000000e+06  3.058991875000000e+05  -5.867734000000000e+06  8.057849609375000e+03  5.779083251953125e+02  3.272494673728943e-01  3.957022130489349e-01  -8.201492164516822e-05
  1.075000047683716e+00  -8.186857500000000e+06  -2.055855625000000e+06  3.134005937500000e+05  -5.917590000000000e+06  5.381326660156250e+03  -4.546708679199219e+02  3.208221197128296e-01  4.025588333606720e-01  9.962145122699440e-05
  1.080000042915344e+00  -8.138859000000000e+06  -2.195372250000000e+06  3.182946875000000e+05  -5.960077500000000e+06  2.555911132812500e+03  -1.516621826171875e+03  3.145393431186676e-01  4.086795151233673e-01  2.781579678412527e-04
  1.085000038146973e+00  -8.093052000000000e+06  -2.333591500000000e+06  3.208892812500000e+05  -5.995194000000000e+06  -2.712604370117188e+02  -2.565399658203125e+03  3.083910942077637e-01  4.140503704547882e-01  4.302964953240007e-04
  1.090000033378601e+00  -8.049335000000000e+06  -2.470063000000000e+06  3.215601562500000e+05  -6.023013500000000e+06  -2.981010009765625e+03  -3.623308349609375e+03  3.023654222488403e-01  4.186769127845764e-01  5.405146512202919e-04
  1.095000028610229e+00  -8.007410000000000e+06  -2.604340000000000e+06  3.207592500000000e+05  -6.043653000000000e+06  -5.458578613281250e+03  -4.725412597656250e+03  2.964594066143036e-01  4.225698709487915e-01  5.962679279036820e-04
  1.100000023841858e+00  -7.967730000000000e+06  -2.738549250000000e+06  3.190132812500000e+05  -6.060387000000000e+06  -6.946233886718750e+03  -5.872766601562500e+03  2.905482649803162e-01  4.259833097457886e-01  6.381489802151918e-04
  1.105000019073486e+00  -7.928085500000000e+06  -2.866961500000000e+06  3.167405312500000e+05  -6.067206000000000e+06  -8.819862304687500e+03  -7.140411132812500e+03  2.848649919033051e-01  4.284139871597290e-01  5.752259748987854e-04
  1.110000014305115e+00  -7.889175000000000e+06  -2.991371500000000e+06  3.145546250000000e+05  -6.067434000000000e+06  -1.033440625000000e+04  -8.454414062500000e+03  2.793008685112000e-01  4.300947487354279e-01  4.622931301128119e-04
  1.115000009536743e+00  -7.850824000000000e+06  -3.111558750000000e+06  3.126288750000000e+05  -6.061493000000000e+06  -1.148548632812500e+04  -9.772686523437500e+03  2.738644182682037e-01  4.310402870178223e-01  3.208080306649208e-04
  1.120000004768372e+00  -7.813123500000000e+06  -3.227617250000000e+06  3.108026875000000e+05  -6.049962000000000e+06  -1.232875976562500e+04  -1.102736816406250e+04  2.685796618461609e-01  4.312835335731506e-01  1.822210761019960e-04
  1.125000000000000e+00  -7.776725000000000e+06  -3.339939750000000e+06  3.085595625000000e+05  -6.033610500000000e+06  -1.303425195312500e+04  -1.219716503906250e+04  2.634970247745514e-01  4.308733940124512e-01  8.504310972057283e-05
  1.129999995231628e+00  -7.743323500000000e+06  -3.451815250000000e+06  3.043839687500000e+05  -6.015657000000000e+06  -1.366160937500000e+04  -1.361829199218750e+04  2.585086226463318e-01  4.301062822341919e-01  6.209361163200811e-05
  1.134999990463257e+00  -7.711805000000000e+06  -3.557127250000000e+06  2.997571875000000e+05  -5.991328000000000e+06  -1.468075878906250e+04  -1.468298730468750e+04  2.539369165897369e-01  4.284888207912445e-01  9.567321831127629e-05
  1.139999985694885e+00  -7.684215000000000e+06  -3.659300750000000e+06  2.932174375000000e+05  -5.963882500000000e+06  -1.593555078125000e+04  -1.566447656250000e+04  2.496519684791565e-01  4.263255894184113e-01  1.935979380505159e-04
  1.144999980926514e+00  -7.661077500000000e+06  -3.758387500000000e+06  2.845611562500000e+05  -5.933495500000000e+06  -1.731306250000000e+04  -1.655553320312500e+04  2.456282377243042e-01  4.236514270305634e-01  3.180151106789708e-04
  1.149999976158142e+00  -7.642460500000000e+06  -3.854362500000000e+06  2.738542187500000e+05  -5.900141500000000e+06  -1.859440820312500e+04  -1.730479687500000e+04  2.418176233768463e-01  4.205050468444824e-01  4.218009416945279e-04
  1.154999971389771e+00  -7.628105000000000e+06  -3.947231750000000e+06  2.613787968750000e+05  -5.863758000000000e+06  -1.958909179687500e+04  -1.788125000000000e+04  2.381721138954163e-01  4.169326424598694e-01  4.736015398520976e-04
  1.159999966621399e+00  -7.617565000000000e+06  -4.037064250000000e+06  2.475501718750000e+05  -5.824361000000000e+06  -2.018097851562500e+04  -1.827926367187500e+04  2.346578836441040e-01  4.129873812198639e-01  4.642590356525034e-04
  1.164999961853027e+00  -7.607605000000000e+06  -4.124455250000000e+06  2.329587343750000e+05  -5.782157500000000e+06  -2.066638867187500e+04  -1.912906640625000e+04  2.311511635780334e-01  4.088105261325836e-01  4.685171006713063e-04
  1.169999957084656e+00  -7.603008000000000e+06  -4.208139500000000e+06  2.173535000000000e+05  -5.736825500000000e+06  -2.048697265625000e+04  -1.920691406250000e+04  2.278781235218048e-01  4.042302370071411e-01  3.766790614463389e-04
  1.174999952316284e+00  -7.600477500000000e+06  -4.288944000000000e+06  2.010735156250000e+05  -5.688950500000000e+06  -1.989501953125000e+04  -1.912107421875000e+04  2.247069925069809e-01  3.994227647781372e-01  2.729448315221816e-04
  1.179999947547913e+00  -7.599158000000000e+06  -4.366702500000000e+06  1.841432031250000e+05  -5.638731500000000e+06  -1.892326562500000e+04  -1.890032421875000e+04  2.216286063194275e-01  3.944125771522522e-01  1.822031481424347e-04
  1.184999942779541e+00  -7.598411500000000e+06  -4.441169500000000e+06  1.665402187500000e+05  -5.586419500000000e+06  -1.760436523437500e+04  -1.857636718750000e+04  2.186366468667984e-01  3.892082273960114e-01  1.193123898701742e-04
  1.190000057220459e+00  -7.597519000000000e+06  -4.511950500000000e+06  1.483423906250000e+05  -5.532335000000000e+06  -1.596150292968750e+04  -1.807353320312500e+04  2.157422006130219e-01  3.838022947311401e-01  8.738952601561323e-05
  1.195000052452087e+00  -7.594397000000000e+06  -4.576572000000000e+06  1.303847812500000e+05  -5.475285500000000e+06  -1.466079882812500e+04  -1.802552539062500e+04  2.129376679658890e-01  3.780162930488586e-01  1.000749980448745e-04
  1.200000047683716e+00  -7.591606000000000e+06  -4.638657500000000e+06  1.115735234375000e+05  -5.418190500000000e+06  -1.243066308593750e+04  -1.676689062500000e+04  2.102534621953964e-01  3.721640706062317e-01  1.016085807350464e-04
  1.205000042915344e+00  -7.587275500000000e+06  -4.696663000000000e+06  9.264367187500000e+04  -5.360116500000000e+06  -9.987978515625000e+03  -1.500102050781250e+04  2.076484560966492e-01  3.661215603351593e-01  9.948323713615537e-05
  1.210000038146973e+00  -7.581777500000000e+06  -4.751095000000000e+06  7.355357031250000e+04  -5.301154000000000e+06  -7.322543457031250e+03  -1.275085546875000e+04  2.050881385803223e-01  3.599310517311096e-01  7.474903395632282e-05
  1.215000033378601e+00  -7.575644500000000e+06  -4.802562000000000e+06  5.408990234375000e+04  -5.241290500000000e+06  -4.450860351562500e+03  -1.004612597656250e+04  2.025364041328430e-01  3.536542057991028e-01  1.842540041252505e-05
  1.220000028610229e+00  -7.569602500000000e+06  -4.851654000000000e+06  3.403533203125000e+04  -5.180386000000000e+06  -1.394495849609375e+03  -7.100872070312500e+03  1.999599039554596e-01  3.473540246486664e-01  -7.691187784075737e-05
  1.225000023841858e+00  -7.563887500000000e+06  -4.898424500000000e+06  1.360779687500000e+04  -5.118347000000000e+06  1.741442016601562e+03  -4.049747314453125e+03  1.973517835140228e-01  3.410593867301941e-01  -1.983209076570347e-04
  1.230000019073486e+00  -7.557995000000000e+06  -4.940596000000000e+06  -6.253016601562500e+03  -5.052615000000000e+06  4.465255371093750e+03  -1.184972656250000e+03  1.948679536581039e-01  3.345767259597778e-01  -2.980417048092932e-04
  1.235000014305115e+00  -7.552664500000000e+06  -4.982021500000000e+06  -2.626542773437500e+04  -4.988367000000000e+06  7.485103027343750e+03  1.977901123046875e+03  1.922448426485062e-01  3.282785713672638e-01  -4.271453653927892e-04
  1.240000009536743e+00  -7.547231500000000e+06  -5.020239000000000e+06  -4.561061718750000e+04  -4.923022500000000e+06  1.028944531250000e+04  5.093163085937500e+03  1.896242350339890e-01  3.219598531723022e-01  -5.398025386966765e-04
  1.245000004768372e+00  -7.541830500000000e+06  -5.055206000000000e+06  -6.467286328125000e+04  -4.856792500000000e+06  1.279251855468750e+04  7.946877929687500e+03  1.870393902063370e-01  3.156040012836456e-01  -6.444108439609408e-04
  1.250000000000000e+00  -7.537003000000000e+06  -5.087201000000000e+06  -8.418218750000000e+04  -4.789897000000000e+06  1.499708984375000e+04  1.024824511718750e+04  1.845117211341858e-01  3.092135488986969e-01  -7.570696761831641e-04
  1.254999995231628e+00  -7.533601000000000e+06  -5.116644500000000e+06  -1.048592421875000e+05  -4.722549000000000e+06  1.695644726562500e+04  1.176626660156250e+04  1.820694506168365e-01  3.028064668178558e-01  -8.785066311247647e-04
  1.259999990463257e+00  -7.532230500000000e+06  -5.142741000000000e+06  -1.265308828125000e+05  -4.653990500000000e+06  1.833813476562500e+04  1.288849023437500e+04  1.799620538949966e-01  2.962076067924500e-01  -9.608791442587972e-04
  1.264999985694885e+00  -7.532702500000000e+06  -5.167201000000000e+06  -1.498421093750000e+05  -4.586531500000000e+06  1.980985351562500e+04  1.309862207031250e+04  1.777816265821457e-01  2.897643744945526e-01  -1.042830757796764e-03
  1.269999980926514e+00  -7.535258500000000e+06  -5.188650000000000e+06  -1.742073281250000e+05  -4.519353500000000e+06  2.097218554687500e+04  1.289614550781250e+04  1.757832616567612e-01  2.832750678062439e-01  -1.078754197806120e-03
  1.274999976158142e+00  -7.540016500000000e+06  -5.206902000000000e+06  -1.994102656250000e+05  -4.452679500000000e+06  2.179808789062500e+04  1.250161328125000e+04  1.739605665206909e-01  2.767276167869568e-01  -1.058744499459863e-03
  1.279999971389771e+00  -7.547152500000000e+06  -5.222013000000000e+06  -2.254576562500000e+05  -4.386713000000000e+06  2.226496484375000e+04  1.205538085937500e+04  1.722828894853592e-01  2.701309919357300e-01  -9.832913056015968e-04
  1.284999966621399e+00  -7.556951000000000e+06  -5.234288500000000e+06  -2.524774062500000e+05  -4.321630500000000e+06  2.242834765625000e+04  1.149537988281250e+04  1.707203239202499e-01  2.635161578655243e-01  -8.754105074331164e-04
  1.289999961853027e+00  -7.569308000000000e+06  -5.243932500000000e+06  -2.803754375000000e+05  -4.257628000000000e+06  2.239023828125000e+04  1.069224218750000e+04  1.692649871110916e-01  2.569063901901245e-01  -7.644782308489084e-04
  1.294999957084656e+00  -7.582809000000000e+06  -5.252264000000000e+06  -3.090961250000000e+05  -4.194072500000000e+06  2.247594921875000e+04  9.540307617187500e+03  1.680132448673248e-01  2.502819299697876e-01  -6.686197011731565e-04
  1.299999952316284e+00  -7.598988500000000e+06  -5.257118000000000e+06  -3.381442187500000e+05  -4.132768500000000e+06  2.210823828125000e+04  8.191662597656250e+03  1.667637079954147e-01  2.437503486871719e-01  -5.616581765934825e-04
  1.304999947547913e+00  -7.616470000000000e+06  -5.259383000000000e+06  -3.671653125000000e+05  -4.073012250000000e+06  2.147952929687500e+04  6.690582519531250e+03  1.656371355056763e-01  2.372634708881378e-01  -4.357113211881369e-04
  1.309999942779541e+00  -7.634904000000000e+06  -5.259085500000000e+06  -3.960050312500000e+05  -4.014870750000000e+06  2.055050000000000e+04  5.131677734375000e+03  1.646350622177124e-01  2.308296114206314e-01  -2.830546582117677e-04
  1.315000057220459e+00  -7.654413500000000e+06  -5.256483000000000e+06  -4.247955625000000e+05  -3.958358500000000e+06  1.936221093750000e+04  3.551228027343750e+03  1.637407988309860e-01  2.244675159454346e-01  -1.170421965071000e-04
  1.320000052452087e+00  -7.675145500000000e+06  -5.251820000000000e+06  -4.535350937500000e+05  -3.903534750000000e+06  1.800028125000000e+04  2.002084106445312e+03  1.629610955715179e-01  2.181921601295471e-01  5.000174860469997e-05
  1.325000047683716e+00  -7.695772000000000e+06  -5.247083500000000e+06  -4.829247187500000e+05  -3.850540250000000e+06  1.682642968750000e+04  9.600653686523438e+02  1.623451411724091e-01  2.120367884635925e-01  1.520797231933102e-04
  1.330000042915344e+00  -7.718984000000000e+06  -5.238702500000000e+06  -5.115436562500000e+05  -3.799642750000000e+06  1.534876562500000e+04  -2.823294982910156e+02  1.618410199880600e-01  2.059563696384430e-01  2.952657523564994e-04
  1.335000038146973e+00  -7.743906500000000e+06  -5.228924000000000e+06  -5.403955000000000e+05  -3.750631750000000e+06  1.399138671875000e+04  -1.409095581054688e+03  1.614896655082703e-01  1.999870687723160e-01  4.143528931308538e-04
  1.340000033378601e+00  -7.770758000000000e+06  -5.218091000000000e+06  -5.696145000000000e+05  -3.703418000000000e+06  1.284914648437500e+04  -2.444901367187500e+03  1.612718552350998e-01  1.941457688808441e-01  5.065189907327294e-04
  1.345000028610229e+00  -7.799431000000000e+06  -5.206368500000000e+06  -5.991345000000000e+05  -3.657937500000000e+06  1.196286425781250e+04  -3.358262451171875e+03  1.611754447221756e-01  1.884423792362213e-01  5.748156108893454e-04
  1.350000023841858e+00  -7.829536500000000e+06  -5.193716500000000e+06  -6.287565625000000e+05  -3.614194500000000e+06  1.130832226562500e+04  -4.098852539062500e+03  1.612016558647156e-01  1.828727722167969e-01  6.247419514693320e-04
  1.355000019073486e+00  -7.860688000000000e+06  -5.180097000000000e+06  -6.583365625000000e+05  -3.572191750000000e+06  1.080853125000000e+04  -4.641122558593750e+03  1.613466590642929e-01  1.774313747882843e-01  6.638139602728188e-04
  1.360000014305115e+00  -7.890987000000000e+06  -5.166286000000000e+06  -6.881748125000000e+05  -3.532481500000000e+06  1.028188867187500e+04  -5.253860839843750e+03  1.615085452795029e-01  1.721652299165726e-01  6.766288424842060e-04
  1.365000009536743e+00  -7.923235000000000e+06  -5.151014000000000e+06  -7.175208750000000e+05  -3.493783750000000e+06  9.730735351562500e+03  -5.587388671875000e+03  1.618234813213348e-01  1.670140922069550e-01  7.259356207214296e-04
  1.370000004768372e+00  -7.955237500000000e+06  -5.135193000000000e+06  -7.465658125000000e+05  -3.456538500000000e+06  9.136650390625000e+03  -5.824468261718750e+03  1.621905565261841e-01  1.620263010263443e-01  7.854612194932997e-04
  1.375000000000000e+00  -7.986189000000000e+06  -5.118826000000000e+06  -7.750486875000000e+05  -3.420603500000000e+06  8.534204101562500e+03  -6.058731933593750e+03  1.625821590423584e-01  1.572095900774002e-01  8.469619206152856e-04
  1.379999995231628e+00  -8.015411000000000e+06  -5.101867500000000e+06  -8.027102500000000e+05  -3.385860750000000e+06  7.954062011718750e+03  -6.389750976562500e+03  1.629707962274551e-01  1.525664031505585e-01  8.953050710260868e-04
  1.384999990463257e+00  -8.042256500000000e+06  -5.084092500000000e+06  -8.291624375000000e+05  -3.352310250000000e+06  7.386859863281250e+03  -6.863897460937500e+03  1.633551865816116e-01  1.480827182531357e-01  9.198559564538300e-04
  1.389999985694885e+00  -8.066324500000000e+06  -5.065229500000000e+06  -8.539261875000000e+05  -3.321160000000000e+06  6.346874023437500e+03  -7.366937500000000e+03  1.636892706155777e-01  1.437250226736069e-01  8.915166836231947e-04
  1.394999980926514e+00  -8.087273500000000e+06  -5.044720500000000e+06  -8.767968750000000e+05  -3.290491000000000e+06  5.669362304687500e+03  -7.813221191406250e+03  1.641268432140350e-01  1.394615024328232e-01  8.725168881937861e-04
  1.399999976158142e+00  -8.104942500000000e+06  -5.022659000000000e+06  -8.978151875000000e+05  -3.261436500000000e+06  4.889489746093750e+03  -8.171525878906250e+03  1.646238714456558e-01  1.352769285440445e-01  8.427025750279427e-04
  1.404999971389771e+00  -8.120079000000000e+06  -4.999310000000000e+06  -9.173607500000000e+05  -3.234070500000000e+06  3.994824218750000e+03  -8.416925781250000e+03  1.651718914508820e-01  1.311685442924500e-01  7.995729101821780e-04
  1.409999966621399e+00  -8.133596500000000e+06  -4.975047500000000e+06  -9.358353125000000e+05  -3.208413000000000e+06  3.004586425781250e+03  -8.561884765625000e+03  1.657570749521255e-01  1.271380782127380e-01  7.402969640679657e-04
  1.414999961853027e+00  -8.146195000000000e+06  -4.950211500000000e+06  -9.535749375000000e+05  -3.184458500000000e+06  1.932881591796875e+03  -8.590662109375000e+03  1.663696318864822e-01  1.231881901621819e-01  6.726674619130790e-04
  1.419999957084656e+00  -8.158401500000000e+06  -4.925098500000000e+06  -9.708466250000000e+05  -3.162119000000000e+06  7.493333740234375e+02  -8.484716796875000e+03  1.669955998659134e-01  1.193213611841202e-01  6.126558291725814e-04
  1.424999952316284e+00  -8.171344000000000e+06  -4.900258500000000e+06  -9.879970625000000e+05  -3.141770750000000e+06  -5.872695922851562e+02  -7.972743164062500e+03  1.674898713827133e-01  1.155988276004791e-01  5.314949085004628e-04
  1.429999947547913e+00  -8.183908500000000e+06  -4.875410000000000e+06  -1.004980562500000e+06  -3.121795000000000e+06  -2.002005371093750e+03  -7.679728027343750e+03  1.680648624897003e-01  1.119287386536598e-01  5.192129174247384e-04
  1.434999942779541e+00  -8.197188000000000e+06  -4.850899500000000e+06  -1.022072000000000e+06  -3.102591250000000e+06  -3.572390625000000e+03  -7.420934082031250e+03  1.685519814491272e-01  1.083506643772125e-01  5.301992059685290e-04
  1.440000057220459e+00  -8.211465500000000e+06  -4.826827000000000e+06  -1.039484812500000e+06  -3.083824000000000e+06  -5.249323730468750e+03  -7.298545410156250e+03  1.689133495092392e-01  1.048719882965088e-01  5.588069325312972e-04
  1.445000052452087e+00  -8.226855000000000e+06  -4.803135000000000e+06  -1.057284125000000e+06  -3.065236000000000e+06  -6.996617187500000e+03  -7.335760742187500e+03  1.691348999738693e-01  1.014992073178291e-01  6.027416675351560e-04
  1.450000047683716e+00  -8.243095500000000e+06  -4.779526000000000e+06  -1.075262125000000e+06  -3.046718750000000e+06  -8.757750976562500e+03  -7.483343261718750e+03  1.692348271608353e-01  9.822874516248703e-02  6.563579663634300e-04
  1.455000042915344e+00  -8.259698500000000e+06  -4.755718000000000e+06  -1.092644875000000e+06  -3.028745750000000e+06  -1.047998535156250e+04  -7.333883300781250e+03  1.692561656236649e-01  9.510493278503418e-02  7.157942163757980e-04
  1.460000038146973e+00  -8.276268500000000e+06  -4.730914500000000e+06  -1.109998500000000e+06  -3.010541500000000e+06  -1.195876074218750e+04  -7.611142089843750e+03  1.692259162664413e-01  9.198027104139328e-02  7.648483151569963e-04
  1.465000033378601e+00  -8.292159000000000e+06  -4.704996500000000e+06  -1.126602250000000e+06  -2.992782500000000e+06  -1.305713378906250e+04  -7.825601074218750e+03  1.691932827234268e-01  8.891063928604126e-02  7.949587306939065e-04
  1.470000028610229e+00  -8.306849000000000e+06  -4.677657500000000e+06  -1.142141000000000e+06  -2.975745500000000e+06  -1.366278417968750e+04  -7.878216308593750e+03  1.692014336585999e-01  8.587764203548431e-02  8.021850953809917e-04
  1.475000023841858e+00  -8.320301500000000e+06  -4.648861500000000e+06  -1.156539250000000e+06  -2.959613500000000e+06  -1.369218847656250e+04  -7.761446289062500e+03  1.692629754543304e-01  8.287455886602402e-02  7.808420923538506e-04
  1.480000019073486e+00  -8.332699000000000e+06  -4.618678500000000e+06  -1.169887250000000e+06  -2.944550000000000e+06  -1.315723242187500e+04  -7.483505859375000e+03  1.693780124187469e-01  7.989863306283951e-02  7.285785395652056e-04
  1.485000014305115e+00  -8.345319000000000e+06  -4.586775000000000e+06  -1.182224125000000e+06  -2.930451250000000e+06  -1.234099609375000e+04  -7.160869140625000e+03  1.694920808076859e-01  7.696474343538284e-02  6.455085822381079e-04
  1.490000009536743e+00  -8.356968000000000e+06  -4.554280000000000e+06  -1.193989250000000e+06  -2.917543000000000e+06  -1.082959570312500e+04  -6.766499023437500e+03  1.696731299161911e-01  7.404764741659164e-02  5.319082411006093e-04
  1.495000004768372e+00  -8.368709500000000e+06  -4.520876000000000e+06  -1.205061875000000e+06  -2.905883500000000e+06  -9.035110351562500e+03  -6.254774902343750e+03  1.698740869760513e-01  7.115384936332703e-02  4.110209993086755e-04
  1.500000000000000e+00  -8.380585500000000e+06  -4.486513500000000e+06  -1.215452000000000e+06  -2.895596000000000e+06  -7.168396484375000e+03  -5.551336425781250e+03  1.701047569513321e-01  6.826329231262207e-02  3.010008367709816e-04
  1.504999995231628e+00  -8.392787000000000e+06  -4.451266000000000e+06  -1.225379000000000e+06  -2.886748750000000e+06  -5.410755859375000e+03  -4.697801269531250e+03  1.703652888536453e-01  6.536117196083069e-02  2.064711879938841e-04
  1.509999990463257e+00  -8.405782000000000e+06  -4.415447000000000e+06  -1.235285875000000e+06  -2.879267000000000e+06  -3.869397460937500e+03  -3.855723876953125e+03  1.706389486789703e-01  6.245144829154015e-02  1.216195814777166e-04
  1.514999985694885e+00  -8.419982000000000e+06  -4.379440500000000e+06  -1.245557000000000e+06  -2.873002000000000e+06  -2.594438476562500e+03  -3.167831787109375e+03  1.709128171205521e-01  5.955198407173157e-02  4.247339165885933e-05
  1.519999980926514e+00  -8.435904000000000e+06  -4.342948500000000e+06  -1.255997250000000e+06  -2.866774750000000e+06  -1.428279663085938e+03  -2.673284179687500e+03  1.712321490049362e-01  5.674879625439644e-02  2.058623977063689e-05
  1.524999976158142e+00  -8.452686000000000e+06  -4.307580000000000e+06  -1.267445625000000e+06  -2.862410000000000e+06  -6.543471679687500e+02  -2.361151855468750e+03  1.715237051248550e-01  5.394589528441429e-02  -2.824024522851687e-05
  1.529999971389771e+00  -8.470539000000000e+06  -4.272970000000000e+06  -1.279451625000000e+06  -2.858727750000000e+06  -5.782869720458984e+01  -2.197777587890625e+03  1.718335300683975e-01  5.124100670218468e-02  -6.343380664475262e-05
  1.534999966621399e+00  -8.488948000000000e+06  -4.239276500000000e+06  -1.291657250000000e+06  -2.855539250000000e+06  4.552471618652344e+02  -2.017432128906250e+03  1.721850931644440e-01  4.866838827729225e-02  -7.151738827815279e-05
  1.539999961853027e+00  -8.507417000000000e+06  -4.206607000000000e+06  -1.303657000000000e+06  -2.852689000000000e+06  9.961049804687500e+02  -1.673022094726562e+03  1.725970506668091e-01  4.625374451279640e-02  -4.450818960322067e-05
  1.544999957084656e+00  -8.525579000000000e+06  -4.174999250000000e+06  -1.315217375000000e+06  -2.850095500000000e+06  1.661991821289062e+03  -1.056942138671875e+03  1.730713993310928e-01  4.400793462991714e-02  1.659436929912772e-05
  1.549999952316284e+00  -8.543939000000000e+06  -4.143269750000000e+06  -1.326245500000000e+06  -2.847302250000000e+06  2.303712158203125e+03  -2.326673736572266e+02  1.736121624708176e-01  4.183232039213181e-02  1.153236298705451e-04
  1.554999947547913e+00  -8.560382000000000e+06  -4.112913750000000e+06  -1.336445625000000e+06  -2.845641250000000e+06  3.307847412109375e+03  8.825390014648438e+02  1.742240488529205e-01  3.982824832201004e-02  1.951391896000132e-04
  1.559999942779541e+00  -8.575334000000000e+06  -4.082504000000000e+06  -1.345664125000000e+06  -2.844758000000000e+06  4.500895996093750e+03  2.168584472656250e+03  1.749184280633926e-01  3.789155185222626e-02  2.705771476030350e-04
  1.565000057220459e+00  -8.588349000000000e+06  -4.051339250000000e+06  -1.353636000000000e+06  -2.845004250000000e+06  5.756385742187500e+03  3.572416503906250e+03  1.757130026817322e-01  3.595530986785889e-02  3.352335188537836e-04
  1.570000052452087e+00  -8.599127000000000e+06  -4.018824500000000e+06  -1.360230750000000e+06  -2.846701250000000e+06  6.913452148437500e+03  5.038225097656250e+03  1.766228377819061e-01  3.395798057317734e-02  3.857893752865493e-04
  1.575000047683716e+00  -8.607902000000000e+06  -3.984751250000000e+06  -1.365694375000000e+06  -2.849994250000000e+06  7.826180175781250e+03  6.449273437500000e+03  1.776311248540878e-01  3.186472132802010e-02  4.157697840128094e-04
  1.580000042915344e+00  -8.615482000000000e+06  -3.949368000000000e+06  -1.370538125000000e+06  -2.854789750000000e+06  8.407523437500000e+03  7.630945800781250e+03  1.786880642175674e-01  2.967548556625843e-02  4.227646568324417e-04
  1.585000038146973e+00  -8.623887000000000e+06  -3.912896500000000e+06  -1.375382000000000e+06  -2.860189000000000e+06  8.809548828125000e+03  8.489043945312500e+03  1.797797679901123e-01  2.741584926843643e-02  4.377920995466411e-04
  1.590000033378601e+00  -8.631703000000000e+06  -3.876726500000000e+06  -1.380554250000000e+06  -2.867096500000000e+06  8.635265625000000e+03  9.035194335937500e+03  1.807877570390701e-01  2.514933794736862e-02  4.334897967055440e-04
  1.595000028610229e+00  -8.640959000000000e+06  -3.841037750000000e+06  -1.386586000000000e+06  -2.874541500000000e+06  8.034706542968750e+03  9.135937500000000e+03  1.816942095756531e-01  2.289178594946861e-02  4.347552021499723e-04
  1.600000023841858e+00  -8.652259000000000e+06  -3.806464750000000e+06  -1.393748750000000e+06  -2.882128500000000e+06  7.082887695312500e+03  8.801122070312500e+03  1.824685484170914e-01  2.069138176739216e-02  4.496918409131467e-04
  1.605000019073486e+00  -8.665879000000000e+06  -3.773460000000000e+06  -1.402082500000000e+06  -2.889533000000000e+06  5.878451660156250e+03  8.096472656250000e+03  1.831005960702896e-01  1.858850382268429e-02  4.833335988223553e-04
  1.610000014305115e+00  -8.681678000000000e+06  -3.742182750000000e+06  -1.411395000000000e+06  -2.896579000000000e+06  4.510617187500000e+03  7.156268066406250e+03  1.836071312427521e-01  1.660428754985332e-02  5.390289588831365e-04
  1.615000009536743e+00  -8.698248000000000e+06  -3.712314750000000e+06  -1.421060625000000e+06  -2.903259750000000e+06  3.204228271484375e+03  6.578503417968750e+03  1.841411292552948e-01  1.474573556333780e-02  6.096704164519906e-04
  1.620000004768372e+00  -8.716386000000000e+06  -3.683726500000000e+06  -1.431244000000000e+06  -2.909888750000000e+06  1.659915893554688e+03  5.620458496093750e+03  1.845151931047440e-01  1.296234223991632e-02  6.941338069736958e-04
  1.625000000000000e+00  -8.734507000000000e+06  -3.655725000000000e+06  -1.441131500000000e+06  -2.916537750000000e+06  1.119885940551758e+02  4.911985351562500e+03  1.849075108766556e-01  1.124270819127560e-02  7.872346322983503e-04
  1.629999995231628e+00  -8.751707000000000e+06  -3.627703750000000e+06  -1.450254500000000e+06  -2.923483750000000e+06  -1.398810424804688e+03  4.591394531250000e+03  1.853714734315872e-01  9.551240131258965e-03  8.747131214477122e-04
  1.634999990463257e+00  -8.767270000000000e+06  -3.599185000000000e+06  -1.458322250000000e+06  -2.930971750000000e+06  -2.821376953125000e+03  4.723202148437500e+03  1.859446316957474e-01  7.857763208448887e-03  9.392998763360083e-04
  1.639999985694885e+00  -8.780752000000000e+06  -3.569869250000000e+06  -1.465258000000000e+06  -2.939176500000000e+06  -4.109058593750000e+03  5.320708984375000e+03  1.866471022367477e-01  6.143038626760244e-03  9.669413557276130e-04
  1.644999980926514e+00  -8.792088000000000e+06  -3.539737250000000e+06  -1.471252875000000e+06  -2.948158750000000e+06  -5.194234863281250e+03  6.276992187500000e+03  1.874745637178421e-01  4.403311759233475e-03  9.419753914698958e-04
  1.649999976158142e+00  -8.802119000000000e+06  -3.509375250000000e+06  -1.477314000000000e+06  -2.957912000000000e+06  -5.816046386718750e+03  6.957227050781250e+03  1.883552819490433e-01  2.650276757776737e-03  8.578409324400127e-04
  1.654999971389771e+00  -8.810613000000000e+06  -3.478551750000000e+06  -1.482758375000000e+06  -2.968092750000000e+06  -6.242338378906250e+03  7.888393066406250e+03  1.893138587474823e-01  9.094564011320472e-04  6.989013054408133e-04
  1.659999966621399e+00  -8.818555000000000e+06  -3.448020750000000e+06  -1.488685125000000e+06  -2.978611750000000e+06  -6.222288085937500e+03  8.457201171875000e+03  1.902697682380676e-01  -7.962107774801552e-04  4.601411055773497e-04
  1.664999961853027e+00  -8.826292000000000e+06  -3.418012500000000e+06  -1.495295500000000e+06  -2.989333750000000e+06  -5.800348632812500e+03  8.582763671875000e+03  1.911893934011459e-01  -2.448237501084805e-03  1.624147844268009e-04
  1.669999957084656e+00  -8.833844000000000e+06  -3.388568750000000e+06  -1.502516250000000e+06  -3.000194000000000e+06  -5.083806640625000e+03  8.260049804687500e+03  1.920589804649353e-01  -4.037993494421244e-03  -1.631991472095251e-04
  1.674999952316284e+00  -8.841232000000000e+06  -3.359674000000000e+06  -1.510214375000000e+06  -3.011146000000000e+06  -4.186230468750000e+03  7.499352050781250e+03  1.928696185350418e-01  -5.562524311244488e-03  -4.829187819268554e-04
  1.679999947547913e+00  -8.848369000000000e+06  -3.331261500000000e+06  -1.517996875000000e+06  -3.022317500000000e+06  -3.284430175781250e+03  6.374773925781250e+03  1.936019510030746e-01  -7.031700108200312e-03  -7.233724463731050e-04
  1.684999942779541e+00  -8.855196000000000e+06  -3.303254500000000e+06  -1.526142375000000e+06  -3.033437250000000e+06  -2.362618896484375e+03  4.955822753906250e+03  1.942762434482574e-01  -8.430101908743382e-03  -9.553270647302270e-04
  1.690000057220459e+00  -8.861502000000000e+06  -3.275418500000000e+06  -1.534094375000000e+06  -3.044673500000000e+06  -1.588495483398438e+03  3.320415527343750e+03  1.948890835046768e-01  -9.777194820344448e-03  -1.104166614823043e-03
  1.695000052452087e+00  -8.866986000000000e+06  -3.247507750000000e+06  -1.541463125000000e+06  -3.056101250000000e+06  -1.040065795898438e+03  1.602243530273438e+03  1.954566836357117e-01  -1.108660921454430e-02  -1.158378203399479e-03
  1.700000047683716e+00  -8.871413000000000e+06  -3.219331750000000e+06  -1.547877500000000e+06  -3.067781000000000e+06  -7.608757934570312e+02  -6.463544464111328e+01  1.959927976131439e-01  -1.237041689455509e-02  -1.118771731853485e-03
  1.705000042915344e+00  -8.874659000000000e+06  -3.190790250000000e+06  -1.553027625000000e+06  -3.079733000000000e+06  -7.528909301757812e+02  -1.570298828125000e+03  1.965073645114899e-01  -1.363564562052488e-02  -9.990418329834938e-04
  1.710000038146973e+00  -8.876565000000000e+06  -3.161824250000000e+06  -1.556668750000000e+06  -3.091999250000000e+06  -9.947858886718750e+02  -2.822081298828125e+03  1.970179229974747e-01  -1.489023212343454e-02  -8.220539893954992e-04
  1.715000033378601e+00  -8.876952000000000e+06  -3.132694000000000e+06  -1.559067125000000e+06  -3.104796750000000e+06  -1.163868286132812e+03  -3.869343261718750e+03  1.975252181291580e-01  -1.614343374967575e-02  -6.726766587235034e-04
  1.720000028610229e+00  -8.876352000000000e+06  -3.103269000000000e+06  -1.559822250000000e+06  -3.117664250000000e+06  -1.701017333984375e+03  -4.558119140625000e+03  1.980600953102112e-01  -1.737833581864834e-02  -4.650753689929843e-04
  1.725000023841858e+00  -8.874940000000000e+06  -3.074044000000000e+06  -1.559524125000000e+06  -3.130741000000000e+06  -2.289411621093750e+03  -4.967512695312500e+03  1.986085325479507e-01  -1.859448477625847e-02  -2.829795703291893e-04
  1.730000019073486e+00  -8.873306000000000e+06  -3.045498000000000e+06  -1.558760875000000e+06  -3.143883500000000e+06  -2.830126220703125e+03  -5.160102050781250e+03  1.991540640592575e-01  -1.977439783513546e-02  -1.514192990725860e-04
  1.735000014305115e+00  -8.872009000000000e+06  -3.018073250000000e+06  -1.558099000000000e+06  -3.156940250000000e+06  -3.238430175781250e+03  -5.212187011718750e+03  1.996787786483765e-01  -2.089925855398178e-02  -8.935994264902547e-05
  1.740000009536743e+00  -8.871477000000000e+06  -2.992060750000000e+06  -1.557933250000000e+06  -3.169785000000000e+06  -3.466103759765625e+03  -5.176825683593750e+03  2.001747637987137e-01  -2.195672877132893e-02  -1.045789176714607e-04
  1.745000004768372e+00  -8.871479000000000e+06  -2.967550250000000e+06  -1.558378000000000e+06  -3.182545250000000e+06  -3.465048095703125e+03  -5.090315917968750e+03  2.006496042013168e-01  -2.295742183923721e-02  -1.656817621551454e-04
  1.750000000000000e+00  -8.872708000000000e+06  -2.944308250000000e+06  -1.559517250000000e+06  -3.194910750000000e+06  -3.432740722656250e+03  -4.839977539062500e+03  2.011175602674484e-01  -2.389503270387650e-02  -2.925530716311187e-04
  1.754999995231628e+00  -8.874703000000000e+06  -2.922195250000000e+06  -1.561310250000000e+06  -3.207087000000000e+06  -3.310047119140625e+03  -4.441657714843750e+03  2.015915662050247e-01  -2.479216270148754e-02  -4.504390817601234e-04
  1.759999990463257e+00  -8.877407000000000e+06  -2.900990500000000e+06  -1.563659750000000e+06  -3.219098250000000e+06  -3.158530273437500e+03  -3.881223144531250e+03  2.020741403102875e-01  -2.566270343959332e-02  -6.142951897345483e-04
  1.764999985694885e+00  -8.880844000000000e+06  -2.880489000000000e+06  -1.566475000000000e+06  -3.230926000000000e+06  -3.028557861328125e+03  -3.187551757812500e+03  2.025570720434189e-01  -2.651503495872021e-02  -7.624319405294955e-04
  1.769999980926514e+00  -8.884945000000000e+06  -2.860470750000000e+06  -1.569619000000000e+06  -3.242541750000000e+06  -2.959986816406250e+03  -2.418027587890625e+03  2.030324488878250e-01  -2.735566534101963e-02  -8.773250738158822e-04
  1.774999976158142e+00  -8.889504000000000e+06  -2.840637000000000e+06  -1.572892000000000e+06  -3.253956500000000e+06  -2.984128906250000e+03  -1.646507568359375e+03  2.035015225410461e-01  -2.819438092410564e-02  -9.469545329920948e-04
  1.779999971389771e+00  -8.893897000000000e+06  -2.820528750000000e+06  -1.576083250000000e+06  -3.265536500000000e+06  -3.302356201171875e+03  -9.529096679687500e+02  2.039632797241211e-01  -2.905703149735928e-02  -9.735691710375249e-04
  1.784999966621399e+00  -8.898288000000000e+06  -2.799968500000000e+06  -1.578902000000000e+06  -3.276820250000000e+06  -3.576467529296875e+03  -3.826869201660156e+02  2.044475376605988e-01  -2.993890270590782e-02  -9.464623872190714e-04
  1.789999961853027e+00  -8.902175000000000e+06  -2.778619250000000e+06  -1.581225875000000e+06  -3.288157250000000e+06  -3.974763671875000e+03  -2.845235443115234e+01  2.049473226070404e-01  -3.086520731449127e-02  -8.676978177390993e-04
  1.794999957084656e+00  -8.905382000000000e+06  -2.756260250000000e+06  -1.582932625000000e+06  -3.299652000000000e+06  -4.504725585937500e+03  4.894520187377930e+01  2.054614573717117e-01  -3.185087814927101e-02  -7.480954518541694e-04
  1.799999952316284e+00  -8.907813000000000e+06  -2.732760500000000e+06  -1.583940375000000e+06  -3.311397500000000e+06  -5.166551269531250e+03  -1.953383941650391e+02  2.059839665889740e-01  -3.290673345327377e-02  -6.043647299520671e-04
  1.804999947547913e+00  -8.909523000000000e+06  -2.708119000000000e+06  -1.584265250000000e+06  -3.323448500000000e+06  -5.953604003906250e+03  -7.721905517578125e+02  2.065010666847229e-01  -3.403576090931892e-02  -4.562904359772801e-04
  1.809999942779541e+00  -8.910509000000000e+06  -2.682517250000000e+06  -1.583848875000000e+06  -3.335928500000000e+06  -6.830385742187500e+03  -1.395866088867188e+03  2.069849073886871e-01  -3.519107773900032e-02  -3.284585545770824e-04
  1.815000057220459e+00  -8.911620000000000e+06  -2.656320250000000e+06  -1.583264750000000e+06  -3.348390000000000e+06  -7.734388671875000e+03  -2.458434814453125e+03  2.074172943830490e-01  -3.640697151422501e-02  -2.106145984726027e-04
  1.820000052452087e+00  -8.912760000000000e+06  -2.629780000000000e+06  -1.582483625000000e+06  -3.360966000000000e+06  -8.675444335937500e+03  -3.624376464843750e+03  2.077776193618774e-01  -3.763317316770554e-02  -1.255234383279458e-04
  1.825000047683716e+00  -8.914065000000000e+06  -2.603260750000000e+06  -1.581625625000000e+06  -3.373534000000000e+06  -9.602783203125000e+03  -4.718811523437500e+03  2.080585360527039e-01  -3.883232176303864e-02  -7.114800973795354e-05
  1.830000042915344e+00  -8.915559000000000e+06  -2.577124750000000e+06  -1.580779500000000e+06  -3.385969000000000e+06  -1.045453906250000e+04  -5.559383300781250e+03  2.082637846469879e-01  -3.996502235531807e-02  -4.147034633206204e-05
  1.835000038146973e+00  -8.917151000000000e+06  -2.551676250000000e+06  -1.579979500000000e+06  -3.398189000000000e+06  -1.116032519531250e+04  -5.994424804687500e+03  2.084101289510727e-01  -4.099657014012337e-02  -2.997509000124410e-05
  1.840000033378601e+00  -8.918576000000000e+06  -2.527085250000000e+06  -1.579177750000000e+06  -3.410186500000000e+06  -1.165156640625000e+04  -5.922729003906250e+03  2.085305750370026e-01  -4.190399870276451e-02  -3.134229700663127e-05
  1.845000028610229e+00  -8.919383000000000e+06  -2.503591500000000e+06  -1.578265750000000e+06  -3.422158750000000e+06  -1.188879394531250e+04  -5.471526367187500e+03  2.086833715438843e-01  -4.267677292227745e-02  -5.149599746800959e-05
  1.850000023841858e+00  -8.919279000000000e+06  -2.480527750000000e+06  -1.577005375000000e+06  -3.434138750000000e+06  -1.187352050781250e+04  -4.447966308593750e+03  2.088935673236847e-01  -4.335150122642517e-02  -8.024973067222163e-05
  1.855000019073486e+00  -8.917740000000000e+06  -2.457927500000000e+06  -1.575183625000000e+06  -3.446385000000000e+06  -1.154307128906250e+04  -2.956545410156250e+03  2.092300653457642e-01  -4.392329603433609e-02  -1.204496511491016e-04
  1.860000014305115e+00  -8.914405000000000e+06  -2.435485500000000e+06  -1.572630375000000e+06  -3.459160750000000e+06  -1.091401660156250e+04  -1.107475585937500e+03  2.097427845001221e-01  -4.442247375845909e-02  -1.761841413099319e-04
  1.865000009536743e+00  -8.909119000000000e+06  -2.412923750000000e+06  -1.569296000000000e+06  -3.472716500000000e+06  -1.003217285156250e+04  9.473770751953125e+02  2.104623466730118e-01  -4.488205537199974e-02  -2.515368687454611e-04
  1.870000004768372e+00  -8.902072000000000e+06  -2.390080500000000e+06  -1.565281625000000e+06  -3.487222000000000e+06  -8.964921875000000e+03  3.030569580078125e+03  2.113926708698273e-01  -4.533004760742188e-02  -3.483680775389075e-04
  1.875000000000000e+00  -8.894396000000000e+06  -2.366925500000000e+06  -1.560919250000000e+06  -3.502767750000000e+06  -7.930542480468750e+03  4.592576660156250e+03  2.124459147453308e-01  -4.581568390130997e-02  -4.569260636344552e-04
  1.879999995231628e+00  -8.885630000000000e+06  -2.343656000000000e+06  -1.556341750000000e+06  -3.519123000000000e+06  -6.685752441406250e+03  6.294096679687500e+03  2.136974483728409e-01  -4.626687988638878e-02  -5.848999135196209e-04
  1.884999990463257e+00  -8.877200000000000e+06  -2.320532750000000e+06  -1.552053875000000e+06  -3.536236250000000e+06  -5.453179687500000e+03  7.547408691406250e+03  2.150263339281082e-01  -4.671517387032509e-02  -7.291620131582022e-04
  1.889999985694885e+00  -8.870025000000000e+06  -2.297906000000000e+06  -1.548407625000000e+06  -3.553848250000000e+06  -4.273212890625000e+03  8.248544921875000e+03  2.163580358028412e-01  -4.714103788137436e-02  -8.854094194248319e-04
  1.894999980926514e+00  -8.864885000000000e+06  -2.276136000000000e+06  -1.545654375000000e+06  -3.571661750000000e+06  -3.169866210937500e+03  8.368567382812500e+03  2.176210284233093e-01  -4.751918092370033e-02  -1.046779798343778e-03
  1.899999976158142e+00  -8.862297000000000e+06  -2.255512750000000e+06  -1.543904250000000e+06  -3.589387750000000e+06  -2.160755859375000e+03  7.960327636718750e+03  2.187577933073044e-01  -4.782496020197868e-02  -1.203480642288923e-03
  1.904999971389771e+00  -8.862288000000000e+06  -2.236048250000000e+06  -1.542874375000000e+06  -3.606597500000000e+06  -1.231165527343750e+03  7.418254882812500e+03  2.197667956352234e-01  -4.803368076682091e-02  -1.323444885201752e-03
  1.909999966621399e+00  -8.864875000000000e+06  -2.218058750000000e+06  -1.542887875000000e+06  -3.623611000000000e+06  -4.466664733886719e+02  6.379002441406250e+03  2.205854803323746e-01  -4.814560711383820e-02  -1.442113658413291e-03
  1.914999961853027e+00  -8.869644000000000e+06  -2.201289750000000e+06  -1.543432750000000e+06  -3.640184000000000e+06  1.643074645996094e+02  5.258469238281250e+03  2.212315052747726e-01  -4.815719649195671e-02  -1.521805068477988e-03
  1.919999957084656e+00  -8.875924000000000e+06  -2.185480250000000e+06  -1.544153125000000e+06  -3.656389500000000e+06  5.707213134765625e+02  4.249852539062500e+03  2.217311412096024e-01  -4.807816445827484e-02  -1.553186331875622e-03
  1.924999952316284e+00  -8.882893000000000e+06  -2.170278000000000e+06  -1.544677000000000e+06  -3.672385000000000e+06  7.482663574218750e+02  3.513900878906250e+03  2.221218794584274e-01  -4.792710766196251e-02  -1.531586516648531e-03
  1.929999947547913e+00  -8.889698000000000e+06  -2.155284500000000e+06  -1.544665500000000e+06  -3.688381750000000e+06  6.849205932617188e+02  3.163108886718750e+03  2.224462181329727e-01  -4.772897809743881e-02  -1.457833102904260e-03
  1.934999942779541e+00  -8.895567000000000e+06  -2.140106750000000e+06  -1.543852750000000e+06  -3.704610750000000e+06  3.826598205566406e+02  3.258747802734375e+03  2.227440178394318e-01  -4.751168563961983e-02  -1.337744412012398e-03
  1.940000057220459e+00  -8.899568000000000e+06  -2.124423250000000e+06  -1.542311125000000e+06  -3.721298250000000e+06  5.791033506393433e-01  3.708667480468750e+03  2.230722904205322e-01  -4.729946330189705e-02  -1.206603948958218e-03
  1.945000052452087e+00  -8.901934000000000e+06  -2.107929250000000e+06  -1.539477875000000e+06  -3.738659500000000e+06  -7.336002197265625e+02  4.698274902343750e+03  2.233933061361313e-01  -4.712052270770073e-02  -1.021781470626593e-03
  1.950000047683716e+00  -8.902046000000000e+06  -2.090453500000000e+06  -1.535573375000000e+06  -3.756804000000000e+06  -1.629377441406250e+03  6.118608398437500e+03  2.237610518932343e-01  -4.698922485113144e-02  -8.226257632486522e-04
  1.955000042915344e+00  -8.899902000000000e+06  -2.071940375000000e+06  -1.530701125000000e+06  -3.775797500000000e+06  -2.642007568359375e+03  7.904409179687500e+03  2.241787463426590e-01  -4.691435024142265e-02  -6.232674350030720e-04
  1.960000038146973e+00  -8.895681000000000e+06  -2.052451000000000e+06  -1.525035250000000e+06  -3.795640000000000e+06  -3.721881835937500e+03  9.968750976562500e+03  2.246391177177429e-01  -4.689620062708855e-02  -4.373250994831324e-04
  1.965000033378601e+00  -8.889714000000000e+06  -2.032148500000000e+06  -1.518809375000000e+06  -3.816269500000000e+06  -4.814305664062500e+03  1.220200878906250e+04  2.251271754503250e-01  -4.692778736352921e-02  -2.767265832517296e-04
  1.970000028610229e+00  -8.882581000000000e+06  -2.011405375000000e+06  -1.512370125000000e+06  -3.837549500000000e+06  -5.836606445312500e+03  1.448670800781250e+04  2.255893349647522e-01  -4.698719829320908e-02  -1.424280344508588e-04
  1.975000023841858e+00  -8.874476000000000e+06  -1.990231750000000e+06  -1.505831875000000e+06  -3.859416250000000e+06  -6.828959472656250e+03  1.674984570312500e+04  2.260733097791672e-01  -4.707974195480347e-02  -4.976885247742757e-05
  1.980000019073486e+00  -8.865994000000000e+06  -1.969082000000000e+06  -1.499642750000000e+06  -3.881689750000000e+06  -7.696941406250000e+03  1.882532421875000e+04  2.265244126319885e-01  -4.717898368835449e-02  3.407567646718235e-06
  1.985000014305115e+00  -8.857571000000000e+06  -1.948255625000000e+06  -1.494098125000000e+06  -3.904238750000000e+06  -8.421473632812500e+03  2.062339843750000e+04  2.269224971532822e-01  -4.726960882544518e-02  2.308209332113620e-05
  1.990000009536743e+00  -8.849523000000000e+06  -1.928000125000000e+06  -1.489413875000000e+06  -3.926947250000000e+06  -9.005631835937500e+03  2.209363476562500e+04  2.272519916296005e-01  -4.733832925558090e-02  1.980158231162932e-05
  1.995000004768372e+00  -8.842053000000000e+06  -1.908492875000000e+06  -1.485696750000000e+06  -3.949730500000000e+06  -9.472149414062500e+03  2.322778710937500e+04  2.275046855211258e-01  -4.737398400902748e-02  6.645328994636657e-06
  2.000000000000000e+00  -8.835211000000000e+06  -1.889837125000000e+06  -1.482937875000000e+06  -3.972523500000000e+06  -9.853356445312500e+03  2.404668750000000e+04  2.276807278394699e-01  -4.736773297190666e-02  -3.957838544010883e-06
