TITLE = "Temporal Signal for receiver number 00001"
VARIABLES = "Time","s_xx","s_yy","s_zz","s_xy","s_yz","s_xz","v1","v2","v3"
# x1       0.000000000000e+00
# x2       9.000000000000e+03
# x3       -1.000000000000e-01
# cell-global-id 17005
  0.000000000000000e+00  0.000000000000000e+00  0.000000000000000e+00  0.000000000000000e+00  0.000000000000000e+00  0.000000000000000e+00  0.000000000000000e+00  0.000000000000000e+00  0.000000000000000e+00  0.000000000000000e+00
  5.000000000000000e-03  0.000000000000000e+00  0.000000000000000e+00  0.000000000000000e+00  0.000000000000000e+00  0.000000000000000e+00  0.000000000000000e+00  0.000000000000000e+00  0.000000000000000e+00  0.000000000000000e+00
  1.000000000000000e-02  0.000000000000000e+00  0.000000000000000e+00  0.000000000000000e+00  0.000000000000000e+00  0.000000000000000e+00  0.000000000000000e+00  0.000000000000000e+00  0.000000000000000e+00  0.000000000000000e+00
  1.500000000000000e-02  0.000000000000000e+00  0.000000000000000e+00  0.000000000000000e+00  0.000000000000000e+00  0.000000000000000e+00  0.000000000000000e+00  0.000000000000000e+00  0.000000000000000e+00  0.000000000000000e+00
  2.000000000000000e-02  0.000000000000000e+00  0.000000000000000e+00  0.000000000000000e+00  0.000000000000000e+00  0.000000000000000e+00  0.000000000000000e+00  0.000000000000000e+00  0.000000000000000e+00  0.000000000000000e+00
  2.500000000000000e-02  0.000000000000000e+00  0.000000000000000e+00  0.000000000000000e+00  0.000000000000000e+00  0.000000000000000e+00  0.000000000000000e+00  0.000000000000000e+00  0.000000000000000e+00  0.000000000000000e+00
  3.000000000000000e-02  0.000000000000000e+00  0.000000000000000e+00  0.000000000000000e+00  0.000000000000000e+00  0.000000000000000e+00  0.000000000000000e+00  0.000000000000000e+00  0.000000000000000e+00  0.000000000000000e+00
  3.500000000000000e-02  0.000000000000000e+00  0.000000000000000e+00  0.000000000000000e+00  0.000000000000000e+00  0.000000000000000e+00  0.000000000000000e+00  0.000000000000000e+00  0.000000000000000e+00  0.000000000000000e+00
  4.000000000000000e-02  0.000000000000000e+00  0.000000000000000e+00  0.000000000000000e+00  0.000000000000000e+00  0.000000000000000e+00  0.000000000000000e+00  0.000000000000000e+00  0.000000000000000e+00  0.000000000000000e+00
  4.500000000000000e-02  0.000000000000000e+00  0.000000000000000e+00  0.000000000000000e+00  0.000000000000000e+00  0.000000000000000e+00  0.000000000000000e+00  0.000000000000000e+00  0.000000000000000e+00  0.000000000000000e+00
  5.000000000000000e-02  0.000000000000000e+00  0.000000000000000e+00  0.000000000000000e+00  0.000000000000000e+00  0.000000000000000e+00  0.000000000000000e+00  0.000000000000000e+00  0.000000000000000e+00  0.000000000000000e+00
  5.499999999999999e-02  0.000000000000000e+00  0.000000000000000e+00  0.000000000000000e+00  0.000000000000000e+00  0.000000000000000e+00  0.000000000000000e+00  0.000000000000000e+00  0.000000000000000e+00  0.000000000000000e+00
  5.999999999999999e-02  0.000000000000000e+00  0.000000000000000e+00  0.000000000000000e+00  0.000000000000000e+00  0.000000000000000e+00  0.000000000000000e+00  0.000000000000000e+00  0.000000000000000e+00  0.000000000000000e+00
  6.499999999999999e-02  0.000000000000000e+00  0.000000000000000e+00  0.000000000000000e+00  0.000000000000000e+00  0.000000000000000e+00  0.000000000000000e+00  0.000000000000000e+00  0.000000000000000e+00  0.000000000000000e+00
  6.999999999999999e-02  0.000000000000000e+00  0.000000000000000e+00  0.000000000000000e+00  0.000000000000000e+00  0.000000000000000e+00  0.000000000000000e+00  0.000000000000000e+00  0.000000000000000e+00  0.000000000000000e+00
  7.500000000000000e-02  0.000000000000000e+00  0.000000000000000e+00  0.000000000000000e+00  0.000000000000000e+00  0.000000000000000e+00  0.000000000000000e+00  0.000000000000000e+00  0.000000000000000e+00  0.000000000000000e+00
  8.000000000000000e-02  0.000000000000000e+00  0.000000000000000e+00  0.000000000000000e+00  0.000000000000000e+00  0.000000000000000e+00  0.000000000000000e+00  0.000000000000000e+00  0.000000000000000e+00  0.000000000000000e+00
  8.500000000000001e-02  0.000000000000000e+00  0.000000000000000e+00  0.000000000000000e+00  0.000000000000000e+00  0.000000000000000e+00  0.000000000000000e+00  0.000000000000000e+00  0.000000000000000e+00  0.000000000000000e+00
  9.000000000000001e-02  0.000000000000000e+00  0.000000000000000e+00  0.000000000000000e+00  0.000000000000000e+00  0.000000000000000e+00  0.000000000000000e+00  0.000000000000000e+00  0.000000000000000e+00  0.000000000000000e+00
  9.500000000000001e-02  0.000000000000000e+00  0.000000000000000e+00  0.000000000000000e+00  0.000000000000000e+00  0.000000000000000e+00  0.000000000000000e+00  0.000000000000000e+00  0.000000000000000e+00  0.000000000000000e+00
  1.000000000000000e-01  -1.868850551703338e-11  -8.644340371273027e-11  -3.311432987138221e-11  -1.282716149333374e-11  -3.375368885441851e-11  5.281759277747304e-12  3.275871625014886e-18  1.016715136986024e-17  7.189767830997545e-18
  1.050000000000000e-01  -1.211770412787007e-11  -7.708936194551909e-11  -1.488814010357238e-11  -1.262027083628442e-11  -2.516451806629666e-11  7.619716499572884e-12  3.355416784440249e-18  8.574463380308833e-18  5.792601315751127e-18
  1.100000000000000e-01  2.133112585998707e-09  6.746258680692173e-09  2.745290824221834e-09  -5.288708473899371e-10  2.748606241173543e-09  -8.438196827038177e-10  5.956161121327045e-17  -7.907250629491948e-16  -5.905114943495819e-16
  1.150000000000000e-01  -1.985965696855632e-09  -1.595401861107522e-09  -4.686196490745471e-09  -1.657889179061644e-09  -1.037904791306749e-09  -1.727311220783307e-09  2.004757336421335e-16  3.552143353561205e-16  1.173368557145510e-16
  1.200000000000000e-01  -6.022335547624860e-09  -9.763841680295977e-09  -1.182746069341426e-08  -2.856908971185050e-09  -4.697696965586508e-09  -2.650335199278851e-09  3.543898942786956e-16  1.475139200117788e-15  7.735114753109608e-16
  1.250000000000000e-01  -1.274460736359938e-08  -1.159789593621118e-08  -2.879811940478079e-08  -1.429657079132275e-08  1.060852054629943e-09  -1.113391569879239e-08  4.613382353597070e-15  5.132065187177598e-16  -1.927563394215721e-15
  1.300000000000000e-01  -4.996311036516629e-08  -8.559411081292520e-08  -9.419904607406802e-08  -2.673640859032544e-08  -3.147454156892007e-08  -1.968717312105525e-08  6.320795898872381e-15  1.054353907156852e-14  3.882999342294874e-15
  1.350000000000000e-01  -1.161616530336566e-07  -3.328080353851343e-07  -1.946468373787018e-07  -9.234533455829966e-08  -7.649282832552350e-08  -9.256522161610895e-09  4.294798139832077e-14  2.625901116129014e-14  6.543131173519984e-15
  1.400000000000000e-01  -2.367134459309938e-07  -5.680099972511503e-07  -3.838075147770075e-07  -1.468804182358762e-07  -1.636344756834597e-07  -3.358604413169635e-08  5.094244544207798e-14  5.686212823063016e-14  2.194578379753601e-14
  1.450000000000000e-01  -3.544683710427593e-07  -7.978021710694790e-07  -5.659882127773603e-07  -2.021787232054364e-07  -2.475977588337242e-07  -5.823334257610226e-08  5.907237710244857e-14  8.670381823922388e-14  3.599501990332944e-14
  1.500000000000000e-01  -6.668417801224177e-07  -1.524184256690062e-06  -8.396407153410229e-07  -3.515820468937836e-07  -4.524709564676791e-07  -6.021610197718055e-09  1.447499889775704e-13  1.535832973365753e-13  8.055813905486656e-14
  1.550000000000001e-01  -8.381272305293830e-07  -1.831146790044905e-06  -1.054550643521719e-06  -4.672473754652018e-07  -5.322504977186443e-07  -4.035032512620737e-08  1.619420666812785e-13  1.911549595743176e-13  9.214229022789034e-14
  1.600000000000001e-01  -1.034868416096781e-06  -1.009105800664344e-06  -6.530359692745744e-07  -1.163068441061963e-07  -3.985383947571956e-07  3.117145289340960e-08  1.182925083205143e-13  1.216412761465492e-13  1.087045971144824e-13
  1.650000000000001e-01  -9.935569274650389e-07  -8.077436824904131e-07  -6.048365707177227e-07  -1.533758434798750e-07  -3.271182230151763e-07  1.152763610145772e-08  1.232770949034283e-13  9.467656694623305e-14  8.750094444377554e-14
  1.700000000000001e-01  -4.957467037542694e-07  3.376524126145274e-06  1.087460653322495e-06  1.151984924054202e-06  8.632642602385653e-07  -2.082576717589169e-08  -2.550145180980418e-13  -3.269695910796029e-13  -1.333664082622968e-13
  1.750000000000001e-01  2.336393146085556e-07  4.997207810568011e-06  1.577995496014197e-06  1.591276891734933e-06  1.171276626622230e-06  5.877408826421258e-08  -3.222632073682917e-13  -5.225286235775236e-13  -2.088380588767742e-13
  1.800000000000001e-01  9.796604239674667e-07  6.625725314207868e-06  2.091020299046795e-06  2.042072094795054e-06  1.486056865068452e-06  1.445424328669256e-07  -3.941336862421004e-13  -7.209912592892927e-13  -2.901548977113711e-13
  1.850000000000001e-01  3.030051150376368e-06  1.156689320468362e-05  3.549977517386463e-06  3.862329268787717e-06  3.110871938652469e-06  2.264758301313600e-07  -9.537530378337120e-13  -1.343562440007740e-12  -8.164255535142921e-13
  1.900000000000001e-01  4.629240666585879e-06  1.458375093283382e-05  4.245202840263059e-06  5.081151248398075e-06  3.579264290332155e-06  5.934142340937322e-07  -1.142166482926102e-12  -1.702622171608140e-12  -9.380626753509539e-13
  1.950000000000001e-01  5.019462392956688e-06  5.575254420261032e-06  5.679584473828352e-08  3.282220798191324e-06  1.581904658776284e-06  8.070102514774566e-07  -8.628390996670828e-13  -8.813421115628203e-13  -9.185609676319899e-13
  2.000000000000001e-01  6.445457642795740e-06  7.420902116871208e-06  5.788350324895003e-07  4.555121571618051e-06  2.111810344391358e-06  1.543347733730740e-06  -1.060330019900319e-12  -1.106992943002281e-12  -1.023569214228068e-12
  2.050000000000001e-01  7.838921066623435e-06  9.233987508747922e-06  1.073039418441667e-06  5.801880990479272e-06  2.635580645833675e-06  2.261868035154235e-06  -1.250249295105768e-12  -1.328770546568394e-12  -1.132247902544707e-12
  2.100000000000001e-01  9.383526292453568e-07  -2.900492356790114e-05  -1.176559986352467e-05  -4.559958747400522e-06  -6.919623500433109e-06  2.519599293936917e-06  9.266150402047684e-13  3.178879419315939e-12  1.027104375405233e-12
  2.150000000000001e-01  -4.731191052634263e-07  -3.332561311575731e-05  -1.116699439096752e-05  -5.547195484690090e-06  -6.223750744378350e-06  3.149887245594262e-06  1.072529852779054e-12  3.662377008968156e-12  1.038036269723042e-12
  2.200000000000001e-01  -1.280401533167752e-05  -8.504724606090380e-05  -2.542436960937841e-05  -2.308708584358961e-05  -2.081137112104284e-05  2.074049313174433e-06  4.643595459953999e-12  1.098400061384685e-11  5.820313444570525e-12
  2.250000000000001e-01  -2.001056901276933e-05  -9.951996537968074e-05  -2.380060681602468e-05  -2.903549650538180e-05  -1.976892289613133e-05  1.508320876282172e-06  5.508504073642931e-12  1.264604512122678e-11  6.047230040620197e-12
  2.300000000000001e-01  -2.528845122966993e-05  -1.184669620102509e-04  -2.110778498973343e-05  -4.508813518037318e-05  -2.557490763844707e-05  -1.427400127540669e-06  8.243030578733067e-12  1.768727698147630e-11  1.065703114981537e-11
  2.350000000000001e-01  -3.905393170928936e-05  -1.411518422946706e-04  -1.929144163859716e-05  -5.637183447683504e-05  -2.487536855677890e-05  -4.261273659127992e-06  9.851059893542635e-12  2.036534159928706e-11  1.122372106149204e-11
  2.400000000000001e-01  -5.292833616702738e-05  -1.639250532039240e-04  -1.811066162745028e-05  -6.761126714241138e-05  -2.445790948914958e-05  -7.097786323684556e-06  1.147681585320248e-11  2.310968211502860e-11  1.198997423080938e-11
  2.450000000000001e-01  -3.715741299305332e-05  -9.839849951002384e-05  1.687100909543817e-05  -7.166893953877606e-05  -4.320572515250202e-06  -1.321729276886166e-05  1.084427602142347e-11  1.811854648004842e-11  1.054336684187453e-11
  2.500000000000001e-01  -5.303024942473972e-05  -1.179754036333632e-04  1.389142394550835e-05  -8.341576257820383e-05  -6.367746289943197e-06  -1.802739521201754e-05  1.248729210416133e-11  2.065746826757973e-11  1.170897545517528e-11
  2.550000000000001e-01  -3.048975992014514e-06  4.696201432136467e-05  7.629591938372752e-05  -5.921400569667433e-05  4.648909652326311e-05  -2.183781972424297e-05  6.327696672545369e-12  -4.197458907798658e-14  -1.227449013419223e-12
  2.600000000000001e-01  -1.042390914859250e-05  4.943050765281772e-05  6.318823986371802e-05  -6.177919441752840e-05  3.939747576631295e-05  -2.633568716862266e-05  6.636179747878145e-12  1.478217617643080e-13  8.176446501364638e-14
  2.650000000000001e-01  -1.693543604687707e-05  5.286801109018217e-05  5.155165297345882e-05  -6.396687468280609e-05  3.273912646674329e-05  -3.070195858464099e-05  6.861249953797378e-12  1.834821282767957e-13  1.173934814717870e-12
  2.700000000000001e-01  6.282163047905303e-05  2.773525097214021e-04  9.332326228601596e-05  4.363106740125412e-06  9.199657662266000e-05  -2.722745285712358e-05  -5.337779983346213e-12  -3.485537400913206e-11  -2.154305393270250e-11
  2.750000000000001e-01  7.869606647968792e-05  3.217113155092324e-04  7.274629472361542e-05  2.162128341053851e-05  8.061085232365548e-05  -2.774062619287924e-05  -7.827235667718951e-12  -3.958589426788581e-11  -2.146493058217372e-11
  2.800000000000001e-01  1.250374472728593e-04  4.376960177553724e-04  5.837448478714603e-05  1.015697929819220e-04  1.094909377618157e-04  -2.031064793297947e-05  -1.885305547338191e-11  -6.887165809552448e-11  -4.226092177380788e-11
  2.850000000000001e-01  1.722301881421645e-04  5.284168800538273e-04  4.044741590155333e-05  1.418180978895404e-04  9.779245491430428e-05  -1.435325540417270e-05  -2.439210609528604e-11  -7.927048599422820e-11  -4.418703609777336e-11
  2.900000000000001e-01  2.200181472714245e-04  6.200081916327279e-04  2.564382985270014e-05  1.821369183016123e-04  8.741292755401627e-05  -8.270454697962003e-06  -3.005630630828632e-11  -9.007874225560310e-11  -4.705967540570160e-11
  2.950000000000002e-01  2.070601231930214e-04  5.388470502789033e-04  -5.343782994321796e-05  2.555940455280091e-04  5.130832745910385e-05  3.777676907233637e-06  -3.515262292140221e-11  -9.665047069919771e-11  -5.123926031744670e-11
  3.000000000000002e-01  2.813521882676145e-04  6.580976444167733e-04  -4.467203907104347e-05  3.100153814371786e-04  4.901101867618371e-05  1.611707795169287e-05  -4.252647168522961e-11  -1.112979112760429e-10  -5.654952122804464e-11
  3.050000000000002e-01  1.568190130404168e-04  3.273663983327174e-04  -1.680581373593234e-04  3.208699130382421e-04  -5.759558810498312e-05  2.259935531438671e-05  -3.507773792163868e-11  -7.800789397566132e-11  -3.269469855109365e-11
  3.100000000000002e-01  2.362097079266119e-04  4.311209364298632e-04  -1.169330817598795e-04  3.689753468600283e-04  -4.350036003125492e-05  3.799701236207696e-05  -4.127592644583030e-11  -9.156143823516262e-11  -3.937664469412502e-11
  3.150000000000002e-01  4.857030716492065e-05  1.473847438364711e-05  -2.187015704785289e-04  3.150060220435503e-04  -1.792989916735243e-04  4.522248440917811e-05  -2.558754487703546e-11  -2.816842763949501e-11  6.347286646693359e-12
  3.200000000000002e-01  9.959077245673910e-05  4.749718599759926e-05  -1.239966583993297e-04  3.320404936852273e-04  -1.458258504804726e-04  5.888028063879734e-05  -2.729735712454476e-11  -3.412334377071565e-11  5.711873229453928e-13
  3.250000000000002e-01  1.464996532354123e-04  7.478940617635204e-05  -3.627745282833321e-05  3.473839172891140e-04  -1.147300241041404e-04  7.187293663433519e-05  -2.879941092874576e-11  -3.926776826384791e-11  -3.845006295222527e-12
  3.300000000000002e-01  -6.207974083412584e-05  -2.822066656255210e-04  -6.633544610201091e-06  2.108116017597649e-04  -1.871883538178421e-04  8.686433388588236e-05  -9.569827307806746e-12  3.822700007816196e-11  4.401962474348450e-11
  3.350000000000002e-01  -7.702002552841066e-05  -3.735437872133922e-04  9.462006866631348e-05  1.768364464934318e-04  -1.444751899821826e-04  9.327156608850834e-05  -4.182279060708226e-12  4.684163081346388e-11  4.453576972833485e-11
  3.400000000000002e-01  -1.737546939145467e-04  -3.823102860151192e-04  2.384871986744679e-04  4.472712291511608e-05  -1.117409420538190e-04  1.256134279437862e-04  -8.173879668420046e-15  9.615704947140833e-11  6.705693432068010e-11
  3.450000000000002e-01  -2.665737736426814e-04  -6.050769471184480e-04  3.060222318785260e-04  -3.999102416917421e-05  -7.168002147807480e-05  1.221970398358693e-04  1.199131305825850e-11  1.202745117951026e-10  7.412088519411421e-11
  3.500000000000002e-01  -3.624580904556124e-04  -8.337794328133712e-04  3.636586986797697e-04  -1.262435364168239e-04  -3.549688212566676e-05  1.179540996077368e-04  2.461434565240773e-11  1.461528409243810e-10  8.411411569422335e-11
  3.550000000000002e-01  -3.636959079429243e-04  -5.667476951913306e-04  5.089458645029771e-04  -2.427063420053489e-04  9.686232666094797e-05  1.473836017412632e-04  1.036839309198531e-11  1.575955794972347e-10  6.987401928022517e-11
  3.600000000000002e-01  -5.287203199233894e-04  -8.968242784534097e-04  4.818609516458846e-04  -3.624431990332069e-04  1.127793399191069e-04  1.313656133867393e-04  2.672033593901665e-11  1.960618510757997e-10  8.552536114094336e-11
  3.650000000000002e-01  -3.740889030966983e-04  -4.105099057537751e-04  5.633995987400142e-04  -3.984859182616292e-04  2.857787225066932e-04  1.395326240519791e-04  -5.178129745053308e-12  1.572274660179473e-10  3.747649921308507e-11
  3.700000000000002e-01  -5.825797760473540e-04  -7.809177452466268e-04  4.130126194325002e-04  -5.233777106909744e-04  2.643296825329154e-04  1.099964145444169e-04  1.003528692516248e-11  2.017260346664360e-10  5.578303279771244e-11
  3.750000000000002e-01  -3.545787814697913e-04  -4.122207556934928e-04  3.402084833764736e-04  -5.158990496986007e-04  3.770555426423149e-04  6.435753361063708e-05  -1.604475483328522e-11  1.379070059186110e-10  1.707470631604372e-12
  3.800000000000002e-01  -5.764486550283730e-04  -7.524864827780869e-04  5.301864615627436e-05  -6.185261927295429e-04  3.057647316816581e-04  2.033165484107534e-05  -6.410933471323033e-12  1.813731182034740e-10  1.941743892966915e-11
  3.850000000000002e-01  -7.907839320560268e-04  -1.082279010463390e-03  -2.230290191459670e-04  -7.184848770491489e-04  2.395758888664917e-04  -2.167573389973969e-05  3.276842351894657e-12  2.238004496499417e-10  3.454204403499629e-11
  3.900000000000002e-01  -5.796595867469909e-04  -1.053646178887684e-03  -6.052327267456173e-04  -6.980507461083462e-04  1.417649480731766e-04  -1.520533800159756e-04  5.681511227510258e-12  1.624424857387129e-10  8.254864029138643e-12
  3.950000000000002e-01  -7.779220914093098e-04  -1.281458856520132e-03  -9.856652844794798e-04  -7.576654130673252e-04  2.695680028931299e-05  -2.052010879153707e-04  7.122099630947440e-12  1.958252795711788e-10  1.733280375410389e-11
  4.000000000000002e-01  -6.254133292901828e-04  -1.735215495408451e-03  -1.427291169952829e-03  -8.155267133490286e-04  -2.475073369614685e-04  -3.835295108644149e-04  6.828445912876870e-11  1.642673122146374e-10  4.382176653547542e-11
  4.050000000000002e-01  -7.837288454351152e-04  -1.803879325570469e-03  -1.846759873274815e-03  -8.318505105931881e-04  -3.990323530840228e-04  -4.395858304931043e-04  6.281958747772190e-11  1.826625099318957e-10  4.565960737475413e-11
  4.100000000000003e-01  -9.272059344028957e-04  -1.847044287923472e-03  -2.237425483794775e-03  -8.423863849344883e-04  -5.385973852912535e-04  -4.923184552220512e-04  5.585003561138910e-11  1.960209715117635e-10  3.976454903274506e-11
  4.150000000000003e-01  -7.697740728890173e-04  -2.436949743292389e-03  -2.501995009481641e-03  -9.622157444900730e-04  -9.354149908673967e-04  -6.533210680294541e-04  1.723571273952325e-10  1.830374062744096e-10  1.182854618520266e-10
  4.200000000000003e-01  -8.323382093775645e-04  -2.252053848325456e-03  -2.810214287974999e-03  -9.319843405325715e-04  -1.077547136118442e-03  -6.935174876107713e-04  1.617110177867728e-10  1.716832674482788e-10  1.031499415844579e-10
  4.250000000000003e-01  -6.457255020555950e-04  -2.769161602875128e-03  -2.622443819540411e-03  -1.093362364306088e-03  -1.395024601264167e-03  -7.545339932067409e-04  3.044927639809932e-10  1.761381468055565e-10  2.075061915832092e-10
  4.300000000000003e-01  -5.606716649270550e-04  -2.277732497080918e-03  -2.688141625784456e-03  -1.020871429295378e-03  -1.484439855261524e-03  -7.616595608089691e-04  2.946202270241983e-10  1.282768324346208e-10  1.818891247131720e-10
  4.350000000000003e-01  -4.627756434929361e-04  -1.762889212557129e-03  -2.728829498149770e-03  -9.424598189727720e-04  -1.566145131378086e-03  -7.678556952842038e-04  2.823018502719949e-10  7.442238861047684e-11  1.501570875431452e-10
  4.400000000000003e-01  -4.507173961857934e-07  -1.488471455785230e-03  -1.638030433910743e-03  -9.715746749737830e-04  -1.534185267766622e-03  -6.211398717458579e-04  3.935231839795359e-10  3.464186413548299e-11  2.279281250218702e-10
  4.450000000000003e-01  3.321141192073858e-04  -5.963005869881841e-04  -1.267865890571474e-03  -8.358873159230978e-04  -1.497870145516748e-03  -5.757013354386682e-04  3.838856755987726e-10  -6.809257470465143e-11  1.865768917789213e-10
  4.500000000000003e-01  8.727303116379126e-04  3.421535886947653e-04  2.889114377564952e-04  -6.288146680784131e-04  -1.073001558742572e-03  -2.562513398475285e-04  3.900251902841686e-10  -1.293819389191090e-10  1.908240879811992e-10
  4.550000000000003e-01  1.521131307521031e-03  1.637535260614627e-03  1.203712539815768e-03  -4.088926633684893e-04  -8.527161577032789e-04  -1.466377915960400e-04  3.808689101930748e-10  -2.887017375238626e-10  1.376270337937140e-10
  4.600000000000003e-01  1.965784933856341e-03  3.118326216829341e-03  2.727429586510221e-03  1.000525267726200e-04  -7.563432193905891e-05  2.701473085176653e-04  2.395422822964266e-10  -3.648150128644964e-10  3.345345921909829e-11
  4.650000000000003e-01  2.945781085528769e-03  4.722917494913490e-03  4.198865571374091e-03  4.276007914489768e-04  3.598544103632453e-04  4.430659050209810e-04  2.245865561754335e-10  -5.732405454139702e-10  -3.136884219039110e-11
  4.700000000000003e-01  3.897600711507716e-03  6.285323495302275e-03  5.620771433481549e-03  7.527437152269648e-04  7.689025540837126e-04  6.102106251555100e-04  2.096979900473123e-10  -7.755617476561379e-10  -8.178176339876489e-11
  4.750000000000003e-01  4.305993235552202e-03  8.096531496186292e-03  6.950864957710177e-03  1.613413595103494e-03  1.958460259848633e-03  1.047953249565780e-03  -8.180586978506248e-11  -8.828581323748206e-10  -3.255553479199777e-10
  4.800000000000003e-01  5.458586066216681e-03  9.661535347686852e-03  8.703437305910035e-03  2.035974490532692e-03  2.531972937820796e-03  1.258928731923336e-03  -1.078066243923298e-10  -1.095937489372029e-09  -3.722849824375521e-10
  4.850000000000003e-01  5.261654523336292e-03  1.103349317837200e-02  8.670101736603396e-03  2.931019858642938e-03  3.633278597579555e-03  1.501199169520638e-03  -4.761343886555296e-10  -1.169558174091969e-09  -7.142005491677558e-10
  4.900000000000003e-01  6.352369547252467e-03  1.214298419382452e-02  1.033250570245849e-02  3.395154300813036e-03  4.247928532338146e-03  1.723415806066077e-03  -5.164641698901618e-10  -1.335502947232389e-09  -7.419503850626547e-10
  4.950000000000003e-01  7.380835473103923e-03  1.315618820306503e-02  1.189592067973493e-02  3.843446207777541e-03  4.818844942557394e-03  1.936294648233640e-03  -5.525308994878468e-10  -1.483871697992459e-09  -7.445025491472219e-10
  5.000000000000003e-01  6.191848333958591e-03  1.296038432944861e-02  9.804980010322612e-03  4.467904794363345e-03  5.473780939161082e-03  1.866409934346978e-03  -9.065197385448217e-10  -1.435058115004874e-09  -1.115155913376671e-09
  5.050000000000003e-01  6.779069686820406e-03  1.296285122118262e-02  1.068402108372458e-02  4.842525993733524e-03  5.889765724111419e-03  2.045114248028805e-03  -9.507546621280372e-10  -1.461826300485195e-09  -1.078229040669070e-09
  5.100000000000003e-01  4.817679999561913e-03  1.169901650477568e-02  7.006268872957642e-03  4.936452239191390e-03  5.833621879152360e-03  1.648934868836915e-03  -1.165571294592306e-09  -1.363081507082032e-09  -1.389975134742347e-09
  5.150000000000003e-01  4.589578528980494e-03  1.024229718080496e-02  6.611594813397697e-03  5.098069196239294e-03  5.874600929674374e-03  1.743284880513270e-03  -1.206141437287042e-09  -1.207223884697338e-09  -1.296468928419789e-09
  5.200000000000004e-01  2.333678245783768e-03  8.368290842980899e-03  2.471220788512871e-03  4.663636828432818e-03  5.111512536669882e-03  1.149511105490551e-03  -1.223322259524155e-09  -1.114624225331709e-09  -1.457005196686688e-09
  5.250000000000004e-01  1.042164896364029e-03  5.281591589048494e-03  3.935864691910563e-04  4.484512597506816e-03  4.593528552537599e-03  1.106958271327189e-03  -1.243274468527425e-09  -7.485753316708974e-10  -1.296860588952528e-09
  5.300000000000004e-01  -2.600276416078110e-04  2.164981592405319e-03  -1.687997493922688e-03  4.280464393234514e-03  4.087189060621013e-03  1.059215753239108e-03  -1.255621398630276e-09  -3.737625867087348e-10  -1.141633189630211e-09
  5.350000000000004e-01  -3.305939139418585e-03  -1.161728831913412e-03  -6.615965487721114e-03  3.165080567655998e-03  2.131631870285451e-03  3.089202847970457e-04  -1.059470051921598e-09  -1.460725237859300e-10  -9.997682610938350e-10
  5.400000000000004e-01  -5.626956936594742e-03  -5.595829599656310e-03  -1.034208489675950e-02  2.557233011171489e-03  1.027233504504095e-03  8.177219423839096e-05  -1.036234063078839e-09  4.023972724052903e-10  -8.038658536158833e-10
  5.450000000000004e-01  -7.744500961889072e-03  -8.176924897930857e-03  -1.288815971489855e-02  1.520928732119711e-03  -1.217822577854902e-03  -4.455395433246294e-04  -7.173550852741466e-10  5.419902110513697e-10  -3.645064271982732e-10
  5.500000000000004e-01  -1.076887656786586e-02  -1.321623113022488e-02  -1.780509178007442e-02  5.436239207374973e-04  -2.835829444949913e-03  -8.824489844062335e-04  -6.502170568427137e-10  1.178835531948521e-09  -1.526315830078874e-10
  5.550000000000004e-01  -1.369797496581192e-02  -1.812982322820057e-02  -2.256052329398069e-02  -4.362608132877356e-04  -4.362041929768027e-03  -1.306878049145921e-03  -5.819884851807092e-10  1.796331547447510e-09  1.153641049952070e-11
  5.600000000000004e-01  -1.473602361443734e-02  -1.961467560137886e-02  -2.243257070136720e-02  -1.234362576875820e-03  -6.942924671769915e-03  -1.645988594488169e-03  -1.986403496519626e-10  1.884104698932721e-09  7.894166562505266e-10
  5.650000000000004e-01  -1.772471818267896e-02  -2.400176330157533e-02  -2.737572317041076e-02  -2.423614930501102e-03  -8.692427428846959e-03  -2.264236785805374e-03  -9.508231851623522e-11  2.445313213920309e-09  9.131414115438087e-10
  5.700000000000004e-01  -1.686360760696368e-02  -2.425835414864619e-02  -2.342914459650009e-02  -2.437873677267072e-03  -1.075646957066408e-02  -2.120849151379397e-03  2.345982361353478e-10  2.508306782130304e-09  1.947316272896009e-09
  5.750000000000004e-01  -1.914788329464067e-02  -2.693049798107879e-02  -2.730793340061466e-02  -3.600205730200008e-03  -1.232605960785976e-02  -2.869401637666868e-03  3.571631253464910e-10  2.865687375051659e-09  1.987577553618202e-09
  5.800000000000004e-01  -2.127945584312455e-02  -2.937307028043575e-02  -3.094425166101243e-02  -4.730480706702085e-03  -1.377334433516694e-02  -3.586174046724104e-03  4.682686417424874e-10  3.180676537383840e-09  1.963507448855601e-09
  5.850000000000004e-01  -1.767811483249700e-02  -2.701979444807568e-02  -2.246063384366427e-02  -3.922732889747906e-03  -1.469832536705283e-02  -3.088883222127265e-03  7.315794887951197e-10  3.101563604325572e-09  3.094043519956349e-09
  5.900000000000004e-01  -1.837369755868934e-02  -2.673521037533814e-02  -2.373320568741936e-02  -4.750653976528457e-03  -1.549779806118254e-02  -3.797735653585616e-03  8.320695286747220e-10  3.084220949963392e-09  2.956240579324728e-09
  5.950000000000004e-01  -1.354041270345720e-02  -2.478505746216569e-02  -1.399190269933935e-02  -3.739079184985675e-03  -1.535836503131099e-02  -2.997330046734822e-03  1.042785600283032e-09  3.208808689595484e-09  4.022912239191562e-09
  6.000000000000004e-01  -1.233198807329789e-02  -2.128620500585005e-02  -1.191714040516072e-02  -4.062398188302858e-03  -1.506996663839698e-02  -3.510107752380148e-03  1.109672605325661e-09  2.800219285321715e-09  3.755642954668861e-09
  6.050000000000004e-01  -7.315810095613133e-03  -2.067626109695684e-02  -3.628388301166942e-03  -3.650850412408961e-03  -1.393434936076776e-02  -2.740625835183053e-03  1.341299568811830e-09  3.191010215408650e-09  4.505076528053300e-09
  6.100000000000004e-01  -4.179552284193182e-03  -1.420227896830089e-02  2.141582454425694e-03  -3.405371687003559e-03  -1.227055161359429e-02  -2.852058250032151e-03  1.360052772773447e-09  2.421230557574495e-09  4.112839723750674e-09
  6.150000000000004e-01  -1.061755828827530e-03  -7.707121587866946e-03  7.860652601878088e-03  -3.124379371577012e-03  -1.065268620499466e-02  -2.949875564637740e-03  1.364797249081829e-09  1.641505556839282e-09  3.745212606521750e-09
  6.200000000000004e-01  4.792868114634178e-03  -6.382208689626020e-03  1.583365909914767e-02  -3.602235555611120e-03  -7.113981604087070e-03  -2.030043973962759e-03  1.647496277219080e-09  1.969095794995315e-09  3.775603176500616e-09
  6.250000000000004e-01  9.232845456874802e-03  1.931125385735567e-03  2.454504555280371e-02  -2.876289088638332e-03  -4.193249914101310e-03  -1.589261630607084e-03  1.611103420845826e-09  9.799207075200181e-10  3.361461473618779e-09
  6.300000000000004e-01  1.329903037423082e-02  1.662051148674917e-03  2.693458872695892e-02  -5.276360759763325e-03  6.889349401380856e-05  -1.256076020440228e-03  2.000768580535879e-09  1.400767973024988e-09  2.571267309025685e-09
  6.350000000000005e-01  1.809573694451107e-02  1.016498195194652e-02  3.721699486916544e-02  -4.365332063046563e-03  3.973723049867151e-03  -2.394150785913597e-04  1.939378413188454e-09  4.003696237291973e-10  2.162776437836091e-09
  6.400000000000005e-01  2.268348476616183e-02  1.839870161619830e-02  4.712502580039822e-02  -3.456100907302956e-03  7.669435339534921e-03  7.479138985570045e-04  1.883880076721981e-09  -5.521059970278384e-10  1.865670544020198e-09
  6.450000000000005e-01  2.421476613713514e-02  1.647433012996709e-02  4.383456099667354e-02  -7.808750762458102e-03  1.279765333424271e-02  8.267972665209032e-04  2.319567252913400e-09  -1.393406275418486e-10  1.573808317177055e-10
  6.500000000000005e-01  2.791761356443829e-02  2.294750062992446e-02  5.313457917086221e-02  -7.037381949735018e-03  1.679357898396924e-02  2.255177779921106e-03  2.272457857987169e-09  -8.608130145010339e-10  -4.687611337052554e-11
  6.550000000000005e-01  2.689431493543208e-02  2.078174748170399e-02  4.379246807810830e-02  -1.267940719014638e-02  2.093930995761604e-02  1.523400973222701e-03  2.642553963775877e-09  -7.144019150568867e-10  -2.435141836516758e-09
  6.600000000000005e-01  2.863985498920365e-02  2.389419031438157e-02  5.023600262150539e-02  -1.228576062289943e-02  2.438496327352904e-02  3.127500145444860e-03  2.623549465275810e-09  -1.024895377269317e-09  -2.494596035950692e-09
  6.650000000000005e-01  3.016402263915418e-02  2.666345084235040e-02  5.625397531774445e-02  -1.190284204301023e-02  2.760395618831488e-02  4.683430631350986e-03  2.626088863647497e-09  -1.263317268791669e-09  -2.434021956882591e-09
  6.700000000000005e-01  2.520797288040803e-02  2.213748600378097e-02  3.955857282168147e-02  -1.778418393694427e-02  2.897368208473409e-02  3.425977511471539e-03  2.770150440542990e-09  -1.211165749023277e-09  -5.063658364884187e-09
  6.750000000000005e-01  2.417257959250185e-02  2.066188090338218e-02  4.084891630506361e-02  -1.783714462590601e-02  3.075685292394760e-02  4.801501855322775e-03  2.811230807721985e-09  -9.536972349831391e-10  -4.841000533671156e-09
  6.800000000000005e-01  1.877089634163471e-02  1.918944242941935e-02  2.383666049430753e-02  -2.163578357820068e-02  2.960252351431938e-02  3.462288108422834e-03  2.555272845434263e-09  -1.618411972256653e-09  -7.242781337055885e-09
  6.850000000000005e-01  1.518835774728432e-02  1.351726856595638e-02  1.929983251644578e-02  -2.196981165631890e-02  2.914626664387461e-02  4.300809982450370e-03  2.627169737990766e-09  -8.991507880789384e-10  -6.831933693423742e-09
  6.900000000000005e-01  1.090721709875217e-02  1.691253021231410e-02  6.629854483953325e-03  -2.200886416051946e-02  2.613732244373342e-02  3.597294781994846e-03  1.902752220557518e-09  -2.436857528711027e-09  -8.553384272037051e-09
  6.950000000000005e-01  5.534716129771373e-03  8.167010551938823e-03  -3.676345762544645e-03  -2.227063202190219e-02  2.295817202570583e-02  3.642284137034379e-03  1.984210219591940e-09  -1.415472920087381e-09  -7.941164925857540e-09
  7.000000000000005e-01  3.224344969541444e-04  -3.963415941484308e-04  -1.377220694597993e-02  -2.248888039842667e-02  1.986985933119164e-02  3.686822751153633e-03  2.065522907875741e-09  -4.174385565711747e-10  -7.391850068482215e-09
  7.050000000000005e-01  -2.565919548384647e-03  7.293519509078183e-03  -2.341219111010195e-02  -1.740209712555998e-02  1.343412652177801e-02  3.173354288134732e-03  9.132135541258675e-10  -2.721987809337657e-09  -7.874971654683264e-09
  7.100000000000005e-01  -7.988461535579472e-03  -2.004394080093159e-03  -3.757073253461140e-02  -1.706692442886879e-02  7.801373231340438e-03  2.376284477734547e-03  9.542374806643509e-10  -1.738507601110445e-09  -7.223507406708685e-09
  7.150000000000005e-01  -7.630613068708459e-03  1.226900983507501e-02  -3.664278638755066e-02  -7.115582354605340e-03  2.437502644517031e-03  2.938602709760314e-03  -4.454375359972027e-10  -4.812564517383895e-09  -6.567414241502556e-09
  7.200000000000005e-01  -1.144797188832916e-02  4.929966980719144e-03  -5.223937746412487e-02  -5.767053261088811e-03  -5.055964727106153e-03  1.457508291706765e-03  -4.927411542889921e-10  -4.165647182537498e-09  -5.880718124878848e-09
  7.250000000000005e-01  -1.490077000497752e-02  -1.871894617102641e-03  -6.714274406688123e-02  -4.373177352411394e-03  -1.223662774611755e-02  1.412992056392776e-05  -5.680633758085027e-10  -3.624502682464336e-09  -5.383501341918311e-09
  7.300000000000005e-01  -9.786089070067649e-03  1.944856641300191e-02  -5.612169076982068e-02  1.034432370602217e-02  -1.632138964567729e-02  8.842404816533260e-04  -2.087988153962367e-09  -7.326061512363040e-09  -3.552865457134256e-09
  7.350000000000005e-01  -9.897989439893997e-03  1.722861735535937e-02  -6.894428590111568e-02  1.303081018568795e-02  -2.401568941542415e-02  -8.680440150894397e-04  -2.311715633781723e-09  -7.423324009277964e-09  -3.161527521652333e-09
  7.400000000000005e-01  -4.369673156277140e-03  3.736842876720640e-02  -5.076365708112400e-02  2.912888015631549e-02  -2.455976533756363e-02  4.183994153727698e-04  -3.660018826147132e-09  -1.041275137580304e-08  -5.375931797728490e-10
  7.450000000000006e-01  -1.461952312585612e-04  4.124550104285087e-02  -5.816844487705519e-02  3.307078555237169e-02  -3.108668851863852e-02  -1.151260078819009e-03  -4.063909219965211e-09  -1.127186799685901e-08  -3.745512046660359e-10
  7.500000000000006e-01  2.397699575730944e-03  5.243795801800227e-02  -4.010958733768871e-02  4.785036274306684e-02  -2.960869769906306e-02  -1.430508662817653e-04  -5.113887060656306e-09  -1.236097965759752e-08  2.846241562627121e-09
  7.550000000000006e-01  1.076845183405976e-02  6.218061604134784e-02  -3.952419693675457e-02  5.254392830271641e-02  -3.321218393338835e-02  -1.040764758053274e-03  -5.691558629060900e-09  -1.387580236164632e-08  2.657016240596972e-09
  7.600000000000006e-01  1.913884241366738e-02  7.195512031096489e-02  -3.856515660889095e-02  5.714861872935138e-02  -3.664579627389795e-02  -1.933236843574654e-03  -6.292908654930917e-09  -1.543289377861610e-08  2.371790988959709e-09
  7.650000000000006e-01  1.897041179195963e-02  7.196643372719964e-02  -1.907128196707253e-02  6.815949817154535e-02  -3.150274755198117e-02  -6.643546642204105e-04  -7.137540194094044e-09  -1.400083364665654e-08  5.654225348394549e-09
  7.700000000000006e-01  2.959627276382960e-02  8.485308090814550e-02  -9.524451994100210e-03  7.243292989509650e-02  -3.081539652910349e-02  -6.005191687693927e-04  -7.825561646984371e-09  -1.576929825133533e-08  5.054090151820371e-09
  7.750000000000006e-01  2.162539148173735e-02  6.562152130261767e-02  -1.875673394140712e-03  7.718187851463472e-02  -2.751903291094275e-02  2.509124389753462e-05  -8.399565047663222e-09  -1.095040694702405e-08  8.321127200324928e-09
  7.800000000000006e-01  3.156634196131642e-02  7.742143838530394e-02  1.512846245340131e-02  7.970809525884096e-02  -2.219683609366165e-02  1.051103136389890e-03  -9.036874361234905e-09  -1.234308183891021e-08  7.440932493325955e-09
  7.850000000000006e-01  4.094286354630157e-02  8.835118488524454e-02  3.150639321367516e-02  8.198671559217130e-02  -1.708371035662954e-02  1.993220756773874e-03  -9.635716581773368e-09  -1.360118179719631e-08  6.711233944415548e-09
  7.900000000000006e-01  2.344535697136259e-02  4.912734931200186e-02  3.114815026033148e-02  7.723066525447514e-02  -1.287938353462258e-02  2.854217230973261e-03  -9.890564303314641e-09  -5.297749681487993e-09  9.225973350807892e-09
  7.950000000000006e-01  2.840000507414306e-02  5.375420898737483e-02  5.129586973175898e-02  7.623760859383591e-02  -3.872868772314217e-03  4.351716921036842e-03  -1.022664655410616e-08  -5.468723310189606e-09  8.457475020172136e-09
  8.000000000000006e-01  6.316677742810289e-03  5.962475314887565e-03  3.814706406917714e-02  6.502888526119759e-02  -3.883303050713636e-03  4.710092806779053e-03  -1.034153380758287e-08  4.093186651893581e-09  9.974249948406716e-09
  8.050000000000006e-01  3.844695254051092e-03  4.507680740523477e-04  5.743702587920580e-02  5.977649835893785e-02  7.385025658617508e-03  6.097455725819785e-03  -1.026261036176902e-08  5.448282898989852e-09  9.323001206712482e-09
  8.100000000000006e-01  6.201459870974240e-04  -6.307887105255002e-03  7.538710929267514e-02  5.423067374444450e-02  1.822295185526966e-02  7.351809038791933e-03  -1.007586182740890e-08  7.058207730456023e-09  9.000534280399890e-09
  8.150000000000006e-01  -2.824868020657139e-02  -5.884426518507741e-02  5.226743050836322e-02  3.538593765691406e-02  1.595155883853371e-02  6.985965000427334e-03  -9.759061010245910e-09  1.669284879220090e-08  8.837654626779751e-09
  8.200000000000006e-01  -4.023629719432461e-02  -7.694774838886022e-02  6.413702735999907e-02  2.564178924931219e-02  2.663800666879669e-02  7.360169484005403e-03  -9.080048139765444e-09  1.988846769150988e-08  8.789151614546534e-09
  8.250000000000006e-01  -6.220577528787183e-02  -1.102440624420497e-01  4.058041058021441e-02  7.507429914110734e-03  2.197750080192077e-02  6.887213106088720e-03  -8.753826871856680e-09  2.554430259326492e-08  6.655672736620618e-09
  8.300000000000006e-01  -8.189062122051437e-02  -1.373850194737099e-01  4.220333734235684e-02  -5.013101704807774e-03  2.988686331273136e-02  5.773234060189552e-03  -7.680165909932738e-09  2.986333839992469e-08  6.924953095294519e-09
  8.350000000000006e-01  -9.295091154231601e-02  -1.437152731965709e-01  2.707048317356845e-02  -1.890013991713136e-02  2.556265289700253e-02  5.661865553656601e-03  -7.285520982795431e-09  2.991003543444901e-08  2.819185712114807e-09
  8.400000000000006e-01  -1.167650272570691e-01  -1.743581752204699e-01  1.617124374005805e-02  -3.148730683535364e-02  2.843306169710692e-02  2.870713574513939e-03  -6.053383458044311e-09  3.446969635094507e-08  3.389793659017673e-09
  8.450000000000006e-01  -1.402462542501586e-01  -2.046909135728519e-01  5.063883983389100e-03  -4.393857633953271e-02  3.139672657381817e-02  1.756868509288276e-04  -4.783871816280884e-09  3.903440609416128e-08  3.978352351106077e-09
  8.500000000000006e-01  -1.395560399067389e-01  -1.831828439603614e-01  -8.907122967846307e-03  -4.895684017081437e-02  2.251422528857484e-02  -1.037214914839190e-03  -4.272859305331992e-09  3.275826344343849e-08  -1.251146914693537e-09
  8.550000000000006e-01  -1.611209844374249e-01  -2.086800834216394e-01  -3.109112189123595e-02  -5.783208395423096e-02  1.951760624305680e-02  -4.846409004734082e-03  -3.239693999193618e-09  3.628144090979086e-08  -6.793247147701744e-10
  8.600000000000007e-01  -1.477599553869606e-01  -1.689197735787616e-01  -3.108482778391428e-02  -5.564215693707397e-02  1.181388327729009e-02  -5.872974254673381e-03  -2.203779854784075e-09  2.572055414519161e-08  -5.840506853785130e-09
  8.650000000000007e-01  -1.612739726162153e-01  -1.821780758506267e-01  -6.054870591302795e-02  -5.779179143994264e-02  3.106665142582084e-03  -9.739875748673091e-03  -1.706608663240475e-09  2.716378332497680e-08  -5.416427249366606e-09
  8.700000000000007e-01  -1.734293140183441e-01  -1.934548683290010e-01  -8.845337777726889e-02  -5.941243570995771e-02  -4.921092465395788e-03  -1.326929783246663e-02  -1.341222736757147e-09  2.824523066805864e-08  -5.441198693711962e-09
  8.750000000000007e-01  -1.412620083084032e-01  -1.396689780612243e-01  -8.177020078189408e-02  -4.734815670444553e-02  -1.665204981268658e-02  -1.436488911065400e-02  3.794705106600809e-10  1.473069807572647e-08  -8.724424893909930e-09
  8.800000000000007e-01  -1.399977072371943e-01  -1.331755353496812e-01  -1.098282095556572e-01  -4.047424883772351e-02  -2.838497593098420e-02  -1.641749361336789e-02  3.196188625852862e-12  1.296707019490029e-08  -9.164741303590362e-09
  8.850000000000007e-01  -1.035855917651321e-01  -9.865293215375316e-02  -9.560881558141168e-02  -3.442259688288925e-02  -3.784632462122673e-02  -1.916292511776695e-02  3.892918456793210e-09  2.987501582718951e-09  -9.248627504774994e-09
  8.900000000000007e-01  -8.665477725403936e-02  -7.371165277541282e-02  -1.163289321842109e-01  -1.982870239733033e-02  -5.021209115588502e-02  -1.831873033824108e-02  2.919446301763511e-09  -1.564415792958866e-09  -1.006430462697431e-08
  8.950000000000007e-01  -5.072533402102140e-02  -7.233619928316697e-02  -1.031434256870130e-01  -2.920433228144984e-02  -5.705284885715915e-02  -2.478060318018051e-02  9.780751109261697e-09  -4.485987788054415e-09  -6.373003692913295e-09
  9.000000000000007e-01  -1.954443411502007e-02  -3.283600957806841e-02  -1.095428617416355e-01  -1.032638189356419e-02  -6.626620961670063e-02  -2.010553291466803e-02  8.618643711453641e-09  -1.108981569656897e-08  -7.473725402108079e-09
  9.050000000000007e-01  1.252182273876905e-02  8.537333426338462e-03  -1.141645228862676e-01  8.768128434074398e-03  -7.512271177512003e-02  -1.525111723663425e-02  7.292428341102559e-09  -1.811892216444103e-08  -9.013829453814411e-09
  9.100000000000007e-01  5.629988152630330e-02  -1.747066541462451e-02  -9.089329943160487e-02  -2.339936866327528e-02  -7.146976271099170e-02  -2.284598834873581e-02  1.792271043475072e-08  -1.323548442010907e-08  -1.945475989503704e-09
  9.150000000000007e-01  9.663164100196853e-02  2.992622439552362e-02  -7.771005410230505e-02  -5.853704657161594e-03  -7.412057151874529e-02  -1.438676594459924e-02  1.707663950028012e-08  -2.085339117909390e-08  -3.346053026459952e-09
  9.200000000000007e-01  1.377949001212074e-01  -2.062005688282443e-02  -5.984424777425886e-02  -6.499488547168493e-02  -6.042550825463430e-02  -2.659262098702562e-02  3.078170206920472e-08  -8.452559195318679e-09  4.662694591278019e-09
  9.250000000000007e-01  1.776872788125018e-01  2.260443946747839e-02  -2.940584752132912e-02  -5.542369096503659e-02  -5.480771994894493e-02  -1.583388377638951e-02  3.104718302873686e-08  -1.502353915716480e-08  3.632625720252561e-09
  9.300000000000007e-01  2.167175735890391e-01  6.541055641854807e-02  4.411494689350398e-04  -4.628394003176882e-02  -4.995934619249340e-02  -5.357822279834812e-03  3.136829368259315e-08  -2.152759773474150e-08  2.891994391450208e-09
  9.350000000000007e-01  2.521649920233190e-01  5.695804512237767e-03  2.844527768039749e-02  -1.364573571100549e-01  -1.509132565095324e-02  -1.906581880152486e-02  4.772436467907261e-08  -4.038342841398551e-09  9.107535753105280e-09
  9.400000000000007e-01  2.796607436914714e-01  3.311101412439253e-02  6.834614479641349e-02  -1.409083018810793e-01  -2.665886434202977e-03  -8.986006234191201e-03  4.969801807449534e-08  -7.667976478075861e-09  9.321421327936088e-09
  9.450000000000007e-01  3.175994993767968e-01  5.676250338173048e-03  9.492712032438301e-02  -2.343695427571913e-01  4.356838195438366e-02  -2.134433483987581e-02  6.415339209656996e-08  6.485185892737042e-09  1.022265207974434e-08
  9.500000000000007e-01  3.238643201169352e-01  1.004332327126407e-02  1.342944056013181e-01  -2.550782485549624e-01  6.075804846388370e-02  -1.492492713679031e-02  6.782802531522231e-08  6.814713224036584e-09  1.146189743248838e-08
  9.550000000000007e-01  3.283746950002053e-01  1.223827479473722e-02  1.712799256900236e-01  -2.761606923013191e-01  7.651130071308650e-02  -8.967364607793573e-03  7.168190092123612e-08  7.704110869111611e-09  1.361843063631114e-08
  9.600000000000007e-01  3.482008652322355e-01  2.387312999076953e-02  1.943042062947851e-01  -3.614166919028839e-01  1.313794848155235e-01  -1.887487560029081e-02  8.125695830470207e-08  1.525380540372548e-08  7.477232836835439e-09
  9.650000000000007e-01  3.247196618487215e-01  -7.681074156391356e-04  2.174912571927667e-01  -3.972074669258567e-01  1.467289983025035e-01  -1.986886916077283e-02  8.637597254466976e-08  2.056773480648148e-08  1.070110379981644e-08
  9.700000000000008e-01  3.494144852093088e-01  8.925731466600077e-02  2.438427078169512e-01  -4.284356689868754e-01  1.955024233580175e-01  -1.555874474405762e-02  8.524074423323305e-08  1.280633967254147e-08  -2.315624877078773e-09
  9.750000000000008e-01  2.967169256109971e-01  4.023821653616637e-02  2.422416980233960e-01  -4.732777183105712e-01  2.041323240084812e-01  -2.593395286227667e-02  9.071941704234590e-08  2.189405042186895e-08  1.691166273776948e-09
  9.800000000000008e-01  3.201326596130448e-01  1.990074072166502e-01  2.748603958451896e-01  -4.284501015978424e-01  2.358013840570784e-01  -9.884860644011340e-04  7.599713732281623e-08  -1.478512702505550e-09  -1.493832360454951e-08
  9.850000000000008e-01  2.437113849087593e-01  1.339184324979526e-01  2.432433822324637e-01  -4.731077166971634e-01  2.318624167154752e-01  -2.143788556043671e-02  8.063934713849881e-08  9.847531470547934e-09  -1.048355524094778e-08
  9.900000000000008e-01  1.675432472029637e-01  6.809459089783952e-02  2.116258494321879e-01  -5.165498244603013e-01  2.280813888339011e-01  -4.158722193434128e-02  8.509550462612618e-08  2.149786711730908e-08  -5.810378454315445e-09
  9.950000000000008e-01  1.613846810442086e-01  2.542359053320253e-01  2.162727373534235e-01  -3.786579174580142e-01  2.141968770114281e-01  -3.625144061797704e-03  5.441851182418586e-08  -1.238311336725439e-08  -2.061015968794079e-08
  1.000000000000001e+00  1.165309949179440e-01  3.706661488893930e-01  2.011074434268240e-01  -2.461601999919288e-01  1.780804937058794e-01  2.497790696553940e-02  2.626370337939801e-08  -3.656423662735645e-08  -2.540919984574280e-08
  1.005000000000001e+00  3.450607479153064e-02  3.144904829676908e-01  1.379589708132479e-01  -2.639954894182704e-01  1.496985754248243e-01  -6.134826122162963e-03  2.639849993824620e-08  -2.738101394572539e-08  -2.196733832645889e-08
  1.010000000000000e+00  -4.560673261730389e-02  2.596321000923079e-01  7.756847088301716e-02  -2.800118410389858e-01  1.229167901652463e-01  -3.642736565909054e-02  2.609003543074152e-08  -1.845049423965123e-08  -1.922248377219927e-08
  1.015000000000000e+00  -1.060946023090402e-01  3.679951765795802e-01  4.580489543220605e-02  -6.735930428786474e-03  2.659926724296974e-02  2.750718911311592e-02  -2.384807674829975e-08  -4.767133492124614e-08  -1.474241200242402e-08
  1.020000000000000e+00  -1.622327277733507e-01  3.424171610922205e-01  -5.254824566179111e-03  6.670192581315382e-03  -9.114558524232151e-03  -1.166315672917331e-03  -2.820934063983271e-08  -4.385318456765957e-08  -1.377954215919359e-08
  1.025000000000000e+00  -2.666820268103971e-01  3.422145800916529e-01  -7.306568063882568e-02  2.933542776592739e-01  -1.393563283540929e-01  5.994914389279368e-02  -7.849934854379321e-08  -5.683245525432873e-08  5.960429266119618e-09
  1.030000000000000e+00  -2.756577490326921e-01  3.661444786032006e-01  -8.633415388136634e-02  3.421101559420916e-01  -1.736764847001529e-01  4.126117683683914e-02  -8.736157284342043e-08  -6.085344060123123e-08  4.359225912525108e-09
  1.035000000000000e+00  -2.828502587683852e-01  3.922047619907669e-01  -9.664802313088716e-02  3.918644258444861e-01  -2.062464492310892e-01  2.312871607999520e-02  -9.654822825930757e-08  -6.557151110314926e-08  1.781725835881969e-09
  1.040000000000000e+00  -3.842332772354748e-01  3.079297159651350e-01  -1.640938183225554e-01  6.748464303782395e-01  -3.429010861149065e-01  7.843849775715636e-02  -1.428042882860559e-07  -6.310033677756869e-08  3.269437848195441e-08
  1.045000000000000e+00  -3.277763782220911e-01  3.962729754504478e-01  -1.134770955065543e-01  7.595265521912948e-01  -3.624088407737541e-01  7.817543401801003e-02  -1.560740947089931e-07  -7.717276215543012e-08  2.731998030378659e-08
  1.050000000000000e+00  -4.804572819444793e-01  1.645709904851318e-01  -2.402021992037269e-01  9.490197417860659e-01  -4.863373586299061e-01  9.822981334016091e-02  -1.855818768539220e-07  -4.881293653906834e-08  6.416657614491318e-08
  1.054999999999999e+00  -3.530951592780713e-01  3.176487608407612e-01  -1.154621057437886e-01  1.062820334268501e+00  -4.805427763535097e-01  1.225272745861752e-01  -2.020237494513442e-07  -7.213066972648792e-08  5.576474415154807e-08
  1.059999999999999e+00  -2.276315959164769e-01  4.692928734609323e-01  6.877283553731834e-03  1.175036075835380e+00  -4.754709869780017e-01  1.458778321742688e-01  -2.180410134386070e-07  -9.567204215317963e-08  4.756591511527721e-08
  1.064999999999999e+00  -3.510435016955695e-01  1.885792899330687e-01  -1.030886287322610e-01  1.249567599505699e+00  -5.241171601908449e-01  1.436062092329329e-01  -2.266474847170244e-07  -5.511028569436212e-08  7.564482993058269e-08
  1.069999999999999e+00  -1.632354206267549e-01  3.910709099863449e-01  8.370113634305620e-02  1.378220730643783e+00  -4.875057317768602e-01  1.939322488572529e-01  -2.439385207534696e-07  -8.537382162670247e-08  6.553788221043349e-08
  1.074999999999999e+00  -3.090300092954136e-01  7.467195362852973e-02  -6.891593165434309e-02  1.291067961374824e+00  -4.619034950211900e-01  1.353204412714219e-01  -2.262030200853207e-07  -3.756097999956569e-08  7.351981976410297e-08
  1.079999999999999e+00  -8.155858460408708e-02  3.001297989010309e-01  1.515615932425405e-01  1.420002402259962e+00  -3.939717645618098e-01  2.106597411902505e-01  -2.428242848523894e-07  -7.034795409261656e-08  6.240268612226621e-08
  1.084999999999999e+00  -2.138017289992702e-01  5.620839506524640e-02  2.995258938949472e-03  1.190030798919004e+00  -2.767085912362498e-01  1.014864559712323e-01  -2.021944763127427e-07  -3.445443670492606e-08  3.793606483530589e-08
  1.089999999999999e+00  1.567711036048564e-02  2.616968351720750e-01  2.032639016403397e-01  1.300105102654339e+00  -1.880044397367663e-01  1.934412046924272e-01  -2.158621563818216e-07  -6.381906057253546e-08  2.744117659394724e-08
  1.094999999999999e+00  2.379452068720498e-01  4.579185450923145e-01  3.921451564573761e-01  1.405416369502434e+00  -1.039636322848321e-01  2.821209220577186e-01  -2.280084318869874e-07  -9.172326392880475e-08  1.912100435735632e-08
  1.099999999999999e+00  1.272969770149843e-01  3.350311597095115e-01  2.450536529310934e-01  1.050811106887787e+00  1.170798608691407e-01  1.497236625659073e-01  -1.692177258148680e-07  -7.791318853720159e-08  -4.358800604538480e-08
  1.104999999999998e+00  3.037276597406651e-01  4.568093504190818e-01  3.449486746836606e-01  1.117263720811806e+00  2.017075271440723e-01  2.402308972817627e-01  -1.759606960446028e-07  -9.507088914839796e-08  -4.918861584507346e-08
  1.109999999999998e+00  2.497488944787409e-01  5.485030523043014e-01  2.916908923235141e-01  7.276907261212451e-01  4.860791139482944e-01  9.564374072292034e-02  -1.123548844782377e-07  -1.181646155694430e-07  -1.450071420058559e-07
  1.114999999999998e+00  3.307637875833724e-01  5.411167632387469e-01  2.355242362304776e-01  7.374934148068124e-01  5.451393088531921e-01  1.691083974783285e-01  -1.115041567145120e-07  -1.177832050640721e-07  -1.455811961036197e-07
  1.119999999999998e+00  4.071011349903899e-01  5.248914249873752e-01  1.727694675952897e-01  7.428887208128951e-01  6.021410195295641e-01  2.402133707129377e-01  -1.094990205469927e-07  -1.157696396265366e-07  -1.455614601180630e-07
  1.124999999999998e+00  3.167849003301118e-01  6.968786429938491e-01  9.212478443453963e-02  3.337874288776808e-01  8.692145443209877e-01  8.748420330205146e-02  -4.516357018217507e-08  -1.558567108517766e-07  -2.528875253307681e-07
  1.129999999999998e+00  2.591425006281363e-01  5.089138604205731e-01  -1.695907954666404e-01  2.701071830090154e-01  8.767559452362222e-01  1.226368010856398e-01  -3.434176568345428e-08  -1.313712140012272e-07  -2.472030126592364e-07
  1.134999999999998e+00  2.605026409244409e-01  8.609079978919583e-01  -5.932018682500396e-02  -3.420586008373833e-02  1.107557142131368e+00  1.567166083561037e-02  1.434110658109002e-08  -1.942297258620648e-07  -3.446442100845274e-07
  1.139999999999998e+00  4.557404082297532e-02  4.783317749505043e-01  -5.317826652987174e-01  -1.732387286624475e-01  1.045641175832291e+00  -2.278089875565510e-03  3.489463282458132e-08  -1.448663241296216e-07  -3.317316961318434e-07
  1.144999999999998e+00  -1.648798944822044e-01  9.637644047645855e-02  -9.953054047857178e-01  -3.137820774460776e-01  9.889785291155779e-01  -1.888914752516498e-02  5.507571559174571e-08  -9.544658868957095e-08  -3.222361187174777e-07
  1.149999999999997e+00  -2.101832350101176e-01  3.563185049996888e-01  -8.594303847998849e-01  -5.434075004778179e-01  1.054299844944791e+00  -1.125690731813815e-01  9.270388703065013e-08  -1.356320288921429e-07  -3.687710946370142e-07
  1.154999999999997e+00  -5.705305837457397e-01  -2.053137966337234e-01  -1.489093902638973e+00  -7.554968995100542e-01  9.251637685375370e-01  -1.903349994420450e-01  1.216742243654027e-07  -6.386133700536882e-08  -3.535148979701673e-07
  1.159999999999997e+00  -4.814542242302505e-01  4.519564081548149e-02  -1.122346013697250e+00  -8.304584634949751e-01  8.630589495159836e-01  -1.935599055280564e-01  1.388326751371493e-07  -7.934483554690761e-08  -3.303785417947075e-07
  1.164999999999997e+00  -9.596978937258493e-01  -6.494086835301462e-01  -1.832872904778408e+00  -1.102156157328212e+00  6.717149314331229e-01  -3.326466333581601e-01  1.753283354623395e-07  8.964403503638623e-09  -3.098974051440377e-07
  1.169999999999997e+00  -7.417794990108919e-01  -5.502375653691873e-01  -1.323385953964723e+00  -1.059688975155811e+00  4.556471953342799e-01  -2.423244805038059e-01  1.781133018629556e-07  4.539988503910313e-08  -1.983221399675540e-07
  1.174999999999997e+00  -1.277293415537919e+00  -1.293861243197649e+00  -1.987297541554252e+00  -1.369568336266162e+00  2.315902616864915e-01  -4.310316500813912e-01  2.195635993615769e-07  1.402122150885686e-07  -1.750309343990601e-07
  1.179999999999997e+00  -1.794961522679999e+00  -2.016176301350510e+00  -2.620983071101621e+00  -1.675532449967274e+00  2.109318888156526e-02  -6.120140645447241e-01  2.583276305939077e-07  2.315111012247303e-07  -1.585715682919332e-07
  1.184999999999997e+00  -1.477346871047497e+00  -2.172682349812325e+00  -1.959676111384735e+00  -1.600692261292914e+00  -3.636896902865316e-01  -4.837269344583495e-01  2.611874603161129e-07  3.375805856590836e-07  5.089636133555848e-08
  1.189999999999997e+00  -1.969408189587379e+00  -2.826523121446043e+00  -2.395158983537136e+00  -1.914068679080318e+00  -5.616810190633064e-01  -6.901913627114199e-01  3.009257207160959e-07  4.214512282197235e-07  6.699833562907594e-08
  1.194999999999997e+00  -1.529509411448353e+00  -3.275045846069506e+00  -1.795656516500787e+00  -1.848572907176002e+00  -1.053085612764731e+00  -5.013003334888473e-01  3.074339016823681e-07  5.936792709581875e-07  3.474318818411679e-07
  1.199999999999996e+00  -1.905937032338652e+00  -3.733953102174340e+00  -1.889974686004071e+00  -2.134199318486167e+00  -1.185441975930919e+00  -7.023291785876358e-01  3.436572685938353e-07  6.554462748941971e-07  3.584260065403465e-07
  1.204999999999996e+00  -2.266162126029309e+00  -4.166108764719386e+00  -1.962368905031512e+00  -2.412647497937283e+00  -1.309884172428120e+00  -8.955492788845276e-01  3.772464999652506e-07  7.132325516604549e-07  3.672055127391384e-07
  1.209999999999996e+00  -1.598308683058490e+00  -4.671252863079700e+00  -1.201781135346651e+00  -2.375397670498387e+00  -1.762834110410342e+00  -6.632352111194931e-01  3.903935998849966e-07  9.083723517218360e-07  6.738443419652285e-07
  1.214999999999996e+00  -1.764527902876285e+00  -4.791273963009355e+00  -8.374235873786855e-01  -2.588183133573247e+00  -1.776137664168773e+00  -8.183045089701578e-01  4.161858509812208e-07  9.308212496973977e-07  6.760924311966029e-07
  1.219999999999996e+00  -1.074478972375178e+00  -5.523556396506907e+00  -4.429048295817190e-01  -2.649955846195815e+00  -2.197251414162948e+00  -5.946851516331765e-01  4.402061116347291e-07  1.139852772849229e-06  9.564710836328445e-07
  1.224999999999996e+00  -9.867086338894209e-01  -5.242460987590862e+00  3.971701372392976e-01  -2.762643399672700e+00  -2.062908155998268e+00  -6.809696910304409e-01  4.535967551941825e-07  1.116276699698331e-06  9.474800610130117e-07
  1.229999999999996e+00  -3.897903402276233e-01  -6.128980557671891e+00  2.943318100596385e-01  -2.930431952031798e+00  -2.393167510501220e+00  -5.178683878131010e-01  4.863101011247456e-07  1.298684054717391e-06  1.143308324927831e-06
  1.234999999999996e+00  -2.361861006700592e-02  -5.406870297541012e+00  1.565985816861442e+00  -2.916190057640952e+00  -2.098612202891601e+00  -5.134771418246455e-01  4.835081730931352e-07  1.223458982966890e-06  1.119523374421168e-06
  1.239999999999996e+00  3.347722790876309e-01  -4.678122348250651e+00  2.810585468724022e+00  -2.892787385513711e+00  -1.819562162881751e+00  -5.102749580524730e-01  4.810673027214377e-07  1.148870412104371e-06  1.107697305335687e-06
  1.244999999999995e+00  1.009140757858037e+00  -5.149768497571176e+00  2.536559491359656e+00  -2.992290716650180e+00  -1.833321812810938e+00  -3.430044242749989e-01  4.956209215137676e-07  1.204707365282108e-06  1.137195438566332e-06
  1.249999999999995e+00  1.616100663155304e+00  -4.015117497212922e+00  4.059583797212512e+00  -2.826988527758021e+00  -1.421091977534894e+00  -2.452420218030066e-01  4.758910781640394e-07  1.081700699253518e-06  1.113424622990983e-06
  1.254999999999995e+00  1.992215700017244e+00  -4.325942572881805e+00  3.249464147063177e+00  -2.907254596686585e+00  -1.247905121749696e+00  -1.871439008532609e-01  4.775781927521745e-07  1.019641629892250e-06  9.642425868813616e-07
  1.259999999999995e+00  2.783640966497726e+00  -2.877442789919805e+00  4.842161122532010e+00  -2.600747609002417e+00  -7.528126385837433e-01  -2.468141922864920e-03  4.402728800859317e-07  8.565022846442870e-07  9.295658407521977e-07
  1.264999999999995e+00  3.549741582359832e+00  -1.444747571200905e+00  6.379861485388474e+00  -2.286456350093129e+00  -2.850830513322288e-01  1.733791178952787e-01  4.053747142629137e-07  6.979348652316632e-07  9.116285979843863e-07
  1.269999999999995e+00  3.696493881319971e+00  -1.190930403528770e+00  5.131474219948847e+00  -2.138854229110803e+00  1.385667274858406e-01  1.985733694790564e-01  3.653542221477445e-07  4.560937583693937e-07  5.522322206467765e-07
  1.274999999999995e+00  4.541510767631840e+00  3.952379856337480e-01  6.476085737321083e+00  -1.701400546474962e+00  6.099022731839983e-01  4.362836546560673e-01  3.152255226447125e-07  2.733498692465221e-07  5.269936202812327e-07
  1.279999999999995e+00  4.257244741542735e+00  1.094064006716427e+00  5.002587461121127e+00  -1.381180679720836e+00  1.174103148267703e+00  3.539091181880309e-01  2.465982878430377e-07  -1.139542072319564e-07  1.147717100247376e-08
  1.284999999999995e+00  5.061948356731514e+00  2.643448385471614e+00  5.900527395067883e+00  -8.534557742188343e-01  1.559947047161274e+00  6.220806905922952e-01  1.849347780860130e-07  -3.016731221598739e-07  -1.560817640345748e-08
  1.289999999999994e+00  5.836077893973330e+00  4.161609875166094e+00  6.746252236330561e+00  -3.223127095234600e-01  1.921326522660215e+00  8.783392367160404e-01  1.259481527795923e-07  -4.835932968977821e-07  -3.184558995912531e-08
  1.294999999999994e+00  5.064195645828883e+00  5.280794708345544e+00  4.836250593878900e+00  2.696083806562931e-01  2.458823436209896e+00  7.354532625037270e-01  1.800168073252993e-08  -9.920196830329514e-07  -6.510003763451100e-07
  1.299999999999994e+00  5.681871661076267e+00  6.557496400159069e+00  5.036296732041023e+00  8.443649858078937e-01  2.652708469188633e+00  9.877142460899143e-01  -4.797931212282274e-08  -1.158254617261895e-06  -6.676274353899246e-07
  1.304999999999994e+00  4.572117912598941e+00  8.230359363013612e+00  3.523076020315278e+00  1.634007990280010e+00  3.198605853887356e+00  7.944849740816136e-01  -1.760149725805981e-07  -1.738349579975892e-06  -1.290977675009636e-06
  1.309999999999994e+00  4.935075001507903e+00  9.081448060843744e+00  2.956929689399320e+00  2.201159082517239e+00  3.157005563329589e+00  1.012807548353382e+00  -2.431151910281338e-07  -1.868189937547013e-06  -1.300412824664537e-06
  1.314999999999994e+00  3.665824471175338e+00  1.132946407117367e+01  2.190623493451975e+00  3.155589719765935e+00  3.680623905162281e+00  8.224295791911076e-01  -3.827614565456185e-07  -2.461409356535367e-06  -1.837937844913016e-06
  1.319999999999994e+00  3.711495896022349e+00  1.161503504808007e+01  8.484289318593953e-01  3.664338732466122e+00  3.366791465704708e+00  9.866896732080725e-01  -4.449992350880000e-07  -2.536950217659586e-06  -1.832289499612581e-06
  1.324999999999994e+00  3.751535888926968e+00  1.187568411869989e+01  -4.792801790514409e-01  4.166459189455146e+00  3.059792367794476e+00  1.146640181669951e+00  -5.078404666368890e-07  -2.612166179393003e-06  -1.840397163375639e-06
  1.329999999999994e+00  2.172953227581040e+00  1.396148075418198e+01  -1.007420326351369e+00  5.112398169651391e+00  3.244772832794454e+00  9.435999650153578e-01  -6.378279322900667e-07  -3.079043652152780e-06  -2.174060046729149e-06
  1.334999999999994e+00  1.895034522902308e+00  1.359226218913031e+01  -2.966036451047157e+00  5.508332338576699e+00  2.683840803793899e+00  1.048190589442997e+00  -6.919311397412650e-07  -3.090100377583267e-06  -2.169275232195214e-06
  1.339999999999993e+00  4.962411891137928e-01  1.584367902633848e+01  -2.443883137995533e+00  6.400919599957085e+00  2.786695486503757e+00  9.102428720141608e-01  -8.073867117844825e-07  -3.410868029138820e-06  -2.260542324054162e-06
  1.344999999999993e+00  -6.477574749783137e-02  1.484913809807919e+01  -4.809713262167721e+00  6.657735830763379e+00  2.020139953005950e+00  9.681849951532150e-01  -8.487360466075240e-07  -3.351545514963048e-06  -2.238335423119227e-06
  1.349999999999993e+00  -6.085249331316979e-01  1.384067370571275e+01  -7.109903745151346e+00  6.899260625083603e+00  1.283630428658900e+00  1.029598723837119e+00  -8.923641036943651e-07  -3.296379135460714e-06  -2.243451691793487e-06
  1.354999999999993e+00  -1.920268438298583e+00  1.538783652560341e+01  -5.902807145449258e+00  7.483199824546271e+00  1.135157299688067e+00  9.318809273193462e-01  -9.700504935535567e-07  -3.334023030524677e-06  -2.021697359816078e-06
  1.359999999999993e+00  -2.659700144275019e+00  1.384034345951256e+01  -8.286356635659741e+00  7.562961177785751e+00  2.881060193830056e-01  9.692648744491761e-01  -9.984883870191285e-07  -3.210646836536447e-06  -2.011261711245242e-06
  1.364999999999993e+00  -3.508201682230830e+00  1.492476860824782e+01  -6.305417177816735e+00  7.875623494122890e+00  1.129478452273503e-01  9.464103835895902e-01  -1.053714174192798e-06  -3.000046308626176e-06  -1.534876008920825e-06
  1.369999999999993e+00  -4.342152701144268e+00  1.297696769956272e+01  -8.446849813591415e+00  7.789202594787869e+00  -7.357583904468143e-01  9.814627730266358e-01  -1.065434883895560e-06  -2.814803304437806e-06  -1.509048119611456e-06
  1.374999999999993e+00  -4.724108619944983e+00  1.319999055424179e+01  -6.207386490381628e+00  7.767615621761663e+00  -9.563693285917620e-01  1.003627323863653e+00  -1.103483403077682e-06  -2.343933071401378e-06  -8.320678135013903e-07
  1.379999999999993e+00  -5.542463342226262e+00  1.103042000240804e+01  -7.800989028570728e+00  7.522785304287416e+00  -1.688689267735775e+00  1.052805602127174e+00  -1.098321383843683e-06  -2.108803279241078e-06  -7.955094506817594e-07
  1.384999999999992e+00  -6.333038588843716e+00  8.851239118496652e+00  -9.314468886455311e+00  7.251754754479154e+00  -2.384570448161529e+00  1.106895854351052e+00  -1.091865938721556e-06  -1.877196682121982e-06  -7.798137332239578e-07
  1.389999999999992e+00  -6.228369456840186e+00  7.828934883363984e+00  -6.672597830751529e+00  6.758835918529470e+00  -2.494065385523997e+00  1.152963849803580e+00  -1.105912222373000e-06  -1.125162667549689e-06  4.178618166976282e-08
  1.394999999999992e+00  -6.911223863677987e+00  5.614990925756488e+00  -7.417893425603909e+00  6.342811000190349e+00  -2.971399663128760e+00  1.220669354040876e+00  -1.080320452321941e-06  -8.568713568438521e-07  6.924805437404777e-08
  1.399999999999992e+00  -6.439751411746935e+00  3.293915863090495e+00  -5.417613332769237e+00  5.545118113001835e+00  -3.105766853031351e+00  1.244586188420506e+00  -1.097306121832041e-06  7.457917079326472e-08  9.010827442856240e-07
  1.404999999999992e+00  -6.947332019790360e+00  1.222898818817479e+00  -5.273815091539204e+00  5.005397267431451e+00  -3.286224635283073e+00  1.306669169799191e+00  -1.052978884329467e-06  3.617601762409936e-07  9.318684496470605e-07
  1.409999999999992e+00  -7.444061609534075e+00  -8.639987917452547e-01  -5.102940708708237e+00  4.438276872837081e+00  -3.450392723736980e+00  1.365515531992861e+00  -1.001789340271822e-06  6.515469936997044e-07  9.642572423141064e-07
  1.414999999999992e+00  -6.569431046641822e+00  -4.306063121982148e+00  -3.310823928526128e+00  3.332778049379924e+00  -3.353178023604777e+00  1.308642427967696e+00  -1.015208155484392e-06  1.693934939162147e-06  1.706500041439429e-06
  1.419999999999992e+00  -6.872772959656895e+00  -6.106789770311731e+00  -2.288130083470934e+00  2.665646631846660e+00  -3.192531053669495e+00  1.316670132878258e+00  -9.431135848939614e-07  1.987074530832785e-06  1.744691301741629e-06
  1.424999999999992e+00  -5.936482659764422e+00  -1.081823391914467e+01  -1.847583865675426e+00  1.442773003802492e+00  -3.231819474698612e+00  1.182338713137657e+00  -9.643733096312592e-07  3.044320072616822e-06  2.310563957265488e-06
  1.429999999999992e+00  -6.050432158320476e+00  -1.222122975810724e+01  -9.557806824554732e-02  7.000079328515472e-01  -2.749785745235477e+00  1.082413288377315e+00  -8.724951127142334e-07  3.320153090434171e-06  2.343663467511945e-06
  1.434999999999991e+00  -6.174136977414711e+00  -1.363295463718981e+01  1.614510234214038e+00  -6.108651575760787e-02  -2.275725485025008e+00  9.730385276936796e-01  -7.705162770477057e-07  3.604423136518005e-06  2.402601113635909e-06
  1.439999999999991e+00  -5.159303477264780e+00  -1.894328743708288e+01  1.225911289640506e+00  -1.337932551003621e+00  -2.242614409389592e+00  6.297810996369679e-01  -7.769440689891653e-07  4.553981341178431e-06  2.708766292072200e-06
  1.444999999999991e+00  -5.135687231545525e+00  -1.987802310514757e+01  3.414258130755827e+00  -2.142797950103542e+00  -1.501349259216847e+00  3.478733714280676e-01  -6.569659668486395e-07  4.801548430248050e-06  2.761191600328437e-06
  1.449999999999991e+00  -4.336587110182215e+00  -2.585963527004628e+01  1.636674759134804e+00  -3.346087911777765e+00  -1.786833843014730e+00  -4.329413252397882e-02  -6.326710864384743e-07  5.599202110427979e-06  2.823688089200097e-06
  1.454999999999991e+00  -4.206177975324867e+00  -2.626714221667331e+01  4.040449130171872e+00  -4.165106277773629e+00  -8.505518201795250e-01  -5.501500738543500e-01  -4.986328596605910e-07  5.787076430176042e-06  2.857936031692887e-06
  1.459999999999991e+00  -3.648181085107211e+00  -3.241987310540116e+01  1.293570152185201e+00  -5.257160104602727e+00  -1.471924745609127e+00  -9.123654172216031e-01  -4.076345827127353e-07  6.378713627814187e-06  2.705463836299394e-06
  1.464999999999991e+00  -3.450131468188660e+00  -3.226930663876048e+01  3.641925986736324e+00  -6.056421820580439e+00  -4.301522089345272e-01  -1.671641302924155e+00  -2.644844994068020e-07  6.484790097100184e-06  2.712957200944805e-06
  1.469999999999991e+00  -3.267759899776740e+00  -3.207041439843830e+01  5.885117008498218e+00  -6.838290937008381e+00  5.864542293713714e-01  -2.430071907144585e+00  -1.198492373713036e-07  6.596590545144492e-06  2.758596120795628e-06
  1.474999999999991e+00  -2.838094633303577e+00  -3.724133264402922e+01  2.555026508850533e+00  -7.785746018027624e+00  -2.881118602128753e-01  -2.935377156745302e+00  7.895863104495654e-08  6.833467452627831e-06  2.372549948568384e-06
  1.479999999999990e+00  -2.607445503156660e+00  -3.643743546979412e+01  4.498503855117695e+00  -8.491938283454894e+00  7.407986041681630e-01  -3.925772510136411e+00  2.198572017430280e-07  6.839068115207766e-06  2.382569533686975e-06
  1.484999999999990e+00  -2.253091963057162e+00  -4.047576473214998e+01  1.229069446002624e+00  -9.357997717294939e+00  -4.039370802741606e-01  -4.243536598529601e+00  5.597511045077198e-07  6.786382077537225e-06  1.895891411177819e-06
  1.489999999999990e+00  -1.974846869902321e+00  -3.904869310616932e+01  2.709697392942156e+00  -9.940648894594341e+00  5.582041114778500e-01  -5.402153128137608e+00  6.879600870173341e-07  6.668970907689761e-06  1.866946047880525e-06
  1.494999999999990e+00  -1.684862588031683e+00  -3.750510779402697e+01  4.114380669013846e+00  -1.047189873474719e+01  1.503856766479225e+00  -6.537137483071048e+00  8.028646639257301e-07  6.544850890041119e-06  1.860344783154570e-06
  1.499999999999990e+00  -1.171503720136383e+00  -3.921154390288184e+01  1.071150446289544e+00  -1.120618553041536e+01  1.467128780843510e-01  -6.709416557533440e+00  1.297316418807307e-06  6.059704223865144e-06  1.275549733533482e-06
  1.504999999999990e+00  -8.022530170254365e-01  -3.701338495581566e+01  1.949014399248570e+00  -1.154777547370152e+01  9.691619059528201e-01  -7.887518619712158e+00  1.382258400879041e-06  5.796296860447519e-06  1.220647224943583e-06
  1.509999999999990e+00  2.333237237557287e-02  -3.631806524026775e+01  8.156947915603759e-02  -1.230944579765400e+01  -3.234251302603156e-01  -7.713683104794621e+00  2.037947669019113e-06  4.998517322682658e-06  6.582702130482968e-07
  1.514999999999990e+00  4.983899765766706e-01  -3.348897423327588e+01  4.328369699445248e-01  -1.241409543406992e+01  3.389862705728703e-01  -8.778658336019481e+00  2.084117621928487e-06  4.597353893904474e-06  5.617341873076191e-07
  1.519999999999990e+00  1.807299521813178e+00  -2.992657294500110e+01  1.114625144362265e-01  -1.324376349927226e+01  -6.439396225082733e-01  -8.309737271924874e+00  2.870996114713735e-06  3.486850131338954e-06  4.267358481651534e-08
  1.524999999999989e+00  2.406566228285510e+00  -2.653545285952357e+01  -9.575448910314966e-03  -1.307384771538742e+01  -1.596485588599309e-01  -9.080933144772272e+00  2.871075139598673e-06  2.963200047520840e-06  -8.251628257426232e-08
  1.529999999999989e+00  3.055940331630422e+00  -2.298776590327899e+01  -1.107565467519257e-01  -1.282265850200840e+01  3.195553987571890e-01  -9.803150552875470e+00  2.840410843453822e-06  2.414524833508437e-06  -2.246951984626999e-07
  1.534999999999989e+00  5.027998479183014e+00  -1.601618308031130e+01  8.442515743879130e-01  -1.348672109841216e+01  -2.984790350400026e-01  -8.720705209981395e+00  3.675462175315264e-06  9.273336735891093e-07  -7.037974972851085e-07
  1.539999999999989e+00  5.802720981148413e+00  -1.205127892561867e+01  3.901137370845954e-01  -1.294075002667494e+01  -3.353814307881509e-03  -8.966805823256864e+00  3.593089985278115e-06  2.838255036409152e-07  -8.679206101416282e-07
  1.544999999999989e+00  8.349930945925257e+00  -2.111613072550429e+00  2.997229790210924e+00  -1.355511608809501e+01  1.158732560480956e-01  -7.681028038688824e+00  4.402794707935129e-06  -1.453469171844989e-06  -1.315131107660094e-06
  1.549999999999989e+00  9.202711887934441e+00  2.046669192544017e+00  2.267036861675948e+00  -1.272387609784740e+01  2.197819209504196e-01  -7.303057529577892e+00  4.270253507687788e-06  -2.144304189350707e-06  -1.477369359599762e-06
  1.554999999999989e+00  1.008967034913323e+01  6.282678580679841e+00  1.604402801459830e+00  -1.182929994429306e+01  3.098724909605671e-01  -6.888194121951910e+00  4.112081846353860e-06  -2.858002315869161e-06  -1.674450302889551e-06
  1.559999999999989e+00  1.305813655680715e+01  1.868807340892194e+01  5.280845900977746e+00  -1.204670597932501e+01  1.106944130338781e+00  -4.898482154708615e+00  4.762793375309917e-06  -4.771641582441635e-06  -2.074884964181074e-06
  1.564999999999989e+00  1.392030180662403e+01  2.276045150676711e+01  4.410469115746942e+00  -1.092102195382804e+01  9.853627659618922e-01  -3.779788785293591e+00  4.567557282917392e-06  -5.467748239843660e-06  -2.248279056079644e-06
  1.569999999999989e+00  1.702822956102073e+01  3.690018648788194e+01  9.006544569252561e+00  -1.074613620601524e+01  2.675306029517823e+00  -1.897483950313485e+00  4.957374432919933e-06  -7.467737165002010e-06  -2.681459796454605e-06
  1.574999999999988e+00  1.773156966684984e+01  4.042843027548555e+01  7.919422199207897e+00  -9.459316300565654e+00  2.309456984370654e+00  -6.665665746617926e-02  4.736904588727692e-06  -8.076266759278621e-06  -2.802600563845216e-06
  1.579999999999988e+00  1.841371072551536e+01  4.387308405741779e+01  6.903693829038822e+00  -8.160168884561195e+00  1.910280390763452e+00  1.761558914503512e+00  4.512639974639416e-06  -8.689664537674066e-06  -2.959554611024518e-06
  1.584999999999988e+00  2.103744713335539e+01  5.795434987341056e+01  1.153206884904873e+01  -7.294958245368545e+00  4.170627132048773e+00  3.980323792941928e+00  4.520781199916148e-06  -1.051849515082105e-05  -3.345805544942349e-06
  1.589999999999988e+00  2.138194866198045e+01  6.036891653151411e+01  1.025278563099642e+01  -5.954009066263557e+00  3.475836595406293e+00  6.416813734118406e+00  4.299285082671699e-06  -1.096325840827146e-05  -3.421875377211703e-06
  1.594999999999988e+00  2.328784134196776e+01  7.379005555589791e+01  1.460507616193128e+01  -4.303648861673960e+00  6.347932755882764e+00  8.071691292148186e+00  3.848445317449256e-06  -1.260224153524512e-05  -3.860055623184802e-06
  1.599999999999988e+00  2.314713553329364e+01  7.478268504140186e+01  1.297737344287982e+01  -3.022807805518003e+00  5.302098967156074e+00  1.094141016490188e+01  3.644884340228270e-06  -1.281611037450796e-05  -3.834711225357903e-06
  1.604999999999988e+00  2.391953900002043e+01  8.627069274384938e+01  1.651608914014589e+01  -4.296502396701740e-01  8.528333339545805e+00  1.192557831858180e+01  2.692705322369651e-06  -1.411566834578325e-05  -4.293143260793630e-06
  1.609999999999988e+00  2.318916135704384e+01  8.553152483178675e+01  1.446712117027246e+01  6.954555140658810e-01  7.081060660464807e+00  1.497672698913617e+01  2.519735772300543e-06  -1.405471787170456e-05  -4.156256370768102e-06
  1.614999999999988e+00  2.235428258430152e+01  8.447977464624786e+01  1.246547212681131e+01  1.737554776553008e+00  5.598349034836373e+00  1.795357432085596e+01  2.387867587351834e-06  -1.396112400715888e-05  -4.033966046970051e-06
  1.619999999999987e+00  2.106652962369732e+01  9.110894048636395e+01  1.423027364004254e+01  5.170527938452809e+00  8.456934951679234e+00  1.821362339307882e+01  9.467569442435941e-07  -1.448634720887242e-05  -4.312317745154858e-06
  1.624999999999987e+00  1.959944938464893e+01  8.811980625520304e+01  1.178571546264422e+01  5.955230749260744e+00  6.559434196014742e+00  2.104887754563744e+01  8.660343321733368e-07  -1.409037731455553e-05  -4.072497473223901e-06
  1.629999999999987e+00  1.647325196047996e+01  9.022836261461909e+01  1.192815584695859e+01  1.025299440282548e+01  9.062002711161220e+00  2.041047246044630e+01  -9.946855033023872e-07  -1.393786171015747e-05  -4.203911413236989e-06
  1.634999999999987e+00  1.445414278201844e+01  8.534831825532525e+01  9.117642634383261e+00  1.074320545284549e+01  6.774039676040817e+00  2.278403659074981e+01  -1.024171964735744e-06  -1.325512586525590e-05  -3.863192653981923e-06
  1.639999999999987e+00  1.232866919216162e+01  8.013012963057670e+01  6.342021794145699e+00  1.111466255169369e+01  4.485454224638739e+00  2.506019866308739e+01  -9.957960942955684e-07  -1.252756481646429e-05  -3.519719669323925e-06
  1.644999999999987e+00  6.913056915962883e+00  7.547401051752504e+01  4.419487343573521e+00  1.586597642889201e+01  5.965829387365283e+00  2.301183820088513e+01  -3.157004172652986e-06  -1.135868300619963e-05  -3.312452102849342e-06
  1.649999999999987e+00  4.445652806703514e+00  6.867148256403402e+01  1.482532085653211e+00  1.594173962542623e+01  3.399881742239288e+00  2.452279628553623e+01  -3.082584205717309e-06  -1.039370350538294e-05  -2.892927238528188e-06
  1.654999999999987e+00  -2.799985131606349e+00  5.832727603264865e+01  -2.162980234889507e+00  2.097672336336815e+01  3.935563296498249e+00  2.169634625102048e+01  -5.364774707022639e-06  -8.371094558087463e-06  -2.338257845529758e-06
  1.659999999999987e+00  -5.297266693606547e+00  5.046833315646353e+01  -4.924790671301235e+00  2.081444507843009e+01  1.257625026357673e+00  2.220330550200281e+01  -5.261523363459279e-06  -7.252533793725343e-06  -1.888085954507761e-06
  1.664999999999986e+00  -7.832016395859081e+00  4.241494712814597e+01  -7.634934908037376e+00  2.054678194992389e+01  -1.358455793974490e+00  2.263129111137026e+01  -5.108385718891611e-06  -6.100306791151934e-06  -1.424582504019849e-06
  1.669999999999986e+00  -1.635521618780140e+01  2.615090012566716e+01  -1.245431268676873e+01  2.533891010584965e+01  -1.958526871162258e+00  1.825509186400962e+01  -7.343453130584479e-06  -3.186145667440204e-06  -4.676263420661306e-07
  1.674999999999986e+00  -1.848986432512493e+01  1.785920264838662e+01  -1.454090932061201e+01  2.494400886150649e+01  -4.421847894324058e+00  1.754291981240716e+01  -7.194168173534234e-06  -1.998578106460375e-06  -2.514238546575216e-08
  1.679999999999986e+00  -2.797672229322021e+01  -3.041315727835979e+00  -2.057067884582903e+01  2.907653459433521e+01  -6.149418501068301e+00  1.294046956073530e+01  -9.132359806063550e-06  1.629926045627301e-06  1.353543278244439e-06
  1.684999999999986e+00  -2.928778044947692e+01  -1.071398875729498e+01  -2.152817904540077e+01  2.867650292538173e+01  -8.165800558437628e+00  1.104987909751045e+01  -9.012641221937311e-06  2.730609268136712e-06  1.714240500512513e-06
  1.689999999999986e+00  -3.923157007535080e+01  -3.529012307247093e+01  -2.865997370914502e+01  3.159907891772605e+01  -1.109086486054679e+01  6.605030255016278e+00  -1.044780089336182e-05  6.920244628887378e-06  3.493241685137242e-06
  1.694999999999986e+00  -3.933293030861657e+01  -4.146910672000850e+01  -2.799503770791643e+01  3.131182738561987e+01  -1.233539207782120e+01  3.612929661374825e+00  -1.037841608201742e-05  7.814811262706750e-06  3.712788899751399e-06
  1.699999999999986e+00  -3.932088092774249e+01  -4.746148221088380e+01  -2.728481919715775e+01  3.100946465289061e+01  -1.345053467036117e+01  6.225156892586488e-01  -1.031276050097338e-05  8.695925750222788e-06  3.953272462216998e-06
  1.704999999999986e+00  -4.765359047132719e+01  -7.216254003460094e+01  -3.335102071201987e+01  3.246932513330345e+01  -1.659197730416726e+01  -4.256735183406070e+00  -1.113822661435401e-05  1.290354962961149e-05  5.822152411598920e-06
  1.709999999999986e+00  -4.611389530667974e+01  -7.576954290243910e+01  -3.066623265358840e+01  3.240683134606675e+01  -1.662173452413506e+01  -8.131021431668991e+00  -1.115822087801704e-05  1.346055217509898e-05  5.874226051502753e-06
  1.714999999999985e+00  -5.325286610844857e+01  -1.002823650416282e+02  -3.702085186314979e+01  3.187716273177062e+01  -2.052354148586470e+01  -1.203383680834579e+01  -1.118860425345739e-05  1.758447250966845e-05  7.831997473590447e-06
  1.719999999999985e+00  -5.008233639506079e+01  -1.009470433270809e+02  -3.217885781246929e+01  3.209328624784448e+01  -1.921810116230985e+01  -1.650965342504282e+01  -1.129470392310347e-05  1.774801339791038e-05  7.660479677758532e-06
  1.724999999999985e+00  -4.674246235585092e+01  -1.012170616461129e+02  -2.736034522777568e+01  3.236334618239164e+01  -1.779831897199201e+01  -2.092258157330973e+01  -1.144835988895042e-05  1.786862334014793e-05  7.515715529995259e-06
  1.729999999999985e+00  -5.048094203090936e+01  -1.206816064526115e+02  -3.151161634773600e+01  2.988452157770338e+01  -2.087376844000568e+01  -2.394223085422205e+01  -1.066506555634557e-05  2.115623016115030e-05  9.077054130345725e-06
  1.734999999999985e+00  -4.562540126160269e+01  -1.177191625326172e+02  -2.469545129485792e+01  3.042896122695580e+01  -1.800367287160252e+01  -2.858675672020685e+01  -1.090856631395258e-05  2.084851142698509e-05  8.700159763942598e-06
  1.739999999999985e+00  -4.669977378133912e+01  -1.328278108017878e+02  -2.839276092272111e+01  2.577407829060317e+01  -2.122923410209506e+01  -2.993762864387102e+01  -9.278602704053977e-06  2.329490641167417e-05  9.874961769976991e-06
  1.744999999999985e+00  -4.069982976886344e+01  -1.267919541719724e+02  -1.999027918494494e+01  2.647542349595265e+01  -1.691279345329467e+01  -3.443977901603463e+01  -9.578280836052088e-06  2.258423319539664e-05  9.277602408486167e-06
  1.749999999999985e+00  -3.833212718538815e+01  -1.356018837718653e+02  -2.256785834282852e+01  1.994533872770222e+01  -1.994992622430601e+01  -3.410978899188839e+01  -7.209931355064381e-06  2.382689578529312e-05  9.823830867118368e-06
  1.754999999999985e+00  -3.178656883764379e+01  -1.270397169145980e+02  -1.330686519058420e+01  2.061210774750032e+01  -1.435821686891935e+01  -3.810265617186150e+01  -7.519326621866360e-06  2.278594821121788e-05  9.044925220877696e-06
  1.759999999999984e+00  -2.516041715801414e+01  -1.181221199132661e+02  -4.299869818010249e+00  2.136807927312500e+01  -8.790249424500274e+00  -4.199447866514345e+01  -7.907562096730690e-06  2.170283244369478e-05  8.305831418605618e-06
  1.764999999999984e+00  -1.894226151852823e+01  -1.175985645055661e+02  -4.696281273077934e+00  1.314243602368396e+01  -1.023354610664988e+01  -3.935524963650798e+01  -4.855619003288867e-06  2.125485611687617e-05  7.852719591040499e-06
  1.769999999999984e+00  -1.261306889006493e+01  -1.071516769496074e+02  4.085821724551645e+00  1.361125104714155e+01  -3.794365049331595e+00  -4.241218214658510e+01  -5.196187899563211e-06  1.996740050237720e-05  6.999319144879970e-06
  1.774999999999984e+00  -2.522329337696267e+00  -9.830092438687902e+01  5.785559959600252e+00  4.528360528918680e+00  -4.502924098197970e+00  -3.814082213688283e+01  -1.760244063657743e-06  1.791915050199538e-05  5.636948025363254e-06
  1.779999999999984e+00  2.610724705177794e+00  -8.752989595288533e+01  1.316697422486492e+01  4.428396037703867e+00  2.297731450970089e+00  -4.011694681406799e+01  -1.990139271690450e-06  1.657563431742165e-05  4.754684087789930e-06
  1.784999999999984e+00  7.669439527157584e+00  -7.666917260970962e+01  2.016219883349399e+01  4.372373829988317e+00  8.952875909238456e+00  -4.201506077847807e+01  -2.279813792688746e-06  1.522406854403414e-05  3.910225358663820e-06
  1.789999999999984e+00  1.980242993805016e+01  -6.004511129958235e+01  2.277399013498619e+01  -5.599219499358404e+00  9.300176649026463e+00  -3.530876058717690e+01  1.500080217795586e-06  1.162778621746678e-05  1.633647658825785e-06
  1.794999999999984e+00  2.269274067941995e+01  -5.035050109422937e+01  2.711164985202324e+01  -6.517371100348647e+00  1.563913566555219e+01  -3.598572556087080e+01  1.395635742285382e-06  1.040118078949722e-05  8.539155079556640e-07
  1.799999999999984e+00  3.796089659403864e+01  -2.625355004995830e+01  3.272381240764474e+01  -1.582581832861752e+01  1.696359908371757e+01  -2.834964386498176e+01  5.046791091519841e-06  5.381485774335829e-06  -2.186312971600561e-06
  1.804999999999984e+00  3.789899285391714e+01  -1.905990057297154e+01  3.330684161938950e+01  -1.782080175213317e+01  2.229252526387691e+01  -2.776244744241018e+01  5.174548314513453e-06  4.437066908433277e-06  -2.797499071609239e-06
  1.809999999999983e+00  3.762877605639311e+01  -1.208752657408160e+01  3.350295210070112e+01  -1.983846892249646e+01  2.739860515413682e+01  -2.713859703480024e+01  5.286130600540634e-06  3.525334009380755e-06  -3.393588447564113e-06
  1.814999999999983e+00  5.222116775035320e+01  1.508882598123112e+01  3.871482160854610e+01  -2.880676273864366e+01  2.857888469225502e+01  -1.794890016547496e+01  8.812446750152170e-06  -2.274586017037288e-06  -6.755602084926531e-06
  1.819999999999983e+00  4.840775699283030e+01  1.829933921370339e+01  3.439058771215160e+01  -3.204565177470225e+01  3.198008178570541e+01  -1.613636690821298e+01  9.206440827280405e-06  -2.756111420806361e-06  -7.102720469800709e-06
  1.824999999999983e+00  6.440680174217623e+01  4.945097570416731e+01  4.321988122668476e+01  -3.881731437817968e+01  3.414284294662470e+01  -7.240669627879242e+00  1.208724640852209e-05  -9.216429738633951e-06  -1.064433544265368e-05
  1.829999999999983e+00  5.685028761668147e+01  4.812989864796804e+01  3.398945654677361e+01  -4.325622434549892e+01  3.524526142277098e+01  -4.394876340743572e+00  1.276056191871605e-05  -9.180547362797679e-06  -1.065981523801779e-05
  1.834999999999983e+00  7.307176837697111e+01  8.102381473240018e+01  4.652151964975904e+01  -4.734293881581958e+01  3.858744180335545e+01  3.618640212664023e+00  1.481920817453276e-05  -1.578019561849788e-05  -1.403054687431589e-05
  1.839999999999983e+00  6.197690505645942e+01  7.488185654137504e+01  3.250928298978204e+01  -5.280443265934542e+01  3.695264558919745e+01  7.268949083930660e+00  1.573664705536560e-05  -1.519415948635590e-05  -1.365465549727819e-05
  1.844999999999983e+00  5.067810856930404e+01  6.832889897641739e+01  1.849949160093144e+01  -5.834561042966249e+01  3.515985517031942e+01  1.091659887072217e+01  1.671092781235880e-05  -1.455414394257873e-05  -1.333989719068960e-05
  1.849999999999983e+00  6.279171035428590e+01  9.597084267687453e+01  2.995196728286511e+01  -6.022777717839108e+01  3.687959308678057e+01  1.806407237672822e+01  1.797902228837762e-05  -2.021324932105293e-05  -1.566933598116338e-05
  1.854999999999982e+00  4.864922097331940e+01  8.490808936166802e+01  1.208433283889829e+01  -6.646202367065975e+01  3.220105056420946e+01  2.223361341733937e+01  1.915089811465513e-05  -1.906003931654823e-05  -1.496682490349886e-05
  1.859999999999982e+00  5.837781465482400e+01  1.090046279015817e+02  2.604552588329592e+01  -6.529684273761509e+01  3.480490970074698e+01  2.727397142218484e+01  1.939573417628265e-05  -2.368232485753383e-05  -1.632444234194889e-05
  1.864999999999982e+00  4.247766664729924e+01  9.434016387827413e+01  5.622343060586372e+00  -7.173549634390709e+01  2.731331511657648e+01  3.167155376836084e+01  2.066763727967170e-05  -2.211520019731821e-05  -1.524552925579136e-05
  1.869999999999982e+00  2.657278231058197e+01  7.947115237173959e+01  -1.433490627553580e+01  -7.820676791380801e+01  1.981996553044398e+01  3.607263989218900e+01  2.201830659462385e-05  -2.052951483881688e-05  -1.428373803363536e-05
  1.874999999999982e+00  3.179917173991421e+01  9.523354290051287e+01  -9.397974364951472e-01  -7.405031791714457e+01  2.057041917795504e+01  3.864119728399334e+01  2.121189603710123e-05  -2.331343027486119e-05  -1.392509000088930e-05
  1.879999999999982e+00  1.568449267689481e+01  7.836581423212678e+01  -2.140209343672245e+01  -8.010151199993754e+01  1.071865186716148e+01  4.298806264494660e+01  2.254885514790804e-05  -2.149494246505942e-05  -1.266123803521957e-05
  1.884999999999982e+00  1.648375185719970e+01  8.682098061082763e+01  -7.985403097647575e+00  -7.350974941904371e+01  1.206602454382840e+01  4.273389745707914e+01  2.079603459662269e-05  -2.239294681788398e-05  -1.088625657006442e-05
  1.889999999999982e+00  1.845462135377008e+00  6.986325808629243e+01  -2.680508264311643e+01  -7.847188767409234e+01  5.074255717891401e-01  4.677579666681275e+01  2.198543309200279e-05  -2.054601466399087e-05  -9.407481774148998e-06
  1.894999999999982e+00  -3.246779893852667e+00  6.915575324610408e+01  -1.612194964986076e+01  -7.035392463223408e+01  1.924919814892281e+00  4.374230087307441e+01  1.947887604592487e-05  -1.928167116052643e-05  -6.174641218597685e-06
  1.899999999999981e+00  -1.464834938432874e+01  5.426047456482404e+01  -3.099284326665441e+01  -7.356449770073199e+01  -1.044647231369463e+01  4.727957785432687e+01  2.039075962426017e-05  -1.763420860757247e-05  -4.605462452830066e-06
  1.904999999999981e+00  -2.565900610573050e+01  3.977217880633491e+01  -4.478023353351863e+01  -7.664515241882995e+01  -2.255893666394292e+01  5.085142972322635e+01  2.135532680398484e-05  -1.606508094143006e-05  -3.178119908845242e-06
  1.909999999999981e+00  -3.323192463181403e+01  3.256864018948531e+01  -3.470059128171014e+01  -6.573475429355616e+01  -2.176860756519079e+01  4.456859002812030e+01  1.786681318217930e-05  -1.291249001321279e-05  1.485819425633483e-06
  1.914999999999981e+00  -3.923960437867839e+01  2.251921056182350e+01  -4.220066120454982e+01  -6.641458658853925e+01  -3.357216137597495e+01  4.749850757177798e+01  1.841798115178384e-05  -1.180243243026331e-05  2.867492288582292e-06
  1.919999999999981e+00  -5.299049924380965e+01  6.570382944645690e+00  -3.872970635670427e+01  -5.533392852737135e+01  -3.305568909021005e+01  3.892592383865483e+01  1.453515717327529e-05  -6.739937519821685e-06  8.431884204064839e-06
  1.924999999999981e+00  -5.264887976844149e+01  2.905450038107080e+00  -3.810883633432604e+01  -5.316217926832561e+01  -4.342688275071885e+01  4.113590770140392e+01  1.458144762602564e-05  -6.291652260186503e-06  9.609993181151073e-06
  1.929999999999981e+00  -5.176673547801234e+01  -1.928230563340729e-02  -3.636957513352220e+01  -5.073389839291019e+01  -5.345489852595182e+01  4.339270386235955e+01  1.463055132668646e-05  -5.972659507178255e-06  1.070348499417604e-05
  1.934999999999981e+00  -6.506652877312854e+01  -1.704500174810693e+01  -3.370850735086383e+01  -3.735422863393291e+01  -5.167572524528101e+01  3.230111175453810e+01  1.000786474927461e-05  -4.008170475320595e-08  1.645707779119765e-05
  1.939999999999981e+00  -5.694388645932189e+01  -1.203032737838939e+01  -2.269772816623500e+01  -3.178089140353736e+01  -5.919089970282553e+01  3.380556544635515e+01  9.471485858243811e-06  -5.473265619222927e-07  1.723437606229094e-05
  1.944999999999981e+00  -7.542489574008631e+01  -3.488486424598627e+01  -2.997521571713209e+01  -1.934172993583908e+01  -5.787827705739907e+01  2.168356159131201e+01  4.855896328626138e-06  6.307748390333692e-06  2.271798856310043e-05
  1.949999999999980e+00  -5.985335522953635e+01  -2.119966040064638e+01  -9.313276753388273e+00  -1.063666431706478e+01  -6.197163295582156e+01  2.245531048835794e+01  3.727224343016387e-06  4.900423866004250e-06  2.304029566302447e-05
  1.954999999999980e+00  -4.385028088631419e+01  -6.799421842264441e+00  1.205423738174909e+01  -1.631500318877397e+00  -6.578039157380047e+01  2.324310198973669e+01  2.553897301660818e-06  3.369585983728217e-06  2.339336063407736e-05
  1.959999999999980e+00  -5.991988897838787e+01  -2.566159696891467e+01  2.366748417418804e+00  1.221299159387547e+01  -6.158462210789821e+01  1.017209170425755e+01  -2.405273353143370e-06  9.720982354259292e-06  2.741698409296762e-05
  1.964999999999980e+00  -3.707996941163087e+01  -2.823663109832439e+00  3.251267506983066e+01  2.406146009241344e+01  -6.139731970486270e+01  1.024839789650325e+01  -4.149060552009979e-06  7.322715940549636e-06  2.727078143474161e-05
  1.969999999999980e+00  -5.643573815035558e+01  -2.354024871083657e+01  1.153985021733153e+01  3.641700599210696e+01  -5.787647138174439e+01  -2.173228433474515e+00  -8.742922836177797e-06  1.325109323068250e-05  2.970672101224493e-05
  1.974999999999980e+00  -2.805566597024944e+01  6.615675032384302e+00  4.886687233321697e+01  5.052084984539732e+01  -5.340771931587630e+01  -2.747832591404526e+00  -1.095979029240943e-05  1.010228259480533e-05  2.899008645832626e-05
  1.979999999999980e+00  -4.863450911556247e+01  -1.314512726925300e+01  1.817132732366919e+01  6.171507914690083e+01  -5.074255816267311e+01  -1.372311266146822e+01  -1.511378578304387e-05  1.488207899849171e-05  2.937296895785652e-05
  1.984999999999980e+00  -1.669375400110984e+01  2.231028944275349e+01  6.017488559812494e+01  7.723847568858262e+01  -4.209859163696161e+01  -1.488668645609414e+01  -1.766336339594625e-05  1.118809511509776e-05  2.806261139685782e-05
  1.989999999999980e+00  1.507400176790686e+01  5.767914455525787e+01  1.015870370875479e+02  9.290274575903045e+01  -3.350024758710212e+01  -1.615724075252844e+01  -2.028264822719741e-05  7.501208742005458e-06  2.699162887633543e-05
  1.994999999999979e+00  -2.851061835272928e+00  4.475091760567717e+01  6.643517388533878e+01  1.037741901664523e+02  -2.784328003938759e+01  -2.538954343658673e+01  -2.405865246217910e-05  1.017810116566091e-05  2.420029233329319e-05
  1.999999999999979e+00  2.969453684890015e+01  8.223661560809816e+01  1.087350531193342e+02  1.197361201211280e+02  -1.572301865215315e+01  -2.723825594361650e+01  -2.683212909409449e-05  6.289771386545434e-06  2.262430974185177e-05
