TITLE = "Temporal Signal for receiver number 00005"
VARIABLES = "Time","s_xx","s_yy","s_zz","s_xy","s_yz","s_xz","v1","v2","v3"
# x1       -1.200000000000e+04
# x2       6.000000000000e+03
# x3       -1.000000000000e-01
# cell-global-id 16222
  0.000000000000000e+00  0.000000000000000e+00  0.000000000000000e+00  0.000000000000000e+00  0.000000000000000e+00  0.000000000000000e+00  0.000000000000000e+00  0.000000000000000e+00  0.000000000000000e+00  0.000000000000000e+00
  5.000000000000000e-03  0.000000000000000e+00  0.000000000000000e+00  0.000000000000000e+00  0.000000000000000e+00  0.000000000000000e+00  0.000000000000000e+00  0.000000000000000e+00  0.000000000000000e+00  0.000000000000000e+00
  1.000000000000000e-02  0.000000000000000e+00  0.000000000000000e+00  0.000000000000000e+00  0.000000000000000e+00  0.000000000000000e+00  0.000000000000000e+00  0.000000000000000e+00  0.000000000000000e+00  0.000000000000000e+00
  1.500000000000000e-02  0.000000000000000e+00  0.000000000000000e+00  0.000000000000000e+00  0.000000000000000e+00  0.000000000000000e+00  0.000000000000000e+00  0.000000000000000e+00  0.000000000000000e+00  0.000000000000000e+00
  2.000000000000000e-02  0.000000000000000e+00  0.000000000000000e+00  0.000000000000000e+00  0.000000000000000e+00  0.000000000000000e+00  0.000000000000000e+00  0.000000000000000e+00  0.000000000000000e+00  0.000000000000000e+00
  2.500000000000000e-02  0.000000000000000e+00  0.000000000000000e+00  0.000000000000000e+00  0.000000000000000e+00  0.000000000000000e+00  0.000000000000000e+00  0.000000000000000e+00  0.000000000000000e+00  0.000000000000000e+00
  3.000000000000000e-02  0.000000000000000e+00  0.000000000000000e+00  0.000000000000000e+00  0.000000000000000e+00  0.000000000000000e+00  0.000000000000000e+00  0.000000000000000e+00  0.000000000000000e+00  0.000000000000000e+00
  3.500000000000000e-02  0.000000000000000e+00  0.000000000000000e+00  0.000000000000000e+00  0.000000000000000e+00  0.000000000000000e+00  0.000000000000000e+00  0.000000000000000e+00  0.000000000000000e+00  0.000000000000000e+00
  4.000000000000000e-02  0.000000000000000e+00  0.000000000000000e+00  0.000000000000000e+00  0.000000000000000e+00  0.000000000000000e+00  0.000000000000000e+00  0.000000000000000e+00  0.000000000000000e+00  0.000000000000000e+00
  4.500000000000000e-02  0.000000000000000e+00  0.000000000000000e+00  0.000000000000000e+00  0.000000000000000e+00  0.000000000000000e+00  0.000000000000000e+00  0.000000000000000e+00  0.000000000000000e+00  0.000000000000000e+00
  5.000000000000000e-02  0.000000000000000e+00  0.000000000000000e+00  0.000000000000000e+00  0.000000000000000e+00  0.000000000000000e+00  0.000000000000000e+00  0.000000000000000e+00  0.000000000000000e+00  0.000000000000000e+00
  5.499999999999999e-02  0.000000000000000e+00  0.000000000000000e+00  0.000000000000000e+00  0.000000000000000e+00  0.000000000000000e+00  0.000000000000000e+00  0.000000000000000e+00  0.000000000000000e+00  0.000000000000000e+00
  5.999999999999999e-02  0.000000000000000e+00  0.000000000000000e+00  0.000000000000000e+00  0.000000000000000e+00  0.000000000000000e+00  0.000000000000000e+00  0.000000000000000e+00  0.000000000000000e+00  0.000000000000000e+00
  6.499999999999999e-02  0.000000000000000e+00  0.000000000000000e+00  0.000000000000000e+00  0.000000000000000e+00  0.000000000000000e+00  0.000000000000000e+00  0.000000000000000e+00  0.000000000000000e+00  0.000000000000000e+00
  6.999999999999999e-02  0.000000000000000e+00  0.000000000000000e+00  0.000000000000000e+00  0.000000000000000e+00  0.000000000000000e+00  0.000000000000000e+00  0.000000000000000e+00  0.000000000000000e+00  0.000000000000000e+00
  7.500000000000000e-02  0.000000000000000e+00  0.000000000000000e+00  0.000000000000000e+00  0.000000000000000e+00  0.000000000000000e+00  0.000000000000000e+00  0.000000000000000e+00  0.000000000000000e+00  0.000000000000000e+00
  8.000000000000000e-02  0.000000000000000e+00  0.000000000000000e+00  0.000000000000000e+00  0.000000000000000e+00  0.000000000000000e+00  0.000000000000000e+00  0.000000000000000e+00  0.000000000000000e+00  0.000000000000000e+00
  8.500000000000001e-02  0.000000000000000e+00  0.000000000000000e+00  0.000000000000000e+00  0.000000000000000e+00  0.000000000000000e+00  0.000000000000000e+00  0.000000000000000e+00  0.000000000000000e+00  0.000000000000000e+00
  9.000000000000001e-02  0.000000000000000e+00  0.000000000000000e+00  0.000000000000000e+00  0.000000000000000e+00  0.000000000000000e+00  0.000000000000000e+00  0.000000000000000e+00  0.000000000000000e+00  0.000000000000000e+00
  9.500000000000001e-02  0.000000000000000e+00  0.000000000000000e+00  0.000000000000000e+00  0.000000000000000e+00  0.000000000000000e+00  0.000000000000000e+00  0.000000000000000e+00  0.000000000000000e+00  0.000000000000000e+00
  1.000000000000000e-01  -2.690719114949839e-27  -4.785522868613350e-27  -7.323390386827213e-29  1.978469718427953e-27  -7.154779619461785e-28  2.808762894466676e-28  -3.731006790214734e-34  5.923212082470800e-34  3.138817564691607e-34
  1.050000000000000e-01  2.350647061284371e-24  4.088044254573337e-24  2.491051922872171e-25  -1.684052604381635e-24  6.828612536983702e-25  -2.752104412373643e-25  3.232985738814196e-31  -5.064081204467992e-31  -2.618752943049412e-31
  1.100000000000000e-01  3.531934534124163e-22  6.005970928772359e-22  6.178569857444183e-23  -2.462722058564428e-22  1.228685179796899e-22  -5.343858230876717e-23  4.815369482615508e-29  -7.453514507037445e-29  -4.001640708703988e-29
  1.150000000000000e-01  2.339694303174407e-17  9.992223338439091e-18  7.262964018759862e-18  -1.484943811558336e-17  1.234659980125990e-18  3.367279445414999e-18  4.045500550011424e-24  -1.286021908650412e-24  -5.597866045846864e-26
  1.200000000000000e-01  3.034478201068639e-17  1.185479198961553e-17  9.769808604892083e-18  -1.446932960810846e-17  1.687505540186977e-18  1.612540424005975e-18  4.383454261359988e-24  -1.638184292955732e-24  -7.248661025709762e-26
  1.250000000000000e-01  5.311876746774122e-16  2.008975527692322e-16  1.843441696614683e-16  -2.472444595474585e-16  2.182879193679479e-17  2.606567306784802e-17  7.577307236864961e-23  -2.796612810556571e-23  1.426865140186018e-24
  1.300000000000000e-01  4.479782363334033e-15  1.619502439206368e-15  1.768643522381131e-15  -1.984412945481933e-15  1.878839226368943e-17  2.524412090122531e-16  6.237264751323901e-22  -2.277804134163881e-22  6.350225328066314e-23
  1.350000000000000e-01  2.174170737169384e-14  7.382411538560118e-15  1.038313905867579e-14  -9.002522557607631e-15  -1.450207382960119e-15  1.691735938978370e-15  2.923231293713475e-21  -1.045187935490243e-21  7.695738897820990e-22
  1.400000000000000e-01  7.807364423294569e-14  2.517095203107412e-14  4.591183416197824e-14  -3.051880591259453e-14  -1.316865817872787e-14  9.812443835981449e-15  1.039049742590353e-20  -3.443338680156053e-21  4.867175536028679e-21
  1.450000000000000e-01  1.368336287383705e-13  4.196977815239591e-14  8.027414111614105e-14  -2.507842556823796e-14  -5.208182027202499e-15  -1.568266652547135e-14  1.274064711786990e-20  -6.824690723580293e-21  4.676590036933862e-21
  1.500000000000000e-01  4.478036274753852e-13  1.406355549960455e-13  2.910006945848359e-13  -7.528997741419929e-14  -3.031149241261640e-14  -4.867316276903782e-14  4.011176729310305e-20  -2.252066930155014e-20  2.057917908737749e-20
  1.550000000000001e-01  1.461809810338189e-12  4.932862239926671e-13  9.306083935550690e-13  -3.320112781864932e-13  -9.560800152991354e-14  -1.026143043451780e-13  1.511640153669043e-19  -7.301837839053551e-20  5.590984259671718e-20
  1.600000000000001e-01  4.032242609306021e-12  1.434987152432368e-12  2.278480028402922e-12  -1.291179516344377e-12  -1.317273148649736e-13  -6.525871531315591e-14  4.740918863632562e-19  -2.028739736723886e-19  1.211178132853070e-19
  1.650000000000001e-01  1.013411652070666e-11  3.639636644841265e-12  5.052783177171200e-12  -3.960970858731038e-12  3.285013223228932e-14  8.038928425514386e-14  1.347922411466764e-18  -4.856209500425331e-19  1.063763282703589e-19
  1.700000000000001e-01  2.127493627083543e-11  7.451721748801353e-12  8.641373730694230e-12  -9.954464474747013e-12  1.161500931403316e-12  7.491292823965414e-13  3.059158274670211e-18  -9.913999686339960e-19  -6.609567968828118e-20
  1.750000000000001e-01  2.670905845906804e-11  9.403102142702036e-12  1.212428756056643e-11  -9.470103186763826e-12  1.054265443672602e-12  -8.924335614942413e-13  3.275859825792712e-18  -1.347449151362532e-18  6.308318354254839e-20
  1.800000000000001e-01  4.426643892103128e-11  1.465875953410056e-11  1.689454084083921e-11  -1.811137505043328e-11  2.872946289188977e-12  -3.340382652973482e-13  5.920402230489739e-18  -1.997899407727958e-18  -5.815187875829420e-19
  1.850000000000001e-01  5.628177116426485e-11  1.552368132425246e-11  1.568281292872341e-11  -2.623429409961457e-11  6.031848763048929e-12  6.902938320796212e-13  8.046223586342066e-18  -2.127609528415342e-18  -1.771530332751472e-18
  1.900000000000001e-01  4.224023227239023e-11  4.288219483901173e-12  -2.572881053644271e-13  -2.350112962770962e-11  9.448481432554852e-12  1.462737436996091e-12  6.372993710096880e-18  -4.854752885824697e-19  -3.038243576200111e-18
  1.950000000000001e-01  -2.064902926560335e-11  -2.804983686244470e-11  -2.997711912033393e-11  8.276038114866405e-12  7.622990190990010e-12  -3.221134115406427e-12  -2.869927126965605e-18  4.039125457169605e-18  -4.219162272944612e-18
  2.000000000000001e-01  -1.611402479571728e-10  -8.138624256100378e-11  -8.978612172419326e-11  7.974504000992590e-11  -7.302783634342305e-13  -7.317692041188826e-12  -2.490112712281335e-17  1.224662738394809e-17  -1.011281969915703e-18
  2.050000000000001e-01  -2.108124846584788e-10  -9.371586349221504e-11  -1.162626157931428e-10  7.914077278887486e-11  -1.959409276841023e-12  5.609706972575800e-12  -2.704748594470446e-17  1.571548653672552e-17  -2.173833985897189e-18
  2.100000000000001e-01  -4.331233576818110e-10  -1.623287704245534e-10  -1.757234649643617e-10  1.941128701340849e-10  -2.336600874144293e-11  -6.971206342765194e-12  -5.902550303606692e-17  2.792271108361691e-17  1.942762624419365e-18
  2.150000000000001e-01  -6.348132651433493e-10  -1.843995615116246e-10  -2.007475570883721e-10  3.230429044530201e-10  -5.428830105921041e-11  -2.537032848626147e-11  -8.863564967928028e-17  3.856567984792890e-17  1.120921383180448e-17
  2.200000000000001e-01  -6.902100072079934e-10  -1.180911477102748e-10  -1.441070395283728e-10  3.849339001642474e-10  -8.335575640215976e-11  -3.711949086118429e-11  -9.617108059423013e-17  3.750994311545411e-17  2.197640490952879e-17
  2.250000000000001e-01  -3.553421250462514e-10  1.176957226419479e-10  1.153532180053221e-10  3.227991960328009e-10  -1.123324432833564e-10  -7.802559809857409e-11  -3.911134172523427e-17  1.934652017061672e-17  1.598523323456417e-17
  2.300000000000001e-01  3.430708350397319e-10  4.810845331536370e-10  3.852182411576227e-10  -2.435456598803456e-11  -6.070152413934250e-11  -4.091505363092455e-11  7.766034638605862e-17  -2.362891696082767e-17  6.796175445830993e-18
  2.350000000000001e-01  5.171191361768748e-10  5.183408796876862e-10  4.684145221834537e-10  -3.754996466251268e-11  -3.652636685727404e-11  -8.003868220735034e-11  8.948780174507889e-17  -3.005169443870595e-17  5.553622409367189e-18
  2.400000000000001e-01  1.872167266959080e-09  9.225994616428430e-10  9.749616853096895e-10  -6.267412299754726e-10  3.695618859801627e-11  -7.712108133426330e-11  2.963973897385163e-16  -1.150183266949151e-16  -4.319669700223674e-17
  2.450000000000001e-01  3.291870195802992e-09  1.217761943692107e-09  1.194676374251711e-09  -1.405938719916553e-09  2.082891098465093e-10  4.014255240589313e-11  5.115931356019345e-16  -1.998868133504275e-16  -9.110744127113370e-17
  2.500000000000001e-01  4.010728638270787e-09  7.959003876615412e-10  9.333111033384434e-10  -2.252790369392949e-09  4.627090151080579e-10  2.961492273533790e-10  6.084858168592858e-16  -2.996735635456682e-16  -1.324274046387775e-16
  2.550000000000001e-01  3.773200750798996e-09  -9.610748893214494e-11  3.292884286339021e-10  -2.506706360535150e-09  5.856346401783208e-10  4.491347491350809e-10  5.397838393514402e-16  -3.180449260619022e-16  -1.580772624417127e-16
  2.600000000000001e-01  1.041956755393885e-09  -2.086249256524885e-09  -1.519688247586544e-09  -2.255217428086103e-09  7.416004931972793e-10  9.556034741874741e-10  3.508212450436386e-17  -2.816010595791223e-16  -2.212483266158589e-17
  2.650000000000001e-01  7.910077214967131e-10  -2.510228465882793e-09  -1.905300809560192e-09  -2.257040607244636e-09  6.864044647017655e-10  1.074742127658940e-09  -1.176490516465545e-17  -3.442970690502705e-16  1.618941629957526e-17
  2.700000000000001e-01  -3.974017668731304e-09  -4.945688483797630e-09  -3.457642548490184e-09  -5.734165670902246e-10  3.496788500933034e-10  1.041464370706978e-09  -7.975542852749043e-16  -1.637075507626112e-16  1.628424816547783e-16
  2.750000000000001e-01  -1.052495380887766e-08  -6.770777338100171e-09  -5.504315713516239e-09  2.077897810108516e-09  -1.241392248744166e-10  1.059253138959146e-09  -1.887169463794546e-15  1.926640860989502e-16  5.262221946453123e-16
  2.800000000000001e-01  -1.665659496202657e-08  -7.725497929442153e-09  -5.781157800281534e-09  5.365153693919517e-09  -1.004013945230501e-09  4.054222384475395e-10  -2.882301521473706e-15  5.349429213975494e-16  8.353410504444385e-16
  2.850000000000001e-01  -1.889534080787637e-08  -4.545359618572692e-09  -3.797056926137874e-09  9.122627198298486e-09  -2.290071776924913e-09  -1.069496046232885e-09  -3.192112175031385e-15  1.072825720593162e-15  1.053104785966686e-15
  2.900000000000001e-01  -2.061037426676035e-08  -3.712646986974462e-09  -3.157469529513943e-09  9.140596760639995e-09  -2.202942672764697e-09  -1.451345963242037e-09  -3.217741075599920e-15  1.318641416746939e-15  9.620536349998468e-16
  2.950000000000002e-01  -1.834538601401628e-08  1.994738984395847e-09  7.213862070783401e-10  1.037972891656380e-08  -2.734476650221867e-09  -2.738203935011268e-09  -2.733957666466835e-15  1.614038541076582e-15  9.896944790251905e-16
  3.000000000000002e-01  -5.282264093101776e-09  1.356140082087175e-08  9.620122670823610e-09  1.062117484881465e-08  -3.803590891153085e-09  -5.520268881561005e-09  -4.179918686738810e-16  1.930160525085961e-15  2.855790799363905e-16
  3.050000000000002e-01  1.206489325319883e-08  2.468363250737027e-08  1.516051441026851e-08  5.504564716510474e-09  -2.589529801809775e-09  -5.784417321227953e-09  2.654959815152776e-15  1.695253595310305e-15  -4.666061237478296e-16
  3.100000000000002e-01  3.612370785822998e-08  3.411220068968740e-08  2.282700065295460e-08  -2.306320690384552e-09  -1.145480401320563e-09  -6.596389122447654e-09  6.888849734665931e-15  9.424534037039464e-16  -2.133521384347554e-15
  3.150000000000002e-01  5.830143545328641e-08  3.984775015616097e-08  2.322033536273090e-08  -1.279457811120487e-08  2.025312834608526e-09  -4.431361894232911e-09  1.072376754152528e-14  1.695832091164311e-16  -3.578272141181246e-15
  3.200000000000002e-01  6.664861659934523e-08  4.392437382442055e-08  2.551649615385634e-08  -1.146027975503129e-08  1.069970615296955e-09  -4.204347664844732e-09  1.131027170494392e-14  3.219290635060233e-16  -3.656774816340064e-15
  3.250000000000002e-01  7.825749746805940e-08  3.175860193614041e-08  1.710090312800640e-08  -2.404414999722497e-08  5.627419970824861e-09  1.102461968187139e-09  1.310165647135745e-14  -1.831086270638662e-15  -4.845491446337190e-15
  3.300000000000002e-01  7.855411813674736e-08  1.473329476041254e-08  4.139843607942839e-09  -3.002840211729840e-08  8.433644736348515e-09  5.897203856661447e-09  1.281795998335701e-14  -2.955081560047052e-15  -5.514684388785881e-15
  3.350000000000002e-01  4.968660516805375e-08  -2.234670181493021e-08  -2.147171388562197e-08  -3.447375778485016e-08  1.290199180691133e-08  1.479594855089388e-08  7.493680510556549e-15  -4.660703667444446e-15  -4.276180023512104e-15
  3.400000000000002e-01  9.531295884943638e-09  -5.883592794945258e-08  -3.903003152364254e-08  -2.445008525463707e-08  1.124263172522824e-08  1.718484479028957e-08  2.961145964909967e-17  -4.834796839951118e-15  -2.592897544071457e-15
  3.450000000000002e-01  -5.438618377898674e-08  -9.776491561951947e-08  -6.575666961154323e-08  -8.899589099252450e-09  1.020259248171297e-08  2.284962201658995e-08  -1.154757345262213e-14  -4.198982166475739e-15  2.198734464943325e-15
  3.500000000000002e-01  -7.174995308468513e-08  -1.201399040487639e-07  -8.186041179288535e-08  -1.236534857243139e-08  1.445816663483002e-08  2.528352914458828e-08  -1.327594821671185e-14  -6.625780708916307e-15  3.040757126879235e-15
  3.550000000000002e-01  -1.391006701658826e-07  -1.476589069659107e-07  -8.400598983640040e-08  1.278149654025084e-08  7.133135624454460e-09  1.964499908404821e-08  -2.453713162958742e-14  -5.066569299584372e-15  7.283985826082941e-15
  3.600000000000002e-01  -1.934140808576165e-07  -1.423552935829181e-07  -7.808476924344674e-08  4.331883627184171e-08  -1.081406047793182e-09  1.158971190767293e-08  -3.337363892702124e-14  -1.075250221184313e-15  1.314645160242450e-14
  3.650000000000002e-01  -2.233940125583810e-07  -1.193844973320988e-07  -4.849429502619426e-08  6.660361206086120e-08  -1.056174181821734e-08  -7.650295975686285e-10  -3.774590452754971e-14  1.384629878156826e-15  1.750270882529456e-14
  3.700000000000002e-01  -2.014255218512094e-07  -4.864935758612403e-08  5.260063199550230e-10  8.872170513449007e-08  -2.252542340522175e-08  -1.977304977466950e-08  -3.283194551963289e-14  5.716755036195025e-15  1.954586227029739e-14
  3.750000000000002e-01  -1.525674852891233e-07  2.969863709736625e-08  4.794927456381347e-08  8.384393476753712e-08  -2.584279448248519e-08  -3.011033340351687e-08  -2.290085958690964e-14  6.768950938732739e-15  1.975950164572714e-14
  3.800000000000002e-01  -1.485941719931314e-07  6.477775804144898e-08  8.594428960690391e-08  8.363652662661586e-08  -2.976846512960185e-08  -4.023512577942178e-08  -2.109105073494054e-14  1.166153279504448e-14  1.767571922265440e-14
  3.850000000000002e-01  -2.618994757463027e-08  1.813664417625044e-07  1.647040146707325e-07  7.265263440495289e-08  -4.029743548363498e-08  -5.797105047838712e-08  1.318812797624607e-16  1.369147228628367e-14  1.026964437734026e-14
  3.900000000000002e-01  9.732412800339728e-08  2.716510455002346e-07  1.942695828735825e-07  3.057123331835227e-08  -3.342851035622075e-08  -5.430487689443918e-08  2.120694185454079e-14  1.185683216696899e-14  2.911375898210820e-15
  3.950000000000002e-01  2.296001256771450e-07  3.206120002517583e-07  2.261586339654492e-07  -2.390804485958108e-08  -2.972429782618173e-08  -5.263999585193093e-08  4.307734545266886e-14  5.580456510544250e-15  -1.238609677822880e-14
  4.000000000000002e-01  3.221939766152951e-07  3.282247197209651e-07  1.855598839271708e-07  -8.712216805331329e-08  -1.188310970772833e-08  -3.070333729518086e-08  5.750157953964646e-14  -2.937006876011984e-16  -2.506500820431179e-14
  4.050000000000002e-01  3.715247889589896e-07  3.599018745399497e-07  2.016182942192490e-07  -7.961696770788701e-08  -2.310272584129381e-08  -2.326787562050910e-08  6.052497156012776e-14  3.205224156649079e-15  -2.627571981726165e-14
  4.100000000000003e-01  3.927970336210625e-07  2.425069029151526e-07  1.101582377595739e-07  -1.550472798872232e-07  -1.755434813346639e-09  1.319534984878292e-08  6.096372969400309e-14  -1.258277176447407e-14  -3.965533187477815e-14
  4.150000000000003e-01  3.544343758435940e-07  9.668812025045004e-08  -2.855619573127614e-08  -2.020271363369667e-07  2.222063797053208e-08  5.010779935626333e-08  5.187285076809091e-14  -2.290741825767525e-14  -4.843726880121366e-14
  4.200000000000003e-01  2.239488485637688e-07  -1.140684762601227e-07  -1.870814378150386e-07  -2.474622177285112e-07  5.005290228964343e-08  9.674222120809880e-08  2.589935052501220e-14  -3.406540761532013e-14  -4.934422556493262e-14
  4.250000000000003e-01  7.516968395771328e-08  -3.057582370992436e-07  -3.100482971448739e-07  -2.408356405623540e-07  6.186551758523156e-08  1.173978534915422e-07  -1.327216711088133e-15  -3.678492114888728e-14  -4.705986638090657e-14
  4.300000000000003e-01  -1.135570540206148e-07  -4.576083685936014e-07  -4.384242315712498e-07  -2.162650430271981e-07  7.967940081583585e-08  1.481640986496739e-07  -3.532807026621521e-14  -3.096024343139152e-14  -2.745281010763470e-14
  4.350000000000003e-01  -1.659569970328227e-07  -5.831411252569665e-07  -5.811662658650042e-07  -2.225830240426935e-07  1.028583425940043e-07  1.639376177531151e-07  -4.087216312643294e-14  -4.850278629676367e-14  -2.022982446950255e-14
  4.400000000000003e-01  -2.994487702892599e-07  -6.410400328889739e-07  -5.650559354649178e-07  -1.466990746744128e-07  9.151323810732566e-08  1.380331689153130e-07  -6.100220036579983e-14  -3.426742579510069e-14  -2.962491139430879e-15
  4.450000000000003e-01  -3.416202033061036e-07  -5.162021289260464e-07  -5.057524591474006e-07  -2.342670638219590e-08  8.300115898815366e-08  9.969391825940524e-08  -6.403095978003542e-14  -3.673876252155367e-16  2.980150640379194e-14
  4.500000000000003e-01  -2.783531027976216e-07  -3.138296908702701e-07  -2.819209515808597e-07  1.109988362821127e-07  4.395022873399029e-08  2.777221694603939e-08  -4.763205887651126e-14  3.317847805872700e-14  5.339183946152060e-14
  4.550000000000003e-01  -7.355860070015396e-08  5.761987667095455e-08  -3.918279749070137e-08  3.001519432224284e-07  5.410463737032787e-09  -6.690642430782339e-08  -2.828911222581645e-15  8.099077301137432e-14  8.059930811610122e-14
  4.600000000000003e-01  1.877787996314036e-07  4.412027477254623e-07  2.809152018809475e-07  4.602681776288115e-07  -4.644267268545393e-08  -1.596162316020799e-07  4.941465294680810e-14  1.191870950762274e-13  9.554314836706882e-14
  4.650000000000003e-01  3.512952896448657e-07  7.608944829782883e-07  5.521380091986480e-07  5.461376935024329e-07  -8.041452591149527e-08  -2.596444020969359e-07  6.864594020671864e-14  1.520956439576194e-13  8.551438809691181e-14
  4.700000000000003e-01  7.368398017722077e-07  1.232323026998954e-06  9.496946928895320e-07  7.598994161821573e-07  -1.519221759945577e-07  -3.919180715964017e-07  1.431973181564406e-13  1.964962745643594e-13  7.709512212864426e-14
  4.750000000000003e-01  1.026035445538763e-06  1.566309733382785e-06  1.215918261677682e-06  9.068514513381779e-07  -2.029050803918875e-07  -4.664648196326551e-07  1.944236024568002e-13  2.199444592217838e-13  6.387823343647453e-14
  4.800000000000003e-01  1.173371773411752e-06  1.599698999408756e-06  1.366759663697675e-06  1.018600403457350e-06  -2.473189365423457e-07  -5.360437035041451e-07  2.265216746452117e-13  2.052669562731079e-13  1.822308590391410e-14
  4.850000000000003e-01  1.095294465625556e-06  1.462810738587974e-06  1.238612002628714e-06  1.054059147975665e-06  -2.510754100655359e-07  -5.179991709220005e-07  2.099379725141653e-13  1.723773519082814e-13  -1.765578743547530e-14
  4.900000000000003e-01  7.218454143322624e-07  8.818393518404657e-07  1.002735224834178e-06  9.579011936474029e-07  -2.406634073205363e-07  -4.582524934717137e-07  1.412717868507040e-13  8.387526601072783e-14  -8.443663536249727e-14
  4.950000000000003e-01  5.322302406251139e-07  7.101177058768375e-07  1.123876813003257e-06  8.672259625943352e-07  -2.467619654878092e-07  -3.909185664865257e-07  1.187439353055304e-13  7.646227043240257e-14  -9.143364474288804e-14
  5.000000000000003e-01  -2.788632013937646e-07  -2.893006171680230e-07  3.760789478931571e-07  6.042527574068088e-07  -1.446034787113182e-07  -1.742853804065901e-07  -1.451758470930115e-14  -5.242743648512438e-14  -1.227645767031763e-13
  5.050000000000003e-01  -1.485034099158808e-06  -1.746074597899734e-06  -5.118653515728792e-07  5.638261276808998e-08  7.472325482917043e-09  1.703305330354781e-07  -2.208136400857743e-13  -2.437345802270618e-13  -1.488929673971597e-13
  5.100000000000003e-01  -2.634996826780805e-06  -3.032248377916595e-06  -1.430483820155788e-06  -5.219140922804085e-07  1.738624980784469e-07  5.018644737203845e-07  -4.185188888880095e-13  -4.186442677193334e-13  -1.439005291167651e-13
  5.150000000000003e-01  -3.888118118674155e-06  -4.283440439195905e-06  -2.274316885702321e-06  -1.383085628138950e-06  3.695356057759942e-07  9.610164257357188e-07  -6.494864108090633e-13  -6.010156014545232e-13  -9.805863148498614e-14
  5.200000000000004e-01  -4.752024047502854e-06  -5.188275465036879e-06  -2.819292826718465e-06  -2.224028202875737e-06  5.471652908837566e-07  1.302632914606217e-06  -8.031296909542952e-13  -7.516254393951289e-13  -3.248014388566964e-14
  5.250000000000004e-01  -5.932390631800265e-06  -6.920378613207876e-06  -4.192995538721989e-06  -2.803704044786076e-06  8.702425951165793e-07  1.771145097725573e-06  -8.988819366092727e-13  -9.207388326428299e-13  2.139266214032563e-14
  5.300000000000004e-01  -6.287843929305321e-06  -7.026113469032193e-06  -4.549030186220414e-06  -3.710496275772590e-06  1.051603168798690e-06  2.139646051914597e-06  -9.945386950970749e-13  -9.846554931105130e-13  1.588250832192834e-13
  5.350000000000004e-01  -5.931320223866228e-06  -6.578310479230511e-06  -4.218414603738712e-06  -4.461659595770192e-06  1.139154095451099e-06  2.270796801659333e-06  -9.584359797199778e-13  -9.871210098394385e-13  2.715817249525911e-13
  5.400000000000004e-01  -4.646088885843757e-06  -4.823075741167007e-06  -3.375632718359076e-06  -4.869968345302719e-06  1.105831200073911e-06  2.224512991425055e-06  -7.888781372996684e-13  -8.194745922289077e-13  4.303258484083237e-13
  5.450000000000004e-01  -2.837632130356483e-06  -2.846465790637142e-06  -2.019310224341786e-06  -5.010447081841688e-06  1.003706976628280e-06  1.953155390574555e-06  -5.077078573904517e-13  -6.019866698688775e-13  5.221344460357315e-13
  5.500000000000004e-01  -1.965032456781967e-06  -2.078638055122386e-06  -2.257076739727183e-06  -4.817431135313380e-06  1.037689666916575e-06  1.837336732993398e-06  -4.352344145279030e-13  -5.279808734727393e-13  5.343276955074479e-13
  5.550000000000004e-01  1.888463730979927e-06  2.545749481900130e-06  4.554632940458828e-07  -3.716984151394235e-06  4.708214922889775e-07  8.366595481603055e-07  9.974038521577358e-14  2.287577127223622e-14  5.665782410313687e-13
  5.600000000000004e-01  5.442519415804273e-06  6.548110455739974e-06  2.981816062585968e-06  -2.383543415745038e-06  -3.408786625376886e-08  -1.845063935935976e-07  6.164539850867115e-13  5.503103538378646e-13  5.233684414509185e-13
  5.650000000000004e-01  9.720925352501549e-06  1.131365087841789e-05  5.883792155826379e-06  6.279879135299037e-08  -8.466699508156825e-07  -1.748839066724430e-06  1.279775795181597e-12  1.229773740340294e-12  3.556461970408023e-13
  5.700000000000004e-01  1.287899018006928e-05  1.490602325915173e-05  7.745476290996085e-06  2.641085231402753e-06  -1.475002903962794e-06  -3.041197989254661e-06  1.788003619746230e-12  1.837440944663758e-12  1.227573287790845e-13
  5.750000000000004e-01  1.591739988891857e-05  1.794581058754472e-05  9.432796903030968e-06  6.065265758369929e-06  -2.257864783656933e-06  -4.720146761723528e-06  2.330079804248108e-12  2.418246444916552e-12  -2.798771276133122e-13
  5.800000000000004e-01  2.028957864301726e-05  2.426430463319073e-05  1.375992528376055e-05  8.211013746864678e-06  -3.638110501722049e-06  -6.410716496381167e-06  2.652983735552400e-12  3.002844858503814e-12  -4.598370876098599e-13
  5.850000000000004e-01  2.127704356499122e-05  2.563116940112083e-05  1.399546174585650e-05  1.144813081971257e-05  -4.215119656746005e-06  -7.539696836206595e-06  2.901951789465472e-12  3.408669009267001e-12  -8.610847336019436e-13
  5.900000000000004e-01  2.070957994704095e-05  2.454624275731752e-05  1.335280489590366e-05  1.446940741710988e-05  -4.650549425146096e-06  -8.481627398943967e-06  2.999273513798743e-12  3.515102413602514e-12  -1.416699260279638e-12
  5.950000000000004e-01  1.844973794300232e-05  2.217587849607996e-05  1.095384194856690e-05  1.676515659321781e-05  -4.724822429316114e-06  -8.586491479117082e-06  2.821645992196718e-12  3.437014872838861e-12  -1.848979268739007e-12
  6.000000000000004e-01  1.404564769806549e-05  1.651782969149161e-05  7.277214076112384e-06  1.762825037657259e-05  -4.257035541628978e-06  -7.920793875237292e-06  2.360918395484986e-12  2.875692265304922e-12  -2.285987529140073e-12
  6.050000000000004e-01  9.162891308018848e-06  1.080170818048535e-05  3.246524511257423e-06  1.745979174819640e-05  -3.709262994785621e-06  -6.653435368703957e-06  1.756757117085110e-12  2.172921082496924e-12  -2.505319906503998e-12
  6.100000000000004e-01  5.495484623925500e-06  7.190934644671292e-06  2.683830182498038e-06  1.679751810128211e-05  -3.722023172911629e-06  -6.150052748608369e-06  1.511627296151496e-12  1.757787178479405e-12  -2.471367175022456e-12
  6.150000000000004e-01  -4.611315355228074e-06  -5.885600940012387e-06  -5.369242236151109e-06  1.275221271227958e-05  -1.414301802366548e-06  -2.491023432930726e-06  3.123263910298981e-13  1.330492564803619e-13  -2.358138620020324e-12
  6.200000000000004e-01  -1.273110292941441e-05  -1.656777353675035e-05  -1.121193040778064e-05  8.055770516600832e-06  3.183946676936548e-07  9.622432894321614e-07  -7.224946021201658e-13  -1.380424356284796e-12  -2.055506359478116e-12
  6.250000000000004e-01  -2.295159206756857e-05  -2.983359046552878e-05  -1.868215377982260e-05  2.800066411354575e-07  3.228228162878512e-06  6.022990492511125e-06  -2.177993972949530e-12  -3.323134517415392e-12  -1.269248664214160e-12
  6.300000000000004e-01  -2.979084209494700e-05  -3.976027412245478e-05  -2.199752965515920e-05  -7.532806676707888e-06  5.121665749028393e-06  9.952183924654972e-06  -3.281244089352997e-12  -5.034369181321483e-12  -3.330289753113133e-13
  6.350000000000005e-01  -3.750170154061794e-05  -4.961836877196405e-05  -2.595450353260871e-05  -1.735544652153753e-05  7.669476980696523e-06  1.492579608125045e-05  -4.670436827653128e-12  -6.745107466404766e-12  1.118914498349989e-12
  6.400000000000005e-01  -4.996595139847923e-05  -6.857182254040225e-05  -3.804715985838638e-05  -2.358010235649981e-05  1.212662628588467e-05  2.006295067889537e-05  -5.583946871356393e-12  -8.446081405001341e-12  1.618675059746735e-12
  6.450000000000005e-01  -5.268586313773279e-05  -7.401217165125818e-05  -3.714780022618746e-05  -3.240222676538432e-05  1.366029106492449e-05  2.313685562428480e-05  -6.444585796492997e-12  -9.622591118829622e-12  3.018962407016467e-12
  6.500000000000005e-01  -5.374618133407716e-05  -7.516264747894415e-05  -3.543777818772637e-05  -4.061490259372680e-05  1.499146885793107e-05  2.582406987198438e-05  -7.290867703603548e-12  -1.019642338307299e-11  4.827062152959596e-12
  6.550000000000005e-01  -5.144936031457843e-05  -7.300916859724937e-05  -2.940016516459175e-05  -4.643542896939708e-05  1.506743054742398e-05  2.598123082074176e-05  -7.675397017933273e-12  -1.026955165644000e-11  6.299082851248274e-12
  6.600000000000005e-01  -4.565563705685559e-05  -6.369438725361222e-05  -2.094736082872462e-05  -4.883436764424941e-05  1.372036989387434e-05  2.430039273490711e-05  -7.661908843191576e-12  -9.263685442478100e-12  7.695056454632376e-12
  6.650000000000005e-01  -4.420353150551241e-05  -6.501318941093870e-05  -2.444595561020222e-05  -5.099863320307909e-05  1.601404077329593e-05  2.580325171976587e-05  -7.665274021782953e-12  -9.086629675827113e-12  7.725525261447775e-12
  6.700000000000005e-01  -3.272167269737956e-05  -4.776096466510069e-05  -1.148829126857375e-05  -4.866626599458871e-05  1.316878681123522e-05  2.054741224670791e-05  -7.073088221520452e-12  -7.072837050840276e-12  8.463464727129437e-12
  6.750000000000005e-01  -1.434664676727154e-05  -1.904901340850104e-05  7.061447646390833e-06  -3.959886989890720e-05  7.001489059230433e-06  1.146040061007701e-05  -5.453093592537039e-12  -3.479575204040846e-12  8.373151195573964e-12
  6.800000000000005e-01  -3.165199474045471e-07  4.845304573766572e-06  1.921102205771295e-05  -2.921184233402431e-05  2.683093790570157e-06  2.911067358503353e-06  -4.017552959932843e-12  -1.294978571028886e-13  7.786379437337484e-12
  6.850000000000005e-01  2.073184765026632e-05  3.807126202969864e-05  3.706845954688869e-05  -1.190055504354887e-05  -5.041968462480971e-06  -9.554524400621902e-06  -1.312202613307063e-12  4.452529461199787e-12  5.880292860649523e-12
  6.900000000000005e-01  3.518484685314409e-05  6.443236065537413e-05  4.413750767414521e-05  5.065322281939450e-06  -9.636489431587747e-06  -1.915002218740382e-05  1.005135227910346e-12  8.537520942531326e-12  3.539112944700545e-12
  6.950000000000005e-01  6.300733145313973e-05  1.070151435452505e-04  6.778071016104128e-05  1.708849458164810e-05  -1.804671311466756e-05  -2.962925689840012e-05  2.934585129686479e-12  1.248230298320619e-11  2.710856076198002e-12
  7.000000000000005e-01  8.571795928279376e-05  1.428538658268008e-04  8.367567318475099e-05  4.131831238742060e-05  -2.745883750843043e-05  -4.398511385647760e-05  6.791441871553358e-12  1.737525578853492e-11  -1.286835678121729e-12
  7.050000000000005e-01  9.755158825127438e-05  1.656557004029040e-04  8.324471889987423e-05  6.138360956549733e-05  -3.155441368551361e-05  -5.212355888158672e-05  9.731096598202630e-12  2.087596298003379e-11  -4.981649754927727e-12
  7.100000000000005e-01  1.115317633487588e-04  1.850013867369092e-04  8.501555462861804e-05  8.207229492010784e-05  -3.644376753990641e-05  -6.072533688540338e-05  1.348876799820723e-11  2.375099448171119e-11  -9.840780870907927e-12
  7.150000000000005e-01  1.181048976391725e-04  1.952529972863730e-04  7.543853030096145e-05  9.733967649519966e-05  -3.754038510234872e-05  -6.299394244746174e-05  1.643950950500386e-11  2.544321060310220e-11  -1.404326965049505e-11
  7.200000000000005e-01  1.218917115233484e-04  1.939332892545532e-04  6.356096058533511e-05  1.079421455387492e-04  -3.652437546680509e-05  -6.280919061283224e-05  1.929319210030870e-11  2.537233851072422e-11  -1.831119128810013e-11
  7.250000000000005e-01  1.307880077034175e-04  2.135243705156980e-04  7.763961117107139e-05  1.184854755022038e-04  -4.491335886948298e-05  -6.998323794137846e-05  2.037435394499439e-11  2.658767912908712e-11  -1.863598361695648e-11
  7.300000000000005e-01  1.222524828318166e-04  1.932525109179612e-04  5.486171705515577e-05  1.198091509037163e-04  -4.014206304372377e-05  -6.162952892855252e-05  2.194795690345984e-11  2.424718356037747e-11  -2.156886995298457e-11
  7.350000000000005e-01  1.017659092984485e-04  1.493287664106085e-04  2.195580307791451e-05  1.097499681607104e-04  -2.898802779069502e-05  -4.668622381601783e-05  2.189362887551479e-11  1.881183763956195e-11  -2.306227267043422e-11
  7.400000000000005e-01  8.625089935796681e-05  1.102092085997940e-04  -8.005455877612782e-07  9.607899194884595e-05  -2.082868682175453e-05  -3.112012349262880e-05  2.159021973377964e-11  1.341478994097738e-11  -2.334847214015143e-11
  7.450000000000006e-01  5.458450793919348e-05  4.657327081174265e-05  -3.698611227363997e-05  6.917583784074912e-05  -5.073149622219659e-06  -7.862101431882042e-06  1.863899732988653e-11  4.983959319575809e-12  -2.105453737537702e-11
  7.500000000000006e-01  3.198773268841668e-05  -7.264653328019769e-06  -5.331657395831863e-05  4.170232642687249e-05  4.434885432960574e-06  1.128886913990616e-05  1.560159813574577e-11  -2.912681790767710e-12  -1.754273359151722e-11
  7.550000000000006e-01  -1.677196398088348e-05  -8.436120020749315e-05  -9.445201936623034e-05  2.343928507661391e-05  1.835474700501673e-05  2.897498759045686e-05  1.233649288417558e-11  -1.032148112705517e-11  -1.621500554792048e-11
  7.600000000000006e-01  -6.738908740587216e-05  -1.748869788061733e-04  -1.360391809042461e-04  -2.253517983829085e-05  4.047407453344490e-05  6.045420574486671e-05  4.998309846931850e-12  -2.180434374802175e-11  -9.109514844270576e-12
  7.650000000000006e-01  -9.917882196163739e-05  -2.405443896350904e-04  -1.444832639795951e-04  -6.147342188803254e-05  5.089918805258245e-05  8.056147455887375e-05  -1.320795357623754e-12  -3.074984526665565e-11  -2.146143853351329e-12
  7.700000000000006e-01  -1.477492112157910e-04  -3.161334158494655e-04  -1.662669863005107e-04  -1.077510640554830e-04  6.657254865372820e-05  1.054547394507137e-04  -1.099667266562524e-11  -4.048281793120910e-11  7.909483994882915e-12
  7.750000000000006e-01  -1.812514266255776e-04  -3.706089221240530e-04  -1.603205157170066e-04  -1.440961382809339e-04  7.221625040360784e-05  1.172212120877918e-04  -1.961618485550573e-11  -4.780317488177733e-11  1.723218700917787e-11
  7.800000000000006e-01  -2.229819680658541e-04  -4.177635516831350e-04  -1.591635322240970e-04  -1.793798772375800e-04  7.770497978926070e-05  1.291562625550377e-04  -3.020528717590562e-11  -5.357840311862976e-11  2.794855096404427e-11
  7.850000000000006e-01  -2.704725259515337e-04  -4.997575036297580e-04  -2.065933072543973e-04  -2.112704883365925e-04  1.006333862285444e-04  1.528133138328084e-04  -3.474471179598194e-11  -6.036190480168180e-11  2.926133593773127e-11
  7.900000000000006e-01  -2.887930465167900e-04  -5.095146458449400e-04  -1.775413228991909e-04  -2.310985511456535e-04  9.638047961235220e-05  1.482473335110359e-04  -4.319259716595122e-11  -6.170416493671735e-11  3.796148438016736e-11
  7.950000000000006e-01  -2.977958117425260e-04  -4.861713107555781e-04  -1.392901951068243e-04  -2.385581387955237e-04  8.466224213823279e-05  1.368609450510272e-04  -5.095194051865552e-11  -5.868810536258186e-11  4.586116809949728e-11
  8.000000000000006e-01  -3.037257676771868e-04  -4.561667284391538e-04  -1.025516513741744e-04  -2.356427759600862e-04  7.287933729526663e-05  1.176964615753343e-04  -5.712555548959489e-11  -5.427008139777084e-11  5.133748077310545e-11
  8.050000000000006e-01  -2.857605848659456e-04  -3.802519501289551e-04  -4.562799882440313e-05  -2.138181805942746e-04  4.910248926866171e-05  8.774838727469266e-05  -5.983925615075899e-11  -4.417045003076318e-11  5.351848601496253e-11
  8.100000000000006e-01  -2.483772420989467e-04  -3.204368888863945e-04  -1.268905786058540e-05  -2.105428311847007e-04  4.175502694347581e-05  7.809376458975742e-05  -5.790040204716959e-11  -3.706302743708048e-11  5.174732216955465e-11
  8.150000000000006e-01  -2.164816711591953e-04  -2.181192216526258e-04  3.927101647107908e-05  -1.739645016186207e-04  1.883038082348361e-05  3.990894629157709e-05  -5.763099729358206e-11  -2.420791664524609e-11  5.137591061209177e-11
  8.200000000000006e-01  -1.399742559112629e-04  -5.442752273215545e-05  1.278961263291112e-04  -1.108351412703717e-04  -2.257007652263813e-05  -1.459696616205173e-05  -5.017704538396668e-11  -4.120274733543911e-12  4.458250613614339e-11
  8.250000000000006e-01  -8.620529061419919e-05  7.562964957609235e-05  1.654135108949756e-04  -5.471963900742030e-05  -4.476299380320241e-05  -5.546070748520822e-05  -4.268061083619404e-11  1.284081347866769e-11  3.664948405493470e-11
  8.300000000000006e-01  1.377111751845225e-05  2.522926929288767e-04  2.374969409274920e-04  2.356796870358045e-05  -8.202467104465317e-05  -1.104614327772982e-04  -2.712477648465335e-11  3.487515172908530e-11  2.193584010055450e-11
  8.350000000000006e-01  8.911654146249921e-05  3.921380674599373e-04  2.534365171717545e-04  8.866134430600128e-05  -9.838737451767466e-05  -1.446348883788340e-04  -1.201030388363250e-11  5.337736970361297e-11  6.767476091221182e-12
  8.400000000000006e-01  2.125935765362520e-04  5.969200817549402e-04  3.669911823129447e-04  1.472748956000381e-04  -1.414493809654192e-04  -1.960575604499151e-04  -1.949506174578327e-12  7.204516766224012e-11  4.480051245657913e-12
  8.450000000000006e-01  3.289121785719447e-04  7.598360055005377e-04  4.113641850614441e-04  2.321025611193924e-04  -1.696530786658629e-04  -2.431202625428934e-04  2.121261489321117e-11  9.205496790394023e-11  -1.671657219524024e-11
  8.500000000000006e-01  4.061709630198864e-04  8.646067356738548e-04  3.892857032356264e-04  2.921926253036650e-04  -1.725474723690622e-04  -2.599733698957421e-04  4.121942076116766e-11  1.057668721385518e-10  -3.542839939076719e-11
  8.550000000000006e-01  5.011639682328565e-04  9.542545908478816e-04  3.782840733109901e-04  3.531091814838185e-04  -1.760086978835420e-04  -2.784797165169695e-04  6.555548250225852e-11  1.170965902910159e-10  -5.741712332299528e-11
  8.600000000000007e-01  5.682412067309628e-04  1.003894732067695e-03  3.289325907724462e-04  3.915572545011386e-04  -1.652271412961341e-04  -2.715061966603985e-04  8.629703135808715e-11  1.236199510945220e-10  -7.576844980075125e-11
  8.650000000000007e-01  6.257495592745210e-04  1.004870477130121e-03  2.709902267306283e-04  4.164819783006734e-04  -1.449651602163396e-04  -2.578689613110993e-04  1.065547164552240e-10  1.235599205105339e-10  -9.267874784744001e-11
  8.700000000000007e-01  6.546580589975106e-04  1.049332650458726e-03  2.822627888262217e-04  4.547781156175178e-04  -1.577965180921406e-04  -2.764748440719196e-04  1.108241950068809e-10  1.254072620898704e-10  -9.183801880419688e-11
  8.750000000000007e-01  6.622086632836712e-04  9.723692755258794e-04  1.862593400955882e-04  4.487707342751519e-04  -1.252620965713605e-04  -2.327678638427401e-04  1.245322465560411e-10  1.168699002857918e-10  -1.036929980444077e-10
  8.800000000000007e-01  6.207144721856012e-04  8.054152237501162e-04  5.314296783615881e-05  4.102247312839221e-04  -7.042263370150114e-05  -1.696551192130968e-04  1.311012165216575e-10  9.706948652500030e-11  -1.083106318745905e-10
  8.850000000000007e-01  5.897232484032941e-04  6.558652048833188e-04  -3.171908547353867e-05  3.668261182757737e-04  -3.367551684684197e-05  -1.088928350191106e-04  1.348384647657075e-10  7.763981071320020e-11  -1.084670571031932e-10
  8.900000000000007e-01  4.886827287421038e-04  4.105401173706965e-04  -1.665081000248359e-04  2.845476583361275e-04  2.903390475570009e-05  -2.469692665693695e-05  1.271075088883448e-10  4.653643686506665e-11  -9.777853300150161e-11
  8.950000000000007e-01  4.123778381255950e-04  2.012973866316864e-04  -2.210664947445158e-04  2.079570610108820e-04  6.224055725278766e-05  4.056664545006768e-05  1.171188395551573e-10  1.731765119765722e-11  -8.294911710820198e-11
  9.000000000000007e-01  2.416889717309555e-04  -8.116610693013605e-05  -3.955228387937870e-04  1.478586520541922e-04  1.173553014635521e-04  1.102663736371568e-04  1.045170472621025e-10  -9.531957296797687e-12  -8.020854526830715e-11
  9.050000000000007e-01  5.199210768625060e-05  -4.243517644695400e-04  -5.301873086406417e-04  1.127956275818380e-05  1.877766739045848e-04  2.154044785629824e-04  7.688597997704341e-11  -5.268204054669025e-11  -5.222446527288900e-11
  9.100000000000007e-01  -7.487222235003764e-05  -6.742900852074607e-04  -5.369133084972386e-04  -9.563105517208056e-05  2.095431928977665e-04  2.767864995789541e-04  5.144840845788251e-11  -8.695148170426151e-11  -2.490788589606149e-11
  9.150000000000007e-01  -2.865507472586595e-04  -9.897328201937830e-04  -6.062776286790101e-04  -2.359911535729392e-04  2.547694791212399e-04  3.599214793586520e-04  1.088261372035916e-11  -1.280787715161941e-10  1.392098607224355e-11
  9.200000000000007e-01  -4.430359927985706e-04  -1.221406297898809e-03  -5.676601052163320e-04  -3.419030017508924e-04  2.582429513580134e-04  3.947890098838444e-04  -2.701343048403124e-11  -1.605721525520034e-10  4.994393347171190e-11
  9.250000000000007e-01  -6.474239094550742e-04  -1.555303706889050e-03  -7.177588257898681e-04  -4.541324766471518e-04  3.206160551689268e-04  4.831904288320916e-04  -4.548014006553750e-11  -1.902636440976909e-10  5.066421186107706e-11
  9.300000000000007e-01  -8.460057770606716e-04  -1.766825738701371e-03  -6.914511262855676e-04  -5.755420567633080e-04  3.287236258721811e-04  5.227647735966042e-04  -9.411416159809463e-11  -2.191163119413497e-10  9.261876779252603e-11
  9.350000000000007e-01  -9.824076332518178e-04  -1.879963630813103e-03  -5.790672162628185e-04  -6.502418467046822e-04  3.004073916968897e-04  5.100943515857426e-04  -1.364608251732979e-10  -2.362002082857153e-10  1.269944291879556e-10
  9.400000000000007e-01  -1.135654362989162e-03  -1.945695535809362e-03  -4.852222897803395e-04  -7.148141578058572e-04  2.668288930901640e-04  4.939947251355090e-04  -1.828324861049410e-10  -2.457040627146516e-10  1.595483405574564e-10
  9.450000000000007e-01  -1.257050328394204e-03  -1.955730933810572e-03  -3.786011711332139e-04  -7.437636018552776e-04  2.246989971358319e-04  4.450142117762950e-04  -2.226194452275112e-10  -2.467900241924694e-10  1.832125990313902e-10
  9.500000000000007e-01  -1.337090930545050e-03  -1.856464075398651e-03  -2.448544164971910e-04  -7.399403424290258e-04  1.589210660403840e-04  3.784706907071612e-04  -2.565594639261003e-10  -2.331727214706560e-10  1.964219017665532e-10
  9.550000000000007e-01  -1.308879852762816e-03  -1.787872800617014e-03  -1.247832371736959e-04  -7.756663948667898e-04  1.382771368686636e-04  3.665230658860588e-04  -2.576773225129516e-10  -2.233470800481846e-10  1.931301003275407e-10
  9.600000000000007e-01  -1.328043839188677e-03  -1.583217780740754e-03  -9.206034552137743e-06  -7.256738541863732e-04  7.695425109675894e-05  2.679418155445102e-04  -2.794331243084730e-10  -1.969804267532853e-10  1.978194548102527e-10
  9.650000000000007e-01  -1.222423736544057e-03  -1.190464990586500e-03  1.945286410862445e-04  -6.126187164937607e-04  -3.187547895961445e-05  1.314857448886874e-04  -2.819672479752919e-10  -1.476415852092909e-10  1.836898792352607e-10
  9.700000000000008e-01  -1.145929873959188e-03  -8.541877803647975e-04  2.630068688353979e-04  -5.073229326844808e-04  -8.680441398547328e-05  2.164004894649195e-05  -2.776673104869567e-10  -1.015701427374873e-10  1.634878978620733e-10
  9.750000000000008e-01  -9.017063263411042e-04  -3.202288884761754e-04  4.571817263096076e-04  -3.365554083351377e-04  -1.929766021395281e-04  -1.306360866917781e-04  -2.467732032794888e-10  -3.315340799841046e-11  1.232627127702277e-10
  9.800000000000008e-01  -6.903674414438350e-04  1.317662247196188e-04  4.993713536422386e-04  -1.911265775346193e-04  -2.341958586853560e-04  -2.354163055977947e-04  -2.082798129095494e-10  2.903946459616981e-11  7.896859516268188e-11
  9.850000000000008e-01  -3.482976175469278e-04  6.831676276060122e-04  7.540117631323232e-04  -4.577517753981883e-05  -3.422530304907086e-04  -3.736779147264507e-04  -1.792348516283040e-10  8.208580876095070e-11  7.703252936218869e-11
  9.900000000000008e-01  1.042341056386252e-04  1.374094967231476e-03  9.413741019372513e-04  1.989546379854184e-04  -4.470488343320328e-04  -5.421631322778516e-04  -1.043255857515356e-10  1.680879009867954e-10  1.386088306630382e-11
  9.950000000000008e-01  4.638747201535544e-04  1.876479864748227e-03  9.360330181412941e-04  3.750070946638072e-04  -4.638691531192462e-04  -6.295615834955493e-04  -3.141995424880803e-11  2.338158822880359e-10  -4.374999132298439e-11
  1.000000000000001e+00  1.000537684674715e-03  2.428429552121155e-03  9.814650384140746e-04  5.776521977269347e-04  -4.718024500689878e-04  -7.104882677820571e-04  8.936077465786984e-11  3.104222762674334e-10  -1.345051068203791e-10
  1.005000000000001e+00  1.444498521695588e-03  3.070983906894321e-03  1.201890144744972e-03  8.138442727603443e-04  -6.038791427787452e-04  -8.841870799270902e-04  1.312454230542400e-10  3.690021854574927e-10  -1.389692141310053e-10
  1.010000000000000e+00  1.918227549655906e-03  3.489853599238265e-03  1.192999840551588e-03  9.932223872520806e-04  -5.949433187831511e-04  -9.375689517790300e-04  2.340993536862783e-10  4.254925653901143e-10  -2.028349775008095e-10
  1.015000000000000e+00  2.297238733843935e-03  3.727968489657704e-03  1.101821701379826e-03  1.094903463559331e-03  -5.423727140528109e-04  -9.216088202646143e-04  3.241699893725599e-10  4.588334293035055e-10  -2.538487042503204e-10
  1.020000000000000e+00  2.724790448186589e-03  3.875379207329758e-03  1.067012062769065e-03  1.220116958878742e-03  -4.942951136240903e-04  -9.353697031010095e-04  4.269933373004801e-10  4.798770776408921e-10  -3.053232915003298e-10
  1.025000000000000e+00  3.024066875486177e-03  3.864639521626497e-03  9.914990301653360e-04  1.271807107816623e-03  -4.355975083383297e-04  -8.820775167091214e-04  5.024414301636106e-10  4.800010641051207e-10  -3.365410973222245e-10
  1.030000000000000e+00  3.129159413714159e-03  3.967696491613125e-03  9.627781316973076e-04  1.388836438189365e-03  -4.495636589664127e-04  -9.415514774065851e-04  5.133863188535258e-10  4.808479991278274e-10  -3.354894066209205e-10
  1.035000000000000e+00  3.106571462468545e-03  3.461981930742446e-03  6.617227388953495e-04  1.321811636015342e-03  -2.882321372349812e-04  -7.906155509172818e-04  5.538117479770072e-10  4.296130924744465e-10  -3.484083943415255e-10
  1.040000000000000e+00  2.986584432017776e-03  2.911641949796182e-03  4.130694544711082e-04  1.220453534593988e-03  -1.673102664115432e-04  -6.125317319461831e-04  5.669115621941642e-10  3.715941421122029e-10  -3.443079553937877e-10
  1.045000000000000e+00  2.548417073187937e-03  1.965081941809862e-03  -8.059345731975104e-05  1.013008585784575e-03  4.797815092864309e-05  -3.498229368010973e-04  5.353105743400279e-10  2.679430161944166e-10  -3.085642555465095e-10
  1.050000000000000e+00  2.074206286425594e-03  1.105215885062779e-03  -4.046856594278287e-04  8.136675390433034e-04  1.767472755822518e-04  -1.084799325996714e-04  4.791291830803767e-10  1.684927250812958e-10  -2.563309218947939e-10
  1.054999999999999e+00  1.288376784903477e-03  -6.993121826588080e-05  -9.192348309238184e-04  5.111691392763951e-04  3.768705635918290e-04  2.020676468597803e-04  3.743760102202486e-10  3.084926720216075e-11  -1.750090438547744e-10
  1.059999999999999e+00  4.031508592050342e-04  -1.281140788034847e-03  -1.500824292811519e-03  1.534527302716804e-04  6.885631229158849e-04  5.142515476590153e-04  2.956115109784385e-10  -8.903530173916280e-11  -1.568304747067442e-10
  1.064999999999999e+00  -4.698254459791286e-04  -2.387633780683430e-03  -1.853808716967635e-03  -1.652645459248019e-04  8.275636742471631e-04  8.244059282184527e-04  1.702755992113879e-10  -2.166876245924641e-10  -6.597809143446115e-11
  1.069999999999999e+00  -1.630774689740095e-03  -3.727804991568584e-03  -2.378636751229103e-03  -6.033019106310492e-04  1.036134283933966e-03  1.207863863599920e-03  -6.401095934634425e-12  -3.777448109015321e-10  5.725471095285027e-11
  1.074999999999999e+00  -2.592348473989689e-03  -4.673708526063832e-03  -2.613752811048544e-03  -9.194866525822680e-04  1.118800463210851e-03  1.465026491277898e-03  -1.665750263746772e-10  -4.990506780412832e-10  1.729058462935040e-10
  1.079999999999999e+00  -3.689951207540626e-03  -5.625285827618719e-03  -2.864086139048758e-03  -1.325455765148738e-03  1.219679713297955e-03  1.755919597473757e-03  -3.611078229092124e-10  -6.288173887222426e-10  3.053523310298913e-10
  1.084999999999999e+00  -4.516260193226750e-03  -6.194695706600500e-03  -2.882009940650005e-03  -1.593619547477419e-03  1.236234378886481e-03  1.898652450949573e-03  -5.171995443786477e-10  -7.181085165887321e-10  4.181203824340482e-10
  1.089999999999999e+00  -5.365520409585493e-03  -7.329377399753812e-03  -3.540197212072136e-03  -2.024543982106579e-03  1.566555333009643e-03  2.342805860553004e-03  -5.805107569528882e-10  -8.024570743924348e-10  4.364364278532700e-10
  1.094999999999999e+00  -5.896931348829310e-03  -7.368677197411812e-03  -3.335717673065010e-03  -2.244473465045435e-03  1.483583022407726e-03  2.424611604197514e-03  -7.248044921410136e-10  -8.409191942051954e-10  5.518137152495980e-10
  1.099999999999999e+00  -6.045597447193529e-03  -7.008974863766131e-03  -2.910123308634355e-03  -2.297331998109183e-03  1.335434818752505e-03  2.327563851547238e-03  -8.079671635451188e-10  -8.357836897713098e-10  6.294142579607033e-10
  1.104999999999998e+00  -5.906624720089424e-03  -6.193976920015933e-03  -2.246222791863122e-03  -2.303242999578658e-03  1.104958360648270e-03  2.155057515934820e-03  -8.682924619327259e-10  -7.831299430092665e-10  6.911863511155589e-10
  1.109999999999998e+00  -5.422084369038499e-03  -5.176526373914999e-03  -1.495020175377937e-03  -2.174835739773695e-03  8.735910753020043e-04  1.829779470491963e-03  -8.621740004310814e-10  -7.028159755697907e-10  7.044454848325248e-10
  1.114999999999998e+00  -4.559923027394833e-03  -3.671247637533512e-03  -5.375437547101188e-04  -1.934759616733638e-03  5.572178552696242e-04  1.419740218194034e-03  -8.097279016084671e-10  -5.615330277875130e-10  6.862741335617396e-10
  1.119999999999998e+00  -3.249298011897486e-03  -2.150410951736384e-03  2.070773206132103e-04  -1.489369750668332e-03  1.255917157237729e-04  1.126523934928826e-03  -6.883527570145277e-10  -3.959335611487738e-10  6.568375998966529e-10
  1.124999999999998e+00  -1.737048995725844e-03  -1.736930031394862e-04  1.436021141497126e-03  -9.909973516801702e-04  -3.099672764631587e-04  4.275412430594891e-04  -5.551269973485106e-10  -2.120677657248976e-10  5.804930281450872e-10
  1.129999999999998e+00  2.194782460449976e-04  2.271964770472383e-03  2.864416559340071e-03  -2.844123926062534e-04  -8.575884977410717e-04  -4.135845327351963e-04  -3.484066128617213e-10  4.270037391543174e-11  4.426738766636277e-10
  1.134999999999998e+00  2.059440776086824e-03  4.268682888644167e-03  3.969980188289470e-03  3.590025380293070e-04  -1.269067612322304e-03  -1.197043846731443e-03  -1.360634908067461e-10  2.599941363629025e-10  2.715951286796154e-10
  1.139999999999998e+00  4.210037543179850e-03  6.461894517638904e-03  5.039248795227674e-03  1.224732036410035e-03  -1.738322893950407e-03  -2.070216590349945e-03  1.498537968563161e-10  5.259278718398902e-10  3.794149929084057e-11
  1.144999999999998e+00  6.778753390944114e-03  9.677805132799991e-03  7.241364294888189e-03  2.267434502279769e-03  -2.786942568001898e-03  -3.160028779568857e-03  3.412097197818281e-10  7.985531730045109e-10  -4.002770372805730e-11
  1.149999999999997e+00  8.462882671406685e-03  1.113147676748721e-02  7.960149591561137e-03  2.949474955716689e-03  -3.124959558920718e-03  -3.944481371778404e-03  5.701419075376680e-10  9.777001623312925e-10  -2.852636740417889e-10
  1.154999999999997e+00  1.008896298041708e-02  1.233106412392280e-02  8.401466929777874e-03  3.751961115967831e-03  -3.425598343228764e-03  -4.700012188069835e-03  8.474430753380512e-10  1.162212653202327e-09  -5.924088569752112e-10
  1.159999999999997e+00  1.099599512425340e-02  1.267168109338598e-02  8.211855929163387e-03  4.232084990468845e-03  -3.524726765211455e-03  -5.089683781557636e-03  1.033193090009678e-09  1.261646876783771e-09  -8.622987175770665e-10
  1.164999999999997e+00  1.161952195719029e-02  1.244162307429612e-02  7.589521877886475e-03  4.721508278605365e-03  -3.519450770658003e-03  -5.364824847601182e-03  1.235784236475351e-09  1.319903572729490e-09  -1.160417028545132e-09
  1.169999999999997e+00  1.149171888526936e-02  1.158182571349701e-02  6.494016179348414e-03  4.847745817032969e-03  -3.376679257740437e-03  -5.226492668463516e-03  1.322406203286688e-09  1.306411014340573e-09  -1.380258873851918e-09
  1.174999999999997e+00  1.128267134983297e-02  1.170058629715622e-02  7.419948479853929e-03  4.917548294357355e-03  -3.708316823429642e-03  -5.899339469831009e-03  1.248653883126612e-09  1.229172133049455e-09  -1.413861353095974e-09
  1.179999999999997e+00  9.590470870374903e-03  8.824222362962965e-03  5.126991474539287e-03  4.468325440913532e-03  -3.039715185793944e-03  -5.200559864039895e-03  1.224007148503709e-09  1.018588192229284e-09  -1.594351686753362e-09
  1.184999999999997e+00  7.379937753300591e-03  5.773425869420568e-03  2.632670990380834e-03  3.727076158199261e-03  -2.326571610576987e-03  -4.149172469267355e-03  1.107182036677590e-09  7.852871629133416e-10  -1.672054119369627e-09
  1.189999999999997e+00  4.482301492049487e-03  1.819633236646368e-03  -2.255818067639425e-04  2.619884725857926e-03  -1.392219579434546e-03  -2.803959984644326e-03  9.063299313312888e-10  4.326927263774605e-10  -1.666230313223097e-09
  1.194999999999997e+00  1.397150371552127e-03  -1.815687985429646e-03  -2.895919322782974e-03  1.354017493768066e-03  -5.161194916229668e-04  -1.281258321033605e-03  6.436898535919145e-10  9.983397406519955e-11  -1.541392486627263e-09
  1.199999999999996e+00  -2.292008769635397e-03  -6.080034639802939e-03  -5.512083566856282e-03  -3.444459077453022e-04  5.147430951154374e-04  4.392497043052089e-04  2.653046538450638e-10  -3.437566595119844e-10  -1.295981708467013e-09
  1.204999999999996e+00  -7.549683703208186e-03  -1.216681600052118e-02  -9.625888603575524e-03  -2.330162141110789e-03  2.276094974280631e-03  2.180429437829693e-03  -1.534688804443119e-10  -9.076124745322020e-10  -1.150633244920210e-09
  1.209999999999996e+00  -1.137881014615799e-02  -1.614536039974738e-02  -1.242823958619126e-02  -4.133361218187006e-03  3.433697730751974e-03  4.237482738828967e-03  -5.380985518966346e-10  -1.285096212473423e-09  -7.814926921914557e-10
  1.214999999999996e+00  -1.540653662233179e-02  -2.014595008618985e-02  -1.479211078557704e-02  -6.254126427134019e-03  4.625961431796465e-03  6.348367488178653e-03  -1.045019708005026e-09  -1.723372368089950e-09  -2.469926674912996e-10
  1.219999999999996e+00  -1.852940317849176e-02  -2.277723189964765e-02  -1.611694478056513e-02  -7.926813201360104e-03  5.506616208396671e-03  7.971380862525459e-03  -1.465055421102169e-09  -2.023021744436647e-09  3.209213985888476e-10
  1.224999999999996e+00  -2.159448213761602e-02  -2.487522859003385e-02  -1.667278152240965e-02  -9.740375018755344e-03  6.293147116722050e-03  9.471758652209802e-03  -1.994794800574838e-09  -2.317286088371033e-09  1.031915127253538e-09
  1.229999999999996e+00  -2.353495453798747e-02  -2.571614413415185e-02  -1.623908901919715e-02  -1.088324599676320e-02  6.780390035330661e-03  1.025877330975978e-02  -2.377211115693395e-09  -2.471814248610132e-09  1.694046218847925e-09
  1.234999999999996e+00  -2.637907308869265e-02  -2.952173310578283e-02  -2.101083409539624e-02  -1.216689364526379e-02  8.631669157444035e-03  1.272216677323634e-02  -2.477099306738680e-09  -2.635499621578057e-09  1.879548765170930e-09
  1.239999999999996e+00  -2.619846989275955e-02  -2.733333921017568e-02  -1.873354491562561e-02  -1.252048893817900e-02  8.460360268906822e-03  1.283447102982876e-02  -2.771163427243031e-09  -2.499841626534687e-09  2.611368791350408e-09
  1.244999999999995e+00  -2.487977251549649e-02  -2.419984006772942e-02  -1.557636168785623e-02  -1.211793879983176e-02  8.022883204166711e-03  1.210141836961135e-02  -2.900121715281979e-09  -2.268544565929804e-09  3.205306188906587e-09
  1.249999999999995e+00  -2.248046542390562e-02  -1.919469866759083e-02  -1.143608548900619e-02  -1.110891944886759e-02  7.136585098392528e-03  1.081850648019055e-02  -2.969478390253767e-09  -1.844944147702406e-09  3.762653532906327e-09
  1.254999999999995e+00  -1.919434496482542e-02  -1.393117088897402e-02  -6.987387574846941e-03  -9.455063577109256e-03  6.132733866470778e-03  8.843477356943829e-03  -2.860063248544013e-09  -1.390651135473680e-09  4.089363379093151e-09
  1.259999999999995e+00  -1.466641560306318e-02  -6.822655616161236e-03  -2.170092935315980e-03  -7.016203511880876e-03  4.717527821744567e-03  6.432970181584906e-03  -2.593148635950980e-09  -7.145837580566192e-10  4.273360720594958e-09
  1.264999999999995e+00  -6.786891130418787e-03  2.032755634335311e-03  2.267400206740963e-03  -4.197448731963310e-03  3.158769125645153e-03  4.924397785666233e-03  -1.863164348078922e-09  2.753928204478743e-10  4.167974669786042e-09
  1.269999999999995e+00  -1.473289999807584e-04  1.056193090069624e-02  8.680348544910546e-03  -8.131707069640540e-04  1.124183365020101e-03  1.220036392828374e-03  -1.362228260681638e-09  1.014608029212320e-09  4.025146349427247e-09
  1.274999999999995e+00  7.919824884343982e-03  2.076922722210988e-02  1.520978795680023e-02  3.478485224299756e-03  -1.364096581965914e-03  -2.954491516185358e-03  -5.675651130170045e-10  1.989509470651129e-09  3.561860882706455e-09
  1.279999999999995e+00  1.532977993854228e-02  2.907023062886189e-02  2.027390872200574e-02  7.342137868593584e-03  -3.415793758580148e-03  -6.732411923901118e-03  2.507229699396506e-10  2.742831977997616e-09  2.868081176539622e-09
  1.284999999999995e+00  2.406143309682213e-02  3.821720205800171e-02  2.476312246974705e-02  1.193997212022911e-02  -5.728862960696023e-03  -1.070080520158547e-02  1.430402717097382e-09  3.659188184867411e-09  1.802761554460210e-09
  1.289999999999994e+00  3.592326701300946e-02  5.233282271887951e-02  3.623293630226500e-02  1.648264650392162e-02  -9.570624222085478e-03  -1.572075438609891e-02  2.276403513959697e-09  4.867124883537226e-09  1.458067079548680e-09
  1.294999999999994e+00  4.279148828414402e-02  5.827969543228105e-02  3.918067471612199e-02  1.990214279394787e-02  -1.141179162941042e-02  -1.911383488098557e-02  3.285395895110167e-09  5.346934856832317e-09  2.119408749534249e-10
  1.299999999999994e+00  4.992194129631152e-02  6.330057121801504e-02  4.076649148544277e-02  2.346490378178195e-02  -1.312234970104386e-02  -2.219485426052632e-02  4.608938632957313e-09  5.819424274277530e-09  -1.408351641610354e-09
  1.304999999999994e+00  5.493728530705937e-02  6.541354162195849e-02  3.978593769008834e-02  2.550885978608785e-02  -1.406067516870541e-02  -2.362982868445857e-02  5.715738127965336e-09  5.987469188821815e-09  -2.979337637604111e-09
  1.309999999999994e+00  5.962796280420095e-02  6.535793807906162e-02  3.740187135560958e-02  2.725451366623158e-02  -1.463943440413482e-02  -2.456471899323582e-02  7.031108175906632e-09  6.001656244697954e-09  -4.793750079161906e-09
  1.314999999999994e+00  6.199207656400915e-02  6.304613925481790e-02  3.294803396665424e-02  2.741471741511537e-02  -1.459401998720431e-02  -2.373444489012641e-02  8.003650241241875e-09  5.796386417524999e-09  -6.341641248011241e-09
  1.319999999999994e+00  6.236377861263501e-02  6.335764947739955e-02  3.801564505155410e-02  2.793391853515117e-02  -1.642338803117397e-02  -2.696455503244202e-02  7.759467204612773e-09  5.371422038643705e-09  -6.633726903897370e-09
  1.324999999999994e+00  5.925340774849400e-02  5.272910977067416e-02  2.896141729481776e-02  2.576141104287735e-02  -1.468620709953138e-02  -2.403416901391594e-02  8.388331935389500e-09  4.364396745988076e-09  -8.139887486583131e-09
  1.329999999999994e+00  5.440922026200741e-02  4.163150573684279e-02  1.902738707603480e-02  2.261378727210893e-02  -1.277430440144109e-02  -1.971196455434044e-02  8.677375879784346e-09  3.396422198311843e-09  -9.227257294067437e-09
  1.334999999999994e+00  4.642844103075380e-02  2.570238150613099e-02  7.771012808730593e-03  1.793907911887867e-02  -9.865138008616816e-03  -1.434914980568112e-02  8.558126376130216e-09  1.925658601286126e-09  -9.982324610006714e-09
  1.339999999999993e+00  3.721047072361029e-02  1.073445818494490e-02  -2.933106993170222e-03  1.299787670478904e-02  -7.206719561894642e-03  -8.375591683446463e-03  8.056555225258792e-09  6.469026753382772e-10  -1.017044926186701e-08
  1.344999999999993e+00  2.398640324896965e-02  -8.765892235406221e-03  -1.404871222855795e-02  6.339727230748837e-03  -3.579976752064575e-03  -1.576458075315706e-03  6.839025832760841e-09  -1.152120612595517e-09  -9.781919458818079e-09
  1.349999999999993e+00  3.453453033470658e-03  -3.299698633966510e-02  -2.997320754486220e-02  -6.756911028544551e-04  5.807445908230972e-04  4.557475552396124e-03  5.110627144580089e-09  -3.716866356007354e-09  -9.479324478712991e-09
  1.354999999999993e+00  -1.232615929133364e-02  -5.197634870479675e-02  -4.182710248797215e-02  -7.334969367460688e-03  4.229399543050999e-03  1.252662946478564e-02  3.499835254156468e-09  -5.217206081969028e-09  -8.419344068386050e-09
  1.359999999999993e+00  -3.262226013397149e-02  -7.466613944827685e-02  -5.390243266024351e-02  -1.586552446358358e-02  8.929313639924502e-03  2.130470152207898e-02  8.731653233894202e-10  -7.224694192508411e-09  -6.456316807332091e-09
  1.364999999999993e+00  -5.063044422951372e-02  -9.180220887691044e-02  -6.105902778723212e-02  -2.221453906795523e-02  1.208101286283380e-02  2.786843554838520e-02  -1.752047988529956e-09  -8.593931362358309e-09  -4.149978230824432e-09
  1.369999999999993e+00  -7.272926078652550e-02  -1.104480119903153e-01  -6.799162543343149e-02  -3.013839637004489e-02  1.603316316949589e-02  3.496042417876234e-02  -5.432617245418781e-09  -1.027556566416994e-08  -9.367018501779872e-10
  1.374999999999993e+00  -9.116380371323982e-02  -1.232572414621909e-01  -6.922786348622896e-02  -3.532410514274734e-02  1.829492171783370e-02  3.883871537402066e-02  -8.836235890601383e-09  -1.136989943686261e-08  2.312961287908682e-09
  1.379999999999993e+00  -1.119684168006866e-01  -1.451973622010962e-01  -9.004895327082535e-02  -4.255392287886759e-02  2.368263581119807e-02  4.947208088778162e-02  -1.015347273441818e-08  -1.292884427025291e-08  2.985802035209391e-09
  1.384999999999992e+00  -1.292067109872430e-01  -1.517780218227359e-01  -8.844238026931707e-02  -4.753392929742496e-02  2.575303638111783e-02  5.294111064059087e-02  -1.407308339771360e-08  -1.343961663415454e-08  7.050854615897591e-09
  1.389999999999992e+00  -1.406041575069877e-01  -1.518258865263895e-01  -8.004985323588405e-02  -4.944713157847511e-02  2.596046206113845e-02  5.225480865814030e-02  -1.734389312314845e-08  -1.341163430449687e-08  1.069883232663258e-08
  1.394999999999992e+00  -1.509224959717941e-01  -1.467674868873549e-01  -7.090368047527124e-02  -5.120972177419241e-02  2.596665325011461e-02  5.101930753483887e-02  -2.085707667891861e-08  -1.301414397426763e-08  1.464735376468101e-08
  1.399999999999992e+00  -1.549053719795457e-01  -1.370269719169680e-01  -5.649391008607251e-02  -5.058131281860145e-02  2.464086042058869e-02  4.603491846210912e-02  -2.341642958611624e-08  -1.233974174778644e-08  1.773807366017385e-08
  1.404999999999992e+00  -1.502225395234905e-01  -1.290435827528644e-01  -5.534657490928783e-02  -5.018053181703691e-02  2.517857163267794e-02  4.888217913393833e-02  -2.265769491122290e-08  -1.066696703520169e-08  1.813946283314789e-08
  1.409999999999992e+00  -1.413104276901860e-01  -1.022978418529645e-01  -3.285432235059348e-02  -4.570134159301452e-02  2.133846059151156e-02  3.957501748146444e-02  -2.409271804062672e-08  -8.392646265814702e-09  2.078979253401737e-08
  1.414999999999992e+00  -1.276138504802786e-01  -7.554631038530316e-02  -8.879579416273648e-03  -4.068078412965307e-02  1.737759938554699e-02  2.806768732879470e-02  -2.457163249490907e-08  -6.436747733272203e-09  2.233390420248881e-08
  1.419999999999992e+00  -1.051924187006054e-01  -3.869175892696702e-02  1.623175008926961e-02  -3.275374058375893e-02  1.167096124979598e-02  1.474359493262467e-02  -2.356198018465017e-08  -3.405314505450734e-09  2.276989940291868e-08
  1.424999999999992e+00  -8.006582567656381e-02  -5.237732282444490e-03  3.864721753476717e-02  -2.588421026676905e-02  6.968075299112497e-03  1.496670046462897e-03  -2.162532866225619e-08  -9.647560254515598e-10  2.198223452991526e-08
  1.429999999999992e+00  -4.418547972501143e-02  3.752997639569894e-02  6.202373621681494e-02  -1.522786188662460e-02  3.457524263394339e-05  -1.365619708777368e-02  -1.754821289572064e-08  2.600537740027059e-09  1.957574350360039e-08
  1.434999999999991e+00  1.378879577218815e-03  8.733145763417824e-02  1.007176181716138e-01  -2.733296774743086e-03  -7.334410451018040e-03  -2.946858736519538e-02  -1.407424146226976e-08  7.602018851622827e-09  1.901459660755942e-08
  1.439999999999991e+00  4.023995473730346e-02  1.248134894741721e-01  1.197050097615149e-01  6.107178702381998e-03  -1.256868156375276e-02  -4.452829860462953e-02  -9.244787734143896e-09  1.020736034324746e-08  1.539502472982012e-08
  1.444999999999991e+00  9.019441162452853e-02  1.700606411429078e-01  1.403740203991030e-01  1.974107544197513e-02  -2.077203331321982e-02  -6.160233946654309e-02  -1.845666851444506e-09  1.396188488718199e-08  9.660756849849588e-09
  1.449999999999991e+00  1.324458383760674e-01  2.018793146831773e-01  1.467879787056692e-01  2.846673595829323e-02  -2.494452041846894e-02  -7.224956352179036e-02  5.324712250156061e-09  1.642402017425988e-08  3.595052705887339e-09
  1.454999999999991e+00  1.836673146882882e-01  2.370820884077186e-01  1.558850216132978e-01  4.170284801159448e-02  -3.196664360237616e-02  -8.471854732844732e-02  1.477657382261106e-08  1.964635201123313e-08  -4.372787872908563e-09
  1.459999999999991e+00  2.234802516813789e-01  2.585064687111012e-01  1.488898044136336e-01  4.986597822339015e-02  -3.458039745036111e-02  -8.912982680010448e-02  2.328610792078063e-08  2.178817932307793e-08  -1.188363202162078e-08
  1.464999999999991e+00  2.620471789980700e-01  2.944481191748121e-01  1.779506952759776e-01  6.200035918844449e-02  -4.102110314442763e-02  -1.082866178672487e-01  2.576172789732112e-08  2.405059965950476e-08  -1.295384160026253e-08
  1.469999999999991e+00  2.975888779811197e-01  3.042732319511852e-01  1.663946815404396e-01  7.185796256492016e-02  -4.488328789046658e-02  -1.114880964224799e-01  3.509453187681794e-08  2.532565707824623e-08  -2.187437312546957e-08
  1.474999999999991e+00  3.166016476581978e-01  2.991152706670479e-01  1.373950802843965e-01  7.657159228529262e-02  -4.384254693205372e-02  -1.053343009187084e-01  4.257294572707945e-08  2.561897088014629e-08  -2.929067152698147e-08
  1.479999999999990e+00  3.322892258327401e-01  2.862133536456435e-01  1.121654966595298e-01  8.253857420926104e-02  -4.403024251458040e-02  -9.893512834034003e-02  4.995052497270197e-08  2.546236715720425e-08  -3.682442598689622e-08
  1.484999999999990e+00  3.319424204935237e-01  2.630610558195832e-01  7.468800052484471e-02  8.522051814058496e-02  -4.072813775845970e-02  -8.508509794584461e-02  5.495854897956521e-08  2.484935613308075e-08  -4.210498279964262e-08
  1.489999999999990e+00  3.218008559090746e-01  2.281960377243339e-01  4.117917832915708e-02  8.656041580110893e-02  -3.696694123742976e-02  -7.027973019103778e-02  5.823932881943419e-08  2.311541178012357e-08  -4.618175967603473e-08
  1.494999999999990e+00  2.874225832822431e-01  1.913709284605159e-01  4.105315967886295e-03  8.296211761840924e-02  -3.313871118977457e-02  -6.273225239207111e-02  5.560143419645742e-08  1.855909866715230e-08  -4.652972254178629e-08
  1.499999999999990e+00  2.491440095289362e-01  1.394714731050954e-01  -4.576926339838420e-02  8.006985730640792e-02  -2.595866385349229e-02  -3.723762144196158e-02  5.542663792629705e-08  1.593363855959518e-08  -4.766995954795974e-08
  1.504999999999990e+00  1.938640085974954e-01  7.179570815098064e-02  -9.379114543560867e-02  7.199318033074198e-02  -1.604695473213333e-02  -8.879384618854239e-03  5.175413869486409e-08  1.144755914370654e-08  -4.607066174933298e-08
  1.509999999999990e+00  1.346801656283084e-01  1.131604126419553e-02  -1.329992772017244e-01  6.638014290647259e-02  -8.049460059995255e-03  1.767684743696935e-02  4.619005391827869e-08  7.879114699420713e-09  -4.206418652789233e-08
  1.514999999999990e+00  5.545937497740048e-02  -6.444990976952726e-02  -1.735356270588063e-01  5.307885563423664e-02  4.588757853397122e-03  4.782114742936180e-02  3.620489277456909e-08  2.155258502997706e-09  -3.449908668074994e-08
  1.519999999999990e+00  -1.926747609352584e-02  -1.265993777401168e-01  -1.952213459364849e-01  4.413840588901018e-02  1.246684058145589e-02  7.095109240689391e-02  2.521820885985077e-08  -2.478549111352484e-09  -2.536736684175173e-08
  1.524999999999989e+00  -1.125783724828378e-01  -2.135432236349924e-01  -2.704208238968969e-01  2.478849903876136e-02  2.498590341655956e-02  1.075295516153982e-01  1.885574688364242e-08  -9.872279980763355e-09  -2.397972230455591e-08
  1.529999999999989e+00  -2.096779385003704e-01  -2.896479009963689e-01  -2.962244595601168e-01  4.378460946414683e-03  4.001980657745443e-02  1.376045476040932e-01  3.033825373728777e-09  -1.646819744765518e-08  -1.043709523356071e-08
  1.534999999999989e+00  -2.861944983701641e-01  -3.383833657988199e-01  -2.892180926042421e-01  -8.073826706868077e-03  4.598389894121869e-02  1.537087638894007e-01  -1.183022107248876e-08  -2.098033128616928e-08  2.943070750030875e-09
  1.539999999999989e+00  -3.772588015744680e-01  -3.960212624815337e-01  -2.927037062335220e-01  -3.073465376777973e-02  5.923369319696926e-02  1.734486485302565e-01  -3.033504037270455e-08  -2.744226588542458e-08  1.948393638525397e-08
  1.544999999999989e+00  -4.410716334355886e-01  -4.260418008892100e-01  -2.614231775900344e-01  -4.576395992450988e-02  6.243847029658148e-02  1.770458339985577e-01  -4.644160032857960e-08  -3.213640129733849e-08  3.418975103917577e-08
  1.549999999999989e+00  -5.008264187424641e-01  -4.818875960404611e-01  -2.897988785862636e-01  -6.520147971669968e-02  7.170155389149821e-02  2.075352519064828e-01  -5.049714206290240e-08  -3.574987305235051e-08  3.631750365588879e-08
  1.554999999999989e+00  -5.536642623732100e-01  -4.987484383149495e-01  -2.555523463958887e-01  -8.682712014826156e-02  8.011941046574904e-02  2.082023461951868e-01  -6.738688203435044e-08  -4.015573222855847e-08  5.295269249858362e-08
  1.559999999999989e+00  -5.705692011080378e-01  -4.850438524222206e-01  -1.862147702026392e-01  -1.000328024277075e-01  7.672699170721417e-02  1.911233234552405e-01  -8.010117571296744e-08  -4.252181473479836e-08  6.562608880892850e-08
  1.564999999999989e+00  -5.834664058451775e-01  -4.678076051059415e-01  -1.343955455687470e-01  -1.181026226790625e-01  7.852326265188336e-02  1.749852250547718e-01  -9.204943541190355e-08  -4.502363639232651e-08  7.778374863717479e-08
  1.569999999999989e+00  -5.647283853720542e-01  -4.302087978680967e-01  -6.006772942501325e-02  -1.306860637004423e-01  7.171388245949886e-02  1.455813450341832e-01  -9.926226078719185e-08  -4.627058548745791e-08  8.506407039786383e-08
  1.574999999999988e+00  -5.320235972767606e-01  -3.818067853930593e-01  -1.141569647166157e-03  -1.427514843587427e-01  6.622696298409375e-02  1.156807953380985e-01  -1.031533256911055e-07  -4.616069129625889e-08  8.949323469010818e-08
  1.579999999999988e+00  -4.628880640800057e-01  -3.249819504811574e-01  8.259176444801913e-02  -1.422028155028128e-01  5.906846731765932e-02  9.790355026760779e-02  -9.901266577140948e-08  -4.057664221089975e-08  9.039344165269219e-08
  1.584999999999988e+00  -3.833742436665077e-01  -2.485922686038410e-01  1.639977056157811e-01  -1.470452628030821e-01  4.569554892880703e-02  5.070188662985082e-02  -9.685048118349326e-08  -3.851226851553488e-08  8.904601720101453e-08
  1.589999999999988e+00  -2.827249234456455e-01  -1.556827963089700e-01  2.331543177375045e-01  -1.448939153804282e-01  2.966536687361602e-02  1.171184107508852e-03  -8.928048816207323e-08  -3.377881261981210e-08  8.287482705644486e-08
  1.594999999999988e+00  -1.774593083649500e-01  -7.280678519984699e-02  2.855728236883818e-01  -1.442588438113580e-01  1.546610335187634e-02  -4.514560573606970e-02  -7.855995249764030e-08  -2.961294873178262e-08  7.258455671153342e-08
  1.599999999999988e+00  -4.620315094119314e-02  3.118384049195773e-02  3.371584412901696e-01  -1.312236422423041e-01  -6.256345674408218e-03  -9.544858573887105e-02  -6.145435556124875e-08  -2.170641143250234e-08  5.645852941092301e-08
  1.604999999999988e+00  7.315489425454180e-02  1.132051144122783e-01  3.546627524056309e-01  -1.222281081314650e-01  -2.003405149369638e-02  -1.339371015557821e-01  -4.312511881604247e-08  -1.487710829267256e-08  3.830462591458707e-08
  1.609999999999988e+00  2.193398198210623e-01  2.399846049132122e-01  4.686497284904991e-01  -9.854210502349725e-02  -4.281205118834629e-02  -1.924942314655261e-01  -3.383830317320866e-08  -4.671229531765695e-09  3.500151124927923e-08
  1.614999999999988e+00  3.644435423096902e-01  3.466872721720403e-01  4.893959561265453e-01  -6.967694460074683e-02  -7.018098868334006e-02  -2.391368889491563e-01  -9.028200693386389e-09  6.439061677172333e-09  9.855254123406483e-09
  1.619999999999987e+00  4.706401162693436e-01  4.089179204090820e-01  4.545885579268398e-01  -5.043755485755116e-02  -8.104167696514568e-02  -2.631137704583421e-01  1.365178958901697e-08  1.458531590242250e-08  -1.399846156946216e-08
  1.624999999999987e+00  5.977240058185965e-01  4.957959140840132e-01  4.459673216345869e-01  -1.249718684104322e-02  -1.068351093078512e-01  -2.925204817072875e-01  4.106325570215845e-08  2.713675421222664e-08  -4.238549489568402e-08
  1.629999999999987e+00  6.757833009188243e-01  5.372562705231460e-01  3.792238204031247e-01  1.553898422560558e-02  -1.133869265477820e-01  -2.959340266932156e-01  6.411992044442313e-08  3.681920740796397e-08  -6.668770834841526e-08
  1.634999999999987e+00  7.661248115608585e-01  5.963913728996588e-01  3.482944361802621e-01  5.930989400856827e-02  -1.336825274228496e-01  -3.048366356624894e-01  8.924726219284188e-08  4.938580417168058e-08  -9.286911885707798e-08
  1.639999999999987e+00  8.201602999209239e-01  6.611322627083560e-01  3.466949799351121e-01  8.643968510688144e-02  -1.513870059496367e-01  -3.430563118426097e-01  9.383556563746570e-08  5.443565693804046e-08  -9.878660390425567e-08
  1.644999999999987e+00  8.221443643927312e-01  6.488200457537264e-01  2.307053785109617e-01  1.160401247567746e-01  -1.462148151635762e-01  -3.146727626238975e-01  1.108644939083606e-07  6.165514841051289e-08  -1.180508446217818e-07
  1.649999999999987e+00  8.286112949429221e-01  6.520082306157963e-01  1.610821970672295e-01  1.578215342163208e-01  -1.545072266042204e-01  -2.911410046239874e-01  1.275087006569165e-07  7.085498004339840e-08  -1.367499221946632e-07
  1.654999999999987e+00  7.818372019439174e-01  6.166672794232503e-01  4.992627725285576e-02  1.879800249941267e-01  -1.430004322994310e-01  -2.446141006828899e-01  1.366752667056323e-07  7.678394800970769e-08  -1.468555790723324e-07
  1.659999999999987e+00  7.271256900022471e-01  5.813376574047283e-01  -2.207276707835020e-02  2.209327072065235e-01  -1.375692953407062e-01  -2.010757624689369e-01  1.424406111628962e-07  8.169245943489835e-08  -1.530668853843436e-07
  1.664999999999986e+00  6.287006290249821e-01  5.197440186092753e-01  -1.480744540595974e-01  2.275419497704225e-01  -1.275177086288513e-01  -1.841188457383624e-01  1.377224305259804e-07  7.620851194819635e-08  -1.549730816174126e-07
  1.669999999999986e+00  5.050461574882449e-01  4.369863928156455e-01  -2.576905498665177e-01  2.446807335701580e-01  -1.014578814858270e-01  -1.126753883726334e-01  1.347679751833584e-07  7.653040235068110e-08  -1.511522498033251e-07
  1.674999999999986e+00  3.685279816547078e-01  3.434955073318340e-01  -3.346454642483929e-01  2.551320196811201e-01  -7.506479408045852e-02  -4.299302892544884e-02  1.266139082756764e-07  7.358830929189784e-08  -1.412778818487446e-07
  1.679999999999986e+00  2.220790421331418e-01  2.542859093530841e-01  -3.988802163386000e-01  2.591744440665824e-01  -4.558459165211372e-02  2.781127654711513e-02  1.137477852148004e-07  6.962056013531814e-08  -1.247732670000648e-07
  1.684999999999986e+00  5.321243558510610e-02  1.369921580590271e-01  -4.567872095633317e-01  2.462201735044974e-01  -5.708001844281042e-03  1.002326316509541e-01  9.437810790332282e-08  5.962764649322982e-08  -1.005228664159253e-07
  1.689999999999986e+00  -9.824685712931849e-02  4.548624217283634e-02  -4.739836635301848e-01  2.308226535550089e-01  2.501221689813078e-02  1.608113993441106e-01  7.328021409273580e-08  4.989409682572389e-08  -7.320775226324024e-08
  1.694999999999986e+00  -2.930753526553616e-01  -1.147726754153204e-01  -6.299242937030526e-01  2.058586778233583e-01  6.991295073382925e-02  2.367051237232685e-01  6.192598693202915e-08  3.659222149688149e-08  -6.538529470034288e-08
  1.699999999999986e+00  -4.716872856066570e-01  -2.526561022895792e-01  -6.577101773268706e-01  1.603158664765252e-01  1.236010203888265e-01  3.091299315958012e-01  3.365876801709829e-08  1.882975477133040e-08  -2.786193417549074e-08
  1.704999999999986e+00  -5.938425498278812e-01  -3.292899844512588e-01  -6.109558090325730e-01  1.217644000467883e-01  1.513243376910559e-01  3.538132326990817e-01  8.140805880407371e-09  4.701960402982161e-09  7.603714735478273e-09
  1.709999999999986e+00  -7.442279494558880e-01  -4.574407073450734e-01  -6.141377414877824e-01  5.392151356056684e-02  2.039928711935559e-01  4.061822957859590e-01  -2.324927315634384e-08  -1.785455256580887e-08  5.018667274331290e-08
  1.714999999999985e+00  -8.223395509149493e-01  -5.179472232574504e-01  -5.313971419022099e-01  -2.495788158940111e-03  2.227423568254927e-01  4.233565365627976e-01  -4.911932081306426e-08  -3.604993862169964e-08  8.680825483686621e-08
  1.719999999999985e+00  -9.243492342376446e-01  -6.232600860635019e-01  -5.144026470808749e-01  -8.393020991624017e-02  2.654117100265199e-01  4.493807065041715e-01  -7.870329501258318e-08  -6.034395337458013e-08  1.275829547823502e-07
  1.724999999999985e+00  -1.017510050684560e+00  -7.327889131710692e-01  -5.455746894574974e-01  -1.210283072955997e-01  3.037134407121883e-01  5.277470259022546e-01  -8.602128118735457e-08  -6.792027279466151e-08  1.400202053253092e-07
  1.729999999999985e+00  -9.997599221827355e-01  -7.372469819901413e-01  -4.050702656019852e-01  -1.807520554071978e-01  2.972445706217956e-01  5.063768757850698e-01  -1.058688783865664e-07  -8.334700969355723e-08  1.704565957306418e-07
  1.734999999999985e+00  -1.008378831028624e+00  -7.894839941959653e-01  -3.499237414825279e-01  -2.615319966808174e-01  3.154655910396009e-01  4.963730584335932e-01  -1.285339052764859e-07  -1.035860317452903e-07  2.029678027659259e-07
  1.739999999999985e+00  -9.365624587770661e-01  -7.741669230084759e-01  -2.116770317921981e-01  -3.159908537266718e-01  2.925512240240716e-01  4.460408806192662e-01  -1.417453404051410e-07  -1.167132506115929e-07  2.229141338181991e-07
  1.744999999999985e+00  -8.793281296890239e-01  -7.801788572091165e-01  -1.441138594127410e-01  -3.764955965066191e-01  2.827626648577433e-01  4.047344347178571e-01  -1.549531384306829e-07  -1.291789528193559e-07  2.402856743212013e-07
  1.749999999999985e+00  -7.673176634623693e-01  -7.476436107490948e-01  -2.549824317278777e-02  -4.104434660449077e-01  2.444563595422056e-01  3.336181624333350e-01  -1.600118487784714e-07  -1.358065621602825e-07  2.460334163924342e-07
  1.754999999999985e+00  -6.343835015366281e-01  -6.702596380004598e-01  1.231144471150611e-01  -4.146059774099224e-01  2.136018201924640e-01  3.387614310077950e-01  -1.539731476098122e-07  -1.252709873540496e-07  2.455248472634492e-07
  1.759999999999984e+00  -4.903464007835100e-01  -6.023766407392558e-01  2.165758913418364e-01  -4.318236450426664e-01  1.637660459085458e-01  2.548806367836634e-01  -1.549897424536450e-07  -1.240449619684775e-07  2.417900425469666e-07
  1.764999999999984e+00  -3.221229475141887e-01  -5.244435392634285e-01  3.269210442436808e-01  -4.217225153584128e-01  9.955820630981563e-02  1.521360813791957e-01  -1.492688739647818e-07  -1.182098318118470e-07  2.271541120122334e-07
  1.769999999999984e+00  -1.499240089026321e-01  -4.165627419761008e-01  4.204963623605913e-01  -3.895889102935346e-01  2.471538611241723e-02  5.138722926513211e-02  -1.398075813368676e-07  -1.032292144470336e-07  2.029170113987225e-07
  1.774999999999984e+00  7.319473166446770e-03  -3.343737967542816e-01  4.825913768424751e-01  -3.381636328058164e-01  -4.181038640633084e-02  -4.917202372474451e-02  -1.268352907890204e-07  -8.652376668730584e-08  1.720083332769563e-07
  1.779999999999984e+00  1.824468685469998e-01  -1.985584909543721e-01  5.676056866026483e-01  -2.557997770170503e-01  -1.310196545760017e-01  -1.516552408399352e-01  -1.085553567122121e-07  -5.847811448361290e-08  1.294432827354457e-07
  1.784999999999984e+00  4.469944238956921e-01  1.448780128226094e-02  7.990907885666209e-01  -2.150662642482528e-01  -2.129754294724898e-01  -2.615476167038410e-01  -9.345511932528639e-08  -4.071532316594055e-08  1.107849963583827e-07
  1.789999999999984e+00  5.727786237931521e-01  9.672000225071302e-02  8.048926986586724e-01  -1.212405466283624e-01  -2.714262191039740e-01  -3.644006875574137e-01  -7.449148696614920e-08  -1.618667440553534e-08  6.408016234081094e-08
  1.794999999999984e+00  7.322855132892562e-01  2.596841110447922e-01  8.771248024102793e-01  9.419392165837330e-03  -3.627411675425531e-01  -4.764078490657954e-01  -4.788627665937939e-08  2.074180152346867e-08  4.237105611803542e-09
  1.799999999999984e+00  8.049416848262734e-01  3.347550129329275e-01  8.270739920486291e-01  1.268170975773823e-01  -4.004057982489965e-01  -5.470484971817163e-01  -2.491795588773279e-08  5.085700578784181e-08  -5.099281887686955e-08
  1.804999999999984e+00  9.203594268341995e-01  4.892234083020731e-01  8.666519108365520e-01  2.739778927835015e-01  -4.715869528312248e-01  -6.285571901024523e-01  6.013708650504640e-09  8.974296623589978e-08  -1.169566824154684e-07
  1.809999999999983e+00  1.123359700699250e+00  6.724157982343916e-01  1.039221118508116e+00  3.263682053032099e-01  -5.345798464834435e-01  -8.019636225169110e-01  1.888739857253128e-08  9.698180320999666e-08  -1.391029178702194e-07
  1.814999999999983e+00  1.101379442389979e+00  7.018825174102833e-01  9.032385259907186e-01  4.368185747939074e-01  -5.262874920828581e-01  -8.310585386827150e-01  4.201945209354243e-08  1.210255080702212e-07  -1.938384924296269e-07
  1.819999999999983e+00  1.139900908704720e+00  8.197029062387173e-01  8.852703020138575e-01  5.714260776955044e-01  -5.554424847219853e-01  -8.754452977801377e-01  7.530048101921458e-08  1.517036408068284e-07  -2.576051954970701e-07
  1.824999999999983e+00  1.071818989799879e+00  8.406070084657857e-01  7.153396067873703e-01  6.532370368193987e-01  -5.151698376606548e-01  -8.507772958156812e-01  9.960173904235603e-08  1.694248077382482e-07  -3.054587566343080e-07
  1.829999999999983e+00  1.058563038917923e+00  9.150022792630476e-01  6.492144994517872e-01  7.395956441650579e-01  -4.982801800152075e-01  -8.391235666020979e-01  1.319917291086340e-07  1.861341060672619e-07  -3.550851490964220e-07
  1.834999999999983e+00  9.682550055095825e-01  9.289063003591561e-01  4.718288630910719e-01  7.677223422870812e-01  -4.295174736202150e-01  -7.663995492348128e-01  1.558214796852619e-07  1.916324700436681e-07  -3.878061535223377e-07
  1.839999999999983e+00  8.902453554906867e-01  8.819309072051759e-01  3.843593092324571e-01  7.712255125688959e-01  -4.004506230653130e-01  -8.707801616570542e-01  1.530176882812981e-07  1.732989649409704e-07  -3.896073682874208e-07
  1.844999999999983e+00  7.884205364275723e-01  8.700204271177499e-01  2.347813483931107e-01  7.751542172490843e-01  -3.259461697757765e-01  -7.777487051089150e-01  1.801315992809427e-07  1.689182528480021e-07  -4.128894102471093e-07
  1.849999999999983e+00  6.331203399409373e-01  8.226044850150935e-01  1.335273756588196e-02  7.159677597897995e-01  -2.183162048999461e-01  -6.290137708871798e-01  1.973369465134454e-07  1.550509522459208e-07  -4.169614534122099e-07
  1.854999999999982e+00  5.078211020273549e-01  7.542880000314529e-01  -1.630148081715234e-01  6.314552671262558e-01  -1.055447335822011e-01  -4.855366924253341e-01  2.164171225341335e-07  1.302706215525715e-07  -4.085095868102779e-07
  1.859999999999982e+00  3.745351143396354e-01  6.969511812104159e-01  -3.349041145568480e-01  4.986991560838704e-01  6.128675692766259e-03  -3.137591682264526e-01  2.271394423488985e-07  1.012569395395908e-07  -3.843419432222677e-07
  1.864999999999982e+00  2.416226958666714e-01  5.782652562242162e-01  -5.108466326642875e-01  3.320050576506058e-01  1.405852749838657e-01  -1.445525194100436e-01  2.343367626808298e-07  5.855681195058600e-08  -3.415372644684961e-07
  1.869999999999982e+00  -1.255651728714308e-01  3.058119392050767e-01  -8.849790995337875e-01  2.657902128471387e-01  2.341953131059855e-01  -9.023642501437595e-03  2.147791652044249e-07  3.395330475319270e-08  -3.156540451810408e-07
  1.874999999999982e+00  -2.604341721767358e-01  2.157577598669433e-01  -1.017474834523645e+00  6.535483962822299e-02  3.371540125776729e-01  2.087597166285608e-01  2.130907993460905e-07  -4.160628659981925e-09  -2.584971170853321e-07
  1.879999999999982e+00  -4.290895102660899e-01  2.832215511425127e-02  -1.207351520489351e+00  -1.712631527714949e-01  4.766119137946881e-01  4.335325476105664e-01  2.008197921991690e-07  -5.593035370655157e-08  -1.781457907722292e-07
  1.884999999999982e+00  -5.221595820879048e-01  -6.933690215567714e-02  -1.243272393367910e+00  -3.975426507564184e-01  5.488622725067963e-01  6.176547871693564e-01  1.846734078023646e-07  -9.893245974895652e-08  -9.566775808569075e-08
  1.889999999999982e+00  -6.804860625906789e-01  -2.736598572943977e-01  -1.376476579675711e+00  -6.511090773548787e-01  6.627210624502582e-01  8.103427325247592e-01  1.531616025212910e-07  -1.519090450119355e-07  8.825984517685602e-09
  1.894999999999982e+00  -7.514139576135583e-01  -3.834878178447609e-01  -1.325399653255725e+00  -8.637361360063869e-01  6.943886970484310e-01  9.377961203841751e-01  1.194999550547460e-07  -1.925402951185449e-07  1.082591062534655e-07
  1.899999999999981e+00  -1.133695172110652e+00  -6.361811485140519e-01  -1.705200962775935e+00  -9.413592353608894e-01  7.690060580240764e-01  1.280221946422227e+00  9.684284943355899e-08  -1.903041696950263e-07  1.405204547125370e-07
  1.904999999999981e+00  -1.270645547961333e+00  -8.281476402153048e-01  -1.753005828998085e+00  -1.164757598205250e+00  8.342782710745920e-01  1.440337673066289e+00  4.337315983295635e-08  -2.297744125087357e-07  2.582085333047086e-07
  1.909999999999981e+00  -1.283315258289891e+00  -8.954632409954110e-01  -1.568627209714519e+00  -1.304596979382137e+00  7.997296853417382e-01  1.494359365024840e+00  -5.467723273147278e-09  -2.509598123039639e-07  3.580666719648968e-07
  1.914999999999981e+00  -1.405705492340715e+00  -1.050545128576036e+00  -1.527266916477408e+00  -1.445401239807944e+00  8.022815139898504e-01  1.562362094344417e+00  -7.543212143989475e-08  -2.718825987098395e-07  4.684320235888933e-07
  1.919999999999981e+00  -1.422513746139561e+00  -1.110720919319002e+00  -1.290764744288746e+00  -1.486611991636300e+00  7.206148948952890e-01  1.523514880813339e+00  -1.380339075999129e-07  -2.755003094539710e-07  5.554974975026733e-07
  1.924999999999981e+00  -1.522327446385296e+00  -1.133236071651754e+00  -1.356834069908795e+00  -1.504503521602893e+00  7.322522288406291e-01  1.813695784361945e+00  -1.459631582420532e-07  -2.435110312552197e-07  5.675567052966657e-07
  1.929999999999981e+00  -1.562053401022925e+00  -1.190636195812472e+00  -1.162033539316799e+00  -1.514537061201899e+00  6.606609197486979e-01  1.747163818197064e+00  -2.239108420001272e-07  -2.366662062435258e-07  6.501665992772940e-07
  1.934999999999981e+00  -1.493029713047794e+00  -1.161235132398270e+00  -8.014709258241531e-01  -1.409703471596762e+00  5.191057064513169e-01  1.565082569243028e+00  -2.874123283340615e-07  -2.130257499510041e-07  7.016029024125025e-07
  1.939999999999981e+00  -1.508424586212858e+00  -1.145600989348492e+00  -5.418338698984615e-01  -1.280593283686450e+00  3.863146227940263e-01  1.391576798215655e+00  -3.625659975676747e-07  -1.792875866354865e-07  7.405150972508702e-07
  1.944999999999981e+00  -1.454953462508836e+00  -1.095984529696621e+00  -2.111208364216402e-01  -1.053734603335470e+00  2.255150279686500e-01  1.134928759570848e+00  -4.206699619801541e-07  -1.346398627554581e-07  7.491600615889928e-07
  1.949999999999980e+00  -1.438896903493616e+00  -1.009825171984023e+00  7.522576575664065e-02  -7.937996951407245e-01  5.021604696121709e-02  8.860860306733725e-01  -4.796140618239526e-07  -7.551742958691863e-08  7.328413309923151e-07
  1.954999999999980e+00  -9.938906383470556e-01  -6.812763404809292e-01  5.769152803491469e-01  -7.011457765374639e-01  -1.402842367864994e-02  7.835980038248672e-01  -4.556442571761921e-07  -3.494765111334534e-08  7.079687112538323e-07
  1.959999999999980e+00  -8.477724541889066e-01  -5.531016949610457e-01  9.300333395025268e-01  -3.561081278098180e-01  -1.837117380204527e-01  3.979480883061884e-01  -4.895839360554470e-07  2.426336704757286e-08  6.592017935101272e-07
  1.964999999999980e+00  -6.822550636226943e-01  -3.521699435916838e-01  1.300128691409858e+00  2.087307797942045e-02  -3.834068469508589e-01  6.894047414848179e-03  -5.108126289307855e-07  9.652734630986839e-08  5.751394586363576e-07
  1.969999999999980e+00  -5.306554817041483e-01  -2.128500088233614e-01  1.530518428443202e+00  4.165373710088777e-01  -5.226571164448416e-01  -3.705916799328907e-01  -5.126526288706725e-07  1.638600586719332e-07  4.731382183417530e-07
  1.974999999999980e+00  -2.932617125033256e-01  3.061360618110220e-02  1.845880912242134e+00  8.382588683320322e-01  -7.069670236415077e-01  -7.560270134230166e-01  -4.893492042892488e-07  2.420863672646858e-07  3.310065074240172e-07
  1.979999999999980e+00  -1.009863672785713e-01  1.818690837427251e-01  1.941753250803503e+00  1.226220774374604e+00  -7.959263762124147e-01  -1.078209341467730e+00  -4.483788670994626e-07  3.072775103634410e-07  1.818426165146640e-07
  1.984999999999980e+00  6.768860191535673e-01  6.472350182615755e-01  2.706822090036010e+00  1.371573195641060e+00  -8.810538223847045e-01  -1.630614925777092e+00  -4.001525078822706e-07  3.109160974416083e-07  1.356845980592479e-07
  1.989999999999980e+00  1.034299890782923e+00  9.206089554425863e-01  2.942677803119451e+00  1.777227094506320e+00  -1.024273178452693e+00  -2.031047730405776e+00  -3.195036289357549e-07  3.724368591386712e-07  -5.719821137122777e-08
  1.994999999999979e+00  1.275747516329715e+00  1.052804644538253e+00  2.854295924856860e+00  2.081864019601702e+00  -1.037586568116795e+00  -2.290837007538198e+00  -2.307011084129621e-07  4.114678317433767e-07  -2.392067713524887e-07
  1.999999999999979e+00  1.707202961393816e+00  1.310282990292895e+00  2.952845041142204e+00  2.389914912316507e+00  -1.109448661792260e+00  -2.568407229955965e+00  -9.898448337032607e-08  4.501690083873314e-07  -4.547712638415589e-07
