TITLE = "Temporal Signal for receiver number 00005"
VARIABLES = "Time","s_xx","s_yy","s_zz","s_xy","s_yz","s_xz","v1","v2","v3"
# x1       -3.000000000000e+03
# x2       1.000000000000e+03
# x3       -7.500000000000e+03
# cell-global-id 14166
  0.000000000000000e+00  0.000000000000000e+00  0.000000000000000e+00  0.000000000000000e+00  0.000000000000000e+00  0.000000000000000e+00  0.000000000000000e+00  0.000000000000000e+00  0.000000000000000e+00  0.000000000000000e+00
  5.000000000000000e-03  0.000000000000000e+00  0.000000000000000e+00  0.000000000000000e+00  0.000000000000000e+00  0.000000000000000e+00  0.000000000000000e+00  0.000000000000000e+00  0.000000000000000e+00  0.000000000000000e+00
  1.000000000000000e-02  0.000000000000000e+00  0.000000000000000e+00  0.000000000000000e+00  0.000000000000000e+00  0.000000000000000e+00  0.000000000000000e+00  0.000000000000000e+00  0.000000000000000e+00  0.000000000000000e+00
  1.500000000000000e-02  1.966496232069516e+00  5.584117221684910e-01  3.214397982979037e-01  -4.443094429008077e-02  1.019066819037676e-01  -4.025805231259606e-02  1.214246914568512e-07  -1.079623592354186e-08  1.582514247363583e-08
  2.000000000000000e-02  1.985310803739362e+01  4.598681836302878e+00  9.720931124079701e-01  -1.310810659394135e+00  1.616625583284327e+00  8.923270485148332e-01  1.232843341471035e-06  -1.965759138178293e-07  3.192420486297130e-07
  2.500000000000000e-02  1.547219073535023e+01  1.158237894337820e+00  -4.924232518152163e+00  -2.150265775023567e+00  2.772965206205941e+00  1.777109194329477e+00  9.863361742367706e-07  -3.008261182443653e-07  4.828424360729405e-07
  3.000000000000000e-02  -3.023365818209520e+01  -1.503584403965315e+01  -2.034241172268319e+01  -3.095888122621024e+00  3.607926319956293e+00  3.921539027763916e+00  -1.905604169081507e-06  -3.728956072753310e-07  1.628003365794151e-07
  3.500000000000000e-02  -9.259295023618212e+01  -2.880280333194014e+01  -2.641614553084454e+01  2.779473711657381e+00  7.315632797601064e-01  1.292232592534891e+00  -5.879007751423408e-06  9.832025438196086e-08  -8.680164982967517e-07
  4.000000000000000e-02  -9.874636046438592e+01  -1.955848070826687e+01  -1.100734730555574e+01  1.609521137062042e+01  -3.892211906296721e+00  -3.940243579888684e+00  -6.618946639864097e-06  1.000003503580313e-06  -1.227885372318146e-06
  4.500000000000000e-02  -6.241242731492085e+01  -4.343498686101408e+00  6.263102390825539e+00  2.041471306989261e+01  -5.664457406321625e+00  -2.426145934951389e+00  -4.656298515711676e-06  1.399412376887865e-06  -6.077545111598765e-07
  5.000000000000000e-02  1.577488278057056e+01  2.547486872713711e+01  3.299309617139495e+01  3.088405040169816e+01  -7.982032519383093e+00  -6.834065009331112e+00  -3.123318665329264e-07  1.971020889165009e-06  3.162556500049734e-07
  5.499999999999999e-02  8.167681748812616e+01  4.269935368706447e+01  4.668443936118864e+01  3.424388831123329e+01  -8.158340691168638e+00  -8.492947700102498e+00  3.992622374098004e-06  2.200800702648990e-06  9.999033052535163e-07
  5.999999999999999e-02  8.901187295186880e+01  2.972398955686169e+01  3.538535000104772e+01  2.921281481185766e+01  -7.929937476188660e+00  -3.623236532991726e+00  5.765421707156303e-06  2.310444946109551e-06  1.389212526968987e-06
  6.499999999999999e-02  5.362429719033496e+01  -1.859979172015497e+00  1.611696990508141e+01  2.248079648546525e+01  -1.103787440681359e+01  -1.604824911439979e+00  5.076110627515776e-06  2.214595377989808e-06  1.076450112487535e-06
  6.999999999999999e-02  -1.706291542823199e+00  -4.693426901569318e+01  -1.240814391718988e+01  1.023368414091817e+01  -1.198355368672497e+01  1.131972884765740e+01  3.547499044938941e-06  1.968092252047777e-06  1.078155295885572e-06
  7.500000000000000e-02  -4.496548888199376e+01  -8.477153528971417e+01  -2.682482655312861e+01  -7.219627330196190e+00  -9.669758032556947e+00  2.289730113191871e+01  2.029272197453371e-06  7.501788169791822e-07  5.396038166039490e-07
  8.000000000000000e-02  -4.414070152270160e+01  -9.818023219185724e+01  -1.512861746175292e+01  -2.742981333781751e+01  -2.806110529913123e+00  2.844056940940478e+01  2.079165543874733e-06  -1.680512601980952e-06  -8.410100742515034e-07
  8.500000000000001e-02  1.240229197181095e+01  -7.870973280205918e+01  1.680437057988613e+01  -2.140001749150516e+01  2.345747734056101e+00  3.739032902423126e+01  5.324700089822144e-06  -2.467277741907716e-06  -1.928140067876264e-06
  9.000000000000001e-02  9.268365410549850e+01  -4.194386394456790e+01  6.222782757643693e+01  -3.211801123066957e+01  1.669838791554961e+01  4.107955863888903e+01  8.654131252048993e-06  -5.213119184572633e-06  -3.389602572130073e-06
  9.500000000000001e-02  1.860190207274625e+02  4.269229951394570e+00  1.017744224260724e+02  -3.377834952877013e+01  2.835541818202191e+01  4.809500547343281e+01  1.225927155920318e-05  -6.922580707355160e-06  -3.770813349621363e-06
  1.000000000000000e-01  2.673287277126990e+02  4.578189656348304e+01  1.222717634194950e+02  -2.420812566534276e+01  3.426423265354521e+01  6.132478617146458e+01  1.500196296929632e-05  -6.734292784774543e-06  -2.685981140916132e-06
  1.050000000000000e-01  3.183089880351549e+02  7.397381239116835e+01  1.207102594333835e+02  -4.353900614705950e+00  3.481216246565175e+01  7.772091924885670e+01  1.610732144904410e-05  -4.471032929409100e-06  -7.102558980677913e-07
  1.100000000000000e-01  3.237463456264979e+02  1.164205872322919e+02  1.160656796131172e+02  3.063867287161081e+01  4.179952240558014e+01  8.062599756639500e+01  1.533643918350112e-05  -1.532411658585753e-06  2.892063843773237e-07
  1.150000000000000e-01  2.879730451662742e+02  1.158961304421646e+02  7.679444818333421e+01  5.207111596636076e+01  3.763425432560377e+01  8.023573099559030e+01  1.192354900056587e-05  2.545641552045340e-06  1.020104223928065e-06
  1.200000000000000e-01  2.102751438220791e+02  9.959203952686536e+01  2.666840639719139e+01  6.896992304873743e+01  3.655488211564814e+01  6.601161324730187e+01  6.660174492176673e-06  6.944698163457471e-06  -2.206406433893270e-07
  1.250000000000000e-01  9.727256492747854e+01  7.090303958024691e+01  -3.245004173493103e+01  7.744524560414514e+01  4.112400129673252e+01  3.719190739884332e+01  -1.325391562041708e-07  1.099143502509012e-05  -3.461039482375750e-06
  1.300000000000000e-01  -2.614125411063163e+01  7.670453574679114e+01  -9.037172566131055e+01  5.791425093870229e+01  3.885279466506325e+01  -4.972007058512036e+00  -7.747337235581444e-06  1.177425737233466e-05  -6.896943352570192e-06
  1.350000000000000e-01  -1.619923747145032e+02  3.957003944456795e+01  -1.606824121641920e+02  3.188893540750041e+01  4.668932499458491e+01  -4.687129742919645e+01  -1.528885432694630e-05  1.366823909536187e-05  -1.171277234649453e-05
  1.400000000000000e-01  -2.853355946140090e+02  5.063378471668035e+00  -2.322921174305054e+02  -8.503717968113477e+00  5.674824265738098e+01  -8.865835703743097e+01  -2.194346810643704e-05  1.404631307577860e-05  -1.591503286225064e-05
  1.450000000000000e-01  -3.755002198883600e+02  -1.907635158090626e+01  -2.974624010923050e+02  -6.397527496601843e+01  6.605490648821439e+01  -1.267877218104524e+02  -2.653054669703817e-05  1.247615918351443e-05  -1.868798397292595e-05
  1.500000000000000e-01  -3.946045073463291e+02  1.369789172949480e+01  -3.236308332594604e+02  -1.650413725164280e+02  5.194586653562983e+01  -1.512844009881020e+02  -2.713124351377046e-05  7.917370050808342e-06  -2.017530651574474e-05
  1.550000000000001e-01  -3.742978040056921e+02  2.136442772791542e+01  -3.457677937667488e+02  -2.485462751673020e+02  5.661830263778499e+01  -1.772525362478753e+02  -2.451927744043613e-05  2.836821131340513e-06  -2.020402159747610e-05
  1.600000000000001e-01  -2.862746771022017e+02  5.200277024303798e+01  -3.335256756952558e+02  -3.398482742278041e+02  5.879432778098898e+01  -2.021474442829628e+02  -1.739542460110338e-05  -4.306731570822852e-06  -1.908273587720981e-05
  1.650000000000001e-01  -1.337150896195781e+02  1.045835248983515e+02  -2.823835566488322e+02  -4.342347810637984e+02  5.865385417680602e+01  -2.282727244617350e+02  -5.849388493947595e-06  -1.297926793182234e-05  -1.744096392377706e-05
  1.700000000000001e-01  4.193358916111816e+01  1.587933360342577e+02  -2.102256922238198e+02  -5.381343684851116e+02  4.975523557811942e+01  -2.376927121355908e+02  7.138421683767163e-06  -1.946603991045122e-05  -1.657701164476202e-05
  1.750000000000001e-01  2.649554450748592e+02  2.131977637746699e+02  -1.071554137459808e+02  -6.094789398194741e+02  5.169628975615617e+01  -2.670372463042686e+02  2.382034930119466e-05  -2.742609803601082e-05  -1.495220378228262e-05
  1.800000000000001e-01  4.952800038592359e+02  2.600545591015903e+02  1.031079476167540e+01  -6.593847913355562e+02  5.184438066523325e+01  -2.970753489907192e+02  4.103869172551079e-05  -3.365457435972838e-05  -1.356960143840694e-05
  1.850000000000001e-01  7.058381475572968e+02  2.848983599048857e+02  1.251432624891893e+02  -6.795689304515411e+02  4.961657789864790e+01  -3.240962365167824e+02  5.682264906746425e-05  -3.678282747971101e-05  -1.222209336449699e-05
  1.900000000000001e-01  8.708312335709708e+02  2.737531100451781e+02  2.199991512594957e+02  -6.633781100580087e+02  4.460060265895982e+01  -3.438922762918481e+02  6.928704169128114e-05  -3.569280031588630e-05  -1.052008991055117e-05
  1.950000000000001e-01  9.186112362790980e+02  1.530619241831650e+02  2.493097600003057e+02  -6.100903455779578e+02  5.251427147341089e+01  -3.433965090653129e+02  7.416023773656283e-05  -2.871849885776172e-05  -8.088146248392331e-06
  2.000000000000001e-01  9.331692919497038e+02  3.837494641189574e+01  2.675629005597376e+02  -5.130457410956718e+02  4.456095665794162e+01  -3.433283752723404e+02  7.597832547725567e-05  -1.881086196095798e-05  -4.636582484337262e-06
  2.050000000000001e-01  8.551665898737052e+02  -1.289559172585508e+02  2.354381624626593e+02  -3.771547762343334e+02  3.381671567366890e+01  -3.286969962189009e+02  7.107945246236665e-05  -4.175584441020457e-06  -1.020762094583468e-07
  2.100000000000001e-01  6.825774159888630e+02  -3.449303012547905e+02  1.525888349537775e+02  -2.065877486376810e+02  2.179381941690130e+01  -3.000249663301428e+02  5.932969456740312e-05  1.453618642717386e-05  5.366968388451215e-06
  2.150000000000001e-01  3.875230425367134e+02  -6.511726707848067e+02  1.153182321849540e+01  -1.804917937746703e+01  2.797250045161312e+01  -2.700198876108868e+02  3.981577375792403e-05  3.280597185905281e-05  1.069148691070231e-05
  2.200000000000001e-01  5.563806360945706e+01  -9.269975664545533e+02  -1.510984295023819e+02  1.987707718084296e+02  1.705856866848139e+01  -2.267939677513024e+02  1.637584389749201e-05  5.528128369462569e-05  1.649786101827422e-05
  2.250000000000001e-01  -3.269740947979333e+02  -1.207128452439098e+03  -3.364951240660878e+02  4.254595308020769e+02  1.022475737908655e+01  -1.802590888184650e+02  -1.097985824982461e-05  7.821165118427900e-05  2.156163642092421e-05
  2.300000000000001e-01  -7.305137573128212e+02  -1.469851994127778e+03  -5.280230682421803e+02  6.506405170785536e+02  9.602775195919460e+00  -1.357404946673492e+02  -4.020029132478530e-05  1.000446061300769e-04  2.518239170626490e-05
  2.350000000000001e-01  -1.129434480291038e+03  -1.719555134661206e+03  -7.104186402011561e+02  8.397316575978423e+02  2.339392614633309e+01  -1.173813306808795e+02  -6.911898839669069e-05  1.121867703618680e-04  2.661989991991667e-05
  2.400000000000001e-01  -1.460510708809148e+03  -1.873234283923140e+03  -8.610972719698179e+02  1.017383148594874e+03  3.598382805064334e+01  -8.963101348074493e+01  -9.442407380747355e-05  1.263950350170648e-04  2.623465482357230e-05
  2.450000000000001e-01  -1.696902402247438e+03  -1.940624089446261e+03  -9.655510930403542e+02  1.150250947712283e+03  5.796160038510676e+01  -7.410510624094125e+01  -1.136253788280466e-04  1.348812615387952e-04  2.346291448909775e-05
  2.500000000000001e-01  -1.798700088793250e+03  -1.902776880260654e+03  -1.009588322835620e+03  1.222190101530136e+03  8.894208969129497e+01  -7.223999468624099e+01  -1.239461732001969e-04  1.361811445435643e-04  1.847459546695689e-05
  2.550000000000001e-01  -1.727243653951913e+03  -1.740663394759735e+03  -9.772719152632633e+02  1.188051553923856e+03  1.205414652607124e+02  -8.958863907748598e+01  -1.229406157909002e-04  1.206362307154556e-04  1.309963294966236e-05
  2.600000000000001e-01  -1.452614368347888e+03  -1.438409565050997e+03  -8.646338771328070e+02  1.090986140572995e+03  1.623619153450756e+02  -1.072359717235164e+02  -1.082079372770300e-04  1.039665085262965e-04  5.413935935698386e-06
  2.650000000000001e-01  -9.463145805156290e+02  -9.934371638564045e+02  -6.621794976688075e+02  8.905730316609971e+02  2.081849156880393e+02  -1.345606892910680e+02  -7.789563000425566e-05  7.706708433720914e-05  -2.892010249425983e-06
  2.700000000000001e-01  -1.869113876944868e+02  -4.020126479432362e+02  -3.644124502426161e+02  5.766636185768184e+02  2.556457028847756e+02  -1.688939769983085e+02  -3.059877847043324e-05  3.935045189165799e-05  -1.112447808327147e-05
  2.750000000000001e-01  8.277828369771230e+02  3.744772608564901e+02  4.430530947735674e+01  1.287670811959348e+02  2.870665596399882e+02  -1.946179927967884e+02  3.380398114032398e-05  -1.591092223932602e-05  -1.658893708306519e-05
  2.800000000000001e-01  2.126624316265857e+03  1.265519700638699e+03  5.478570150859680e+02  -4.198566763553188e+02  3.299043541248383e+02  -2.318508487323845e+02  1.172766531761111e-04  -7.455826390171157e-05  -2.305199548993650e-05
  2.850000000000001e-01  3.702349349396014e+03  2.290341681149630e+03  1.156080036372119e+03  -1.087970395890333e+03  3.689801110985707e+02  -2.692098322505831e+02  2.191220040519486e-04  -1.436213037794217e-04  -2.799365777261357e-05
  2.900000000000001e-01  5.549574357051513e+03  3.436981165710315e+03  1.869094397344126e+03  -1.870455291387871e+03  4.032465770324076e+02  -3.044000545338453e+02  3.388610799851886e-04  -2.224529985549076e-04  -3.115488903790267e-05
  2.950000000000002e-01  7.656833265417240e+03  4.690017146463092e+03  2.684826450378133e+03  -2.758479236555465e+03  4.319390896147925e+02  -3.357227396432900e+02  4.756194607774626e-04  -3.100915631933073e-04  -3.244070517046537e-05
  3.000000000000002e-01  9.987706673608145e+03  6.093471047269976e+03  3.612330835588782e+03  -3.707935979131266e+03  4.366306513313979e+02  -3.546140855067987e+02  6.284844162885074e-04  -4.043968655168192e-04  -3.172939984115076e-05
  3.050000000000002e-01  1.256827307743080e+04  7.502161257829435e+03  4.617639047410615e+03  -4.759602190130250e+03  4.529268544205805e+02  -3.807878625242436e+02  7.962674929531672e-04  -5.037246943387610e-04  -3.016484471273606e-05
  3.100000000000002e-01  1.535401457190366e+04  8.951942827103943e+03  5.703239086232035e+03  -5.876896499204798e+03  4.628793803893847e+02  -4.025738409559332e+02  9.771791839433353e-04  -6.075341640717293e-04  -2.727299724226449e-05
  3.150000000000002e-01  1.832396493325237e+04  1.041871592941866e+04  6.857228655926740e+03  -7.044542259791325e+03  4.662888000716156e+02  -4.207162049542313e+02  1.169765628014950e-03  -7.141115780488693e-04  -2.343571926864161e-05
  3.200000000000002e-01  2.147315399662055e+04  1.193779610471625e+04  8.084532951235440e+03  -8.198622226884954e+03  4.515159784076392e+02  -4.459412264039789e+02  1.376145668200843e-03  -8.157629144892869e-04  -2.078740746753042e-05
  3.250000000000002e-01  2.477245421977781e+04  1.336699665574422e+04  9.338625624275088e+03  -9.425676554237749e+03  4.448423309656446e+02  -4.635648190111755e+02  1.589417330671921e-03  -9.217862269327634e-04  -1.664199473390066e-05
  3.300000000000002e-01  2.821341397082013e+04  1.474471875592349e+04  1.062195444605597e+04  -1.066792172310974e+04  4.332896544381072e+02  -4.803954002746418e+02  1.811290192824644e-03  -1.025902627798121e-03  -1.272829958609478e-05
  3.350000000000002e-01  3.179147119923095e+04  1.605238906117214e+04  1.192272784832812e+04  -1.191754858318843e+04  4.179638120507521e+02  -4.976673458652001e+02  2.041400045817176e-03  -1.126684786444832e-03  -9.406159169737399e-06
  3.400000000000002e-01  3.555382429570988e+04  1.732591629952062e+04  1.325781951676630e+04  -1.313751497631587e+04  3.975473242860394e+02  -5.304351390473080e+02  2.285165826983265e-03  -1.216299756542971e-03  -8.974070789403088e-06
  3.450000000000002e-01  3.941718757480420e+04  1.844716276840791e+04  1.456656905325696e+04  -1.439870427748788e+04  3.811310325730724e+02  -5.476424254445267e+02  2.532059647453839e-03  -1.307442843903738e-03  -7.244292604757061e-06
  3.500000000000002e-01  4.342904971191943e+04  1.945798551746415e+04  1.586587567679428e+04  -1.566296562232986e+04  3.651857885925228e+02  -5.649516199696883e+02  2.787686157492945e-03  -1.392568702340501e-03  -6.418829249766034e-06
  3.550000000000002e-01  4.759974354503711e+04  2.035005202142940e+04  1.714964039210008e+04  -1.693336584291082e+04  3.509839732601192e+02  -5.819235445753892e+02  3.052682910967560e-03  -1.471108766635514e-03  -6.411120521481649e-06
  3.600000000000002e-01  5.197368328189276e+04  2.115650281137008e+04  1.844141336175783e+04  -1.821246211684010e+04  3.417278041339110e+02  -6.008003436827651e+02  3.331427815830714e-03  -1.539534887490054e-03  -8.052283972528296e-06
  3.650000000000002e-01  5.648563735960356e+04  2.179022353749772e+04  1.967929400124240e+04  -1.951907520277394e+04  3.339292871153654e+02  -6.104583238385113e+02  3.616226446079612e-03  -1.605474715825879e-03  -8.720000799799588e-06
  3.700000000000002e-01  6.118529340321124e+04  2.229124408366792e+04  2.088873143145874e+04  -2.084937089563021e+04  3.290440781895521e+02  -6.183791735776737e+02  3.912098483508829e-03  -1.664664177321351e-03  -9.563351542630512e-06
  3.750000000000002e-01  6.608136387666882e+04  2.265899203010265e+04  2.206774777196016e+04  -2.221030208130633e+04  3.268712908039919e+02  -6.246606002317866e+02  4.219478695136294e-03  -1.717403099063766e-03  -1.035884996212364e-05
  3.800000000000002e-01  7.118099328789886e+04  2.289460866369268e+04  2.321538279210473e+04  -2.360881070214390e+04  3.270556415367970e+02  -6.297737859862312e+02  4.538626597392200e-03  -1.764200451753094e-03  -1.092663899738598e-05
  3.850000000000002e-01  7.646128571054609e+04  2.301754717948594e+04  2.434587062230462e+04  -2.508235633141929e+04  3.351697021999451e+02  -6.234566863132700e+02  4.868607398421421e-03  -1.809190884838500e-03  -1.112671256609413e-05
  3.900000000000002e-01  8.197148829079005e+04  2.299310427118178e+04  2.542861846432808e+04  -2.658263007931530e+04  3.390873693821292e+02  -6.285789565240769e+02  5.210746584586964e-03  -1.847589075552843e-03  -1.096919614469574e-05
  3.950000000000002e-01  8.770041868194845e+04  2.284959481802067e+04  2.648346958800937e+04  -2.813961706911899e+04  3.444827932706319e+02  -6.364049474828696e+02  5.564762786854461e-03  -1.882395138649335e-03  -1.052185700095017e-05
  4.000000000000002e-01  9.365179342350464e+04  2.259420376259204e+04  2.751351515970541e+04  -2.975941033539635e+04  3.516016307904409e+02  -6.475320642419620e+02  5.930468286062669e-03  -1.914660834538968e-03  -9.826091535311098e-06
  4.050000000000002e-01  9.976462732378903e+04  2.224258382590409e+04  2.852893600965792e+04  -3.149489127594143e+04  3.672417963023984e+02  -6.505120671443218e+02  6.305016746925247e-03  -1.952988197724412e-03  -8.934461603198910e-06
  4.100000000000003e-01  1.061708087787517e+05  2.178698226777704e+04  2.952209407883868e+04  -3.326219186274205e+04  3.777293227770207e+02  -6.698342012392376e+02  6.693897041969528e-03  -1.984119652615391e-03  -8.057348499334643e-06
  4.150000000000003e-01  1.128452128171382e+05  2.125416233455288e+04  3.050870020199687e+04  -3.511293277024063e+04  3.942344380623364e+02  -6.932984951238719e+02  7.096128398094538e-03  -2.016416463453645e-03  -6.917971357162046e-06
  4.200000000000003e-01  1.197895043105778e+05  2.064839377210182e+04  3.148615194029134e+04  -3.705826167776214e+04  4.199030540228637e+02  -7.185380206958216e+02  7.511310580503893e-03  -2.051476262829441e-03  -5.276190113855068e-06
  4.250000000000003e-01  1.268139451109937e+05  1.996178814105094e+04  3.245251937695983e+04  -3.913362110816808e+04  4.439459338483800e+02  -7.390387082903227e+02  7.930445987880131e-03  -2.097215988710437e-03  -4.530947721653506e-06
  4.300000000000003e-01  1.341202395548728e+05  1.920211493655645e+04  3.340734125271880e+04  -4.125106710661955e+04  4.611448946286163e+02  -7.560038009666600e+02  8.360689081383040e-03  -2.136538321204723e-03  -3.633154102950595e-06
  4.350000000000003e-01  1.417033837966384e+05  1.842373271574278e+04  3.440677316312291e+04  -4.344138770723200e+04  4.626866449919285e+02  -7.691308652166675e+02  8.803720312335435e-03  -2.177790512803106e-03  -2.648439955226611e-06
  4.400000000000003e-01  1.496715527060029e+05  1.765797025534498e+04  3.548411394521703e+04  -4.572263888696171e+04  4.517848974479381e+02  -7.813226245577056e+02  9.265659325683722e-03  -2.223872569151866e-03  2.168448329424396e-07
  4.450000000000003e-01  1.579289824027633e+05  1.691835318681441e+04  3.661054554614930e+04  -4.820416114256010e+04  4.444509941361909e+02  -7.756471209398500e+02  9.744428742978850e-03  -2.289749180773010e-03  2.752218062450024e-06
  4.500000000000003e-01  1.666638761125339e+05  1.616535179524834e+04  3.779537407438793e+04  -5.074907342243503e+04  4.305757423008645e+02  -7.869127607688579e+02  1.024518192984375e-02  -2.353626635348769e-03  9.227418878074557e-06
  4.550000000000003e-01  1.757204648927917e+05  1.539088501235138e+04  3.900036012952937e+04  -5.345532850461920e+04  4.287073836789512e+02  -8.036779091080534e+02  1.076280997096074e-02  -2.429221298753098e-03  1.677906034069921e-05
  4.600000000000003e-01  1.850192013109318e+05  1.457968270696689e+04  4.020352912173447e+04  -5.632890031694886e+04  4.416925654545401e+02  -8.236093984648415e+02  1.129303783475401e-02  -2.516930057254585e-03  2.409350732678370e-05
  4.650000000000003e-01  1.945261712602942e+05  1.373682971912351e+04  4.140523953904655e+04  -5.935885700656127e+04  4.669190869921953e+02  -8.464059551733474e+02  1.183377186370019e-02  -2.616625119073495e-03  2.994097900709092e-05
  4.700000000000003e-01  2.042898173759541e+05  1.298847731557341e+04  4.261051197921082e+04  -6.250946274202953e+04  5.050690584461012e+02  -8.914774756813979e+02  1.238603962005770e-02  -2.731805844117139e-03  2.913047145644890e-05
  4.750000000000003e-01  2.144557420035680e+05  1.220249739362351e+04  4.389360941663445e+04  -6.578968844143146e+04  5.554530451250296e+02  -9.255060367646340e+02  1.296018814362119e-02  -2.852703789505031e-03  3.161448914297226e-05
  4.800000000000003e-01  2.250541518541129e+05  1.148607331033788e+04  4.524575194792158e+04  -6.917904033177120e+04  6.154223287676660e+02  -9.610931935274066e+02  1.355748758081386e-02  -2.984605295777903e-03  3.215567318719112e-05
  4.850000000000003e-01  2.361274540093209e+05  1.085550828376285e+04  4.667548351508352e+04  -7.267148282282567e+04  6.815574570961941e+02  -9.983538724798385e+02  1.418063739066217e-02  -3.127056079422637e-03  3.031097997726600e-05
  4.900000000000003e-01  2.478013585832246e+05  1.049163942947320e+04  4.822914891355377e+04  -7.625536151306189e+04  7.693389345663077e+02  -1.072946164107834e+03  1.483199870030807e-02  -3.281180186518329e-03  2.385551788110672e-05
  4.950000000000003e-01  2.599254444144482e+05  1.008145270054771e+04  4.986737558106564e+04  -7.996122575609780e+04  8.298676609441496e+02  -1.122728366350564e+03  1.551165103037093e-02  -3.443547991961252e-03  1.714195659458879e-05
  5.000000000000003e-01  2.726155184984855e+05  9.779525247730744e+03  5.161763174183587e+04  -8.376807039298781e+04  8.709787815778116e+02  -1.194483877159802e+03  1.622100792899630e-02  -3.615742429098007e-03  7.436875706913793e-06
  5.050000000000003e-01  2.859088091473919e+05  9.586965434593496e+03  5.347469023473493e+04  -8.766607392129734e+04  8.858145109631071e+02  -1.286761641193018e+03  1.696060109568983e-02  -3.796484961230475e-03  -2.892933646054347e-06
  5.100000000000003e-01  2.997991670123003e+05  9.638148747403828e+03  5.541429495574958e+04  -9.173015758199339e+04  9.138564061937412e+02  -1.390686257325310e+03  1.772556508182140e-02  -3.993721795373399e-03  -8.815345439751607e-06
  5.150000000000003e-01  3.142186129413489e+05  9.595622033212285e+03  5.738695095330130e+04  -9.582776035840280e+04  8.636981800729689e+02  -1.481246101888748e+03  1.851895374092940e-02  -4.191735795614547e-03  -1.336072250142209e-05
  5.200000000000004e-01  3.291612869141224e+05  9.563594341613809e+03  5.935461141827123e+04  -1.000377476983106e+05  7.869720053599806e+02  -1.545989320347060e+03  1.933501886429389e-02  -4.397749320086779e-03  -1.332924828584041e-05
  5.250000000000004e-01  3.445120537374020e+05  9.467187811941461e+03  6.126261751445747e+04  -1.043857562170093e+05  6.907183675244804e+02  -1.565454071342633e+03  2.016680124085611e-02  -4.612222611134054e-03  -7.387014449525863e-06
  5.300000000000004e-01  3.602176631141852e+05  9.425241653985186e+03  6.311103839711627e+04  -1.090337710871148e+05  6.143145103437959e+02  -1.571345472751068e+03  2.101102072053714e-02  -4.858897137005904e-03  5.664885139518938e-06
  5.350000000000004e-01  3.764139818725833e+05  9.157365110391256e+03  6.492826425471327e+04  -1.137489409261112e+05  4.780793057795410e+02  -1.516609371597594e+03  2.187866449834340e-02  -5.099375247293624e-03  1.930458729211533e-05
  5.400000000000004e-01  3.931643773247566e+05  8.849320639525320e+03  6.677074575786226e+04  -1.186906295031229e+05  3.298722796316889e+02  -1.452583899273387e+03  2.277347020905209e-02  -5.357525456309296e-03  3.341015790595548e-05
  5.450000000000004e-01  4.105038160087183e+05  8.520152296013026e+03  6.861488869590856e+04  -1.238866303888756e+05  1.764775014087109e+02  -1.388449636927778e+03  2.369668997385386e-02  -5.637315052100219e-03  4.682717805528794e-05
  5.500000000000004e-01  4.283623155302101e+05  8.243453679019905e+03  7.032626405946194e+04  -1.294139408283548e+05  6.645667147830805e+01  -1.299566116135784e+03  2.464245223139223e-02  -5.956261529660197e-03  6.663596822092837e-05
  5.550000000000004e-01  4.469190169510155e+05  7.902352886057096e+03  7.206639708777041e+04  -1.351013089806105e+05  -7.444002258649586e+01  -1.227145761241215e+03  2.562114175996116e-02  -6.277082883945137e-03  8.114511842045906e-05
  5.600000000000004e-01  4.661418110306763e+05  7.653154458643941e+03  7.375426274696777e+04  -1.410489219955075e+05  -2.018238515895574e+02  -1.133335474490410e+03  2.663098346294802e-02  -6.618921810209803e-03  9.669702604055880e-05
  5.650000000000004e-01  4.860826151233577e+05  7.548983181706833e+03  7.544178402435729e+04  -1.472530205538016e+05  -3.149801075947615e+02  -9.999279376149843e+02  2.767774420625463e-02  -6.980216571899646e-03  1.131920975589257e-04
  5.700000000000004e-01  5.068666967340136e+05  7.646418838248336e+03  7.721643714096071e+04  -1.537100473942658e+05  -4.180564756181084e+02  -8.119926748542802e+02  2.877213544428842e-02  -7.360717045588055e-03  1.310121836770609e-04
  5.750000000000004e-01  5.286947052955680e+05  7.959528664964905e+03  7.923919718511339e+04  -1.604707706435285e+05  -4.683715164731609e+02  -5.869442438842982e+02  2.992116727988581e-02  -7.771808603925929e-03  1.597550989039681e-04
  5.800000000000004e-01  5.516792272645866e+05  8.577310058041092e+03  8.144394857661093e+04  -1.674803941324158e+05  -5.706698476848355e+02  -2.447861802633766e+02  3.114171005426990e-02  -8.194448674002130e-03  1.814648377060983e-04
  5.850000000000004e-01  5.758553063437425e+05  9.473223363736892e+03  8.388743374143541e+04  -1.747193638053410e+05  -7.146457981290595e+02  1.667446229906153e+02  3.243007311978583e-02  -8.636957872234802e-03  2.011726459643228e-04
  5.900000000000004e-01  6.014310551428337e+05  1.068761440692963e+04  8.663504567814621e+04  -1.821581815111508e+05  -9.033562921480666e+02  5.690493679559072e+02  3.379348812085285e-02  -9.094933437264842e-03  2.132903866661130e-04
  5.950000000000004e-01  6.286483265118451e+05  1.190177018870204e+04  8.965175896825167e+04  -1.900820293939191e+05  -9.430874661332701e+02  9.727051896118186e+02  3.523062575976516e-02  -9.577684530136870e-03  2.386061470902574e-04
  6.000000000000004e-01  6.574289298756240e+05  1.354134061804632e+04  9.300850943386804e+04  -1.979603761197706e+05  -1.131190299011233e+03  1.198078734014236e+03  3.675863972227522e-02  -1.005292348541694e-02  2.353154513052736e-04
  6.050000000000004e-01  6.880595804356765e+05  1.535052463998731e+04  9.666258422535678e+04  -2.060298066292958e+05  -1.258744650539026e+03  1.259130561970481e+03  3.838076016298308e-02  -1.052594849481402e-02  2.292069102653622e-04
  6.100000000000004e-01  7.202979396031508e+05  1.712169280721176e+04  1.004266575832080e+05  -2.143130897251746e+05  -1.289578034064180e+03  1.199025450945254e+03  4.008128394289673e-02  -1.099171758286076e-02  2.281580470481544e-04
  6.150000000000004e-01  7.521854663597273e+05  1.742468917878167e+04  1.034283810640176e+05  -2.231481013244909e+05  -1.113608157875873e+03  1.280481522930652e+03  4.173636479777662e-02  -1.148697300221208e-02  2.520602107755455e-04
  6.200000000000004e-01  7.857280561228858e+05  1.817624486663162e+04  1.066781597578547e+05  -2.318279316728619e+05  -9.824199076684089e+02  1.113283613428076e+03  4.347776341890596e-02  -1.193452825401258e-02  2.644812917432917e-04
  6.250000000000004e-01  8.194437049032087e+05  1.842446832255412e+04  1.096242742959017e+05  -2.406465608027172e+05  -8.381915689008217e+02  9.872326987685401e+02  4.521545621111963e-02  -1.236615543295091e-02  2.822603792044849e-04
  6.300000000000004e-01  8.532948829072061e+05  1.827833380959411e+04  1.123357336899640e+05  -2.495486266586337e+05  -7.363163449237998e+02  9.404774005940897e+02  4.695141551589283e-02  -1.278636470604117e-02  3.012252103919770e-04
  6.350000000000005e-01  8.868374192441086e+05  1.643248775259098e+04  1.143469911616588e+05  -2.593737416548057e+05  -5.052631464358496e+02  9.928063909411070e+02  4.862335866944627e-02  -1.329450305120043e-02  3.227786630253610e-04
  6.400000000000005e-01  9.223069387927157e+05  1.611314921019901e+04  1.171583100716681e+05  -2.687714118667386e+05  -5.598628222007246e+02  1.086040840869451e+03  5.043290297621489e-02  -1.374253485404401e-02  3.303457341482163e-04
  6.450000000000005e-01  9.593114311983589e+05  1.619068590062408e+04  1.203415676894498e+05  -2.784705071138808e+05  -7.031845561180578e+02  1.242202700830848e+03  5.233357607238071e-02  -1.422667352050342e-02  3.282400834799195e-04
  6.500000000000005e-01  9.984149219255931e+05  1.689179127068712e+04  1.240261589302779e+05  -2.886516943023792e+05  -8.967424173270476e+02  1.421663705061472e+03  5.436044178443434e-02  -1.476847426305429e-02  3.124455564173534e-04
  6.550000000000005e-01  1.040161648663928e+06  1.840517057049501e+04  1.283355083601637e+05  -2.995272229146328e+05  -1.075596449540160e+03  1.555919458080444e+03  5.654202458068469e-02  -1.538811938085355e-02  2.797297136633320e-04
  6.600000000000005e-01  1.084690655866458e+06  2.000287089907957e+04  1.332262566879057e+05  -3.127408159272308e+05  -1.318925430804678e+03  1.820803913493654e+03  5.881282318457837e-02  -1.618106714385779e-02  2.371491333818253e-04
  6.650000000000005e-01  1.132921928779613e+06  2.387948918269459e+04  1.393028776001622e+05  -3.255408063617282e+05  -1.440057912678663e+03  1.817814633863730e+03  6.136223015705277e-02  -1.697860254598284e-02  1.776072299562382e-04
  6.700000000000005e-01  1.184716081785943e+06  2.876524680816369e+04  1.462501628463467e+05  -3.393930088003092e+05  -1.392520648498617e+03  1.701499369324782e+03  6.410470536708374e-02  -1.787183894760267e-02  1.192708941370398e-04
  6.750000000000005e-01  1.240231699523044e+06  3.458336809967705e+04  1.540762926640193e+05  -3.542823989998645e+05  -1.184229296799753e+03  1.507493239631754e+03  6.704625180413076e-02  -1.885164951241966e-02  7.178686370873410e-05
  6.800000000000005e-01  1.298165603512121e+06  4.096151667783898e+04  1.625720943793601e+05  -3.713578756062023e+05  -1.469019722530323e+03  1.734698083270480e+03  7.006782064325742e-02  -1.993024793626214e-02  2.094065526525155e-05
  6.850000000000005e-01  1.360453119725768e+06  4.814969477287958e+04  1.717770143044851e+05  -3.879621192462036e+05  -1.131568198352216e+03  1.475939391164888e+03  7.336770324221915e-02  -2.102193583147215e-02  -1.213844772125984e-06
  6.900000000000005e-01  1.425869659902924e+06  5.549638689926220e+04  1.814100250375724e+05  -4.052448912021611e+05  -7.594064963891313e+02  1.174976428377790e+03  7.682436606957488e-02  -2.214789056723251e-02  -4.417172666707638e-06
  6.950000000000005e-01  1.493880037032869e+06  6.266164812044430e+04  1.911980547067815e+05  -4.230808215959827e+05  -4.126440122903915e+02  8.681215313738443e+02  8.040462680323338e-02  -2.328679897980478e-02  1.226450959137002e-05
  7.000000000000005e-01  1.560786285114771e+06  6.820678044891494e+04  2.000326429561931e+05  -4.424859384831343e+05  -6.660460485389572e+02  9.411029145334312e+02  8.385601413247375e-02  -2.445049939288946e-02  8.763499183436507e-06
  7.050000000000005e-01  1.631572455607558e+06  7.353599968545971e+04  2.090307256180887e+05  -4.611499730115221e+05  -4.106036355393389e+02  6.636426539035704e+02  8.753586942983133e-02  -2.557169188321464e-02  5.831697763203991e-05
  7.100000000000005e-01  1.703207723094384e+06  7.775680007864167e+04  2.174714721236944e+05  -4.802074580839311e+05  -2.870677956123374e+02  5.192142858837577e+02  9.123150250316242e-02  -2.666235344145513e-02  1.227444259529295e-04
  7.150000000000005e-01  1.775561551941181e+06  8.091493207758969e+04  2.254033019250592e+05  -4.997346069819718e+05  -3.278849867145019e+02  5.415098342085274e+02  9.493678185328615e-02  -2.772528131306340e-02  1.955165577033709e-04
  7.200000000000005e-01  1.847281077745159e+06  8.177115814816614e+04  2.322018898181476e+05  -5.212004892131550e+05  -6.007327156972503e+02  6.622545593855220e+02  9.854000223264958e-02  -2.892588137013932e-02  2.195104080816193e-04
  7.250000000000005e-01  1.923287706107581e+06  8.374725289140220e+04  2.397946848111820e+05  -5.423853235022820e+05  -7.949626562457687e+02  9.525979168567939e+02  1.024112683407978e-01  -3.003727502361470e-02  2.864317340282196e-04
  7.300000000000005e-01  2.002750053183208e+06  8.621742264469259e+04  2.478663304070613e+05  -5.649424775704426e+05  -1.084389960347299e+03  1.392081541358046e+03  1.064729349415116e-01  -3.122218259093533e-02  3.377771486821951e-04
  7.350000000000005e-01  2.087206341994885e+06  8.995586240875055e+04  2.569051847017344e+05  -5.894116504198745e+05  -1.400059031478655e+03  1.917088676592625e+03  1.108255244955866e-01  -3.254336695024111e-02  3.651488511614349e-04
  7.400000000000005e-01  2.178303689001663e+06  9.575984165570939e+04  2.674358403114824e+05  -6.163824391569475e+05  -1.676099069544648e+03  2.455357814344960e+03  1.155759525730581e-01  -3.406661362610328e-02  3.634795259724044e-04
  7.450000000000006e-01  2.279224381428256e+06  1.051004498736815e+05  2.805116682618854e+05  -6.473155665271317e+05  -1.788495616027763e+03  2.926340951042151e+03  1.208742698929481e-01  -3.605139237688591e-02  3.334434488362269e-04
  7.500000000000006e-01  2.389087392777991e+06  1.182982591620372e+05  2.960837917548571e+05  -6.806607929041636e+05  -1.911237870569166e+03  3.474489198421553e+03  1.267762426488469e-01  -3.813138451276085e-02  2.899906959478656e-04
  7.550000000000006e-01  2.509858467303201e+06  1.355714231557974e+05  3.145625414811941e+05  -7.180052489554941e+05  -1.885486659683984e+03  3.960594052461258e+03  1.333566380112128e-01  -4.056513345643609e-02  2.271068001434745e-04
  7.600000000000006e-01  2.642035984334700e+06  1.569389418852409e+05  3.360555830177037e+05  -7.596517133091837e+05  -1.682651332519222e+03  4.371248645589716e+03  1.406462094975149e-01  -4.338044589109791e-02  1.499818793092371e-04
  7.650000000000006e-01  2.787575733768252e+06  1.858320972019827e+05  3.620227729582412e+05  -8.044889593365429e+05  -1.665169674387641e+03  4.902970049968845e+03  1.487216568349942e-01  -4.656121387605477e-02  1.006659235301096e-04
  7.700000000000006e-01  2.941735262411768e+06  2.151043188920803e+05  3.893470537440092e+05  -8.539447685440626e+05  -1.229459221855097e+03  5.060511945538064e+03  1.573748781430200e-01  -5.003696626810859e-02  9.826157773056291e-06
  7.750000000000006e-01  3.105083614160362e+06  2.465053798169097e+05  4.186815744711203e+05  -9.072829436373650e+05  -6.336820504399503e+02  5.025548447865162e+03  1.665802013996084e-01  -5.383663104653619e-02  -8.602331927500657e-05
  7.800000000000006e-01  3.275856574536824e+06  2.788691504733636e+05  4.492030049819706e+05  -9.640022993291208e+05  9.449643895666841e+01  4.832078878360961e+03  1.762167611177703e-01  -5.789937985228594e-02  -1.837212111203415e-04
  7.850000000000006e-01  3.454399484779226e+06  3.159394814715206e+05  4.815953978192325e+05  -1.019254668041088e+06  2.693370659384532e+02  4.477574708221882e+03  1.863147863706910e-01  -6.175072381282000e-02  -2.346483492445762e-04
  7.900000000000006e-01  3.633909727638836e+06  3.462531641105402e+05  5.115376141875588e+05  -1.079794578933732e+06  1.128848266963805e+03  3.912500524940304e+03  1.964109566760488e-01  -6.598789453819343e-02  -3.212768976002609e-04
  7.950000000000006e-01  3.814250677828027e+06  3.731108350492346e+05  5.395593266099645e+05  -1.141543450167499e+06  2.066312651968678e+03  3.332911641698565e+03  2.064883334745882e-01  -7.022515206615745e-02  -3.912466248228844e-04
  8.000000000000006e-01  3.993185494700966e+06  3.952605477669732e+05  5.647753290509961e+05  -1.203718461240886e+06  3.021522533072623e+03  2.809345544349040e+03  2.164054217259059e-01  -7.437196507436250e-02  -4.395887277375268e-04
  8.050000000000006e-01  4.172170247899642e+06  4.157240332979058e+05  5.879886466345972e+05  -1.259953338713304e+06  3.411710976861008e+03  1.741865677618315e+03  2.263556996615603e-01  -7.770445071131492e-02  -4.415876707630911e-04
  8.100000000000006e-01  4.342782049625953e+06  4.246649755004750e+05  6.051968296680154e+05  -1.320761637773396e+06  4.392868425801482e+03  1.290858512167589e+03  2.356250161473903e-01  -8.138302501902184e-02  -4.523841509284994e-04
  8.150000000000006e-01  4.506700886477274e+06  4.258455201649991e+05  6.175258395120276e+05  -1.380284076012731e+06  5.296359767944121e+03  9.699131364763383e+02  2.444006752606414e-01  -8.474814176662249e-02  -4.465476308912846e-04
  8.200000000000006e-01  4.662795892483036e+06  4.187617297453379e+05  6.246132751578351e+05  -1.438223515642222e+06  6.052045309632040e+03  8.114001200412256e+02  2.526305610554840e-01  -8.774844285250664e-02  -4.216489565391754e-04
  8.250000000000006e-01  4.815815745511994e+06  4.057473618128889e+05  6.277377451896742e+05  -1.489419503723449e+06  6.729363906497332e+03  2.737817815731938e+01  2.607835564036440e-01  -8.968705588299865e-02  -3.955540545701951e-04
  8.300000000000006e-01  4.955849717212321e+06  3.815961535220961e+05  6.240694016379056e+05  -1.544333446204570e+06  7.280157391772816e+03  2.141290168030529e+02  2.679455957376852e-01  -9.191290978971027e-02  -3.452850696902356e-04
  8.350000000000006e-01  5.088455281983537e+06  3.500136600522180e+05  6.153815974508142e+05  -1.597805218386194e+06  7.529611244525001e+03  5.131135447464511e+02  2.745919373462276e-01  -9.377867934901087e-02  -2.761849852380490e-04
  8.400000000000006e-01  5.214500175427207e+06  3.116480880211715e+05  6.018676257442835e+05  -1.650241101708080e+06  7.502203122663059e+03  8.764096306083777e+02  2.807954981569730e-01  -9.530625486182019e-02  -1.971909694492510e-04
  8.450000000000006e-01  5.335044831794316e+06  2.672665074205670e+05  5.839073092255612e+05  -1.702204619275000e+06  7.273796180324404e+03  1.244637068606934e+03  2.866356341830582e-01  -9.652765944522163e-02  -1.133353794476522e-04
  8.500000000000006e-01  5.456774028528310e+06  2.192938887256500e+05  5.638022140740473e+05  -1.751317662418010e+06  7.944540688665405e+03  1.147357367214107e+03  2.926972226314137e-01  -9.702395975344637e-02  -1.112983327205314e-04
  8.550000000000006e-01  5.570110878094123e+06  1.659406250983844e+05  5.390427230312292e+05  -1.804653118125487e+06  7.546502655539746e+03  1.529955203365563e+03  2.980272059987797e-01  -9.787059908203717e-02  -3.229604273565027e-05
  8.600000000000007e-01  5.681897284053587e+06  1.098983278576125e+05  5.118577067258155e+05  -1.859417656975140e+06  7.042849899958427e+03  1.810917226216957e+03  3.032115893425900e-01  -9.860123361616319e-02  3.254424630434867e-05
  8.650000000000007e-01  5.793451881505742e+06  5.234285423078451e+04  4.828903014299516e+05  -1.916262954803130e+06  6.491932035978240e+03  1.984238897907841e+03  3.083180696631227e-01  -9.929486381277086e-02  6.884191295977618e-05
  8.700000000000007e-01  5.909486649857862e+06  -3.825137868751222e+03  4.542805222328834e+05  -1.974540535592263e+06  7.169925476033784e+03  1.886419179671773e+03  3.137913562195079e-01  -9.986810913469281e-02  1.437693956693158e-06
  8.750000000000007e-01  6.023262787147344e+06  -6.062810076678843e+04  4.235177088747167e+05  -2.037738661514389e+06  6.564740490597069e+03  1.791775740681031e+03  3.188643386250703e-01  -1.008462792624419e-01  -2.706254546419321e-05
  8.800000000000007e-01  6.139704238226703e+06  -1.149132974758141e+05  3.927890867946451e+05  -2.104437452891475e+06  5.873106020905892e+03  1.388602323790627e+03  3.239608141389427e-01  -1.020939418209526e-01  -8.798345442925079e-05
  8.850000000000007e-01  6.259369418479479e+06  -1.653270356252370e+05  3.626257609437359e+05  -2.174884911971624e+06  5.076712116086832e+03  5.780065875074271e+02  3.290810450597879e-01  -1.037169449994788e-01  -1.811862692398167e-04
  8.900000000000007e-01  6.383267757819132e+06  -2.090151222239465e+05  3.346295113846834e+05  -2.249380945864954e+06  5.359919776898096e+03  -7.390043270801889e+02  3.344913397479892e-01  -1.058480389708636e-01  -3.356100701608066e-04
  8.950000000000007e-01  6.508907181948932e+06  -2.488756323726492e+05  3.065307281330655e+05  -2.328316375134722e+06  4.351591578582918e+03  -2.613068358001100e+03  3.396118258004369e-01  -1.085032320205020e-01  -4.867710906070534e-04
  9.000000000000007e-01  6.637177484945495e+06  -2.826166983365140e+05  2.796195026867103e+05  -2.411691905687159e+06  3.378246441014532e+03  -5.092982295017217e+03  3.447364844786530e-01  -1.117165425538087e-01  -6.761860962270947e-04
  9.050000000000007e-01  6.767204306160534e+06  -3.098877002600341e+05  2.538581769965045e+05  -2.499694846177385e+06  2.496559373009352e+03  -8.112623183020439e+03  3.498568122925794e-01  -1.155259585678225e-01  -9.035535555429446e-04
  9.100000000000007e-01  6.896594992790680e+06  -3.288628553967483e+05  2.297281988774321e+05  -2.593200327715695e+06  2.461281325703322e+03  -1.156794460281654e+04  3.550416847216303e-01  -1.201423006555645e-01  -1.149420526477462e-03
  9.150000000000007e-01  7.026240616494618e+06  -3.425426945095321e+05  2.055857406241691e+05  -2.690809623627708e+06  1.661334615756519e+03  -1.528325843548861e+04  3.599941340434308e-01  -1.252578701393466e-01  -1.439789620894693e-03
  9.200000000000007e-01  7.154010919851149e+06  -3.491103004749902e+05  1.820519462547264e+05  -2.792889762361173e+06  1.064980519624310e+03  -1.909170632262277e+04  3.648023053629610e-01  -1.310307759931523e-01  -1.754224092155698e-03
  9.250000000000007e-01  7.278380613228714e+06  -3.484333797774024e+05  1.588107509408640e+05  -2.899094237855698e+06  7.175512522725304e+02  -2.284196096581915e+04  3.693959247359679e-01  -1.374585926652438e-01  -2.082054941098335e-03
  9.300000000000007e-01  7.397922327685229e+06  -3.404182023678719e+05  1.355062517439537e+05  -3.008939037846283e+06  6.096478739908334e+02  -2.643988984310284e+04  3.736935952592295e-01  -1.445205563420094e-01  -2.410274648652011e-03
  9.350000000000007e-01  7.509311527087497e+06  -3.246167769552574e+05  1.115877871580718e+05  -3.123677470248998e+06  5.054638911275513e+02  -3.001804626478209e+04  3.774674245556465e-01  -1.524192052507158e-01  -2.660945456053278e-03
  9.400000000000007e-01  7.616026202857787e+06  -3.018974033515213e+05  8.734462575470097e+04  -3.239321736529533e+06  5.576914284666420e+02  -3.313320226315191e+04  3.808518512529392e-01  -1.606893212434276e-01  -2.931729130076921e-03
  9.450000000000007e-01  7.715361293167075e+06  -2.714157746445790e+05  6.261829488140726e+04  -3.356734622732408e+06  7.639747229109817e+02  -3.585431994373361e+04  3.836987497361767e-01  -1.695054410190251e-01  -3.164359076570190e-03
  9.500000000000007e-01  7.807167543190238e+06  -2.326881680655251e+05  3.758387941769259e+04  -3.475149809786272e+06  1.164792276464616e+03  -3.819039296728841e+04  3.859280248290544e-01  -1.788549514308298e-01  -3.356242316397432e-03
  9.550000000000007e-01  7.888815782655119e+06  -1.863596464008113e+05  1.178710900153427e+04  -3.596399476636428e+06  9.133320433311927e+02  -4.058724629898812e+04  3.872502532676840e-01  -1.889952184021759e-01  -3.431461143535885e-03
  9.600000000000007e-01  7.965489399218859e+06  -1.302659507399140e+05  -1.308248906081169e+04  -3.714777061011925e+06  1.647570431343316e+03  -4.246828628259122e+04  3.880087820566652e-01  -1.993705359992805e-01  -3.546033134372703e-03
  9.650000000000007e-01  8.034618832359701e+06  -6.581643964592621e+04  -3.761674851860156e+04  -3.832252104940012e+06  2.819825511203077e+03  -4.425822186142339e+04  3.880254854098165e-01  -2.101300790654705e-01  -3.637516599372847e-03
  9.700000000000008e-01  8.095802792285569e+06  5.997039679809900e+03  -6.186479231749992e+04  -3.948688854368577e+06  4.509800585569349e+03  -4.595498787596394e+04  3.873538045686601e-01  -2.211558977189641e-01  -3.712263142189075e-03
  9.750000000000008e-01  8.145108635105965e+06  8.155369422259084e+04  -8.707910607168691e+04  -4.067270407561203e+06  5.162228671518281e+03  -4.764345504980866e+04  3.857997150477083e-01  -2.326908876782608e-01  -3.698651199718990e-03
  9.800000000000008e-01  8.188995438785899e+06  1.650268297644464e+05  -1.111225751360191e+05  -4.181788444227466e+06  7.804945393081110e+03  -4.882422993997619e+04  3.839550327683847e-01  -2.439777419617558e-01  -3.740775912065289e-03
  9.850000000000008e-01  8.223994034420583e+06  2.536028840205726e+05  -1.350963988875092e+05  -4.295296909241383e+06  1.086294790775574e+04  -4.953448879193822e+04  3.817095654683562e-01  -2.552614370906246e-01  -3.761828979309289e-03
  9.900000000000008e-01  8.250236138875809e+06  3.472063530416207e+05  -1.588753321810602e+05  -4.407683499239576e+06  1.421889053394472e+04  -4.971011732069160e+04  3.791500463280882e-01  -2.665012367466217e-01  -3.759746903995831e-03
  9.950000000000008e-01  8.265086365239260e+06  4.417997103284765e+05  -1.836491723599976e+05  -4.522080617076398e+06  1.598790317053140e+04  -4.957455241714071e+04  3.758271876736351e-01  -2.780452814478531e-01  -3.664873608572445e-03
  1.000000000000001e+00  8.277465195489216e+06  5.482209369776805e+05  -2.051337482197541e+05  -4.629225341839210e+06  2.071137136104724e+04  -4.881533126126227e+04  3.731134053427815e-01  -2.888375719027748e-01  -3.620704368419361e-03
  1.005000000000001e+00  8.278282572027010e+06  6.525726144739127e+05  -2.281264101704747e+05  -4.739686722678334e+06  2.248135362781861e+04  -4.778183790902762e+04  3.692393553171647e-01  -3.001163780051079e-01  -3.456684285532990e-03
  1.010000000000000e+00  8.276509145542989e+06  7.667511347160650e+05  -2.478494139734244e+05  -4.843782624997300e+06  2.574575514367680e+04  -4.662420398210813e+04  3.657325417816523e-01  -3.108164700891876e-01  -3.276089789002552e-03
  1.015000000000000e+00  8.269370608741247e+06  8.850279770145691e+05  -2.662964060499369e+05  -4.944510132168422e+06  2.877556583715497e+04  -4.543327620055425e+04  3.620289313150586e-01  -3.212201071770772e-01  -3.024558439488697e-03
  1.020000000000000e+00  8.258205045929160e+06  1.007143799006097e+06  -2.831869985778645e+05  -5.040971057325252e+06  3.150987509157729e+04  -4.416113090952022e+04  3.580808850583173e-01  -3.312711430648724e-01  -2.714355963252089e-03
  1.025000000000000e+00  8.239977635619689e+06  1.125831146090365e+06  -3.007541131905321e+05  -5.136538936399416e+06  3.283757295906331e+04  -4.218181966219470e+04  3.532786986585789e-01  -3.412900966259245e-01  -2.385920476017312e-03
  1.030000000000000e+00  8.222118372369065e+06  1.253288227554427e+06  -3.143162918027473e+05  -5.222795663278276e+06  3.513465235586037e+04  -4.038799902977791e+04  3.488846587917689e-01  -3.504487281691553e-01  -2.009899101691599e-03
  1.035000000000000e+00  8.202028833050161e+06  1.382977321934250e+06  -3.256257256383286e+05  -5.302922400739900e+06  3.701103908026258e+04  -3.830805863125736e+04  3.442491786109630e-01  -3.590954957668646e-01  -1.596747787257261e-03
  1.040000000000000e+00  8.180715211277063e+06  1.514453305850097e+06  -3.344269601515313e+05  -5.376215476448368e+06  3.844317337299007e+04  -3.603841384925565e+04  3.393266478349257e-01  -3.671972526170682e-01  -1.156277282405945e-03
  1.045000000000000e+00  8.155182568263902e+06  1.639980815415899e+06  -3.438027429309553e+05  -5.445985279311607e+06  3.909556958811899e+04  -3.327862044218867e+04  3.335751107545032e-01  -3.751686768941522e-01  -7.609431938565129e-04
  1.050000000000000e+00  8.132876790411633e+06  1.771388200869679e+06  -3.484433525920815e+05  -5.504663104071813e+06  4.001927701047167e+04  -3.112177539352394e+04  3.281012716096847e-01  -3.819966479164849e-01  -3.091353833947990e-04
  1.054999999999999e+00  8.110635282755491e+06  1.900620272050963e+06  -3.514307241600401e+05  -5.556248072681601e+06  4.076918713491772e+04  -2.923405641490175e+04  3.223881137678608e-01  -3.880558143707870e-01  1.216137241794756e-04
  1.059999999999999e+00  8.088442900863474e+06  2.026695212746512e+06  -3.531207060141239e+05  -5.601154037523579e+06  4.141487285621600e+04  -2.761991445010090e+04  3.165258915085971e-01  -3.933164445125327e-01  5.117267533455914e-04
  1.064999999999999e+00  8.061369338693254e+06  2.143377672536360e+06  -3.573208896459126e+05  -5.643121050253517e+06  4.193003602974936e+04  -2.565213153071069e+04  3.102366645201773e-01  -3.984032488812099e-01  8.394738508357362e-04
  1.069999999999999e+00  8.038513095199356e+06  2.263113396278058e+06  -3.572506747982620e+05  -5.675923790548361e+06  4.251797045406108e+04  -2.425763450176585e+04  3.044221174291145e-01  -4.021781297062060e-01  1.122364107830852e-03
  1.074999999999999e+00  8.015194261320987e+06  2.380656562708300e+06  -3.562835445730931e+05  -5.703549692820297e+06  4.297890844400624e+04  -2.264481265080937e+04  2.987883410741099e-01  -4.053270065600318e-01  1.336161516543867e-03
  1.079999999999999e+00  7.991024333393749e+06  2.496919657409023e+06  -3.545054601948424e+05  -5.726476428694517e+06  4.323893537492062e+04  -2.065703905351959e+04  2.934248639829137e-01  -4.079559701092201e-01  1.489017354033793e-03
  1.084999999999999e+00  7.962335696731274e+06  2.608211148417337e+06  -3.550289398662403e+05  -5.747051041925626e+06  4.356933682278069e+04  -1.828701546501600e+04  2.879069436121593e-01  -4.106505091619641e-01  1.630790835039365e-03
  1.089999999999999e+00  7.936442222664726e+06  2.724287867888475e+06  -3.517471377192708e+05  -5.761258005985449e+06  4.342525918512066e+04  -1.586763916973467e+04  2.831939576519583e-01  -4.123927162289199e-01  1.690335780468446e-03
  1.094999999999999e+00  7.908780061684621e+06  2.839580828740595e+06  -3.482330767788653e+05  -5.772052692049395e+06  4.313989068805399e+04  -1.329985749000518e+04  2.788830401115126e-01  -4.137222219505392e-01  1.702384994001515e-03
  1.099999999999999e+00  7.878690867130335e+06  2.953102253336890e+06  -3.446967126812226e+05  -5.779973618263707e+06  4.284162415169999e+04  -1.056328790120807e+04  2.749927099547900e-01  -4.146019748999409e-01  1.672419424978678e-03
  1.104999999999998e+00  7.846172326424247e+06  3.064459144332046e+06  -3.409379377886239e+05  -5.785069249828610e+06  4.253488914743000e+04  -7.677120916763451e+03  2.714638308311167e-01  -4.150372799223782e-01  1.620806027278629e-03
  1.109999999999998e+00  7.811352293234117e+06  3.171639278367981e+06  -3.385637253912655e+05  -5.786538242159757e+06  4.272360398512294e+04  -4.650328914421881e+03  2.677655453699087e-01  -4.152354921541655e-01  1.571031640019602e-03
  1.114999999999998e+00  7.776814856254859e+06  3.279129973459972e+06  -3.334607214796036e+05  -5.783737939691413e+06  4.213772598347618e+04  -1.850854270984972e+03  2.646230150225363e-01  -4.147835174873418e-01  1.523456576355752e-03
  1.119999999999998e+00  7.742678382772630e+06  3.384009743634447e+06  -3.276781316971275e+05  -5.776045432718301e+06  4.136345986226807e+04  5.304828847572984e+02  2.613801745734563e-01  -4.139448616649675e-01  1.492320072088897e-03
  1.124999999999998e+00  7.709959764957287e+06  3.485061292482535e+06  -3.215633557728583e+05  -5.762875581211885e+06  4.053373361278761e+04  2.239413300723850e+03  2.578737528387604e-01  -4.126627016383510e-01  1.465992721765959e-03
  1.129999999999998e+00  7.679479423490854e+06  3.580674805756956e+06  -3.164229767228080e+05  -5.742080213519779e+06  4.023816626473441e+04  3.529352451670046e+03  2.540696913193005e-01  -4.108014583456184e-01  1.421388989854151e-03
  1.134999999999998e+00  7.651871181097046e+06  3.670571502077451e+06  -3.100641652231487e+05  -5.716679795849839e+06  3.971379038559434e+04  3.578858281311791e+03  2.498889358763476e-01  -4.083755100917440e-01  1.385353124368565e-03
  1.139999999999998e+00  7.627543182603924e+06  3.753389437533976e+06  -3.038453113730747e+05  -5.685483285815504e+06  3.948649561944763e+04  2.799684034901857e+03  2.452428582492716e-01  -4.053649721216779e-01  1.347836869724573e-03
  1.144999999999998e+00  7.606415435267104e+06  3.829258151429674e+06  -2.977369399436101e+05  -5.648816335580756e+06  3.946449356361049e+04  1.408829536975374e+03  2.401934960751610e-01  -4.018110069120208e-01  1.313238400484144e-03
  1.149999999999997e+00  7.587999895284588e+06  3.901722354937462e+06  -2.911796391670615e+05  -5.604119845548627e+06  3.977368785265036e+04  8.536117763201577e+01  2.354084441873504e-01  -3.976296386136290e-01  1.265600148978639e-03
  1.154999999999997e+00  7.572717781787980e+06  3.967206682205452e+06  -2.841685273422964e+05  -5.557768918055279e+06  3.964774637944375e+04  -1.913234739422253e+03  2.299838780738726e-01  -3.932114073211810e-01  1.253775778408150e-03
  1.159999999999997e+00  7.559088460118686e+06  4.028784177782444e+06  -2.765743801211249e+05  -5.508222999405527e+06  3.912635479007577e+04  -3.789599549815480e+03  2.245875182999985e-01  -3.885277306071909e-01  1.265379481222525e-03
  1.164999999999997e+00  7.545792424627462e+06  4.087565868844518e+06  -2.681159015254317e+05  -5.456693317640026e+06  3.802623373601613e+04  -5.275166460706467e+03  2.194532551991779e-01  -3.836750884312145e-01  1.300925560402140e-03
  1.169999999999997e+00  7.534073826077882e+06  4.149751926868883e+06  -2.565941122810249e+05  -5.400214052055813e+06  3.713642940569187e+04  -6.072650500137912e+03  2.153343824826304e-01  -3.784344501192307e-01  1.299590921264810e-03
  1.174999999999997e+00  7.520175332864197e+06  4.207462030948733e+06  -2.449722336375724e+05  -5.347350702812542e+06  3.479349864397421e+04  -6.317439114570302e+03  2.111987835075344e-01  -3.735171304456943e-01  1.355562314636362e-03
  1.179999999999997e+00  7.505004366186669e+06  4.266109081914786e+06  -2.315591938003539e+05  -5.294879309262857e+06  3.178606974031989e+04  -5.749158877386255e+03  2.077443067337829e-01  -3.687420885086687e-01  1.411136892350911e-03
  1.184999999999997e+00  7.489123458254515e+06  4.326288020026265e+06  -2.161887128204645e+05  -5.242949732972976e+06  2.828492904604703e+04  -4.613916655759521e+03  2.049624597850373e-01  -3.641500545159309e-01  1.459276981935986e-03
  1.189999999999997e+00  7.473360291858003e+06  4.387423104469611e+06  -1.991840453258266e+05  -5.191631431725734e+06  2.460905194376914e+04  -3.260942565875050e+03  2.027719343700971e-01  -3.596894127954573e-01  1.485514322897608e-03
  1.194999999999997e+00  7.462606808833881e+06  4.451805088288734e+06  -1.791854946449781e+05  -5.137706518675000e+06  2.241797570710381e+04  -1.727909300721762e+03  2.014197173773592e-01  -3.546082179373011e-01  1.464060666407468e-03
  1.199999999999996e+00  7.448539824235921e+06  4.508984103172821e+06  -1.611602509684339e+05  -5.088240723795131e+06  1.937471652054801e+04  -3.892383068541743e+02  2.001136999190579e-01  -3.499696539066259e-01  1.431303988938342e-03
  1.204999999999996e+00  7.436062845853021e+06  4.561344252269829e+06  -1.434685612006048e+05  -5.039380849556739e+06  1.688814768677050e+04  6.974821732703613e+02  1.990541504994895e-01  -3.450471133582073e-01  1.378859188590159e-03
  1.209999999999996e+00  7.426440020105959e+06  4.608195350971380e+06  -1.259643343656133e+05  -4.990457110140879e+06  1.493519828288431e+04  1.394236973808211e+03  1.980495514946616e-01  -3.397817724770952e-01  1.343398024101467e-03
  1.214999999999996e+00  7.424091188032039e+06  4.654213877922084e+06  -1.060415986969949e+05  -4.937707069956863e+06  1.446449012947484e+04  2.126259892092481e+03  1.973283876853607e-01  -3.337145928536672e-01  1.369873852116905e-03
  1.219999999999996e+00  7.423228745015432e+06  4.690989496969218e+06  -8.749619748136515e+04  -4.886268222532711e+06  1.317675895880713e+04  1.920148141192242e+03  1.959600431010813e-01  -3.278832695261704e-01  1.461209737625728e-03
  1.224999999999996e+00  7.427473105529738e+06  4.723798664542773e+06  -6.794253701854718e+04  -4.832598498052466e+06  1.210435646153655e+04  1.455874934115725e+03  1.942438094178623e-01  -3.218357994291992e-01  1.619701969845541e-03
  1.229999999999996e+00  7.436279917616585e+06  4.753360736432644e+06  -4.737800139883396e+04  -4.776577190795500e+06  1.119517841477944e+04  1.042092089830158e+03  1.921894442304246e-01  -3.156367354630323e-01  1.824531906519467e-03
  1.234999999999996e+00  7.449784865403785e+06  4.784215094220730e+06  -2.424653067257887e+04  -4.716446217816838e+06  1.123300175255587e+04  1.257372856946926e+03  1.904147979091838e-01  -3.090322142232151e-01  2.051998542029690e-03
  1.239999999999996e+00  7.464491785414323e+06  4.809115620756558e+06  -2.175529583618125e+03  -4.656776034723168e+06  1.035321451879934e+04  1.665755099649018e+03  1.879392708820294e-01  -3.027598863918731e-01  2.278436903147198e-03
  1.244999999999995e+00  7.480406895377304e+06  4.832473160428303e+06  2.024342954840503e+04  -4.596157216272694e+06  9.429560628220486e+03  2.894137140001477e+03  1.854367935215022e-01  -2.965042340008905e-01  2.474430021084110e-03
  1.249999999999995e+00  7.496194817033351e+06  4.854440530654493e+06  4.282357049236703e+04  -4.535492682857268e+06  8.407401486664006e+03  4.974064466521760e+03  1.830654412243683e-01  -2.902910332660809e-01  2.626429914587035e-03
  1.254999999999995e+00  7.512598033262382e+06  4.878181344717205e+06  6.750892956758558e+04  -4.474349604645438e+06  7.838027739780209e+03  7.209256287302100e+03  1.813110437955794e-01  -2.839063677094907e-01  2.773667476422594e-03
  1.259999999999995e+00  7.526381759428095e+06  4.897671055350275e+06  9.050994680201846e+04  -4.416102877155473e+06  6.340744148519651e+03  1.004457290629616e+04  1.794630177675416e-01  -2.778599800102527e-01  2.835699618836129e-03
  1.264999999999995e+00  7.538978274941200e+06  4.915870993362810e+06  1.137009461829608e+05  -4.359838391400617e+06  4.631582086084976e+03  1.268905106325828e+04  1.779938299318948e-01  -2.718813146407888e-01  2.843526517140106e-03
  1.269999999999995e+00  7.550391500703336e+06  4.932128499228288e+06  1.369422067390879e+05  -4.306096206978311e+06  2.769744343166813e+03  1.480389650992866e+04  1.769417333719797e-01  -2.659246474365097e-01  2.803002063633123e-03
  1.274999999999995e+00  7.562771544339584e+06  4.948437708893255e+06  1.621287639710311e+05  -4.254648297095059e+06  1.163926502347869e+03  1.595886592290152e+04  1.763697167651656e-01  -2.597935723934516e-01  2.791691107115790e-03
  1.279999999999995e+00  7.572359271394411e+06  4.960352269182428e+06  1.859045236453433e+05  -4.206849840156378e+06  -9.045699384473395e+02  1.674059738383718e+04  1.760793735115201e-01  -2.538741909072726e-01  2.686563516312668e-03
  1.284999999999995e+00  7.581609181024930e+06  4.971118085541092e+06  2.105395019704106e+05  -4.161494119894929e+06  -2.993172508693259e+03  1.687068794256027e+04  1.761385391851021e-01  -2.480283827944597e-01  2.569390370967761e-03
  1.289999999999994e+00  7.590954126804883e+06  4.981569384946533e+06  2.363600656524453e+05  -4.118020867772762e+06  -5.064144106978439e+03  1.650461255525901e+04  1.764613530487880e-01  -2.423131617972064e-01  2.447399035225152e-03
  1.294999999999994e+00  7.600829966966387e+06  4.992219885953852e+06  2.634859416168472e+05  -4.075790031751804e+06  -7.059269946033487e+03  1.580763930671116e+04  1.769417275047236e-01  -2.367594355992949e-01  2.322553997706975e-03
  1.299999999999994e+00  7.613433521581166e+06  5.003772724279722e+06  2.928555870449079e+05  -4.034789525724560e+06  -9.009361694701280e+03  1.494859115373212e+04  1.772912107607462e-01  -2.312315566494638e-01  2.213369395347400e-03
  1.304999999999994e+00  7.625074477029218e+06  5.013844889586105e+06  3.218054959644934e+05  -3.993436640823369e+06  -1.084333134111801e+04  1.393325857883356e+04  1.777423264850734e-01  -2.259788176177735e-01  2.082091422079090e-03
  1.309999999999994e+00  7.637926497351757e+06  5.022636381280372e+06  3.512145998581159e+05  -3.951662692398013e+06  -1.252563636787783e+04  1.277612772855587e+04  1.780274393538611e-01  -2.207875144051989e-01  1.967917979438001e-03
  1.314999999999994e+00  7.652218224565954e+06  5.029272993761655e+06  3.807122180933886e+05  -3.909101065658452e+06  -1.407873433793443e+04  1.147258821952645e+04  1.780465731755289e-01  -2.156021055490140e-01  1.877004517236365e-03
  1.319999999999994e+00  7.668206320695687e+06  5.032637362775902e+06  4.103059373507519e+05  -3.866658285912174e+06  -1.594741383521023e+04  1.018915397214575e+04  1.776503991133267e-01  -2.103808885466220e-01  1.795476851129276e-03
  1.324999999999994e+00  7.685618385325001e+06  5.033249255589045e+06  4.392601418246354e+05  -3.821737307500607e+06  -1.742550160214230e+04  8.627422875350660e+03  1.769706391817957e-01  -2.051780788158996e-01  1.761535110396411e-03
  1.329999999999994e+00  7.704860411523736e+06  5.030707647832987e+06  4.679754519975987e+05  -3.775555755894366e+06  -1.882400860286535e+04  7.007547193188118e+03  1.758981208111104e-01  -1.999363026781190e-01  1.764886983970751e-03
  1.334999999999994e+00  7.725530905412591e+06  5.025093934975822e+06  4.965268673335970e+05  -3.728408939079785e+06  -2.010451441572604e+04  5.465124374165024e+03  1.744841964973414e-01  -1.946691656905739e-01  1.799666336934039e-03
  1.339999999999993e+00  7.746130977367293e+06  5.015899586610639e+06  5.248091500613717e+05  -3.681945591787890e+06  -2.185081212891059e+04  4.091534814932790e+03  1.728299346558821e-01  -1.895144233638038e-01  1.820319152188402e-03
  1.344999999999993e+00  7.769236625963291e+06  5.006305813617077e+06  5.535876235089100e+05  -3.633614422013211e+06  -2.296081488210394e+04  2.849843743668806e+03  1.709138424138624e-01  -1.843819261365588e-01  1.890459430369490e-03
  1.349999999999993e+00  7.793624162257422e+06  4.996159020092011e+06  5.826635481881682e+05  -3.585156887362479e+06  -2.399725110034385e+04  1.791524664034850e+03  1.688425186040256e-01  -1.793991027095131e-01  1.964657672535580e-03
  1.354999999999993e+00  7.818846718301877e+06  4.985792966430454e+06  6.116442450551807e+05  -3.537132520893930e+06  -2.496231792618088e+04  9.019389173538560e+02  1.667223828940746e-01  -1.745871563238479e-01  2.030519244848475e-03
  1.359999999999993e+00  7.842927030645348e+06  4.973887784409184e+06  6.398078451712505e+05  -3.491871924521155e+06  -2.650222577120149e+04  -1.416644207482652e+02  1.646922538802363e-01  -1.700267997724639e-01  2.046970743371319e-03
  1.364999999999993e+00  7.867283292554528e+06  4.963008080754803e+06  6.673346884557762e+05  -3.447262175623813e+06  -2.709727570423558e+04  -5.581709003441298e+02  1.628667819879837e-01  -1.655229286057096e-01  2.043212912823545e-03
  1.369999999999993e+00  7.889622662996160e+06  4.951852452979770e+06  6.936788188581839e+05  -3.405638200023724e+06  -2.740835247824069e+04  -5.095517542872362e+02  1.614252203267122e-01  -1.611590371656518e-01  1.981969030047691e-03
  1.374999999999993e+00  7.909324996351360e+06  4.940937021432044e+06  7.190118923644603e+05  -3.367589464753556e+06  -2.745885455098666e+04  1.101896096066683e+02  1.604749104522222e-01  -1.569641588971884e-01  1.861090875971315e-03
  1.379999999999993e+00  7.926092963177848e+06  4.930903465431474e+06  7.437003854457416e+05  -3.333468929561735e+06  -2.729956966901968e+04  1.373430946122541e+03  1.600775440227254e-01  -1.529749637846727e-01  1.687366042865243e-03
  1.384999999999992e+00  7.940763806347325e+06  4.921739110242177e+06  7.685109019361855e+05  -3.304419025308377e+06  -2.755855793902743e+04  2.666997572829274e+03  1.599681500110916e-01  -1.492898137853220e-01  1.453218813508808e-03
  1.389999999999992e+00  7.952634400798272e+06  4.915118435652986e+06  7.931415474546495e+05  -3.277908294158282e+06  -2.728968962547642e+04  5.024856956498078e+03  1.605896645376642e-01  -1.457837731910811e-01  1.233845995382506e-03
  1.394999999999992e+00  7.962802241557230e+06  4.910288162264274e+06  8.181703549009799e+05  -3.254683960400620e+06  -2.717749448524377e+04  7.669039334106663e+03  1.616246151980533e-01  -1.425284795901387e-01  1.032901644251052e-03
  1.399999999999992e+00  7.971846923340728e+06  4.906626963538371e+06  8.435681621721665e+05  -3.234257046523983e+06  -2.730671133653878e+04  1.037790253233035e+04  1.629544008948714e-01  -1.394788712329840e-01  8.748330040104948e-04
  1.404999999999992e+00  7.980992912501795e+06  4.902017110172432e+06  8.688673745472893e+05  -3.216733230453355e+06  -2.809754072892231e+04  1.263297053976910e+04  1.641704787321263e-01  -1.365858413413041e-01  7.270924711987801e-04
  1.409999999999992e+00  7.989441064907135e+06  4.897890530854555e+06  8.942743070092219e+05  -3.199908854038011e+06  -2.866423718443342e+04  1.512809859966704e+04  1.657250716218465e-01  -1.337649384257862e-01  6.791884713060365e-04
  1.414999999999992e+00  7.998704467985822e+06  4.892313589078037e+06  9.193602967467532e+05  -3.183865254902858e+06  -2.939004860765399e+04  1.726635842921483e+04  1.671784927220855e-01  -1.309741535679206e-01  6.915551612006896e-04
  1.419999999999992e+00  8.009459666144006e+06  4.884557266638433e+06  9.438437065267378e+05  -3.167944115039093e+06  -3.011988893200037e+04  1.901836050866376e+04  1.684124498901221e-01  -1.281641652225390e-01  7.471480469861312e-04
  1.424999999999992e+00  8.021658904682435e+06  4.872237412289969e+06  9.668238790466047e+05  -3.152265844620150e+06  -3.090706650537822e+04  2.057381073967994e+04  1.692720511021598e-01  -1.253172762591725e-01  7.598090016364344e-04
  1.429999999999992e+00  8.035862291832532e+06  4.857544910240490e+06  9.890980283745965e+05  -3.135606133157125e+06  -3.097296336880815e+04  2.184276692275638e+04  1.699465874771957e-01  -1.223070046117460e-01  8.231487426593566e-04
  1.434999999999991e+00  8.051913411874761e+06  4.838409582809304e+06  1.009885513816998e+06  -3.118618669850362e+06  -3.047457061715199e+04  2.297919207203005e+04  1.702944097765543e-01  -1.191160512803904e-01  8.544805524067436e-04
  1.439999999999991e+00  8.069588173450905e+06  4.814766699233101e+06  1.029067535927082e+06  -3.101470733157399e+06  -2.941303733873046e+04  2.404855374916325e+04  1.703534487648334e-01  -1.157381641642387e-01  8.446714771679905e-04
  1.444999999999991e+00  8.087363139042835e+06  4.786332570961421e+06  1.046138831147273e+06  -3.084787483890508e+06  -2.823041999984551e+04  2.509481026978867e+04  1.703038829169042e-01  -1.123180276596744e-01  7.783685201747541e-04
  1.449999999999991e+00  8.107664455655213e+06  4.756343201514191e+06  1.062725548407889e+06  -3.067801099681437e+06  -2.650600157521125e+04  2.600098496112445e+04  1.700116718815254e-01  -1.087340216947227e-01  7.197720964114148e-04
  1.454999999999991e+00  8.129250838364067e+06  4.725175902966455e+06  1.078546616572718e+06  -3.051115756047430e+06  -2.481196793263730e+04  2.682493234332131e+04  1.696372542068057e-01  -1.051834997070401e-01  6.525671776314326e-04
  1.459999999999991e+00  8.151770239442226e+06  4.694042059880893e+06  1.093785494359915e+06  -3.034964690892621e+06  -2.337493277644625e+04  2.757574075913056e+04  1.692787846880764e-01  -1.017539995850401e-01  5.881003811837761e-04
  1.464999999999991e+00  8.174736163880873e+06  4.663849268553494e+06  1.108490302579337e+06  -3.019634675354970e+06  -2.235301035173666e+04  2.826889769430925e+04  1.690333048017228e-01  -9.851075583853174e-02  5.337131536457158e-04
  1.469999999999991e+00  8.197404974624284e+06  4.634720725523183e+06  1.122512332124364e+06  -3.005694984061286e+06  -2.181096998651665e+04  2.870569276799033e+04  1.690188220181484e-01  -9.551708926379834e-02  4.903757143795111e-04
  1.474999999999991e+00  8.220537606831363e+06  4.607730393279318e+06  1.136202994780913e+06  -2.992746513065062e+06  -2.159354407746062e+04  2.924752332249214e+04  1.691469293467903e-01  -9.269630819188281e-02  4.524832534900797e-04
  1.479999999999990e+00  8.243182020265603e+06  4.581887099656805e+06  1.149121617653024e+06  -2.981420516609006e+06  -2.168986657807677e+04  2.963757428914952e+04  1.695323920153900e-01  -9.006249990498470e-02  4.190381063912611e-04
  1.484999999999990e+00  8.265113136542910e+06  4.556388428625885e+06  1.161083051193781e+06  -2.971982736120749e+06  -2.199123918401654e+04  2.974497838076244e+04  1.701835138913544e-01  -8.755233194313757e-02  3.894271649725940e-04
  1.489999999999990e+00  8.287053003867405e+06  4.530603424771098e+06  1.172310954480425e+06  -2.964324887971563e+06  -2.231182531155464e+04  2.946486868239144e+04  1.709999495772550e-01  -8.510146423380600e-02  3.605204826012921e-04
  1.494999999999990e+00  8.308224151523703e+06  4.504052853425629e+06  1.182363063045960e+06  -2.958587124206651e+06  -2.280848943869347e+04  2.874248995486313e+04  1.720597026935317e-01  -8.268083610651393e-02  3.553110006895569e-04
  1.499999999999990e+00  8.329685855008689e+06  4.476581628484022e+06  1.191712275306507e+06  -2.954389831139957e+06  -2.339244258862643e+04  2.751243861250591e+04  1.732406949648053e-01  -8.027332377512830e-02  3.788906437428793e-04
  1.504999999999990e+00  8.351827608934357e+06  4.448422684024232e+06  1.200676562689321e+06  -2.951364362907269e+06  -2.406869477295237e+04  2.589417602079285e+04  1.744844636865175e-01  -7.788648261286123e-02  4.400526828775011e-04
  1.509999999999990e+00  8.374988116781439e+06  4.420293543803881e+06  1.209725375017201e+06  -2.948773312120048e+06  -2.489026435529198e+04  2.434355184912766e+04  1.756761629240338e-01  -7.553808895789894e-02  5.447607678354357e-04
  1.514999999999990e+00  8.398465734155592e+06  4.391940106454876e+06  1.218606887685925e+06  -2.947110921354694e+06  -2.577631603322650e+04  2.268062008846805e+04  1.769423698789740e-01  -7.325334342327436e-02  6.860482443564872e-04
  1.519999999999990e+00  8.422299106717827e+06  4.364111206109507e+06  1.227639441931425e+06  -2.945772071880255e+06  -2.669044576022569e+04  2.143458789519457e+04  1.781944790244824e-01  -7.105369902329436e-02  8.545475288538356e-04
  1.524999999999989e+00  8.445961013348587e+06  4.336899634500029e+06  1.236669190068888e+06  -2.944684371230312e+06  -2.755378956978692e+04  2.086269072855972e+04  1.794330933475128e-01  -6.893983478463438e-02  1.032563616366011e-03
  1.529999999999989e+00  8.468590341972236e+06  4.309628591787373e+06  1.245002944680210e+06  -2.943798242165942e+06  -2.839563531163728e+04  2.120925808821406e+04  1.806252617404423e-01  -6.684378675264052e-02  1.183120917508009e-03
  1.534999999999989e+00  8.489683098175671e+06  4.282410351621517e+06  1.252779769566631e+06  -2.943665394696852e+06  -2.880638125113574e+04  2.236684770102860e+04  1.818977122333790e-01  -6.480054167730488e-02  1.309560742191524e-03
  1.539999999999989e+00  8.508459647957984e+06  4.254210768120688e+06  1.259309751120673e+06  -2.944360253615538e+06  -2.879436194471819e+04  2.440133274139489e+04  1.832143358377881e-01  -6.270940366700130e-02  1.389710739637860e-03
  1.544999999999989e+00  8.524750022194974e+06  4.224448127971526e+06  1.264388114543694e+06  -2.946040337899500e+06  -2.833739368085915e+04  2.706893113783676e+04  1.845656588582008e-01  -6.051626712990723e-02  1.425509788890638e-03
  1.549999999999989e+00  8.538899957173616e+06  4.192763647525710e+06  1.268117939146894e+06  -2.948593450604685e+06  -2.769731331253820e+04  2.991946514791821e+04  1.859183151425293e-01  -5.818495753374110e-02  1.405685947544573e-03
  1.554999999999989e+00  8.551736383971253e+06  4.159813925393738e+06  1.271029266422105e+06  -2.951987286890674e+06  -2.660609259975684e+04  3.273933402774082e+04  1.872284860284497e-01  -5.574849525991798e-02  1.398639223774402e-03
  1.559999999999989e+00  8.564291083010439e+06  4.125773934570969e+06  1.273576111276787e+06  -2.955835582661688e+06  -2.539978375891932e+04  3.512218328978735e+04  1.884165495310114e-01  -5.320491581882437e-02  1.394176201163741e-03
  1.564999999999989e+00  8.577501456770141e+06  4.091232140931571e+06  1.276344225547548e+06  -2.959838395975804e+06  -2.421929410365239e+04  3.684918124595498e+04  1.894349967943524e-01  -5.059046262774721e-02  1.400096508545288e-03
  1.569999999999989e+00  8.592089365039924e+06  4.056809163207277e+06  1.279818829792474e+06  -2.963725295047305e+06  -2.321361187614519e+04  3.778786429544229e+04  1.902572053451218e-01  -4.794988463954152e-02  1.422655520283293e-03
  1.574999999999988e+00  8.607831953551738e+06  4.023092285259468e+06  1.284266829541411e+06  -2.967332250146721e+06  -2.248713987666214e+04  3.801999958799451e+04  1.909724595835203e-01  -4.535365589112767e-02  1.445575491264467e-03
  1.579999999999988e+00  8.625906951132609e+06  3.990358333579260e+06  1.289781432114568e+06  -2.970481614476388e+06  -2.209117246890692e+04  3.742124699435664e+04  1.914192758905253e-01  -4.278704309018404e-02  1.501947577176989e-03
  1.584999999999988e+00  8.645302974917188e+06  3.958726079189035e+06  1.296218351270794e+06  -2.973254890835570e+06  -2.210539222088987e+04  3.621014680682650e+04  1.917407485162568e-01  -4.029463809213027e-02  1.559067481100986e-03
  1.589999999999988e+00  8.665491660015287e+06  3.928222733316086e+06  1.303364536316854e+06  -2.975713896263857e+06  -2.249726316797765e+04  3.460763828245243e+04  1.919920187597574e-01  -3.789300837493493e-02  1.598241406604723e-03
  1.594999999999988e+00  8.685796109994389e+06  3.898973418062225e+06  1.311174255411505e+06  -2.977881877095166e+06  -2.288945228257217e+04  3.309324644153205e+04  1.922423457780781e-01  -3.561352653145801e-02  1.591798212778019e-03
  1.599999999999988e+00  8.706159830215326e+06  3.870511135952953e+06  1.319122344596831e+06  -2.979938500153105e+06  -2.381881693544081e+04  3.140479568411250e+04  1.924670958874617e-01  -3.341458298024914e-02  1.558917610377271e-03
  1.604999999999988e+00  8.725867652714929e+06  3.842843041712519e+06  1.327220814648483e+06  -2.981965630433235e+06  -2.494349888768499e+04  2.997715798835708e+04  1.927449141795439e-01  -3.131559037189027e-02  1.479983042992839e-03
  1.609999999999988e+00  8.744667630759235e+06  3.815800059761818e+06  1.335489729121075e+06  -2.984072166734435e+06  -2.621120564541787e+04  2.895176967542518e+04  1.930910520650575e-01  -2.930823516583109e-02  1.365444260804966e-03
  1.614999999999988e+00  8.762548445094548e+06  3.789102853695537e+06  1.344106233208762e+06  -2.986311016335291e+06  -2.719778974924375e+04  2.851300712160034e+04  1.934581730195542e-01  -2.739492733024955e-02  1.246133140859121e-03
  1.619999999999987e+00  8.779012096118772e+06  3.762572040992268e+06  1.352932667272968e+06  -2.988951455147687e+06  -2.854946273856576e+04  2.849021379956879e+04  1.939514164230599e-01  -2.552890992118101e-02  1.111603678783225e-03
  1.624999999999987e+00  8.794081511728104e+06  3.736025232931965e+06  1.362214904309627e+06  -2.992035907143202e+06  -2.981040489993597e+04  2.905734957096664e+04  1.945311985282278e-01  -2.370889154149447e-02  9.825312505329661e-04
  1.629999999999987e+00  8.807640311066894e+06  3.709253621944010e+06  1.371935468202056e+06  -2.995656671509369e+06  -3.087551856089000e+04  3.021547924566334e+04  1.951977602351125e-01  -2.191770503842978e-02  8.657545553665317e-04
  1.634999999999987e+00  8.819684761895141e+06  3.681671051815896e+06  1.381349884604177e+06  -2.999772214748028e+06  -3.147711685205768e+04  3.168370043440801e+04  1.958842501934923e-01  -2.016096716524132e-02  7.923439329490718e-04
  1.639999999999987e+00  8.829884641114451e+06  3.653786668695278e+06  1.391173862676252e+06  -3.004607576973511e+06  -3.201717448826832e+04  3.367646980329271e+04  1.967213927705130e-01  -1.838168267695872e-02  7.124667484241868e-04
  1.644999999999987e+00  8.838189927917857e+06  3.625015362480075e+06  1.400532127509257e+06  -3.010137023308649e+06  -3.222695528397750e+04  3.594743752356814e+04  1.976417749457099e-01  -1.658081342846771e-02  6.467194880205163e-04
  1.649999999999987e+00  8.844615583523404e+06  3.595166818735169e+06  1.408998167742112e+06  -3.016368623957478e+06  -3.213360290989473e+04  3.831600244308237e+04  1.986309711873452e-01  -1.474530233002341e-02  5.952000754885314e-04
  1.654999999999987e+00  8.849188349975716e+06  3.564039281818000e+06  1.416153649935456e+06  -3.023332466925052e+06  -3.179560661067252e+04  4.058711446006286e+04  1.996753040482840e-01  -1.286193740616028e-02  5.600618048688037e-04
  1.659999999999987e+00  8.852167442476526e+06  3.531505323399876e+06  1.421372146843832e+06  -3.030891789735152e+06  -3.116602996293670e+04  4.250957382429804e+04  2.007414576897597e-01  -1.097234751892541e-02  5.508688501057257e-04
  1.664999999999986e+00  8.853582559501369e+06  3.497755951047387e+06  1.425441228106417e+06  -3.039376988343636e+06  -3.043122439544596e+04  4.434416754704829e+04  2.018636383312618e-01  -8.980225700160875e-03  5.348755493428224e-04
  1.669999999999986e+00  8.854468582474604e+06  3.463117411680301e+06  1.428198831804007e+06  -3.048433308759267e+06  -2.954918365186984e+04  4.583940816933117e+04  2.029547455417588e-01  -6.958416185876271e-03  5.299863465721624e-04
  1.674999999999986e+00  8.855710562319107e+06  3.428139875064679e+06  1.430047306574095e+06  -3.057850917697052e+06  -2.854116611595268e+04  4.699683247458754e+04  2.039681039840057e-01  -4.941247480022454e-03  5.344147927130897e-04
  1.679999999999986e+00  8.856979056132102e+06  3.393186175121254e+06  1.431101386813201e+06  -3.067621209123767e+06  -2.740363928091447e+04  4.791159535455818e+04  2.049758382750382e-01  -2.982251419333361e-03  5.531741645182126e-04
  1.684999999999986e+00  8.860870445335096e+06  3.359219958185573e+06  1.432383057760939e+06  -3.077231181448569e+06  -2.637095125269363e+04  4.842432511854846e+04  2.057562634107050e-01  -1.076537388809963e-03  5.900519610089417e-04
  1.689999999999986e+00  8.866924325274352e+06  3.326538833071950e+06  1.433874514717293e+06  -3.086660761752862e+06  -2.544735245901942e+04  4.861351521082973e+04  2.063814552969775e-01  7.140080804218225e-04  6.525173295453564e-04
  1.694999999999986e+00  8.875181123743854e+06  3.295453840187019e+06  1.435725528334241e+06  -3.095851133685774e+06  -2.473751363105459e+04  4.850492907265441e+04  2.068624925739719e-01  2.364700036015444e-03  7.462837653971925e-04
  1.699999999999986e+00  8.884322572370524e+06  3.266105265826816e+06  1.437971462048840e+06  -3.104972048976089e+06  -2.434033635184558e+04  4.828000982995117e+04  2.073355100241171e-01  3.872962418197054e-03  8.623590136867090e-04
  1.704999999999986e+00  8.896539698756821e+06  3.238770067955128e+06  1.440696340360183e+06  -3.113631649349903e+06  -2.431341366029435e+04  4.773925962758140e+04  2.075862031409035e-01  5.208994429799786e-03  1.017807102041364e-03
  1.709999999999986e+00  8.909898086072743e+06  3.213188480263707e+06  1.443657664213996e+06  -3.122191717672118e+06  -2.468361022659530e+04  4.707989390454202e+04  2.077909353534160e-01  6.384446753654670e-03  1.200708915694029e-03
  1.714999999999985e+00  8.923699537783921e+06  3.189159508027839e+06  1.446764508301463e+06  -3.130821952138798e+06  -2.543269451531826e+04  4.641464824152191e+04  2.080002580911109e-01  7.412500853273373e-03  1.402409029776810e-03
  1.719999999999985e+00  8.937246314287202e+06  3.166461636486088e+06  1.450366320688137e+06  -3.139600395428134e+06  -2.647964407505076e+04  4.596531628796022e+04  2.082570164220660e-01  8.357719998914919e-03  1.581373293019670e-03
  1.724999999999985e+00  8.949970150341112e+06  3.144436707652065e+06  1.453583047250664e+06  -3.148979614399767e+06  -2.779105770213165e+04  4.556350312905791e+04  2.085847905420257e-01  9.181290162167314e-03  1.789753981951575e-03
  1.729999999999985e+00  8.960909884334529e+06  3.122743812629574e+06  1.456755652235106e+06  -3.159147952901812e+06  -2.924360845938174e+04  4.544885498260503e+04  2.090453937893108e-01  9.954410478385129e-03  1.986332534767464e-03
  1.734999999999985e+00  8.969666671807706e+06  3.100957306412146e+06  1.459811539812458e+06  -3.170265800860931e+06  -3.075823435046800e+04  4.567299001887479e+04  2.096475497929670e-01  1.071657272068602e-02  2.159715710534527e-03
  1.739999999999985e+00  8.976028389178140e+06  3.078649548952681e+06  1.462582581557011e+06  -3.182428173678094e+06  -3.227015914417036e+04  4.626828492560629e+04  2.103850727809341e-01  1.150754695274481e-02  2.297904764234711e-03
  1.744999999999985e+00  8.980799962746693e+06  3.055404561597023e+06  1.464795914784367e+06  -3.195273665144508e+06  -3.377865891148709e+04  4.706025843372338e+04  2.111579876676118e-01  1.239870752874996e-02  2.363081314551357e-03
  1.749999999999985e+00  8.982133982705321e+06  3.030979499389256e+06  1.466295425999689e+06  -3.209633499102987e+06  -3.513373102885121e+04  4.837258138761364e+04  2.121344460208043e-01  1.333682480028002e-02  2.403370943379975e-03
  1.754999999999985e+00  8.981421212897498e+06  3.005391043751068e+06  1.467149812863879e+06  -3.224937502922811e+06  -3.634379150396871e+04  5.006439349828294e+04  2.131801759678568e-01  1.437199752915745e-02  2.377838504313881e-03
  1.759999999999984e+00  8.979409993271856e+06  2.978887461762203e+06  1.467528388183243e+06  -3.240927942462856e+06  -3.741049314644070e+04  5.207804549459628e+04  2.142386518230248e-01  1.549370398003875e-02  2.284273324012670e-03
  1.764999999999984e+00  8.976901364880392e+06  2.951524863904086e+06  1.467290888507108e+06  -3.257266178736211e+06  -3.844364783686969e+04  5.400333021908160e+04  2.152561739216763e-01  1.668973864263571e-02  2.138854080197126e-03
  1.769999999999984e+00  8.974016754200900e+06  2.924002992565782e+06  1.467243002903427e+06  -3.274032707491220e+06  -3.927840808138531e+04  5.642485182358865e+04  2.162385340720117e-01  1.791667670136253e-02  1.934605340970440e-03
  1.774999999999984e+00  8.971478792457547e+06  2.896356669874450e+06  1.467170215810721e+06  -3.290884913825856e+06  -4.006450098920922e+04  5.890254450940062e+04  2.171347712679730e-01  1.916834927845587e-02  1.689218200052504e-03
  1.779999999999984e+00  8.969386572625823e+06  2.868715689214872e+06  1.467025137187564e+06  -3.307757439577153e+06  -4.084803528943719e+04  6.131548311227670e+04  2.179478378416811e-01  2.042400721155097e-02  1.420731618821866e-03
  1.784999999999984e+00  8.967509334755683e+06  2.841126541465900e+06  1.466566801310963e+06  -3.324734740130160e+06  -4.153867711283401e+04  6.345129118077260e+04  2.187301485984481e-01  2.163067549887082e-02  1.156478187187643e-03
  1.789999999999984e+00  8.966845505019775e+06  2.814215810184037e+06  1.466255929730056e+06  -3.341397900880859e+06  -4.240559181388994e+04  6.551454879141011e+04  2.193805694814280e-01  2.280352650635417e-02  8.898051971901514e-04
  1.794999999999984e+00  8.967081265986251e+06  2.787955899441143e+06  1.465765253684575e+06  -3.357847793206550e+06  -4.343156833192639e+04  6.720678489004991e+04  2.199543890607988e-01  2.389929775628276e-02  6.538488505293805e-04
  1.799999999999984e+00  8.968213731906651e+06  2.762519233236528e+06  1.465102512916130e+06  -3.374091431466679e+06  -4.464256464509467e+04  6.847535731853111e+04  2.204689947314172e-01  2.489563467158085e-02  4.614090155900988e-04
  1.804999999999984e+00  8.969986939962277e+06  2.738068268441356e+06  1.464614225244414e+06  -3.390430345554163e+06  -4.566707126391794e+04  6.951997730137304e+04  2.209904640030820e-01  2.574798504504463e-02  3.073615984019320e-04
  1.809999999999983e+00  8.973288151835708e+06  2.714979396304553e+06  1.464172373327357e+06  -3.406247547953371e+06  -4.718261657924260e+04  6.998352041509931e+04  2.214122788279043e-01  2.648978345537682e-02  2.181418608226321e-04
  1.814999999999983e+00  8.977901768381776e+06  2.693424245322273e+06  1.464170929730128e+06  -3.421822225019366e+06  -4.878414882021995e+04  7.008300290115426e+04  2.217966861110869e-01  2.707722333599804e-02  1.799889921084176e-04
  1.819999999999983e+00  8.984036226042507e+06  2.673617712704425e+06  1.464864954284844e+06  -3.437122530320212e+06  -5.036743472534432e+04  6.993456269381141e+04  2.221423915807304e-01  2.749723062978658e-02  1.809351571696453e-04
  1.824999999999983e+00  8.991366494038269e+06  2.655177368736008e+06  1.466360196009186e+06  -3.452492906722510e+06  -5.151565247565138e+04  6.981015048711779e+04  2.224859698735953e-01  2.776459564627340e-02  2.074543810821444e-04
  1.829999999999983e+00  9.000110109650610e+06  2.638359352630510e+06  1.468330033298661e+06  -3.467489137298655e+06  -5.271122383293769e+04  6.953651717811704e+04  2.227958779891548e-01  2.789316794038924e-02  2.455406685921652e-04
  1.834999999999983e+00  9.009231785575382e+06  2.622299645922002e+06  1.470522199532870e+06  -3.482696167315480e+06  -5.348618397049579e+04  6.944823701609491e+04  2.231543789223837e-01  2.792445383774740e-02  2.748869269645153e-04
  1.839999999999983e+00  9.017807001703560e+06  2.606211972778490e+06  1.472427348712549e+06  -3.498452722174952e+06  -5.373402201433326e+04  6.963976432828477e+04  2.236169036603023e-01  2.791387292975812e-02  2.861486496410491e-04
  1.844999999999983e+00  9.025062502659684e+06  2.589409798651245e+06  1.473597450426131e+06  -3.515034838176519e+06  -5.337449365062186e+04  7.016053847786946e+04  2.242222250115490e-01  2.791305267405143e-02  2.726461495951921e-04
  1.849999999999983e+00  9.031033408062499e+06  2.571387181532453e+06  1.473769143743010e+06  -3.532439369163677e+06  -5.229944251246479e+04  7.088125244119189e+04  2.249123633019974e-01  2.796440116594240e-02  2.328666092346071e-04
  1.854999999999982e+00  9.034676008363241e+06  2.552050316788249e+06  1.472794161950784e+06  -3.550938082934236e+06  -5.070267338747274e+04  7.202224463042202e+04  2.258054172378201e-01  2.808344778028250e-02  1.636625303125006e-04
  1.859999999999982e+00  9.036399462841252e+06  2.531207979505865e+06  1.470697655939191e+06  -3.570425381146197e+06  -4.855377296724771e+04  7.340326832821184e+04  2.268197673106432e-01  2.829307895032300e-02  8.045839304440743e-05
  1.864999999999982e+00  9.036456834049510e+06  2.508983693885812e+06  1.467627443708414e+06  -3.590766452264078e+06  -4.599546813977334e+04  7.489057100455937e+04  2.279137277328427e-01  2.859528570428808e-02  1.737424453532860e-07
  1.869999999999982e+00  9.035456493766723e+06  2.485587048296469e+06  1.463632577356410e+06  -3.611509089166149e+06  -4.335232562643511e+04  7.615462276746337e+04  2.289861017768849e-01  2.897686291558320e-02  -6.491934300676296e-05
  1.874999999999982e+00  9.033089048853777e+06  2.461413439366231e+06  1.459157026237552e+06  -3.632943824704197e+06  -4.057554197830248e+04  7.739439048718281e+04  2.301166943352571e-01  2.943090323217656e-02  -8.869169876013864e-05
  1.879999999999982e+00  9.030186924045168e+06  2.436860878851571e+06  1.454308428452025e+06  -3.654527339564689e+06  -3.798260132776403e+04  7.827819889108736e+04  2.311896719045518e-01  2.992925065314013e-02  -6.188747014779462e-05
  1.884999999999982e+00  9.027052622722419e+06  2.412299017708529e+06  1.449190971717013e+06  -3.675995212145075e+06  -3.574763895550695e+04  7.870777473609161e+04  2.321704972630479e-01  3.044755220213155e-02  1.817311952158492e-05
  1.889999999999982e+00  9.023444250302088e+06  2.387707246666382e+06  1.443705255464127e+06  -3.697089669762883e+06  -3.402825153947940e+04  7.880124668655527e+04  2.330609148303170e-01  3.097952360441730e-02  1.161997321841208e-04
  1.894999999999982e+00  9.020052373664629e+06  2.363907391257205e+06  1.438297983500667e+06  -3.717801041383896e+06  -3.279775827739601e+04  7.836903839173065e+04  2.338287342990583e-01  3.148211349775892e-02  2.822116419431462e-04
  1.899999999999981e+00  9.016653692883266e+06  2.340841587514109e+06  1.432887433490630e+06  -3.737903374948607e+06  -3.217374743613486e+04  7.751178638638128e+04  2.344723781762086e-01  3.194943807859018e-02  4.822185667444103e-04
  1.904999999999981e+00  9.013293950018648e+06  2.318693895544711e+06  1.427650967030856e+06  -3.757300201896698e+06  -3.216768983163854e+04  7.631447576974833e+04  2.349903126802981e-01  3.236837778521798e-02  7.084689293368201e-04
  1.909999999999981e+00  9.009548171081685e+06  2.297195334209051e+06  1.422890947513661e+06  -3.776050511863646e+06  -3.265565976541870e+04  7.525168567171590e+04  2.354354581903565e-01  3.275893462645329e-02  9.163886154526340e-04
  1.914999999999981e+00  9.006666207076320e+06  2.277391762977689e+06  1.418723306978164e+06  -3.793836641986185e+06  -3.373632276862350e+04  7.377221644328290e+04  2.356945459600379e-01  3.304781132907672e-02  1.166536573731580e-03
  1.919999999999981e+00  9.004385112401495e+06  2.259021185287586e+06  1.415447441158981e+06  -3.810701448984763e+06  -3.522737374142482e+04  7.235499951694693e+04  2.358092399760512e-01  3.325579423959214e-02  1.407319870579585e-03
  1.924999999999981e+00  9.002928371604940e+06  2.242176745674150e+06  1.413271369160086e+06  -3.826619867943877e+06  -3.697549344001671e+04  7.118076802640740e+04  2.357763754104422e-01  3.337858560490113e-02  1.619822137224103e-03
  1.929999999999981e+00  9.002335393016165e+06  2.226792012545284e+06  1.412280301334815e+06  -3.841652047410589e+06  -3.881357923827165e+04  7.040783548047871e+04  2.356067369704122e-01  3.342144814881975e-02  1.786536847560953e-03
  1.934999999999981e+00  9.002053602547770e+06  2.212123759169541e+06  1.412342456318123e+06  -3.856149516727778e+06  -4.050507641357232e+04  7.018156482838292e+04  2.353728658476615e-01  3.342406479858424e-02  1.889428948373593e-03
  1.939999999999981e+00  9.002703511764074e+06  2.198934126430659e+06  1.413375341430347e+06  -3.869858991441965e+06  -4.215105856405565e+04  7.029255885198231e+04  2.349978171431925e-01  3.334833562658509e-02  1.942418438604013e-03
  1.944999999999981e+00  9.003217568848548e+06  2.186172758980840e+06  1.414995835789406e+06  -3.883302108060967e+06  -4.355816814414366e+04  7.087511827455544e+04  2.345912144843904e-01  3.325500919077968e-02  1.927868004024495e-03
  1.949999999999980e+00  9.002990814653924e+06  2.173337422554830e+06  1.416810198111312e+06  -3.896782304302712e+06  -4.470252485000351e+04  7.181740998503432e+04  2.342055100425341e-01  3.317314553229266e-02  1.851133645745088e-03
  1.954999999999980e+00  9.002107180732755e+06  2.160074579598050e+06  1.418527291071563e+06  -3.910503208868983e+06  -4.560758477038331e+04  7.266667561120892e+04  2.338491883090451e-01  3.311011403848425e-02  1.736564325884958e-03
  1.959999999999980e+00  8.999120417185560e+06  2.146001064055294e+06  1.419697202140669e+06  -3.924824363556956e+06  -4.630931405690464e+04  7.378850770578017e+04  2.336155976336952e-01  3.311529529264626e-02  1.569571222111449e-03
  1.964999999999980e+00  8.994129566722568e+06  2.130809168109578e+06  1.420121461054996e+06  -3.939933286220844e+06  -4.685933338655706e+04  7.478385401641404e+04  2.335163957907352e-01  3.319521194822343e-02  1.377336115795524e-03
  1.969999999999980e+00  8.987150922449028e+06  2.114450832534456e+06  1.419708287345776e+06  -3.955936972097323e+06  -4.731284820037070e+04  7.550505691208395e+04  2.335575356287457e-01  3.335407558499184e-02  1.174912010409364e-03
  1.974999999999980e+00  8.979268487301949e+06  2.097300138062243e+06  1.418543099773779e+06  -3.972742815423265e+06  -4.769318383551831e+04  7.566707730404301e+04  2.336598334420206e-01  3.355833408280003e-02  9.805047367447374e-04
  1.979999999999980e+00  8.968763722388955e+06  2.078860331032398e+06  1.416413243948807e+06  -3.990668443775629e+06  -4.806208953747206e+04  7.564854013991271e+04  2.339650364353059e-01  3.386500273456872e-02  7.883447298039019e-04
  1.984999999999980e+00  8.957090609539295e+06  2.059774831855507e+06  1.413603642099981e+06  -4.009434891181446e+06  -4.842635730795744e+04  7.520712494908720e+04  2.343691717250335e-01  3.422178357255629e-02  6.124408705297180e-04
  1.989999999999980e+00  8.944662148692081e+06  2.040371203895154e+06  1.410238948942285e+06  -4.028916028808019e+06  -4.879246362462982e+04  7.437816561577715e+04  2.348451856377987e-01  3.460774259906563e-02  4.530828803682406e-04
  1.994999999999979e+00  8.931801784968486e+06  2.020862824470800e+06  1.406393229010481e+06  -4.049126100666278e+06  -4.908320924034131e+04  7.333214173009065e+04  2.353554901940473e-01  3.500090261900714e-02  3.061659657617252e-04
  1.999999999999979e+00  8.918771453293230e+06  2.001801694917202e+06  1.402476733197303e+06  -4.069638592130813e+06  -4.942462979653609e+04  7.205439937352587e+04  2.359152322896905e-01  3.538524108668031e-02  1.729285378306936e-04
