TITLE = "Temporal Signal for receiver number 00001"
VARIABLES = "Time","s_xx","s_yy","s_zz","s_xy","s_yz","s_xz","v1","v2","v3"
# x1       0.000000000000e+00
# x2       2.000000000000e+03
# x3       -7.500000000000e+03
# cell-global-id 9467
  0.000000000000000e+00  0.000000000000000e+00  0.000000000000000e+00  0.000000000000000e+00  0.000000000000000e+00  0.000000000000000e+00  0.000000000000000e+00  0.000000000000000e+00  0.000000000000000e+00  0.000000000000000e+00
  5.000000000000000e-03  0.000000000000000e+00  0.000000000000000e+00  0.000000000000000e+00  0.000000000000000e+00  0.000000000000000e+00  0.000000000000000e+00  0.000000000000000e+00  0.000000000000000e+00  0.000000000000000e+00
  1.000000000000000e-02  0.000000000000000e+00  0.000000000000000e+00  0.000000000000000e+00  0.000000000000000e+00  0.000000000000000e+00  0.000000000000000e+00  0.000000000000000e+00  0.000000000000000e+00  0.000000000000000e+00
  1.500000000000000e-02  -6.926279098078869e-01  -3.094184562954845e+00  -2.537524128780185e+00  -2.579190124509304e-01  1.876644552071547e+00  9.710192386106381e-01  -7.127788753601856e-07  2.745772250073544e-07  -8.445124678674131e-08
  2.000000000000000e-02  -1.996366498329877e+01  -4.010825476590359e+01  -2.643058322097164e+01  -7.667938947674108e+00  1.906879379681653e+01  1.214966716820898e+01  -6.352634828388161e-06  3.308093249367725e-06  -4.453751144668761e-07
  2.500000000000000e-02  -5.873433243991702e+01  -8.079467618285403e+01  -5.144372509988872e+01  -8.604563572536847e+00  3.570841585763352e+01  1.755299891574912e+01  -1.260268001108149e-05  6.121227776188649e-06  -6.603387649329475e-07
  3.000000000000000e-02  -4.571543665060717e+01  -1.023036786909248e+02  -5.544768120691497e+01  6.283027919899746e+00  6.712490094235599e+01  3.013789077512795e+01  -3.014626968994886e-05  7.142313847388258e-06  -1.015306282416778e-06
  3.500000000000000e-02  7.537136715579103e+01  -1.455379975390645e+01  2.119052031662921e+01  5.129542729105786e+01  7.423181063454511e+01  1.964701295053873e+01  -4.560356305489735e-05  -8.463531853683223e-07  -1.514839498511190e-06
  4.000000000000000e-02  2.426875186127828e+02  1.622170372084083e+02  1.486610714966551e+02  1.098596951876069e+02  3.664406418907477e+01  -1.203183810548826e+01  -4.761071219164111e-05  -1.613518451448067e-05  -1.657915560542890e-06
  4.500000000000000e-02  2.990620102018869e+02  2.850748435973434e+02  2.194555888769316e+02  1.240838554615390e+02  -9.368273235559871e+00  -1.884942292040928e+01  -3.931729668136441e-05  -2.607352561593611e-05  -1.790291702591064e-06
  5.000000000000000e-02  3.256214151448949e+02  4.116602682455384e+02  2.599545731559064e+02  1.086787122366639e+02  -1.059111477486106e+02  -2.442188340599961e+01  -7.580042563492754e-06  -3.689049894349940e-05  -5.011361399558144e-07
  5.499999999999999e-02  2.016292487937862e+02  4.071884177523540e+02  1.843990714254134e+02  1.382834452627854e+01  -2.069991145897523e+02  -8.014847288420524e+00  4.137557422279285e-05  -3.599808029778915e-05  2.578794661784290e-06
  5.999999999999999e-02  -1.756007370602859e+01  2.722945199264962e+02  1.943156374059779e+01  -1.568733754188961e+02  -2.822381427561280e+02  2.050754083689551e+01  9.695842524222846e-05  -2.250202287408371e-05  6.864311861975580e-06
  6.499999999999999e-02  -3.883834144843052e+01  1.657673656730248e+02  -8.203880629074133e+01  -2.792491036767391e+02  -3.072704372051169e+02  4.429789255484798e+01  1.245739100865397e-04  -1.087060466101299e-05  8.682299209342547e-06
  6.999999999999999e-02  -2.124005148905837e+02  -9.622724514917618e+01  -2.732754412699111e+02  -4.701614912688994e+02  -2.927185700095842e+02  4.488265124792350e+01  1.622231093354921e-04  1.596344729565894e-05  1.253691030508489e-05
  7.500000000000000e-02  -3.174140279164408e+02  -3.676752149443965e+02  -4.171293204973174e+02  -6.084793804077532e+02  -2.141327436168122e+02  2.476958597127926e+01  1.761780541815750e-04  4.443377205466099e-05  1.356817786355293e-05
  8.000000000000000e-02  -3.392819053551192e+02  -6.071000134576437e+02  -4.909680599215503e+02  -6.447628611286619e+02  -8.081862380129944e+01  -1.126505043036517e+01  1.613191334572530e-04  6.950558627416948e-05  1.048319719312630e-05
  8.500000000000001e-02  -2.938325098893910e+02  -7.937573836113431e+02  -5.493885384716630e+02  -5.814498873201644e+02  5.676839514085319e+01  -5.170924623393710e+01  1.362581911848059e-04  8.481047663035362e-05  6.279880515621943e-06
  9.000000000000001e-02  -2.830630684216657e+02  -9.440389951789804e+02  -5.262925460309208e+02  -4.193797883719213e+02  2.479046504687864e+02  -9.209048987096649e+01  8.043338918193293e-05  9.726690444658001e-05  -3.838635561581094e-06
  9.500000000000001e-02  -2.218030241235143e+02  -9.791440404625769e+02  -4.293279449515700e+02  -1.409079393017907e+02  4.309901953562061e+02  -1.255528548802671e+02  4.724453150379640e-06  9.593379131132906e-05  -1.648128713498130e-05
  1.000000000000000e-01  -1.132110803540709e+02  -8.806175769653344e+02  -2.649111306108831e+02  2.221069957332213e+02  5.803312673028169e+02  -1.513885756904925e+02  -8.275932892937485e-05  7.894740700855960e-05  -2.920717366812123e-05
  1.050000000000000e-01  3.502924729328610e+01  -6.446629575261531e+02  -4.294688476902278e+01  6.247116300747970e+02  6.738994715901069e+02  -1.714990991765293e+02  -1.728632468850478e-04  4.656952707849987e-05  -3.922428160708060e-05
  1.100000000000000e-01  -5.905510590467986e+01  -4.401434821268437e+02  1.254333861478360e+02  8.449630890976468e+02  6.919177571389632e+02  -1.971731424990407e+02  -2.163111183793009e-04  2.084923604009758e-05  -4.040162776245258e-05
  1.150000000000000e-01  1.313721213154810e+02  3.412145510244169e+01  4.439465742726396e+02  1.211738431486368e+03  6.349948437507716e+02  -2.125496317470735e+02  -2.926388286083228e-04  -3.309723401096666e-05  -3.986077612962066e-05
  1.200000000000000e-01  3.157686292490122e+02  5.605753130196509e+02  7.542992278253699e+02  1.496096518465022e+03  4.995085002836543e+02  -2.200396424407862e+02  -3.499506376875331e-04  -9.049022263863043e-05  -3.240855487250778e-05
  1.250000000000000e-01  4.473493581697185e+02  1.070135396681838e+03  1.014496510895137e+03  1.657120872693660e+03  2.979502731517334e+02  -2.133741827706615e+02  -3.809810732247798e-04  -1.432622273570077e-04  -1.871682563598699e-05
  1.300000000000000e-01  4.187879943338629e+02  1.500762644129622e+03  1.236350182800741e+03  1.682173914780817e+03  5.680380531437616e+01  -2.022564551739601e+02  -3.830094874464060e-04  -1.796573242130853e-04  -3.080025844602229e-06
  1.350000000000000e-01  4.318936644297178e+02  1.842879055925431e+03  1.323238437090175e+03  1.590463549234196e+03  -2.096305665469035e+02  -1.456700883078435e+02  -3.633436498191696e-04  -2.093301183390274e-04  1.533960384503395e-05
  1.400000000000000e-01  3.060948697321928e+02  1.988810794681575e+03  1.258024072281250e+03  1.319436124069119e+03  -4.652363894283752e+02  -5.655402905073947e+01  -3.072444363570596e-04  -2.157538760141371e-04  3.316503525515302e-05
  1.450000000000000e-01  4.461774539540301e+01  1.918512519657803e+03  1.038116172475469e+03  8.774887549976816e+02  -6.836493780362530e+02  6.340945122663600e+01  -2.159801855555856e-04  -1.970292318504742e-04  4.798481783411142e-05
  1.500000000000000e-01  -5.763997875081269e+01  1.830511030590948e+03  8.383679697375444e+02  5.408072156692705e+02  -8.534342299902003e+02  1.971814732495112e+02  -1.482688084039968e-04  -1.766233239077599e-04  5.310079026580152e-05
  1.550000000000001e-01  -4.118475357457045e+02  1.383271169522791e+03  3.753283226071268e+02  -1.159154219999954e+02  -9.410757140684218e+02  3.596575310681924e+02  -1.180188908439619e-05  -1.172302101098018e-04  5.707371013712280e-05
  1.600000000000001e-01  -7.738051523843706e+02  7.956502608936495e+02  -1.526603830687754e+02  -8.387818360276248e+02  -9.514973074341167e+02  5.189395932380620e+02  1.413522485841225e-04  -4.216971896369348e-05  5.552467188608193e-05
  1.650000000000001e-01  -1.069078314902162e+03  1.352520180589499e+02  -6.878805166356742e+02  -1.564605025235400e+03  -8.895254132885520e+02  6.571802938528485e+02  2.993785484325296e-04  4.057516257142388e-05  4.901957302710052e-05
  1.700000000000001e-01  -9.259950334662458e+02  -3.832750951176637e+02  -1.074707276054451e+03  -1.976978544297872e+03  -7.665097347894107e+02  7.753879138171551e+02  3.889289092423916e-04  1.013783626998527e-04  3.449220829551182e-05
  1.750000000000001e-01  -9.401184869536735e+02  -1.026847330722356e+03  -1.489786311693960e+03  -2.566881533492613e+03  -5.865613408906197e+02  8.289148721601965e+02  5.270514332374297e-04  1.798150691811525e-04  2.240594383125839e-05
  1.800000000000001e-01  -7.568774847148920e+02  -1.557961076832191e+03  -1.764908061238791e+03  -2.999328342730004e+03  -3.800762855496552e+02  8.181051342742348e+02  6.376098478383813e-04  2.435550447252618e-04  9.402179742342106e-06
  1.850000000000001e-01  -3.676573079984810e+02  -1.937965147340536e+03  -1.875028338656428e+03  -3.234576125962221e+03  -1.660557708695395e+02  7.384365664915106e+02  7.109911386769610e-04  2.870513024288637e-04  -3.413476492587182e-06
  1.900000000000001e-01  2.055887660901477e+02  -2.148504447444293e+03  -1.813783011767825e+03  -3.250904937737926e+03  3.925332632661575e+01  5.920586216467794e+02  7.404471962996336e-04  3.070346169281524e-04  -1.519109269906311e-05
  1.950000000000001e-01  8.214114148116053e+02  -2.273430390491267e+03  -1.685629245155714e+03  -3.143343474781627e+03  2.814756421125311e+02  4.259571560050309e+02  7.277771533123865e-04  3.118654683103451e-04  -2.503217197497058e-05
  2.000000000000001e-01  1.468367319883073e+03  -2.212102648663739e+03  -1.374035211668418e+03  -2.820164205401532e+03  4.417988295550982e+02  1.762328895187004e+02  6.820243850548498e-04  2.902547660336824e-04  -3.200833382854878e-05
  2.050000000000001e-01  2.094220095281692e+03  -2.027123035633427e+03  -9.684748805381681e+02  -2.312200138027623e+03  5.637720699539917e+02  -1.010668813392615e+02  5.915242902893126e-04  2.476000851496648e-04  -3.710660534192162e-05
  2.100000000000001e-01  2.616662492430866e+03  -1.755209647570163e+03  -5.141437902089998e+02  -1.654851694539601e+03  6.471882899299910e+02  -3.847751242047409e+02  4.610914424443655e-04  1.883181742024768e-04  -4.037651372666205e-05
  2.150000000000001e-01  2.614113439250485e+03  -1.629208567483829e+03  -2.336666816827285e+02  -1.238677538963019e+03  7.508587580558533e+02  -6.391994717928306e+02  3.627090216796610e-04  1.415428625921000e-04  -3.771888823128167e-05
  2.200000000000001e-01  2.672015382137095e+03  -1.307571298451342e+03  1.757833410192636e+02  -4.466121762989039e+02  7.507922644419563e+02  -8.832102159571670e+02  1.871181588213605e-04  6.595133583543882e-05  -3.693503330541745e-05
  2.250000000000001e-01  2.484280195143329e+03  -9.863452837246875e+02  5.230712885139427e+02  3.871508667507070e+02  7.200048669792304e+02  -1.075392483146220e+03  -7.141805086934976e-06  -1.117125772939179e-05  -3.476546211941326e-05
  2.300000000000001e-01  2.040360597970277e+03  -6.819042209675363e+02  7.856785377237288e+02  1.224958318953974e+03  6.652872480167579e+02  -1.201077818337520e+03  -2.106169918438642e-04  -8.466395457667347e-05  -3.123477785686477e-05
  2.350000000000001e-01  1.016763618431148e+03  -5.906342479502247e+02  8.096951991405095e+02  1.657095278640461e+03  5.910932348706054e+02  -1.277443014458596e+03  -3.270242306620378e-04  -1.309432624697815e-04  -2.180058897910326e-05
  2.400000000000001e-01  1.868043600353148e+02  -3.000273687794105e+02  9.131747413862904e+02  2.448520951052334e+03  4.830189297749304e+02  -1.259474114734039e+03  -5.243633639386038e-04  -1.894668831271866e-04  -1.596851464898612e-05
  2.450000000000001e-01  -7.582733813675609e+02  -7.056576989173527e+00  9.423800501343319e+02  3.180466331721133e+03  3.695440274927208e+02  -1.160808895186556e+03  -7.085006157232340e-04  -2.353261303155429e-04  -9.202172737936161e-06
  2.500000000000001e-01  -1.753370331661786e+03  2.999140890776955e+02  9.127113259006866e+02  3.831771611981238e+03  2.561596603872330e+02  -9.869124669944092e+02  -8.714181931009498e-04  -2.670969625880126e-04  -1.756586118231800e-06
  2.550000000000001e-01  -2.825202114990314e+03  5.703717789032655e+02  8.306195246766169e+02  4.211443091794456e+03  7.723311717931411e+01  -8.010502893083922e+02  -9.490744830469917e-04  -2.824177829638300e-04  8.430406607482163e-06
  2.600000000000001e-01  -3.589016669241759e+03  9.997712171843193e+02  7.953279569137999e+02  4.737627544054327e+03  -3.833796954176188e+01  -5.158775736049552e+02  -1.066486194619664e-03  -2.915347166725568e-04  1.563845946609834e-05
  2.650000000000001e-01  -4.193825850147940e+03  1.468752542437215e+03  7.599450064012442e+02  5.135682002276713e+03  -1.375453659517767e+02  -1.935588002125638e+02  -1.146534074546089e-03  -2.874665017488415e-04  2.217070860842588e-05
  2.700000000000001e-01  -4.597738500102483e+03  1.968058640667451e+03  7.357957502700676e+02  5.382729547726596e+03  -2.180366253504931e+02  1.465969619018872e+02  -1.184052756577329e-03  -2.715663901405972e-04  2.751341235648436e-05
  2.750000000000001e-01  -4.532941182450721e+03  2.621254679986255e+03  8.780088739870879e+02  5.625890458352944e+03  -3.875835314472481e+02  4.361461418552835e+02  -1.186680573633382e-03  -2.622632781590258e-04  3.244852060988703e-05
  2.800000000000001e-01  -4.359927112711896e+03  3.179217985300117e+03  9.315370045637020e+02  5.604671615983919e+03  -4.264369993808240e+02  7.607676121353609e+02  -1.151257895796339e-03  -2.319422706962195e-04  3.375252662068305e-05
  2.850000000000001e-01  -3.973577207384881e+03  3.680959933069217e+03  9.882165170236010e+02  5.358295732009625e+03  -4.397885255182193e+02  1.048651227608311e+03  -1.064261754884437e-03  -1.941993371080411e-04  3.262518422048013e-05
  2.900000000000001e-01  -3.399169707633035e+03  4.087891207669792e+03  1.037282253486561e+03  4.865562727354511e+03  -4.293749587323394e+02  1.283073315656418e+03  -9.247880609980605e-04  -1.508028130946392e-04  2.898855425968693e-05
  2.950000000000002e-01  -2.672037142111566e+03  4.361362560720927e+03  1.065716576367356e+03  4.111634805133224e+03  -3.976511887538279e+02  1.450663745812587e+03  -7.336713816565782e-04  -1.034413240709923e-04  2.294486677947711e-05
  3.000000000000002e-01  -1.307876652220652e+03  4.781592011555057e+03  1.309883552455852e+03  3.655157597010316e+03  -4.343490787381857e+02  1.547036845297758e+03  -5.980835333436341e-04  -7.936750947785713e-05  1.522263922027766e-05
  3.050000000000002e-01  -4.069477040512292e+02  4.681213320763627e+03  1.244706641650441e+03  2.417941454832956e+03  -3.506909918903089e+02  1.576049381379986e+03  -3.274896981221520e-04  -2.695798168866721e-05  4.321392407350004e-06
  3.100000000000002e-01  4.804096528113267e+02  4.344641158007200e+03  1.109423204777220e+03  9.146984538749754e+02  -2.537912327900365e+02  1.523119942822598e+03  -1.512778759701637e-05  2.638292801243257e-05  -7.899371943019825e-06
  3.150000000000002e-01  1.314522148107324e+03  3.764942127719115e+03  8.994383247116164e+02  -8.246007972863065e+02  -1.481973046416562e+02  1.391096171701645e+03  3.307711945515290e-04  7.935374632159682e-05  -2.078933736497771e-05
  3.200000000000002e-01  2.499197807252236e+03  3.206498567946498e+03  7.861325608729608e+02  -2.107947834725703e+03  -6.094839400821304e+01  1.240534000886428e+03  5.634073855790022e-04  1.140081383991560e-04  -3.545557045676830e-05
  3.250000000000002e-01  3.045690012248653e+03  2.115457331331089e+03  3.855517569249225e+02  -4.199212639777660e+03  7.448665613214679e+01  9.882233137282577e+02  9.454830103891811e-04  1.674775254346733e-04  -4.906428842218204e-05
  3.300000000000002e-01  3.446963281740191e+03  8.328480564269698e+02  -7.703480805593550e+01  -6.370090803809197e+03  2.058947297627500e+02  6.835223730706995e+02  1.330175988305041e-03  2.173619895088502e-04  -6.133441890070235e-05
  3.350000000000002e-01  3.702614078980260e+03  -5.928494740190690e+02  -5.832216793108711e+02  -8.534437506288237e+03  3.295186606901201e+02  3.408916384247547e+02  1.702757155259305e-03  2.622177513456664e-04  -7.176194302062801e-05
  3.400000000000002e-01  3.934094087876135e+03  -2.058790621440774e+03  -1.115224655324905e+03  -1.014110367574564e+04  5.070935906760478e+02  6.009133393860480e+01  1.933214751763558e-03  3.016242604923963e-04  -8.573860100930154e-05
  3.450000000000002e-01  3.796865060712374e+03  -3.666961612968645e+03  -1.694878736892486e+03  -1.209681136009135e+04  6.291301049500936e+02  -3.087820843841218e+02  2.251474426675844e-03  3.376986397396761e-04  -9.230767542385387e-05
  3.500000000000002e-01  3.556174960522039e+03  -5.225162727565600e+03  -2.242219045490836e+03  -1.375728849591392e+04  7.327099764392816e+02  -6.726515462278929e+02  2.514369559525449e-03  3.642656559505585e-04  -9.596893890250380e-05
  3.550000000000002e-01  3.238194192748252e+03  -6.664843039288864e+03  -2.731183997005771e+03  -1.501696156543577e+04  8.161096568872509e+02  -1.016656906163892e+03  2.706762956237749e-03  3.800383340712826e-04  -9.678063690435215e-05
  3.600000000000002e-01  2.599914658541254e+03  -8.121659040051004e+03  -3.310319695695944e+03  -1.571701882293028e+04  1.019674316244281e+03  -1.244568083213356e+03  2.768824905989711e-03  4.019040085892338e-04  -1.032528226165899e-04
  3.650000000000002e-01  2.100259722110462e+03  -9.190387048007444e+03  -3.646169740361983e+03  -1.600629735554090e+04  1.070534628485608e+03  -1.520337044171220e+03  2.805702026455543e-03  3.967150630646405e-04  -9.842921460391183e-05
  3.700000000000002e-01  1.612833534320848e+03  -9.960841761333864e+03  -3.854536235567605e+03  -1.562177661134784e+04  1.094578303273101e+03  -1.745142193798815e+03  2.737414159344833e-03  3.777952388772406e-04  -9.107306202228149e-05
  3.750000000000002e-01  1.155706837775544e+03  -1.039879418742581e+04  -3.925002851067336e+03  -1.449578689177111e+04  1.092001639743112e+03  -1.911358541605352e+03  2.556215826049194e-03  3.452637923040905e-04  -8.155834285032987e-05
  3.800000000000002e-01  7.410425038975530e+02  -1.048395533251692e+04  -3.853045871530011e+03  -1.257795089936035e+04  1.063418061946406e+03  -2.013791933010163e+03  2.257292112925430e-03  2.997605398375487e-04  -7.024405278963158e-05
  3.850000000000002e-01  -1.824658939477690e+02  -1.055910955227769e+04  -3.888739839254332e+03  -1.031371929430380e+04  1.174612050329507e+03  -2.018028905261882e+03  1.904387515332377e-03  2.680065103988097e-04  -6.299269054592418e-05
  3.900000000000002e-01  -5.063331865324153e+02  -9.927011329503617e+03  -3.532201108135230e+03  -6.823559723324725e+03  1.086258811632284e+03  -2.004851647018929e+03  1.389730144808528e-03  1.994978115658376e-04  -4.734014627979436e-05
  3.950000000000002e-01  -7.610303793313224e+02  -8.955787447282639e+03  -3.047665889565489e+03  -2.489957469410821e+03  9.717195687070741e+02  -1.926234243530775e+03  7.588068366088049e-04  1.220944656995859e-04  -3.072835480902867e-05
  4.000000000000002e-01  -9.557969366095189e+02  -7.681412940029339e+03  -2.453745663831257e+03  2.662269794017698e+03  8.333118731677829e+02  -1.785108355684361e+03  1.843638886198488e-05  3.840206901336066e-05  -1.343470450226903e-05
  4.050000000000002e-01  -1.615264998701347e+03  -6.438758488291863e+03  -1.960298463513157e+03  7.866824943428901e+03  7.890016499826684e+02  -1.609640045329486e+03  -6.916305631177587e-04  -3.043225290651270e-05  3.601924916637538e-06
  4.100000000000003e-01  -1.671404603531520e+03  -4.662852274987884e+03  -1.187688396188588e+03  1.448471243621098e+04  5.866268227524132e+02  -1.375691962838926e+03  -1.608895746079001e-03  -1.215044953240497e-04  2.327739709249190e-05
  4.150000000000003e-01  -1.694531584411695e+03  -2.741275758106620e+03  -3.790568639029383e+02  2.176236389869097e+04  3.669886286257387e+02  -1.095367678646405e+03  -2.604064176388214e-03  -2.101697328015733e-04  4.279648955672908e-05
  4.200000000000003e-01  -1.701957641909094e+03  -7.398263674083669e+02  4.361188240780958e+02  2.961342577530034e+04  1.338489536168861e+02  -7.764863041554449e+02  -3.661731108121570e-03  -2.932319732252932e-04  6.193579017038259e-05
  4.250000000000003e-01  -1.993523492651823e+03  1.157045162057584e+03  1.165150311096177e+03  3.720633560944572e+04  -8.304837643603162e+01  -5.006207248695687e+02  -4.611431735349909e-03  -3.638738873015415e-04  8.485883737421239e-05
  4.300000000000003e-01  -1.927193386020733e+03  3.176711543068608e+03  1.944813784406395e+03  4.594551120216923e+04  -3.605485903685461e+02  -1.402616070352643e+02  -5.745423017709870e-03  -4.317980038116329e-04  1.036937499013978e-04
  4.350000000000003e-01  -1.917450148256343e+03  5.087131447222319e+03  2.651358431593392e+03  5.497798827026577e+04  -6.515683293018432e+02  2.339157725142569e+02  -6.891293942205855e-03  -4.873920705541384e-04  1.214666000977919e-04
  4.400000000000003e-01  -2.020806874500256e+03  6.816819454129007e+03  3.268670657579718e+03  6.419759940195992e+04  -9.675718333315019e+02  6.018366907934615e+02  -8.023457713609157e-03  -5.279530435538472e-04  1.374369698981031e-04
  4.450000000000003e-01  -2.095212561904727e+03  8.388516635078156e+03  3.833253506238480e+03  7.291169072715363e+04  -1.324784382599737e+03  8.695660612415695e+02  -9.001650968987127e-03  -5.597332517222346e-04  1.582467983318151e-04
  4.500000000000003e-01  -2.303366970324141e+03  9.600858312306556e+03  4.239028829101000e+03  8.215186326330683e+04  -1.652944719527399e+03  1.186462718851272e+03  -1.005709739057805e-02  -5.626651729979654e-04  1.672861117617174e-04
  4.550000000000003e-01  -2.613815753330034e+03  1.044878609119041e+04  4.482500513428734e+03  9.110647660225982e+04  -1.912001820730647e+03  1.465421983076452e+03  -1.104320332571094e-02  -5.406921307100427e-04  1.721614458033082e-04
  4.600000000000003e-01  -2.973961850580022e+03  1.095916158723480e+04  4.546773400339265e+03  9.965815474943547e+04  -2.049070987445677e+03  1.719076083031687e+03  -1.196535194965124e-02  -4.978674476788065e-04  1.747890170252242e-04
  4.650000000000003e-01  -3.303617649016978e+03  1.120673400691483e+04  4.445396104999683e+03  1.077983676016852e+05  -2.042958554962584e+03  1.958546839010087e+03  -1.284025430465397e-02  -4.425848962285841e-04  1.761568521707020e-04
  4.700000000000003e-01  -3.058040942926553e+03  1.144027253345242e+04  4.386922646747913e+03  1.156176361537050e+05  -2.167210237843558e+03  2.102104158580868e+03  -1.360350670213043e-02  -4.003485315005195e-04  1.812742242110869e-04
  4.750000000000003e-01  -3.158801345862904e+03  1.126845158442448e+04  4.061888098180037e+03  1.231592911825977e+05  -1.997073838201981e+03  2.285400067573380e+03  -1.440295726747500e-02  -3.354301955534649e-04  1.766333112164439e-04
  4.800000000000003e-01  -3.025271470984122e+03  1.096743875462947e+04  3.686358464773094e+03  1.305029316873525e+05  -1.810897280742091e+03  2.443202251897732e+03  -1.517338540736337e-02  -2.738199913268719e-04  1.670079021760656e-04
  4.850000000000003e-01  -2.607758939656135e+03  1.054144478354753e+04  3.294910908540999e+03  1.376889501363098e+05  -1.686100722060570e+03  2.574834117034234e+03  -1.590166227515302e-02  -2.170228796939156e-04  1.522609227076844e-04
  4.900000000000003e-01  -1.988799554068940e+03  9.969254565834530e+03  2.989884551027251e+03  1.443388805913948e+05  -1.849568254805948e+03  2.566527658830056e+03  -1.642267408254355e-02  -1.618613314500745e-04  1.468470659495798e-04
  4.950000000000003e-01  -1.276762254551660e+03  9.236178067486600e+03  2.555138641621706e+03  1.508678044154585e+05  -1.926094926092420e+03  2.684846324418957e+03  -1.698341479935080e-02  -1.093222446498808e-04  1.297383475848508e-04
  5.000000000000003e-01  -4.871978109923640e+02  8.304820613390517e+03  2.069955403417394e+03  1.568399350722881e+05  -2.139714509174677e+03  2.825009865388914e+03  -1.740614864472659e-02  -5.659460747250842e-05  1.155593439471822e-04
  5.050000000000003e-01  2.465330550769643e+02  7.135792994808547e+03  1.496805187724743e+03  1.619561207793756e+05  -2.450612601167656e+03  2.991697846935335e+03  -1.763903486164779e-02  3.311617374357716e-07  1.062514502742296e-04
  5.100000000000003e-01  9.743057193348194e+02  6.039108121280583e+03  1.078897984634860e+03  1.660601113764355e+05  -2.818502775679873e+03  3.066136957987072e+03  -1.765229581546620e-02  5.637839687549310e-05  1.037783400365574e-04
  5.150000000000003e-01  1.570721894540509e+03  4.517798918004585e+03  3.705078430924889e+02  1.689645648577700e+05  -3.114645662549865e+03  3.265700839165596e+03  -1.746024086857681e-02  1.202808167017629e-04  9.589637489622284e-05
  5.200000000000004e-01  1.910155256396370e+03  2.739792519118507e+03  -4.628951998744721e+02  1.703060396385761e+05  -3.293048009904794e+03  3.437407635933125e+03  -1.697911514945722e-02  1.945904385547172e-04  8.543500570598084e-05
  5.250000000000004e-01  1.883712146481216e+03  6.889025922204009e+02  -1.443210734084137e+03  1.699816985858244e+05  -3.280610589901862e+03  3.555686706695879e+03  -1.620315058461864e-02  2.825599048740127e-04  6.899204864815973e-05
  5.300000000000004e-01  2.522454235776108e+03  -9.520200563967028e+02  -2.101076368916329e+03  1.697328730558093e+05  -3.188828138018778e+03  3.597646522656295e+03  -1.549773325744843e-02  3.479014921490445e-04  4.232807509039442e-05
  5.350000000000004e-01  1.874792189586124e+03  -3.473469618423259e+03  -3.360183657419147e+03  1.666886706526638e+05  -2.707928041044382e+03  3.580429908535062e+03  -1.428155555780581e-02  4.614804571181286e-04  6.360588453094055e-06
  5.400000000000004e-01  7.255408810991760e+02  -6.197012209914173e+03  -4.764354504551463e+03  1.623944236839782e+05  -1.964737023387774e+03  3.449316751235097e+03  -1.286611630363204e-02  5.915183303011604e-04  -3.813667308411433e-05
  5.450000000000004e-01  -8.122291524480471e+02  -8.990007140888139e+03  -6.236595120631551e+03  1.572506096111516e+05  -1.006311274758867e+03  3.186605366474948e+03  -1.132263025169321e-02  7.322521767860908e-04  -8.854928141619903e-05
  5.500000000000004e-01  -9.593378109393021e+02  -1.122180556245317e+04  -7.309957223861232e+03  1.539245115429620e+05  -9.256519574573618e+01  2.935303319790856e+03  -1.017490417994821e-02  8.368365373113521e-04  -1.519433910291902e-04
  5.550000000000004e-01  -2.785175825362116e+03  -1.389771154194739e+04  -8.714482427302721e+03  1.482835544218972e+05  1.111339233679068e+03  2.409977488220829e+03  -8.566659229070335e-03  9.855707199948119e-04  -2.082102684102247e-04
  5.600000000000004e-01  -4.387059987451314e+03  -1.619357759499912e+04  -9.843347532006699e+03  1.431143470345543e+05  2.266576554251698e+03  1.711830448190188e+03  -7.039987212211578e-03  1.118451248203120e-03  -2.587542512327581e-04
  5.650000000000004e-01  -5.481520350726563e+03  -1.796348102746460e+04  -1.056911434038957e+04  1.388747227322939e+05  3.268750803172102e+03  8.429628684081084e+02  -5.667995375785440e-03  1.221674770137972e-03  -3.009934914861370e-04
  5.700000000000004e-01  -5.855922593340908e+03  -1.911293212875564e+04  -1.080537311486655e+04  1.359135688324404e+05  4.038241925272127e+03  -1.786262433580322e+02  -4.506307118121443e-03  1.282543598721352e-03  -3.341500297448586e-04
  5.750000000000004e-01  -5.618724523113857e+03  -2.021001396674933e+04  -1.095686269769915e+04  1.342716587654417e+05  4.806232373962586e+03  -1.058848405784572e+03  -3.585155864166017e-03  1.330538668524261e-03  -3.884288604738077e-04
  5.800000000000004e-01  -4.909907196952075e+03  -2.024555231552920e+04  -1.031459770429718e+04  1.336629858814015e+05  5.081647804095611e+03  -2.304720444648824e+03  -2.785261452186051e-03  1.299081493138612e-03  -4.041156318037527e-04
  5.850000000000004e-01  -3.427535816035602e+03  -1.963148917539970e+04  -9.182919010864598e+03  1.345509218910179e+05  5.047560779951590e+03  -3.586138335819880e+03  -2.229575916523947e-03  1.202982222654773e-03  -4.113537712108566e-04
  5.900000000000004e-01  -1.335424572080692e+03  -1.846086557812378e+04  -7.660649206530371e+03  1.367530253759186e+05  4.737854854102372e+03  -4.831973680568133e+03  -1.887903019252113e-03  1.044545132081572e-03  -4.107123002491477e-04
  5.950000000000004e-01  -6.955922497578405e+02  -1.792978751999919e+04  -6.709798921725694e+03  1.379151062918739e+05  4.632648487762261e+03  -5.868859443947200e+03  -1.332260864732532e-03  9.191953248331638e-04  -4.212063070199784e-04
  6.000000000000004e-01  1.668636713225057e+03  -1.597690070096397e+04  -4.798747826858355e+03  1.416039936280052e+05  3.877518177240117e+03  -6.906033386716356e+03  -1.206178624412857e-03  6.633631807764476e-04  -3.952308657841773e-04
  6.050000000000004e-01  4.043284036575540e+03  -1.375610991862194e+04  -2.853504264260799e+03  1.457615246186334e+05  2.992234483013340e+03  -7.705911848291977e+03  -1.143149604407387e-03  3.712844205704994e-04  -3.581582742692265e-04
  6.100000000000004e-01  6.172352807187759e+03  -1.139434882397377e+04  -1.016562720668553e+03  1.499843256710041e+05  2.057307829911479e+03  -8.214472609293467e+03  -1.063790887440937e-03  6.090357379170856e-05  -3.105598423024127e-04
  6.150000000000004e-01  5.934948342358078e+03  -9.896506521103856e+03  -3.662729906339064e+01  1.518513161551974e+05  1.277539898655149e+03  -8.542694846767468e+03  -4.929624248754320e-04  -1.728046072959112e-04  -2.448317394929449e-04
  6.200000000000004e-01  7.246928217830800e+03  -7.444776226037797e+03  1.382458058142354e+03  1.554755188950547e+05  3.294860432911400e+02  -8.430137295961398e+03  -2.155854567550962e-04  -4.752559339666824e-04  -1.705425892653195e-04
  6.250000000000004e-01  7.861594336929733e+03  -5.185595535838040e+03  2.401346122547320e+03  1.582476564554828e+05  -4.443310780095437e+02  -7.950191653562507e+03  2.808244377986773e-04  -7.384872157569437e-04  -9.354443355493269e-05
  6.300000000000004e-01  7.652884105429126e+03  -3.234372778125743e+03  2.954201373568250e+03  1.599038914879134e+05  -9.794872888289284e+02  -7.119919652657371e+03  1.062973152924619e-03  -9.433048111191008e-04  -1.770858223148727e-05
  6.350000000000005e-01  6.305657193851865e+03  -1.771505821856957e+03  3.108583442161549e+03  1.604193633158263e+05  -1.646642930464484e+03  -6.247018952431033e+03  2.176558085789736e-03  -1.072285580303844e-03  9.969815904107021e-05
  6.400000000000005e-01  4.989693188270202e+03  -4.505904310580074e+02  2.887126816361543e+03  1.602480344842278e+05  -1.712266845203867e+03  -4.821948656039695e+03  3.508174705714238e-03  -1.141086514041919e-03  1.694848050467043e-04
  6.450000000000005e-01  2.833062648337389e+03  2.776164294200463e+02  2.152055555372473e+03  1.587670505591550e+05  -1.436163050403416e+03  -3.174174989615476e+03  5.216140674512286e-03  -1.113992922971098e-03  2.263577682796544e-04
  6.500000000000005e-01  -8.027983132206826e+01  3.561937226692271e+02  9.340961214194341e+02  1.560922357181351e+05  -8.391431170417172e+02  -1.383522843168877e+03  7.294576300275114e-03  -9.883201643848495e-04  2.689842287027166e-04
  6.550000000000005e-01  -3.589790814105682e+03  -2.268429575456321e+02  -6.993589060973901e+02  1.524626886624123e+05  3.325963682068322e+01  4.587182534476539e+02  9.712052112899388e-03  -7.685032879343871e-04  2.962468113522354e-04
  6.600000000000005e-01  -4.958653076149199e+03  -3.294258644033696e+02  -1.501611719369604e+03  1.518282743885725e+05  3.934867916042910e+02  2.133644622817218e+03  1.176330925011490e-02  -5.538547241645760e-04  3.497696442696622e-04
  6.650000000000005e-01  -8.481911772520716e+03  -1.960945150929756e+03  -3.484876863612044e+03  1.479393605395995e+05  1.659715755687865e+03  3.853861244820810e+03  1.457935736346931e-02  -1.911875096980956e-04  3.313929474197670e-04
  6.700000000000005e-01  -1.195582906230921e+04  -4.137795535294413e+03  -5.571124538437309e+03  1.442548932924111e+05  3.014913424949408e+03  5.342340563826926e+03  1.754010346129106e-02  2.232174619266387e-04  2.897988147368902e-04
  6.750000000000005e-01  -1.511805387985003e+04  -6.778404679879713e+03  -7.634462320346318e+03  1.413347704129738e+05  4.370620146034869e+03  6.525373726918839e+03  2.054129558339574e-02  6.667093603001449e-04  2.236012205389408e-04
  6.800000000000005e-01  -1.453819294025916e+04  -8.605575180256923e+03  -8.320849712185525e+03  1.440958010603371e+05  5.207507049711235e+03  7.462510806028832e+03  2.267536327447936e-02  1.039697982471759e-03  1.417888083162596e-04
  6.850000000000005e-01  -1.659388942952179e+04  -1.216379204820349e+04  -1.018065751591739e+04  1.442219965924750e+05  6.478339039486011e+03  7.979777585870128e+03  2.546649782788153e-02  1.493505268580898e-03  1.322863611711190e-05
  6.900000000000005e-01  -1.799289989531217e+04  -1.613152888830861e+04  -1.186271265396700e+04  1.466175133058477e+05  7.529266200884460e+03  8.118469804395289e+03  2.800427470931771e-02  1.920196748880411e-03  -1.361396342136265e-04
  6.950000000000005e-01  -1.866318919045037e+04  -2.049091649538469e+04  -1.334213596276021e+04  1.517900981828091e+05  8.283942427092697e+03  7.907110915817093e+03  3.018562586207304e-02  2.303886512375824e-03  -2.994525591231358e-04
  7.000000000000005e-01  -1.643324688084476e+04  -2.457931386480143e+04  -1.397277499057165e+04  1.625954832956871e+05  8.956160375598791e+03  7.622533873698632e+03  3.146165058172289e-02  2.616779309179353e-03  -5.083107340653497e-04
  7.050000000000005e-01  -1.620938947477414e+04  -2.985596432896204e+04  -1.528103139656274e+04  1.736175400403028e+05  9.181127372384019e+03  6.868709460251290e+03  3.285101049449263e-02  2.900072740798924e-03  -6.873528715644963e-04
  7.100000000000005e-01  -1.529976321993399e+04  -3.529213297747504e+04  -1.634175804696632e+04  1.883106255525402e+05  8.945173965432976e+03  5.906559935659445e+03  3.368912194668030e-02  3.103805496322640e-03  -8.460631627090630e-04
  7.150000000000005e-01  -1.365414654389272e+04  -4.066976679381516e+04  -1.708749948371229e+04  2.068428326423851e+05  8.210367220152297e+03  4.792369509167804e+03  3.393485330249385e-02  3.216083262862186e-03  -9.701490358204474e-04
  7.200000000000005e-01  -1.147135713163710e+04  -4.612255348668416e+04  -1.784105831357188e+04  2.277410985798682e+05  8.117173386170634e+03  3.786541050947320e+03  3.381516839459443e-02  3.293073072670958e-03  -1.145100520334251e-03
  7.250000000000005e-01  -9.085464781197788e+03  -5.086335797858566e+04  -1.801864172763686e+04  2.527030170266119e+05  6.549947140225218e+03  2.482231210864377e+03  3.307748719175183e-02  3.217458581646236e-03  -1.172479494144979e-03
  7.300000000000005e-01  -5.821494832139907e+03  -5.457192692931535e+04  -1.758589698260267e+04  2.812377626729633e+05  4.441592810938081e+03  1.141595085630232e+03  3.176463997138836e-02  3.021600137529583e-03  -1.126482253821802e-03
  7.350000000000005e-01  -1.657388835869969e+03  -5.689595133638767e+04  -1.645682792425132e+04  3.130168016685119e+05  1.829736766055242e+03  -2.044715626092243e+02  2.992614537831370e-02  2.702990147149601e-03  -1.002398701322844e-03
  7.400000000000005e-01  3.355958874676411e+03  -5.754709513876381e+04  -1.459083409298834e+04  3.475683095561985e+05  -1.222489390678423e+03  -1.523558725245002e+03  2.763655290261165e-02  2.266603262670218e-03  -8.004495265412630e-04
  7.450000000000006e-01  5.091491922833789e+03  -5.865189888807363e+04  -1.381846237538802e+04  3.774955927798661e+05  -2.881533738532132e+03  -2.710365433604544e+03  2.618754595821095e-02  1.900798046495806e-03  -6.386819550843111e-04
  7.500000000000006e-01  1.063839214690190e+04  -5.584367430066819e+04  -1.079665963119376e+04  4.147707578198644e+05  -6.573145164131343e+03  -3.927112540864740e+03  2.346444353520802e-02  1.288720924116649e-03  -2.848581323207639e-04
  7.550000000000006e-01  1.649789252269651e+04  -5.112059003142761e+04  -7.228015795088482e+03  4.528053655692431e+05  -1.044904696478768e+04  -4.992549460168603e+03  2.060641718881919e-02  6.178095561166703e-04  1.237577253708409e-04
  7.600000000000006e-01  2.232791391740300e+04  -4.467249121481462e+04  -3.298336213876626e+03  4.906860817121965e+05  -1.436770047353328e+04  -5.850284693400772e+03  1.775790802814802e-02  -7.548872537658302e-05  5.685597922360408e-04
  7.650000000000006e-01  2.231262135488781e+04  -3.978183004325059e+04  -1.314775794905671e+03  5.186145797963322e+05  -1.679183071484782e+04  -6.633330477554714e+03  1.665028588760231e-02  -5.800466076414494e-04  9.848786203795717e-04
  7.700000000000006e-01  2.697530014001481e+04  -3.068593673637231e+04  2.806550044207478e+03  5.530197437975244e+05  -2.058186065723430e+04  -7.052088068238890e+03  1.431388892967223e-02  -1.225886818873779e-03  1.470116610618138e-03
  7.750000000000006e-01  3.080088492479804e+04  -2.076721223970955e+04  6.743809304401059e+03  5.843916269776312e+05  -2.400957935935405e+04  -7.145680632143319e+03  1.242225045914651e-02  -1.787344557946431e-03  1.927419728193350e-03
  7.800000000000006e-01  3.356767945585089e+04  -1.041748390504369e+04  1.033098634383632e+04  6.116636361634547e+05  -2.693778841136576e+04  -6.900089380134312e+03  1.113555330496985e-02  -2.232147001879787e-03  2.334824378345929e-03
  7.850000000000006e-01  3.026639140528908e+04  -2.082719276179839e+03  1.203176975787434e+04  6.257680624325495e+05  -2.885237557538052e+04  -6.799101514805112e+03  1.208067194000533e-02  -2.478089234608397e-03  2.747479017784033e-03
  7.900000000000006e-01  3.112427622736862e+04  8.605489123121517e+03  1.489620846044709e+04  6.423563771071340e+05  -3.081157298287691e+04  -5.981422344953136e+03  1.233533615007335e-02  -2.674742446672841e-03  3.038645860360649e-03
  7.950000000000006e-01  3.091850990522643e+04  1.883835335081185e+04  1.720680164475792e+04  6.520262056560986e+05  -3.202266121475042e+04  -4.860095962626426e+03  1.359074749923936e-02  -2.710377588440869e-03  3.234446996354422e-03
  8.000000000000006e-01  2.974621295159328e+04  2.839370329616367e+04  1.896447770370464e+04  6.538817243410174e+05  -3.245578392814051e+04  -3.480529933421948e+03  1.597002168561495e-02  -2.586084689728059e-03  3.329860364788531e-03
  8.050000000000006e-01  2.504319980197438e+04  3.695907465877258e+04  1.994891193321963e+04  6.423032727811696e+05  -3.289454762583262e+04  -2.497184593934705e+03  2.049841738976333e-02  -2.410551230042217e-03  3.501809030211734e-03
  8.100000000000006e-01  2.325904903979179e+04  4.532565173279493e+04  2.106580899244530e+04  6.272923206008376e+05  -3.211070762836207e+04  -7.696865216879195e+02  2.520893696294599e-02  -2.048769904763527e-03  3.419355099989812e-03
  8.150000000000006e-01  2.107015058824788e+04  5.261817694939136e+04  2.178161829845741e+04  6.023666433609545e+05  -3.059365839181753e+04  1.054001745266682e+03  3.130092441292966e-02  -1.571009567247843e-03  3.241777526482286e-03
  8.200000000000006e-01  1.862607351222321e+04  5.875044776866958e+04  2.215418818141728e+04  5.669483483858826e+05  -2.839558666700354e+04  2.898955235022255e+03  3.883911189715978e-02  -1.001576880906934e-03  2.978831239545711e-03
  8.250000000000006e-01  1.621095971137812e+04  6.540268783963467e+04  2.304697328548852e+04  5.203889406889069e+05  -2.733954570235063e+04  4.213336854525405e+03  4.795275569928619e-02  -5.782832119384162e-04  2.859303531960777e-03
  8.300000000000006e-01  1.440897868876550e+04  6.936278277499574e+04  2.304858722685210e+04  4.640061228200272e+05  -2.418312106858475e+04  5.984981654238315e+03  5.824215791463050e-02  7.870962399339170e-05  2.456787242185991e-03
  8.350000000000006e-01  1.248174998567754e+04  7.175102678079742e+04  2.267277938339838e+04  3.960390430195085e+05  -2.050791358666552e+04  7.613100436586730e+03  7.006379647698470e-02  7.663302510497190e-04  1.999387324941671e-03
  8.400000000000006e-01  1.036459995156565e+04  7.240592071538810e+04  2.184811593796930e+04  3.163412164574093e+05  -1.638778073686519e+04  9.058791181307899e+03  8.341098066723897e-02  1.468390354173972e-03  1.501167428989020e-03
  8.450000000000006e-01  7.963635017916508e+03  7.115861253670267e+04  2.048380797321377e+04  2.249102812513479e+05  -1.190258923469590e+04  1.030022671292337e+04  9.825488121964743e-02  2.172565652935744e-03  9.761490905446234e-04
  8.500000000000006e-01  8.873915257890598e+03  7.123448510079284e+04  2.030050159595973e+04  1.278538871101728e+05  -9.493395437537791e+03  1.124011739519289e+04  1.135007588638937e-01  2.610146699728830e-03  5.942170619520033e-04
  8.550000000000006e-01  6.204515691159159e+03  6.592455665959929e+04  1.772894189465664e+04  1.470717500535373e+04  -4.513110411143060e+03  1.217214503610769e+04  1.309478916414866e-01  3.294499328953788e-03  2.260937468030944e-05
  8.600000000000007e-01  2.962010936709460e+03  5.836741590038029e+04  1.441477268372373e+04  -1.093679014074598e+05  6.356305208310606e+02  1.288936443910764e+04  1.496958617841230e-01  3.958880897942134e-03  -5.429898103352486e-04
  8.650000000000007e-01  -8.017508369429257e+02  4.863934254528172e+04  1.039598150666476e+04  -2.437833388434223e+05  5.864371547377896e+03  1.338839353271838e+04  1.696324253004563e-01  4.591552601509153e-03  -1.091815563573873e-03
  8.700000000000007e-01  2.894713383605127e+02  4.074748038042141e+04  7.930069329481564e+03  -3.784616826982353e+05  9.024411945519092e+03  1.386907508892771e+04  1.889530397671240e-01  4.947590805815815e-03  -1.568990559624226e-03
  8.750000000000007e-01  -3.955923130523838e+03  2.722454362862615e+04  2.830863503994920e+03  -5.305907224069192e+05  1.435823473255801e+04  1.402298691807101e+04  2.107355809627945e-01  5.494460821402593e-03  -2.094648262844876e-03
  8.800000000000007e-01  -8.270464237235361e+03  1.233724120231498e+04  -2.534845440198457e+03  -6.906181527834592e+05  1.954147110318669e+04  1.391775987092719e+04  2.332919361000911e-01  5.964576298774877e-03  -2.574952169994556e-03
  8.850000000000007e-01  -1.236841898086590e+04  -3.432074145966643e+03  -7.919088361510851e+03  -8.574439188340601e+05  2.446997508841467e+04  1.353011262354911e+04  2.564447020424642e-01  6.336759671122898e-03  -3.000095222409419e-03
  8.900000000000007e-01  -1.082711035849176e+04  -1.635343480441388e+04  -1.121608094816889e+04  -1.019406280521392e+06  2.787768931544933e+04  1.339773986946116e+04  2.780848771238562e-01  6.446770485302505e-03  -3.441637865749870e-03
  8.950000000000007e-01  -1.395300211509191e+04  -3.264059575724958e+04  -1.602969182170224e+04  -1.196234745466989e+06  3.232946858178654e+04  1.249816092130018e+04  3.018689600768961e-01  6.599776156620806e-03  -3.764599672346461e-03
  9.000000000000007e-01  -1.615986324627929e+04  -4.818897625001859e+04  -2.011499708469929e+04  -1.376300070175841e+06  3.624738232744401e+04  1.125195235000000e+04  3.257115594513329e-01  6.598952981058287e-03  -4.005575252479355e-03
  9.050000000000007e-01  -1.727863971429111e+04  -6.246210461001782e+04  -2.326733155587254e+04  -1.558294476373931e+06  3.954888477282691e+04  9.657720724759713e+03  3.494206078706357e-01  6.429753626018035e-03  -4.161308207323634e-03
  9.100000000000007e-01  -1.362870044953502e+04  -7.349121669751826e+04  -2.444862101776550e+04  -1.731690670157607e+06  4.218637781845357e+04  8.640971093913879e+03  3.710504270321854e-01  6.072385166756438e-03  -4.414462484381492e-03
  9.150000000000007e-01  -1.304449082867466e+04  -8.453770632392573e+04  -2.568375711451761e+04  -1.914280024306930e+06  4.442763218796586e+04  6.492860708955356e+03  3.940566948827107e-01  5.594441960798552e-03  -4.421844100407712e-03
  9.200000000000007e-01  -1.148845677129224e+04  -9.326618371628551e+04  -2.579387141662787e+04  -2.095140844897526e+06  4.591094580193434e+04  4.081311966912157e+03  4.164258736978360e-01  4.944538206577919e-03  -4.348317014879085e-03
  9.250000000000007e-01  -9.155355953470560e+03  -9.955457462840455e+04  -2.485633562265504e+04  -2.273104509250799e+06  4.663386199090070e+04  1.480152804202594e+03  4.380013658432261e-01  4.136963222091054e-03  -4.202670793507822e-03
  9.300000000000007e-01  -6.293223930624569e+03  -1.034023096560280e+05  -2.300673198958599e+04  -2.447071446742617e+06  4.661232437982067e+04  -1.221178833328325e+03  4.586406127664149e-01  3.194026142611169e-03  -3.994997691251951e-03
  9.350000000000007e-01  -2.406005774059257e+03  -1.059585472146704e+05  -2.088523978615207e+04  -2.610601179176696e+06  4.711383421682331e+04  -2.911863587492775e+03  4.771395015076834e-01  2.295653468730174e-03  -3.951420763657875e-03
  9.400000000000007e-01  7.895441879360939e+01  -1.057604660941572e+05  -1.795963983953332e+04  -2.774524688088963e+06  4.588151626146846e+04  -5.581400666619059e+03  4.957378611867906e-01  1.200253003541286e-03  -3.642799245070764e-03
  9.450000000000007e-01  2.390504947026099e+03  -1.035420139336398e+05  -1.461613325171094e+04  -2.931625011854667e+06  4.397406244761493e+04  -8.092326712028404e+03  5.130691808071727e-01  5.801310070368466e-05  -3.297554011080876e-03
  9.500000000000007e-01  4.392761446889338e+03  -9.953333192430355e+04  -1.099887193855062e+04  -3.081069415008382e+06  4.143662657433675e+04  -1.036120490044030e+04  5.290444976360598e-01  -1.098265216408677e-03  -2.924423533011557e-03
  9.550000000000007e-01  4.621924380824305e+03  -9.626982869384805e+04  -8.356416329585700e+03  -3.220499424952488e+06  4.003590322430417e+04  -1.156968405845478e+04  5.432267677433923e-01  -2.040955285211630e-03  -2.712231671154158e-03
  9.600000000000007e-01  5.287690499250496e+03  -8.955929575752295e+04  -4.583266113930515e+03  -3.353423048151904e+06  3.644687421060466e+04  -1.329409066558910e+04  5.564910494965247e-01  -3.131968938155516e-03  -2.285357835322348e-03
  9.650000000000007e-01  5.659547318753558e+03  -8.161004861273673e+04  -7.179005707997595e+02  -3.476581647070078e+06  3.234184728926683e+04  -1.463775009770752e+04  5.682100599813394e-01  -4.165766424534235e-03  -1.846322128639675e-03
  9.700000000000008e-01  5.824739336319893e+03  -7.258541528559593e+04  3.228223684151656e+03  -3.589399132325722e+06  2.777609021288605e+04  -1.558412620295867e+04  5.783462051888433e-01  -5.125991550445445e-03  -1.399008262232396e-03
  9.750000000000008e-01  2.791336890864316e+03  -6.540441553758546e+04  5.805711259312425e+03  -3.693585407287018e+06  2.467262372644044e+04  -1.577970811827877e+04  5.872228078335858e-01  -5.813855499511860e-03  -1.069802436614902e-03
  9.800000000000008e-01  2.538902069821640e+03  -5.462836857572675e+04  9.911479406350119e+03  -3.785267753932697e+06  1.935301675387050e+04  -1.607730606081089e+04  5.943268732897378e-01  -6.602740375424378e-03  -5.925925356271008e-04
  9.850000000000008e-01  2.453071492596122e+03  -4.311577942532708e+04  1.410957048505603e+04  -3.865354883153541e+06  1.375342529040381e+04  -1.601099888437710e+04  5.998121381738174e-01  -7.298457317119477e-03  -1.163703061298820e-04
  9.900000000000008e-01  2.587556303825019e+03  -3.099818330378824e+04  1.836845092593674e+04  -3.933632459437325e+06  7.962521900567834e+03  -1.560996838275983e+04  6.036997447290641e-01  -7.898959980069981e-03  3.541031915587003e-04
  9.950000000000008e-01  -8.340825669778874e+02  -2.103832513053107e+04  2.125964931663696e+04  -3.995288676642040e+06  3.792253035301832e+03  -1.497058763904269e+04  6.069365697768647e-01  -8.254266209685923e-03  7.629527901250717e-04
  1.000000000000001e+00  2.621981463042919e+03  -6.085407196878125e+03  2.653712960453787e+04  -4.036161489488143e+06  -3.343091596219876e+03  -1.401905987247222e+04  6.071427228865285e-01  -8.785635553221947e-03  1.251657482546544e-03
  1.005000000000001e+00  -2.685267525975921e+02  4.700469576459914e+03  2.946265642943047e+04  -4.075429984547009e+06  -7.599149304213942e+03  -1.313084421752010e+04  6.076739852055112e-01  -8.981073877129916e-03  1.666472890256708e-03
  1.010000000000000e+00  6.793529088329846e+02  1.794990817925616e+04  3.342809160226493e+04  -4.097070847510791e+06  -1.329756062915758e+04  -1.184874215135842e+04  6.057762183175600e-01  -9.224386102994947e-03  2.081392759328483e-03
  1.015000000000000e+00  1.746088725372603e+03  3.109837979571033e+04  3.714648564558043e+04  -4.107194627070229e+06  -1.870345360953735e+04  -1.041225505635069e+04  6.025405934632460e-01  -9.385056956490022e-03  2.459668355707476e-03
  1.020000000000000e+00  2.833525459536090e+03  4.398500893696074e+04  4.056499132176609e+04  -4.106173659737208e+06  -2.370855300966403e+04  -8.846334885790742e+03  5.980599022531171e-01  -9.463759789660783e-03  2.795206510652527e-03
  1.025000000000000e+00  1.031540820335210e+03  5.472120392274441e+04  4.271538112930724e+04  -4.101832975279596e+06  -2.734426737584218e+04  -7.749297393768614e+03  5.937339726925315e-01  -9.378443430390760e-03  3.163331105146325e-03
  1.030000000000000e+00  2.137424371179787e+03  6.676604506692746e+04  4.538742618308271e+04  -4.079863612010547e+06  -3.157558417180344e+04  -6.086768073758530e+03  5.870402867134045e-01  -9.314485746263408e-03  3.426384832487059e-03
  1.035000000000000e+00  2.956113766516633e+03  7.803868494255058e+04  4.758163644574260e+04  -4.048028992234278e+06  -3.527857780458385e+04  -4.389885599485759e+03  5.793490541447868e-01  -9.174917073217922e-03  3.641293300956219e-03
  1.040000000000000e+00  3.441221782834114e+03  8.842270523960658e+04  4.929137798723275e+04  -4.006872583184253e+06  -3.844417618311533e+04  -2.685548385216132e+03  5.707517728059729e-01  -8.963492950289668e-03  3.810168872933339e-03
  1.045000000000000e+00  2.497288294974463e+03  9.709170596689996e+04  5.006229129951190e+04  -3.964053218034480e+06  -4.083331409171056e+04  -1.740958894196970e+03  5.626099361769700e-01  -8.656167537100226e-03  4.068884845092314e-03
  1.050000000000000e+00  2.835935193418180e+03  1.058213345319797e+05  5.095206026381052e+04  -3.905779742671971e+06  -4.314285161207001e+04  -1.047664766805499e+02  5.524226254813516e-01  -8.345262782219087e-03  4.162223760383916e-03
  1.054999999999999e+00  2.901001899848690e+03  1.135292925890793e+05  5.142152387241339e+04  -3.839941744096180e+06  -4.495983935007537e+04  1.505420888416715e+03  5.415800747641452e-01  -7.988133692638542e-03  4.214443673475215e-03
  1.059999999999999e+00  2.748164148597672e+03  1.202333774536985e+05  5.150556075778966e+04  -3.767205527567074e+06  -4.631568126096110e+04  3.088044208023038e+03  5.301682021031887e-01  -7.596709078533043e-03  4.227942614780968e-03
  1.064999999999999e+00  3.007504961946297e+03  1.262158102981390e+05  5.122439875823716e+04  -3.694036617591701e+06  -4.755219850060205e+04  3.785099869033133e+03  5.193243923834249e-01  -7.205571637376125e-03  4.357334552223997e-03
  1.069999999999999e+00  3.027329222323264e+03  1.313628824330740e+05  5.079079115301495e+04  -3.609140429851425e+06  -4.822540959627587e+04  5.295805185119269e+03  5.069358127145724e-01  -6.806767210085355e-03  4.298044897222643e-03
  1.074999999999999e+00  2.987097859944211e+03  1.356828031353525e+05  5.011081949662435e+04  -3.519415780133975e+06  -4.850976104085233e+04  6.781925337326309e+03  4.942146200660383e-01  -6.413322387494448e-03  4.202120944899167e-03
  1.079999999999999e+00  2.938955170067729e+03  1.392658503657323e+05  4.923410107107602e+04  -3.425593550953282e+06  -4.842248420083249e+04  8.235264840338568e+03  4.812395966874966e-01  -6.038424859409051e-03  4.070745334203148e-03
  1.084999999999999e+00  4.520128606834560e+03  1.431131494938146e+05  4.855462292484277e+04  -3.332215162034292e+06  -4.872563898051898e+04  8.778680872860688e+03  4.688128849169407e-01  -5.742579211400438e-03  4.051827696641945e-03
  1.089999999999999e+00  4.686955709495634e+03  1.455963402901433e+05  4.747944449910298e+04  -3.231806707187234e+06  -4.804533658485577e+04  1.014169907539938e+04  4.554475970341398e-01  -5.446761166991358e-03  3.846496638001734e-03
  1.094999999999999e+00  4.808896132828058e+03  1.475040018840521e+05  4.629553773581712e+04  -3.129431102565166e+06  -4.700841017834553e+04  1.142215515263286e+04  4.420417977884232e-01  -5.193279929107521e-03  3.609539097919204e-03
  1.099999999999999e+00  4.846422692445644e+03  1.488597965996300e+05  4.500617736263970e+04  -3.025765930982044e+06  -4.562200730484918e+04  1.259065953745875e+04  4.286591570698291e-01  -4.985018200673248e-03  3.344516463375440e-03
  1.104999999999998e+00  4.738107281604031e+03  1.496566300714057e+05  4.359473379614137e+04  -2.921451836931041e+06  -4.389732037872438e+04  1.361794999807999e+04  4.153571014421092e-01  -4.821193353334119e-03  3.055746026454856e-03
  1.109999999999998e+00  6.131556018593545e+03  1.509796658167611e+05  4.252753281593129e+04  -2.818077341024240e+06  -4.300454296610218e+04  1.388539686462407e+04  4.024509808847951e-01  -4.746935360629077e-03  2.850280619572228e-03
  1.114999999999998e+00  5.454734314322414e+03  1.505338783845932e+05  4.078764272273066e+04  -2.713662940583854e+06  -4.070460129736951e+04  1.463597587322007e+04  3.893575363380590e-01  -4.657199155171947e-03  2.512562000923434e-03
  1.119999999999998e+00  4.426214868894904e+03  1.493809559829268e+05  3.881154811989667e+04  -2.610285789531074e+06  -3.811349277461750e+04  1.517193434422972e+04  3.764814878164705e-01  -4.591842416171027e-03  2.165344012416988e-03
  1.124999999999998e+00  3.038689802274217e+03  1.474825631594408e+05  3.656786820966598e+04  -2.508416035683546e+06  -3.526717066040935e+04  1.546974547551153e+04  3.638543124644763e-01  -4.542590057025054e-03  1.814074441210513e-03
  1.129999999999998e+00  2.592017798213648e+03  1.458573969073592e+05  3.457401200441020e+04  -2.407541683215391e+06  -3.343555669655422e+04  1.526140963219812e+04  3.514665639121707e-01  -4.543043673049794e-03  1.511278163637071e-03
  1.134999999999998e+00  4.889109659047798e+02  1.423827890682643e+05  3.177623272953617e+04  -2.309498056058377e+06  -3.017925286149230e+04  1.511866459408299e+04  3.393323907797037e-01  -4.503237457748647e-03  1.149520777950485e-03
  1.139999999999998e+00  -1.772166873313912e+03  1.381660043174848e+05  2.871109230494456e+04  -2.214145407329842e+06  -2.678659008514313e+04  1.469311893935161e+04  3.275140876017055e-01  -4.458751045873959e-03  7.985592923846929e-04
  1.144999999999998e+00  -4.065200861916902e+03  1.332642366926518e+05  2.541200369449271e+04  -2.121779465937783e+06  -2.331277097042771e+04  1.398383113086881e+04  3.160226967142670e-01  -4.405967431658250e-03  4.623403043718707e-04
  1.149999999999997e+00  -5.689562377274700e+03  1.285554166005667e+05  2.240998009262036e+04  -2.030382326603424e+06  -2.088442729998831e+04  1.307785538251171e+04  3.046221254642106e-01  -4.382278136887452e-03  1.400076968000261e-04
  1.154999999999997e+00  -7.807650751607881e+03  1.224260157057174e+05  1.876784075875965e+04  -1.944472127223641e+06  -1.733301421222898e+04  1.189405277310076e+04  2.937581356722768e-01  -4.305793752506348e-03  -1.690701308365441e-04
  1.159999999999997e+00  -9.598297881427899e+03  1.158629935483843e+05  1.503068315955593e+04  -1.862245520972907e+06  -1.386055380934157e+04  1.045887810702357e+04  2.832474422350515e-01  -4.216707807195063e-03  -4.519764977652582e-04
  1.164999999999997e+00  -1.099612723340353e+04  1.089609726513852e+05  1.124685495505526e+04  -1.783848603762899e+06  -1.052465042590293e+04  8.797546511484146e+03  2.730940206160075e-01  -4.115396433878398e-03  -7.059587392314202e-04
  1.169999999999997e+00  -1.195432243546113e+04  1.022821370998914e+05  7.869978915036794e+03  -1.706451121083294e+06  -8.119933077095821e+03  7.234124410757837e+03  2.629306255956517e-01  -4.043001406725715e-03  -9.724272017463080e-04
  1.174999999999997e+00  -1.255040948699379e+04  9.485975078897052e+04  4.111989473577780e+03  -1.635967403172593e+06  -5.085838220370006e+03  5.236597697789604e+03  2.534785436060280e-01  -3.917064924679632e-03  -1.170719117544098e-03
  1.179999999999997e+00  -1.273175176498288e+04  8.734615253818705e+04  4.313715760995359e+02  -1.569638987372805e+06  -2.320227543050306e+03  3.096358756935759e+03  2.444031588591246e-01  -3.780783458185097e-03  -1.334386371629681e-03
  1.184999999999997e+00  -1.254636886605587e+04  7.981197614702514e+04  -3.132517171313049e+03  -1.507522050246423e+06  1.480120967053181e+02  8.452645101965874e+02  2.357093089618238e-01  -3.635532599645709e-03  -1.464184760512314e-03
  1.189999999999997e+00  -1.204862763690179e+04  7.232459118426920e+04  -6.538708158003514e+03  -1.449656888629109e+06  2.301487283146732e+03  -1.485465934765382e+03  2.274017553934461e-01  -3.482998875729141e-03  -1.562152778832037e-03
  1.194999999999997e+00  -1.139530949433656e+04  6.507821204721477e+04  -9.447292686930383e+03  -1.392995458562208e+06  3.920175547508880e+03  -3.459355207086411e+03  2.190372708966999e-01  -3.362692606461860e-03  -1.700224802019212e-03
  1.199999999999996e+00  -1.042764585596245e+04  5.778686089806437e+04  -1.246737310515056e+04  -1.343724611986974e+06  5.548678896190765e+03  -5.833610062812761e+03  2.115053946166526e-01  -3.194785658742001e-03  -1.745205498676871e-03
  1.204999999999996e+00  -9.317072066211345e+03  5.072368071960544e+04  -1.522541644338585e+04  -1.298712303480926e+06  6.856895783757720e+03  -8.185810868703755e+03  2.043685814901396e-01  -3.023681769575746e-03  -1.766393981874957e-03
  1.209999999999996e+00  -8.109649651686947e+03  4.393814865042399e+04  -1.769264064855405e+04  -1.257893302226991e+06  7.854760004335139e+03  -1.048205597562773e+04  1.976224410255476e-01  -2.850773416575837e-03  -1.766371315185054e-03
  1.214999999999996e+00  -6.847877968496795e+03  3.746376352618339e+04  -1.967856564708439e+04  -1.218370362860766e+06  8.692720732157932e+03  -1.225249866376520e+04  1.908036588149823e-01  -2.710999546382198e-03  -1.817486487840340e-03
  1.219999999999996e+00  -5.498956294910896e+03  3.134633762596095e+04  -2.151894085552759e+04  -1.185753668094721e+06  9.206397719749340e+03  -1.433053350928039e+04  1.848214969312518e-01  -2.532654856092654e-03  -1.779702925361290e-03
  1.224999999999996e+00  -4.122235497999557e+03  2.566747976416584e+04  -2.299198572130712e+04  -1.156974296851808e+06  9.449248915158762e+03  -1.626927497120680e+04  1.792039048752287e-01  -2.357950226706833e-03  -1.724545060154294e-03
  1.229999999999996e+00  -2.713810308125972e+03  2.047948681658897e+04  -2.407678194356825e+04  -1.131857996763407e+06  9.445796148403017e+03  -1.805038965053145e+04  1.739370222199383e-01  -2.189934397947897e-03  -1.653221589306296e-03
  1.234999999999996e+00  -1.001347102454063e+03  1.588269755320297e+04  -2.460425163764500e+04  -1.108010093466834e+06  9.626733687871363e+03  -1.924062325678180e+04  1.685886875059347e-01  -2.061151271118378e-03  -1.635998421538306e-03
  1.239999999999996e+00  5.491516353026893e+02  1.186589397734594e+04  -2.485351323815289e+04  -1.089860236104882e+06  9.284836267677621e+03  -2.066711321190304e+04  1.640008064040511e-01  -1.912976628738429e-03  -1.536453808524656e-03
  1.244999999999995e+00  2.177579032533793e+03  8.522003550882791e+03  -2.465782715136021e+04  -1.074802726542639e+06  8.792022942699208e+03  -2.190362033907976e+04  1.597240187037340e-01  -1.785155979916263e-03  -1.427266398357400e-03
  1.249999999999995e+00  3.912926920287553e+03  5.903945085959636e+03  -2.400728650212564e+04  -1.062636451202940e+06  8.194414323983447e+03  -2.293905887826063e+04  1.557444373004707e-01  -1.682702395814189e-03  -1.312265974111140e-03
  1.254999999999995e+00  6.094057751885992e+03  4.108957928142576e+03  -2.283630446436085e+04  -1.051718714181689e+06  8.048952844253659e+03  -2.338804281331863e+04  1.516993525857454e-01  -1.623009809009877e-03  -1.251477421027435e-03
  1.259999999999995e+00  7.971405659067461e+03  3.007787090942504e+03  -2.135526321486825e+04  -1.044946680933306e+06  7.377942599669916e+03  -2.398103202804966e+04  1.482985624989946e-01  -1.573314575044991e-03  -1.130706472516119e-03
  1.264999999999995e+00  9.924235752352828e+03  2.672616487389874e+03  -1.949190444129231e+04  -1.040461603194152e+06  6.717403512825419e+03  -2.432263556460761e+04  1.451539349248523e-01  -1.556941152994410e-03  -1.014705976580714e-03
  1.269999999999995e+00  1.191886008264285e+04  3.067018992606226e+03  -1.730437011282215e+04  -1.038066858776200e+06  6.099408244417525e+03  -2.438839351351248e+04  1.422503045878040e-01  -1.572583308258401e-03  -9.064166491359245e-04
  1.274999999999995e+00  1.399788937715952e+04  4.069111151791348e+03  -1.495538593384719e+04  -1.036889896076533e+06  6.014309715104831e+03  -2.388602736453072e+04  1.393115300196150e-01  -1.604280500193025e-03  -8.436891498259473e-04
  1.279999999999995e+00  1.577017743742414e+04  5.676754501386349e+03  -1.239567572655139e+04  -1.038280884851360e+06  5.510735576074061e+03  -2.337872994894064e+04  1.368736937082712e-01  -1.664994174686377e-03  -7.497451809300022e-04
  1.284999999999995e+00  1.742768496768764e+04  7.776482390978469e+03  -9.749354956324327e+03  -1.041185578090854e+06  5.084959054022211e+03  -2.255724486546998e+04  1.346306166136996e-01  -1.743872917767902e-03  -6.679917259222883e-04
  1.289999999999994e+00  1.891783626879155e+04  1.026043670661339e+04  -7.105314478289962e+03  -1.045431281821425e+06  4.734379729337906e+03  -2.142291690424459e+04  1.325673851929386e-01  -1.833204809577643e-03  -5.989573274936886e-04
  1.294999999999994e+00  2.019036144816392e+04  1.301646902492739e+04  -4.549687982141197e+03  -1.050856878126670e+06  4.450507503785858e+03  -1.999035227882277e+04  1.306703732081524e-01  -1.924951659014394e-03  -5.428021235757834e-04
  1.299999999999994e+00  2.085386056183616e+04  1.576146460709889e+04  -2.334454149234941e+03  -1.057448107102274e+06  4.590633563688838e+03  -1.825786936758948e+04  1.288038843789295e-01  -1.985381003348463e-03  -5.085209779036789e-04
  1.304999999999994e+00  2.147888596807324e+04  1.873213654018848e+04  -1.850874161765924e+02  -1.064917552024633e+06  4.379465436413941e+03  -1.638824161225728e+04  1.272323208966797e-01  -2.061814360700696e-03  -4.703768814457069e-04
  1.309999999999994e+00  2.178071190225385e+04  2.165179671342496e+04  1.655279324593253e+03  -1.073146121691179e+06  4.197171428336987e+03  -1.433879349638552e+04  1.257928681838781e-01  -2.120979797200112e-03  -4.433278801180967e-04
  1.314999999999994e+00  2.172141008205076e+04  2.441962519536260e+04  3.123868251447386e+03  -1.082027750998719e+06  4.030409617865456e+03  -1.216662609349233e+04  1.244774560264672e-01  -2.157437832205846e-03  -4.258779021537132e-04
  1.319999999999994e+00  2.066334843501818e+04  2.671856532565092e+04  3.980247655816274e+03  -1.092036161672404e+06  4.168482162278046e+03  -1.005804387823901e+04  1.232482025899668e-01  -2.146453617872432e-03  -4.062930329551417e-04
  1.324999999999994e+00  1.977722956278833e+04  2.891986281787393e+04  4.560680535631866e+03  -1.101990811664755e+06  3.971052639161947e+03  -7.871906065054555e+03  1.221791517831913e-01  -2.130570448086224e-03  -3.958867516338976e-04
  1.329999999999994e+00  1.850517939868298e+04  3.073030613633295e+04  4.650131972009864e+03  -1.112325812884385e+06  3.756781913477741e+03  -5.747345458883414e+03  1.212111928532178e-01  -2.083163483324818e-03  -3.886964465199012e-04
  1.334999999999994e+00  1.687359102940892e+04  3.210574996580279e+04  4.245735815857649e+03  -1.122972633668969e+06  3.519187490660975e+03  -3.744889257197340e+03  1.203378087112644e-01  -2.003634275467071e-03  -3.820257629900238e-04
  1.339999999999993e+00  1.417802205736755e+04  3.275072142165150e+04  3.127776155661445e+03  -1.134605787643961e+06  3.443420507647460e+03  -2.104866334434346e+03  1.195888872612155e-01  -1.878705723537816e-03  -3.484032171963202e-04
  1.344999999999993e+00  1.205075112843885e+04  3.320138062002411e+04  1.786940457112678e+03  -1.145661562000337e+06  3.103020539344104e+03  -5.108799701012888e+02  1.188944318678554e-01  -1.741073847173359e-03  -3.318302929887735e-04
  1.349999999999993e+00  9.837877007830846e+03  3.321276780845168e+04  5.944759679924648e+01  -1.156827404136712e+06  2.726375814651170e+03  8.389401392332060e+02  1.182684273123648e-01  -1.575777803659580e-03  -3.101347132040783e-04
  1.354999999999993e+00  7.681387171166070e+03  3.282901810002495e+04  -1.981097922681855e+03  -1.168039259369971e+06  2.313031670314048e+03  1.924910233103839e+03  1.176997653453256e-01  -1.386435697978553e-03  -2.824936893940963e-04
  1.359999999999993e+00  5.003462563138140e+03  3.183675300343576e+04  -4.543014215566681e+03  -1.179936656623498e+06  1.905358411802734e+03  2.565452883244714e+03  1.172567607842753e-01  -1.170778978785487e-03  -2.171682316273081e-04
  1.364999999999993e+00  3.483298070407058e+03  3.085155193737298e+04  -6.975711805812462e+03  -1.191001586450872e+06  1.383464182533465e+03  3.135025772683367e+03  1.167726355057562e-01  -9.491352146028771e-04  -1.791082518200048e-04
  1.369999999999993e+00  2.487839795628879e+03  2.967855638667453e+04  -9.461447502765212e+03  -1.201918924014085e+06  8.401770335458181e+02  3.475897943480290e+03  1.163040358542310e-01  -7.170861594849151e-04  -1.402082653266926e-04
  1.374999999999993e+00  2.148001242157409e+03  2.839492639275131e+04  -1.191606638128902e+04  -1.212630473248580e+06  2.862017257975183e+02  3.622141476275412e+03  1.158363696976927e-01  -4.797344527414941e-04  -1.039804001545859e-04
  1.379999999999993e+00  2.561380276105217e+03  2.707106984706632e+04  -1.426405552115165e+04  -1.223088047850681e+06  -2.639673838971585e+02  3.616807961349260e+03  1.153568091102094e-01  -2.418957765640391e-04  -7.476740658396259e-05
  1.384999999999992e+00  3.305761180641805e+03  2.560810596853548e+04  -1.667022202429626e+04  -1.233825723101675e+06  -8.736338899547889e+02  3.382297625278204e+03  1.149798875503752e-01  -9.490189616513316e-06  -2.945337804159963e-05
  1.389999999999992e+00  5.379154216984360e+03  2.437484308938977e+04  -1.860765907514765e+04  -1.243674977004803e+06  -1.362726041534492e+03  3.242080221297761e+03  1.144613389920376e-01  2.175710743287882e-04  -3.160592487286087e-05
  1.394999999999992e+00  8.198357230573469e+03  2.322168839503316e+04  -2.028237216744596e+04  -1.253235730248881e+06  -1.775968141736915e+03  3.097665246410932e+03  1.139150522901061e-01  4.359256330265233e-04  -5.517235218265511e-05
  1.399999999999992e+00  1.165052040235500e+04  2.214425307923758e+04  -2.167918687627630e+04  -1.262535327489977e+06  -2.088686606507769e+03  2.990893898250493e+03  1.133457445229044e-01  6.444490277055234e-04  -1.034673995280777e-04
  1.404999999999992e+00  1.539865447303424e+04  2.109273074802858e+04  -2.288969201571043e+04  -1.272095025312832e+06  -2.357150521982506e+03  2.871994494357938e+03  1.129036449638695e-01  8.399061920882128e-04  -1.587889112216822e-04
  1.409999999999992e+00  1.965903739860376e+04  2.008727746851186e+04  -2.371145077183549e+04  -1.281017631625370e+06  -2.390817926579664e+03  2.957324068239794e+03  1.123226015280193e-01  1.032317093438288e-03  -2.643375266551702e-04
  1.414999999999992e+00  2.398459766117842e+04  1.903477245558484e+04  -2.429005179457671e+04  -1.289860905553058e+06  -2.260606125775582e+03  3.150482560751283e+03  1.117534562120157e-01  1.218476408734598e-03  -3.956081028707048e-04
  1.419999999999992e+00  2.816728941973286e+04  1.787784104626011e+04  -2.465509808021531e+04  -1.298698379267073e+06  -1.954911479785125e+03  3.453372910071477e+03  1.112112973239914e-01  1.400545770222640e-03  -5.496221971964950e-04
  1.424999999999992e+00  3.221323464390961e+04  1.665013093745484e+04  -2.477978283476329e+04  -1.307993639068980e+06  -1.516595122749773e+03  3.831548720016859e+03  1.108432434290713e-01  1.582095865025475e-03  -7.138314978263003e-04
  1.429999999999992e+00  3.571037067970286e+04  1.518782295310003e+04  -2.472783794720887e+04  -1.317014175242609e+06  -8.426673159071703e+02  4.332050048757425e+03  1.103897916375138e-01  1.763543671465829e-03  -9.027625859297382e-04
  1.434999999999991e+00  3.869656700555490e+04  1.354920938330041e+04  -2.449529516231644e+04  -1.326208870808193e+06  4.873859987327003e+00  4.881705702470394e+03  1.099939240078651e-01  1.943670939005108e-03  -1.098760059680280e-03
  1.439999999999991e+00  4.117016297022162e+04  1.176083518502733e+04  -2.406702916750792e+04  -1.335611076870569e+06  1.015322760526769e+03  5.448406978587449e+03  1.096592265958523e-01  2.121108503203412e-03  -1.295916105301964e-03
  1.444999999999991e+00  4.363699114701574e+04  9.996533939464338e+03  -2.327225775005521e+04  -1.345563840299636e+06  2.143433865701648e+03  6.036828262669521e+03  1.094961870724056e-01  2.304660074380671e-03  -1.490130716941590e-03
  1.449999999999991e+00  4.534727415517469e+04  8.104438493998887e+03  -2.233022925762636e+04  -1.355415040876976e+06  3.429863544220462e+03  6.550348454789177e+03  1.092728999182431e-01  2.470261596424039e-03  -1.674495554271992e-03
  1.454999999999991e+00  4.682141736316797e+04  6.272044342478061e+03  -2.110433666928891e+04  -1.365492310544075e+06  4.823910177699826e+03  6.987695573211821e+03  1.091011456308258e-01  2.622592677801035e-03  -1.844248796299827e-03
  1.459999999999991e+00  4.818942273078275e+04  4.582260962130496e+03  -1.956941603055910e+04  -1.375787831280302e+06  6.304199700860014e+03  7.330215978937914e+03  1.089750981977923e-01  2.757857188895292e-03  -1.995806605698206e-03
  1.464999999999991e+00  4.956173326801778e+04  3.105712778885269e+03  -1.771654702720283e+04  -1.386295086305700e+06  7.849900900564963e+03  7.568076685199236e+03  1.088896038203714e-01  2.873014776756419e-03  -2.126507364144456e-03
  1.469999999999991e+00  5.151880306327002e+04  1.982406490243556e+03  -1.544099639908648e+04  -1.397253635483212e+06  9.410192338292982e+03  7.791318836610950e+03  1.089109350970340e-01  2.984635243740194e-03  -2.237018435225991e-03
  1.474999999999991e+00  5.304420660859518e+04  1.049936861498912e+03  -1.304618980253833e+04  -1.408170398550628e+06  1.102820640486995e+04  7.832964836426288e+03  1.088888932646390e-01  3.053646124002055e-03  -2.321384319533832e-03
  1.479999999999990e+00  5.464071279412063e+04  3.907342146493814e+02  -1.045814383108171e+04  -1.419321440770024e+06  1.266228907908712e+04  7.789664131095366e+03  1.089041845680160e-01  3.100379745202677e-03  -2.382654758572791e-03
  1.484999999999990e+00  5.624077274825166e+04  -3.161542344032827e+01  -7.757344029902140e+03  -1.430737301934713e+06  1.430266295133343e+04  7.680032438074834e+03  1.089610197729348e-01  3.127505547905024e-03  -2.422031133039173e-03
  1.489999999999990e+00  5.817984180385307e+04  -2.097138663164496e+02  -5.008766797402735e+03  -1.442571211686793e+06  1.588204724730282e+04  7.613722759464054e+03  1.090917236701309e-01  3.150663978149226e-03  -2.437427165377691e-03
  1.494999999999990e+00  5.940256218787577e+04  -3.530087053844997e+02  -2.415055055947262e+03  -1.454589376851110e+06  1.750282255258449e+04  7.432266894085544e+03  1.092374285995742e-01  3.145881239013942e-03  -2.437037281648674e-03
  1.499999999999990e+00  6.026197925911471e+04  -4.825493255508087e+02  -1.056712420126313e+01  -1.466985623887983e+06  1.910971302096421e+04  7.243459773842039e+03  1.094419461787217e-01  3.134381680171781e-03  -2.420575633324694e-03
  1.504999999999990e+00  6.063227652258809e+04  -6.852502084438108e+02  2.109443775307892e+03  -1.479792538725235e+06  2.069515730208773e+04  7.063751839689885e+03  1.097091500378427e-01  3.121100041801378e-03  -2.389829353333572e-03
  1.509999999999990e+00  6.066082810217363e+04  -9.835120397852559e+02  3.813419984148423e+03  -1.492966858360769e+06  2.214951339290317e+04  6.972500234067453e+03  1.100254842203461e-01  3.108919614832842e-03  -2.336555217815215e-03
  1.514999999999990e+00  5.972945743889529e+04  -1.537927812173335e+03  5.129658412270974e+03  -1.506580982201956e+06  2.364772241447456e+04  6.832004598369987e+03  1.104064796120385e-01  3.099270934053761e-03  -2.279418643086507e-03
  1.519999999999990e+00  5.813410852725888e+04  -2.339323107940264e+03  5.999103173322696e+03  -1.520609215715484e+06  2.508213221763712e+04  6.719905803469498e+03  1.108419861307783e-01  3.097928549764204e-03  -2.209528247184984e-03
  1.524999999999989e+00  5.590638825689307e+04  -3.399048728065254e+03  6.415931249958820e+03  -1.535015292042302e+06  2.642897746157043e+04  6.635880905061682e+03  1.113218088919097e-01  3.105533012891213e-03  -2.125750064724846e-03
  1.529999999999989e+00  5.310334142270764e+04  -4.631162672469277e+03  6.344697837677118e+03  -1.549570699244950e+06  2.756676160457958e+04  6.610042701780490e+03  1.118008684725931e-01  3.109126385875564e-03  -2.023236365717812e-03
  1.534999999999989e+00  4.988486122126110e+04  -6.095726017474231e+03  5.978849657572273e+03  -1.564542680606253e+06  2.867147247733325e+04  6.545638561748660e+03  1.123246285813453e-01  3.127343345311531e-03  -1.909951560424871e-03
  1.539999999999989e+00  4.641790470459669e+04  -7.681449164123778e+03  5.313820927671624e+03  -1.579714886350020e+06  2.961151304080873e+04  6.489437617437368e+03  1.128512831182996e-01  3.148378907332483e-03  -1.778487894051634e-03
  1.544999999999989e+00  4.287914998379004e+04  -9.300149556319791e+03  4.434932544961496e+03  -1.595017067619620e+06  3.036083415918180e+04  6.433559697760817e+03  1.133669312279266e-01  3.167705484429900e-03  -1.627563739237515e-03
  1.549999999999989e+00  3.924882474135246e+04  -1.075010351261413e+04  3.455694184313450e+03  -1.610227155764527e+06  3.087170997741420e+04  6.338459244797767e+03  1.138349283508889e-01  3.162781893205470e-03  -1.469980913572066e-03
  1.554999999999989e+00  3.612887015634816e+04  -1.211943531573649e+04  2.469503171135148e+03  -1.625630539010427e+06  3.120900112393139e+04  6.234989062461743e+03  1.142985811127978e-01  3.163225447952485e-03  -1.284793134408407e-03
  1.559999999999989e+00  3.342569819361377e+04  -1.324237332083595e+04  1.538003003905895e+03  -1.641025948756963e+06  3.131201810788710e+04  6.114439630085841e+03  1.147298431877586e-01  3.148384231695327e-03  -1.082323353069418e-03
  1.564999999999989e+00  3.123437400740015e+04  -1.404352761123101e+04  7.307199561085778e+02  -1.656397710093207e+06  3.118023698493703e+04  5.973312489954927e+03  1.151299502977929e-01  3.114475185956553e-03  -8.657321750146297e-04
  1.569999999999989e+00  2.960323291472727e+04  -1.447051089964678e+04  9.733020049364886e+01  -1.671749144554666e+06  3.082152651815755e+04  5.810449200711995e+03  1.155045284340589e-01  3.058991917785644e-03  -6.395507015667901e-04
  1.574999999999988e+00  2.836655984617513e+04  -1.445517134611167e+04  -2.493277221388838e+02  -1.687022218481603e+06  3.030556117650219e+04  5.516180913336132e+03  1.158416801244694e-01  2.969958807709327e-03  -4.345622165196257e-04
  1.579999999999988e+00  2.781412479940473e+04  -1.415141087942042e+04  -5.022034009997795e+02  -1.702419620778080e+06  2.955036482137284e+04  5.316741371678200e+03  1.161943162148279e-01  2.874952971247360e-03  -2.065931467021540e-04
  1.584999999999988e+00  2.765798156932530e+04  -1.351293968031819e+04  -5.930303197927553e+02  -1.717883336387429e+06  2.862265802424280e+04  5.116031653304422e+03  1.165555001794034e-01  2.761575372407971e-03  1.332653632054219e-05
  1.589999999999988e+00  2.777539191835353e+04  -1.260373720660437e+04  -5.636248766721940e+02  -1.733451521160962e+06  2.755002099819772e+04  4.924107646282069e+03  1.169379147350325e-01  2.633638378605584e-03  2.182874031364000e-04
  1.594999999999988e+00  2.793087881373669e+04  -1.161541722248548e+04  -4.199629397394571e+02  -1.749081396469979e+06  2.641239242432945e+04  4.616125369213916e+03  1.173225539361599e-01  2.497875974028238e-03  3.856653366473734e-04
  1.599999999999988e+00  2.816113616807985e+04  -1.050299043224278e+04  -3.576741406444685e+02  -1.764955743850280e+06  2.512661240120338e+04  4.483979440242794e+03  1.177775134383886e-01  2.361745994924079e-03  5.460138042948620e-04
  1.604999999999988e+00  2.823844513189356e+04  -9.404809324943846e+03  -3.537253866224628e+02  -1.781002545663890e+06  2.377389034329918e+04  4.397742437425708e+03  1.182789933725836e-01  2.227524040819385e-03  6.756238148493717e-04
  1.609999999999988e+00  2.805495153345645e+04  -8.416909776564447e+03  -4.582403473167252e+02  -1.797218013136709e+06  2.237664488145874e+04  4.367969641087956e+03  1.188279030168154e-01  2.100860498215004e-03  7.715479799006077e-04
  1.614999999999988e+00  2.752945565529505e+04  -7.822335168916103e+03  -6.884005077260156e+02  -1.813511696688214e+06  2.099165039215814e+04  4.265587113392789e+03  1.193920312583059e-01  1.997877976470136e-03  8.293994791903167e-04
  1.619999999999987e+00  2.662900160705420e+04  -7.309087326215542e+03  -1.105158340939581e+03  -1.830018189796340e+06  1.955448175667616e+04  4.371700861456109e+03  1.200298426403443e-01  1.901864651212492e-03  8.584854880068327e-04
  1.624999999999987e+00  2.535523711245323e+04  -7.076593637597075e+03  -1.665605130270015e+03  -1.846606683971076e+06  1.811970962858403e+04  4.544948184900276e+03  1.206992778655074e-01  1.823261056905393e-03  8.543798002100824e-04
  1.629999999999987e+00  2.374278984039201e+04  -7.139137681090700e+03  -2.344135055443962e+03  -1.863230780303165e+06  1.669732270411918e+04  4.782455601203405e+03  1.213904383146674e-01  1.762916059938372e-03  8.200441864762559e-04
  1.634999999999987e+00  2.195349305132579e+04  -7.654029130286382e+03  -3.089830516900925e+03  -1.879851406266122e+06  1.533935376113090e+04  4.969680525248595e+03  1.220872605704185e-01  1.732148085528223e-03  7.621175399488194e-04
  1.639999999999987e+00  1.989919339810714e+04  -8.230042279145462e+03  -3.858028435733565e+03  -1.896446430658458e+06  1.396472439222947e+04  5.322423382254145e+03  1.228015544444852e-01  1.704042987704645e-03  6.806732933485618e-04
  1.644999999999987e+00  1.776974202425302e+04  -8.992516171504232e+03  -4.577621897406117e+03  -1.912949754919101e+06  1.262617789255449e+04  5.715216052163483e+03  1.235096742467273e-01  1.687781438254293e-03  5.816315857222043e-04
  1.649999999999987e+00  1.567237163000508e+04  -9.878351395614776e+03  -5.185484539614459e+03  -1.929333537088222e+06  1.133234570784083e+04  6.137231666355481e+03  1.242051144626824e-01  1.679719236834733e-03  4.694189744142771e-04
  1.654999999999987e+00  1.370943703226598e+04  -1.081873409078361e+04  -5.624525693431980e+03  -1.945581387797135e+06  1.009295050367218e+04  6.577847351011354e+03  1.248836670151019e-01  1.675914316355693e-03  3.480790881745562e-04
  1.659999999999987e+00  1.214692388610570e+04  -1.179523292179466e+04  -5.882166331516073e+03  -1.961810591228811e+06  8.943438865677246e+03  7.007347189836971e+03  1.255710563941385e-01  1.679559164561131e-03  2.298056126196887e-04
  1.664999999999986e+00  1.069050251905952e+04  -1.262805935036725e+04  -5.876000717554951e+03  -1.977790247022772e+06  7.832908385733188e+03  7.481619910773557e+03  1.262166819690227e-01  1.672165196365214e-03  1.026274392831511e-04
  1.669999999999986e+00  9.551143412462341e+03  -1.335167259177929e+04  -5.627893995459431e+03  -1.993637759613204e+06  6.810293368153144e+03  7.956159370381414e+03  1.268445513818355e-01  1.660048555906282e-03  -2.474027956621753e-05
  1.674999999999986e+00  8.730875535589799e+03  -1.394594718514497e+04  -5.155846164782632e+03  -2.009373962509644e+06  5.888902034537800e+03  8.428726501465126e+03  1.274588312369708e-01  1.642408510628703e-03  -1.505980585046640e-04
  1.679999999999986e+00  8.367106599667941e+03  -1.438295303308749e+04  -4.555660441978175e+03  -2.025117635810075e+06  5.052749491785845e+03  8.957859917284248e+03  1.280962600371914e-01  1.622468183370961e-03  -2.571680385469215e-04
  1.684999999999986e+00  8.061327216562242e+03  -1.471488129551660e+04  -3.757462602951541e+03  -2.040680533368611e+06  4.357306374542295e+03  9.443480922601588e+03  1.286985992381660e-01  1.594448766880833e-03  -3.745322640756010e-04
  1.689999999999986e+00  7.914306447480719e+03  -1.497816657337072e+04  -2.890304812595530e+03  -2.056201945894232e+06  3.803443247494833e+03  9.926589426995431e+03  1.293043219386111e-01  1.565917656461906e-03  -4.881570523406172e-04
  1.694999999999986e+00  7.840429166492062e+03  -1.522432267660061e+04  -2.024266017066901e+03  -2.071706562297608e+06  3.403042308826442e+03  1.040619412984509e+04  1.299199006847326e-01  1.540654242078803e-03  -5.975405924702161e-04
  1.699999999999986e+00  7.887721940137633e+03  -1.540500471656983e+04  -1.236839077545139e+03  -2.087189811984093e+06  3.080596400553709e+03  1.098696376031938e+04  1.305704449814277e-01  1.517641795100957e-03  -6.812436209551895e-04
  1.704999999999986e+00  7.724723038663209e+03  -1.575632627377642e+04  -5.463789684939568e+02  -2.102667595968406e+06  3.008089442552188e+03  1.145974811306215e+04  1.312156754632984e-01  1.508339105267649e-03  -7.810806281867342e-04
  1.709999999999986e+00  7.445149157202316e+03  -1.624921179568549e+04  -2.869319767351601e+01  -2.118159536255204e+06  3.118796465686741e+03  1.191265463460851e+04  1.318811172602798e-01  1.514515849265203e-03  -8.756881308022921e-04
  1.714999999999985e+00  7.039066551710576e+03  -1.691530769009640e+04  2.880639865327202e+02  -2.133657155710292e+06  3.418144741292402e+03  1.233695086731643e+04  1.325658162837421e-01  1.539214618434756e-03  -9.642696221986317e-04
  1.719999999999985e+00  6.565646280163425e+03  -1.762181105823820e+04  4.225516007615523e+02  -2.149002426957216e+06  3.786537607194725e+03  1.287135922526448e+04  1.332732870193812e-01  1.569958358573295e-03  -1.030208859176445e-03
  1.724999999999985e+00  5.988024736527961e+03  -1.864712660544605e+04  3.245625618634849e+02  -2.164400470824830e+06  4.466457100598061e+03  1.321928003145933e+04  1.339783871509316e-01  1.633952033469766e-03  -1.106894038102057e-03
  1.729999999999985e+00  5.446601352991990e+03  -1.983240430125947e+04  3.928867591472876e+01  -2.179703587984212e+06  5.336879378740636e+03  1.351130729607534e+04  1.346830172849160e-01  1.718622816911507e-03  -1.175395500110925e-03
  1.734999999999985e+00  5.042565280025487e+03  -2.113441087935963e+04  -3.999837678894558e+02  -2.194852188258403e+06  6.390417016200226e+03  1.374205823937876e+04  1.353758437956362e-01  1.821627243399083e-03  -1.234924359130760e-03
  1.739999999999985e+00  4.879979144914696e+03  -2.249842660933158e+04  -9.539195291075481e+02  -2.209777421933990e+06  7.615021591820594e+03  1.390856531662775e+04  1.360443778975590e-01  1.939343202613350e-03  -1.284792312360333e-03
  1.744999999999985e+00  4.809798038085048e+03  -2.379283142386042e+04  -1.600605767841919e+03  -2.224221557206227e+06  8.877211420217418e+03  1.417754874141272e+04  1.366808106626279e-01  2.050924382028895e-03  -1.322680691074913e-03
  1.749999999999985e+00  5.331994171373740e+03  -2.512433283156950e+04  -2.276313185309692e+03  -2.238482196694065e+06  1.040504025392982e+04  1.420987937551384e+04  1.372642175977601e-01  2.185958210464157e-03  -1.354771673979728e-03
  1.754999999999985e+00  6.286894132088772e+03  -2.635016988793897e+04  -2.956488159915768e+03  -2.252311709901688e+06  1.204674946813609e+04  1.417790994044793e+04  1.377910530078059e-01  2.321441537759854e-03  -1.375726044872003e-03
  1.759999999999984e+00  7.665462311094223e+03  -2.743016562887498e+04  -3.619112571526434e+03  -2.265651555382234e+06  1.377491697428033e+04  1.408463544514434e+04  1.382555735304878e-01  2.452142582490053e-03  -1.385140704855314e-03
  1.764999999999984e+00  9.041576115552178e+03  -2.834481182975760e+04  -4.287603721857380e+03  -2.278356480399676e+06  1.551326681105810e+04  1.406132926160637e+04  1.386648173713469e-01  2.566632136336259e-03  -1.391720651219230e-03
  1.769999999999984e+00  1.107354189778467e+04  -2.908130171179297e+04  -4.885265703765202e+03  -2.290631238667251e+06  1.735654078895003e+04  1.383761855222935e+04  1.390033213497068e-01  2.678890006528858e-03  -1.379368447187229e-03
  1.774999999999984e+00  1.327333753452007e+04  -2.964194460925848e+04  -5.456383925703052e+03  -2.302347848840341e+06  1.920002651139139e+04  1.355920609065442e+04  1.392870800932026e-01  2.775798934627505e-03  -1.353911422998030e-03
  1.779999999999984e+00  1.549871904406643e+04  -3.004794509250862e+04  -6.014321063176072e+03  -2.313521787524157e+06  2.101525998903708e+04  1.322854674589117e+04  1.395265630404227e-01  2.856124540722711e-03  -1.314824720796516e-03
  1.784999999999984e+00  1.735213913863567e+04  -3.033679163464289e+04  -6.578466890316801e+03  -2.324208475673457e+06  2.282455852309706e+04  1.290305110891681e+04  1.397372698073809e-01  2.925221693042053e-03  -1.277915543612740e-03
  1.789999999999984e+00  1.923713003802045e+04  -3.052168192956067e+04  -7.149177455013089e+03  -2.334448092637202e+06  2.452854431773986e+04  1.246012198639788e+04  1.399259402836760e-01  2.976658239904183e-03  -1.211601577353439e-03
  1.794999999999984e+00  2.073626432495793e+04  -3.065871681597471e+04  -7.752965363398456e+03  -2.344297015661296e+06  2.612741236995427e+04  1.197849645749889e+04  1.401130000578429e-01  3.014579652784651e-03  -1.130441941039369e-03
  1.799999999999984e+00  2.175512521619453e+04  -3.078539978388201e+04  -8.397033858776336e+03  -2.353827703682171e+06  2.760194784343006e+04  1.146711313461353e+04  1.403122595071502e-01  3.041963152997827e-03  -1.034879292477204e-03
  1.804999999999984e+00  2.220391950368030e+04  -3.090867012831403e+04  -9.070871281731848e+03  -2.363225115205870e+06  2.904543607281511e+04  1.092662490648562e+04  1.405197483686200e-01  3.073769231969533e-03  -9.447230878673692e-04
  1.809999999999983e+00  2.214807501496484e+04  -3.109683734152253e+04  -9.791461551818298e+03  -2.372361238511553e+06  3.022897898778948e+04  1.038118297348879e+04  1.407707513531437e-01  3.090136068602564e-03  -8.235079662344821e-04
  1.814999999999983e+00  2.154337110623483e+04  -3.134498800032512e+04  -1.052906934813181e+04  -2.381392462882491e+06  3.124247716824339e+04  9.851686156719599e+03  1.410580744347133e-01  3.104969807189615e-03  -6.924125988765005e-04
  1.819999999999983e+00  2.044442589011919e+04  -3.165423677831026e+04  -1.125811895798647e+04  -2.390375846479439e+06  3.207843690852280e+04  9.358767041326671e+03  1.413817993312932e-01  3.120825964573742e-03  -5.546041168606361e-04
  1.824999999999983e+00  1.895509761171020e+04  -3.200383284006895e+04  -1.197317875301730e+04  -2.399509333257394e+06  3.286145929459899e+04  8.868044916813944e+03  1.417099210266372e-01  3.149070817510027e-03  -4.292635053388693e-04
  1.829999999999983e+00  1.708690003682494e+04  -3.241952546047972e+04  -1.260571813808256e+04  -2.408534090675727e+06  3.332960707841159e+04  8.501729948416420e+03  1.420930198593015e-01  3.169723698006227e-03  -2.868225899568329e-04
  1.834999999999983e+00  1.499316914880921e+04  -3.285645418805781e+04  -1.313163600546406e+04  -2.417614779091390e+06  3.361602146095987e+04  8.237756908447485e+03  1.424947747150962e-01  3.194257658328137e-03  -1.492055184549463e-04
  1.839999999999983e+00  1.276952281839115e+04  -3.329364284476739e+04  -1.351948196388656e+04  -2.426768303066463e+06  3.372652144152877e+04  8.095866903040641e+03  1.429059035913019e-01  3.222413934979944e-03  -2.043037317300209e-05
  1.844999999999983e+00  1.049456035083632e+04  -3.371325659796248e+04  -1.374377024608183e+04  -2.436007116001404e+06  3.367026399204907e+04  8.092402655325037e+03  1.433176671537813e-01  3.253447886666556e-03  9.612785824547928e-05
  1.849999999999983e+00  8.099525654631564e+03  -3.415984715408927e+04  -1.387393253581764e+04  -2.445517486459052e+06  3.359056263993417e+04  8.124308979675409e+03  1.437020293637543e-01  3.287778977411822e-03  1.963451559820368e-04
  1.854999999999982e+00  5.853329008728080e+03  -3.452670797258437e+04  -1.373164526379562e+04  -2.454964704506494e+06  3.323789061842387e+04  8.415447563995089e+03  1.440998223005640e-01  3.319867349977242e-03  2.851870177928300e-04
  1.859999999999982e+00  3.680668848371314e+03  -3.485412191007067e+04  -1.339058843705785e+04  -2.464533820338862e+06  3.276392643391371e+04  8.866495294167078e+03  1.444844415868148e-01  3.351936032491377e-03  3.571605013227880e-04
  1.864999999999982e+00  1.580782043609058e+03  -3.514886496253204e+04  -1.285557085171286e+04  -2.474245240056661e+06  3.218891991901885e+04  9.473096585617974e+03  1.448567548162418e-01  3.383053571092797e-03  4.130053961774240e-04
  1.869999999999982e+00  -5.470361558476496e+02  -3.548404559919937e+04  -1.221209847645797e+04  -2.484280089231612e+06  3.163704034213730e+04  1.006715891144110e+04  1.452125530646111e-01  3.410366340219303e-03  4.620046919758155e-04
  1.874999999999982e+00  -2.468467520090991e+03  -3.574277893814514e+04  -1.131185044294120e+04  -2.494342773390693e+06  3.090985535176961e+04  1.094341517454121e+04  1.455755923015402e-01  3.437184822983758e-03  4.921599364362541e-04
  1.879999999999982e+00  -4.321210770493943e+03  -3.600355410045154e+04  -1.025723579755481e+04  -2.504628380694731e+06  3.014559570600966e+04  1.193439897326706e+04  1.459415297855953e-01  3.461597389228327e-03  5.119722844393567e-04
  1.884999999999982e+00  -6.103742289793334e+03  -3.628041550482881e+04  -9.070178963911370e+03  -2.515168846440672e+06  2.936688217399112e+04  1.301771242216344e+04  1.463174561866472e-01  3.483261821340968e-03  5.239952674463954e-04
  1.889999999999982e+00  -7.676223739593199e+03  -3.660980224856058e+04  -7.789138390226381e+03  -2.526063336980396e+06  2.861400002257998e+04  1.400136851227247e+04  1.467100365546310e-01  3.500526178539229e-03  5.422834379640721e-04
  1.894999999999982e+00  -9.166878717481004e+03  -3.694403855379290e+04  -6.391260491855440e+03  -2.537164622044474e+06  2.784005483961126e+04  1.520994726353701e+04  1.471241900371464e-01  3.517205513408739e-03  5.443422119700545e-04
  1.899999999999981e+00  -1.050779247360730e+04  -3.732740971159548e+04  -4.939939314165067e+03  -2.548588659346708e+06  2.710894428888551e+04  1.644616144303347e+04  1.475622264007911e-01  3.531338246930531e-03  5.430061567851192e-04
  1.904999999999981e+00  -1.165695748043304e+04  -3.776838751193674e+04  -3.466187083331635e+03  -2.560344104741874e+06  2.643590783016908e+04  1.768981346261203e+04  1.480245512522198e-01  3.543262471386549e-03  5.384490798714832e-04
  1.909999999999981e+00  -1.223147378643612e+04  -3.827567520790423e+04  -1.956367970895505e+03  -2.572348560310807e+06  2.574512827051418e+04  1.881114561934328e+04  1.485083993594811e-01  3.554389608904017e-03  5.434513836324749e-04
  1.914999999999981e+00  -1.282069538214801e+04  -3.886628843827512e+04  -5.332945583947934e+02  -2.584707982699869e+06  2.519763335606454e+04  2.005436227023152e+04  1.490088828322678e-01  3.564547124443591e-03  5.293773758245304e-04
  1.919999999999981e+00  -1.312228087849320e+04  -3.955021018622025e+04  8.014384955808297e+02  -2.597357800085507e+06  2.473740995952467e+04  2.127092209489405e+04  1.495192904400094e-01  3.574485867275783e-03  5.088929534555893e-04
  1.924999999999981e+00  -1.311811067515014e+04  -4.034035106708010e+04  2.010798920514969e+03  -2.610261978301104e+06  2.436613011649946e+04  2.245581342712713e+04  1.500309327106209e-01  3.585036355823751e-03  4.805736643854344e-04
  1.929999999999981e+00  -1.280598753150494e+04  -4.125052336019697e+04  3.059124376733148e+03  -2.623375217376350e+06  2.408216543473541e+04  2.360702167933821e+04  1.505343078823886e-01  3.596956486836891e-03  4.431995149466311e-04
  1.934999999999981e+00  -1.180529094174699e+04  -4.229226922700769e+04  4.007579390446847e+03  -2.636415567263978e+06  2.374151998747405e+04  2.471865902623049e+04  1.510207180900315e-01  3.611691409819702e-03  4.052643727472982e-04
  1.939999999999981e+00  -1.096094076254717e+04  -4.348036299402556e+04  4.648153873279140e+03  -2.649781789962795e+06  2.362676816736776e+04  2.581507398256664e+04  1.514823198804796e-01  3.627305274629443e-03  3.452517914308409e-04
  1.944999999999981e+00  -9.908231138243369e+03  -4.481149007592082e+04  5.054957655448400e+03  -2.663205495801464e+06  2.358829073498584e+04  2.686357306472916e+04  1.519122460209997e-01  3.644581981682097e-03  2.752539130273376e-04
  1.949999999999980e+00  -8.696815409243110e+03  -4.628236701485352e+04  5.221914102608607e+03  -2.676635955310982e+06  2.361829261556014e+04  2.785513316427575e+04  1.523066420552123e-01  3.662795965290879e-03  1.963063637584952e-04
  1.954999999999980e+00  -7.038203286287307e+03  -4.784344827273244e+04  5.286865456080611e+03  -2.689807944293094e+06  2.361749436663663e+04  2.881255522497884e+04  1.526750847533768e-01  3.679856175162621e-03  1.098788088109597e-04
  1.959999999999980e+00  -5.705442811218216e+03  -4.954219326578575e+04  5.006411234816684e+03  -2.703152253278575e+06  2.378171832329540e+04  2.964153861322550e+04  1.530021286593015e-01  3.695401028254532e-03  1.484614828433215e-05
  1.964999999999980e+00  -4.372500827081212e+03  -5.131655487542949e+04  4.536597778270379e+03  -2.716403318490953e+06  2.399238891450189e+04  3.035067586980590e+04  1.533002025865536e-01  3.706499189217014e-03  -8.334146446477258e-05
  1.969999999999980e+00  -3.078934952255105e+03  -5.313056865270868e+04  3.913889133295470e+03  -2.729544851671053e+06  2.424216492977826e+04  3.091215181232594e+04  1.535768591172676e-01  3.710438792488078e-03  -1.826827703890086e-04
  1.974999999999980e+00  -1.621625602899658e+03  -5.489751217865944e+04  3.300093845914531e+03  -2.742448861045176e+06  2.449727441185620e+04  3.135497512484765e+04  1.538589684990003e-01  3.706185624175086e-03  -2.913724579243203e-04
  1.979999999999980e+00  -5.395468716017547e+02  -5.667131816793834e+04  2.493050272689154e+03  -2.755391874280803e+06  2.481607624224025e+04  3.153228782288839e+04  1.541221064913281e-01  3.688393827729541e-03  -3.891446978677095e-04
  1.984999999999980e+00  4.454226161833066e+02  -5.835971616691661e+04  1.668712717363713e+03  -2.768227280870941e+06  2.514937567158456e+04  3.147658687669395e+04  1.543926283679828e-01  3.655057650431967e-03  -4.833411430988022e-04
  1.989999999999980e+00  1.341718319370410e+03  -5.992090590786116e+04  8.760016959263030e+02  -2.780966016399866e+06  2.548975027998707e+04  3.116634723753031e+04  1.546796798370930e-01  3.603821955257070e-03  -5.737370813644574e-04
  1.994999999999979e+00  2.195263140685001e+03  -6.133777254074407e+04  1.873051374949803e+02  -2.793593760538983e+06  2.583257116237949e+04  3.069310541823660e+04  1.550010030630211e-01  3.542713223375687e-03  -6.716020350946523e-04
  1.999999999999979e+00  2.910846838771929e+03  -6.255933222050415e+04  -4.360048371339223e+02  -2.806191340369339e+06  2.616347069147300e+04  2.985316462686432e+04  1.553368027081779e-01  3.453186851685541e-03  -7.530211445374635e-04
