TITLE = "Temporal Signal for receiver number 00009"
VARIABLES = "Time","s_xx","s_yy","s_zz","s_xy","s_yz","s_xz","v1","v2","v3"
# x1       8.647000000000e+03
# x2       5.764000000000e+03
# x3       -1.000000000000e-01
# cell-global-id 374
  0.000000000000000e+00  -2.850373890004394e-53  -6.614414065180765e-69  2.850373890004391e-53  0.000000000000000e+00  0.000000000000000e+00  1.174860488612857e-53  1.013310373520150e-53  0.000000000000000e+00  -5.589434185406722e-54
  5.000000000000000e-03  -8.913821242544034e+02  -9.443551359894714e+02  -1.780368548783463e+03  2.893139368048699e+00  6.900361263971633e+02  -3.979671181058566e+02  -3.653516541602304e-05  7.065166631044340e-05  -2.152544923324238e-04
  1.000000000000000e-02  -1.913020916567060e+03  -2.109093490185914e+03  -3.374444091631792e+03  1.412176081291610e+02  1.332413831420683e+03  -7.750854756421273e+02  -9.314056729253045e-05  1.665430010363878e-04  -3.859656621571578e-04
  1.500000000000000e-02  -1.235329790619200e+03  -1.667278268154314e+03  -1.284667330823277e+03  3.680949776330704e+02  1.279499919733482e+03  -6.573103229460037e+02  -6.117617673984314e-05  1.364556971739521e-04  -2.089940180646028e-04
  2.000000000000000e-02  -1.041160202495684e+03  -1.681401145133005e+03  -8.715322465160722e+01  6.269851078722248e+02  1.160339235067006e+03  -5.749526463242258e+02  -7.248636564909313e-05  1.562245900251928e-04  -7.676661241930570e-05
  2.500000000000000e-02  -4.771841475640496e+02  -1.409331898422134e+03  2.030524641460164e+03  9.498428850832920e+02  3.817689584300830e+02  -1.658991727148276e+01  -5.374537473564346e-06  7.371750122710659e-05  1.384687439291895e-04
  3.000000000000000e-02  1.344034784162701e+02  -9.339669796756735e+02  3.843968016376782e+03  1.154810268592794e+03  -7.350575198457814e+01  2.817214264629994e+02  1.798937512046984e-05  3.797997475107701e-05  3.246144465010306e-04
  3.500000000000000e-02  9.446126126107031e+02  -2.018331154308922e+02  5.856704719106120e+03  1.302840367593008e+03  -6.158755406424979e+02  6.479986670038423e+02  6.046603690297537e-05  -2.734469793437371e-05  5.216746120017159e-04
  4.000000000000000e-02  -1.722649377985638e+02  -1.469521396114009e+03  4.201661072483776e+03  1.512858046459056e+03  -9.289599254459170e+02  8.832218600000864e+02  6.924992962964316e-05  -3.529327776909583e-05  3.628446615345136e-04
  4.500000000000000e-02  2.745483559661675e+02  -9.739430883108204e+02  5.063425623964073e+03  1.532461663641980e+03  -1.318825035971590e+03  1.170004084149921e+03  1.145873945340212e-04  -1.084578998498787e-04  4.337505711684957e-04
  5.000000000000000e-02  -1.074158395645156e+03  -2.302566697665114e+03  2.469850523160914e+03  1.594623781743926e+03  -1.147295575096427e+03  1.041095375038581e+03  7.538531690057211e-05  -7.226705354910518e-05  1.707307746341520e-04
  5.499999999999999e-02  -9.276960037982478e+02  -2.005881221446321e+03  2.389902401032630e+03  1.506238949121606e+03  -1.328729558187970e+03  1.198607597696352e+03  1.140742460731507e-04  -1.408823147681832e-04  1.406496373982367e-04
  5.999999999999999e-02  -9.686951513622013e+02  -1.870650052511735e+03  1.836376146240562e+03  1.385096528145105e+03  -1.438426895587570e+03  1.315126334254258e+03  1.505971726096639e-04  -2.056289111534328e-04  6.295735573437037e-05
  6.499999999999999e-02  -1.569326341186179e+03  -2.252335199752866e+03  1.586419859699846e+02  1.260192072250926e+03  -1.009436321552352e+03  9.496084587463988e+02  9.438016007866705e-05  -1.771996094401467e-04  -1.255217828479534e-04
  6.999999999999999e-02  -1.687795683458099e+03  -2.158408093954836e+03  -6.857869098805744e+02  1.092915113706533e+03  -9.856772597664839e+02  9.617396364773283e+02  1.192187654539616e-04  -2.296479241708224e-04  -2.324846836974045e-04
  7.500000000000000e-02  -1.421795847085435e+03  -1.595493524830338e+03  -8.793345112086821e+02  8.852535283261857e+02  -6.444424752633549e+02  6.168039242111108e+02  7.758573539132718e-05  -2.357153920443671e-04  -2.807480011190433e-04
  8.000000000000000e-02  -1.484908841386529e+03  -1.450622170043767e+03  -1.629635494761385e+03  7.099972937755132e+02  -5.676223698184616e+02  5.710294146465141e+02  9.291442127891967e-05  -2.769373663865251e-04  -3.742187146782464e-04
  8.500000000000001e-02  -1.581836580357115e+03  -1.352083483901996e+03  -2.421188017666875e+03  5.410595322017552e+02  -4.605886125837703e+02  4.950262004796950e+02  1.014358395758087e-04  -3.085661851594424e-04  -4.682986057542965e-04
  9.000000000000001e-02  -7.437047931708524e+02  -2.382240741508317e+02  -1.489527820298340e+03  3.236253815884360e+02  -2.735536781811694e+02  2.364323034576573e+02  7.671320958907386e-05  -3.363420858743379e-04  -3.989610590474510e-04
  9.500000000000001e-02  -7.076552001824658e+02  -4.675104630556809e+01  -1.923511936534034e+03  1.812746724464057e+02  -1.759849588097968e+02  1.440401750772181e+02  7.785135271533521e-05  -3.575080956576106e-04  -4.495247490884351e-04
  1.000000000000000e-01  1.020153847370401e+02  9.702767732863366e+02  -9.349430099905305e+02  -3.269540668859833e+00  -9.469762406556883e+01  -1.533084483994284e+01  6.742397846783508e-05  -3.890587997735270e-04  -3.643927052456710e-04
  1.050000000000000e-01  2.167173221824222e+02  1.189147363098822e+03  -1.080790847835817e+03  -1.074670580083936e+02  -1.773493322155347e+01  -1.094901856651259e+02  6.237653733579656e-05  -3.990562130936264e-04  -3.782016595136959e-04
  1.100000000000000e-01  3.752842760809937e+02  1.431088600401660e+03  -1.075344873641681e+03  -1.941586326475987e+02  5.828972340458191e+01  -2.144196530276055e+02  5.256428887837326e-05  -4.027067640653195e-04  -3.747380853879944e-04
  1.150000000000000e-01  8.996079924931992e+02  2.041982322975911e+03  -3.936863041385515e+02  -3.013559281712506e+02  6.362045461281281e+01  -2.784791957883051e+02  5.048736814937509e-05  -4.190998452593894e-04  -3.041849890237712e-04
  1.200000000000000e-01  1.056609005454086e+03  2.232308530550704e+03  -2.439439322434516e+02  -3.470834666694031e+02  1.179576364817748e+02  -3.752812286789782e+02  3.649388950605131e-05  -4.120682288773214e-04  -2.812910431274690e-04
  1.250000000000000e-01  1.246125472450356e+03  2.426483342625884e+03  -3.601350623801847e+01  -3.991137955626886e+02  1.041287649741899e+02  -3.806589541478024e+02  3.973782713340037e-05  -4.117718184851115e-04  -2.491874627750613e-04
  1.300000000000000e-01  1.344967624613328e+03  2.516260447915071e+03  1.386055046062552e+02  -4.080448216832762e+02  1.447678097247462e+02  -4.681186145170577e+02  2.276485176960266e-05  -3.944029188972297e-04  -2.207788278061731e-04
  1.350000000000000e-01  1.437802353444628e+03  2.585315758239900e+03  3.602786453877150e+02  -4.024879870014029e+02  1.821570832278494e+02  -5.583196712462387e+02  3.332321630175043e-06  -3.728643033961334e-04  -1.871131582185455e-04
  1.400000000000000e-01  1.302953972757548e+03  2.374988737830408e+03  1.628229295249277e+02  -3.922759652582560e+02  1.572983361823074e+02  -5.081136942856641e+02  1.102792464657459e-05  -3.515640559924815e-04  -1.887092335240377e-04
  1.450000000000000e-01  1.291908529962410e+03  2.311174549242228e+03  2.936244139467396e+02  -3.599579965078641e+02  1.894349802738939e+02  -5.853760231658108e+02  -9.193698328925742e-06  -3.219166011264569e-04  -1.621511800912863e-04
  1.500000000000000e-01  1.041796033904951e+03  1.951621339483002e+03  -1.274296522552501e+00  -3.197113516257165e+02  1.629872144386532e+02  -5.061596893521735e+02  1.577985512507587e-06  -2.891964486877486e-04  -1.712210298049316e-04
  1.550000000000001e-01  9.362560654911755e+02  1.773754812648797e+03  3.336323055784785e+01  -2.689783781276151e+02  1.935729096609988e+02  -5.686425335719708e+02  -1.824589962452578e-05  -2.537321922211626e-04  -1.525008442877293e-04
  1.600000000000001e-01  7.907958421287067e+02  1.548820351383972e+03  2.336268178337581e+01  -2.114805682995848e+02  2.249461136275673e+02  -6.281925079626473e+02  -3.857951500638009e-05  -2.161084075056934e-04  -1.372144573965750e-04
  1.650000000000001e-01  4.913809010263108e+02  1.119504041012517e+03  -2.416954393751857e+02  -1.492051805652119e+02  1.948740994466492e+02  -5.173575981872247e+02  -2.414781753050669e-05  -1.756164924635167e-04  -1.418847232717392e-04
  1.700000000000001e-01  2.808830374314149e+02  8.202653589963500e+02  -3.280112234137792e+02  -8.448588513980336e+01  2.265718876033235e+02  -5.589638641534741e+02  -4.252641233856796e-05  -1.356466790865058e-04  -1.327553273463621e-04
  1.750000000000001e-01  3.779070279179071e+01  4.481027654891655e+02  -4.321276471358409e+02  -1.712650820047394e+01  1.929663548368236e+02  -4.415932718877906e+02  -2.787021209316408e-05  -9.424688415749241e-05  -1.216149478233286e-04
  1.800000000000001e-01  -2.036615278872281e+02  1.143161192790261e+02  -5.540856553701899e+02  4.828347590791901e+01  2.243251588816698e+02  -4.659442839506830e+02  -4.377231094689020e-05  -5.426579355275744e-05  -1.154224465667386e-04
  1.850000000000001e-01  -4.666617403317643e+02  -2.426217304222352e+02  -7.133845298914060e+02  1.134701028363964e+02  2.566850265274111e+02  -4.841131145061865e+02  -5.865980631872829e-05  -1.419560275996315e-05  -1.128301504113451e-04
  1.900000000000001e-01  -6.257399937062149e+02  -5.196571158035732e+02  -6.370677614538596e+02  1.755325049306802e+02  2.176468680837429e+02  -3.617558264142615e+02  -4.367133219081359e-05  2.311338226851782e-05  -8.532265554357286e-05
  1.950000000000001e-01  -8.792577086516978e+02  -8.644599594485368e+02  -7.867275152458633e+02  2.345415013984578e+02  2.479055016394856e+02  -3.652453049405583e+02  -5.535192054590441e-05  6.067069491395268e-05  -8.301569983620750e-05
  2.000000000000001e-01  -9.751292677272182e+02  -1.062744068065169e+03  -6.064830832054890e+02  2.892791121931167e+02  2.065246401419648e+02  -2.579780310156065e+02  -4.308422327986635e-05  9.305010175304693e-05  -4.747499495070432e-05
  2.050000000000001e-01  -1.201529573732005e+03  -1.374343109035999e+03  -7.306356128855037e+02  3.393784401007860e+02  2.335968165118103e+02  -2.507657844416812e+02  -5.148543701445280e-05  1.269450128108762e-04  -4.506531275961878e-05
  2.100000000000001e-01  -1.422230024779443e+03  -1.677849914945834e+03  -8.607600356899292e+02  3.853232917655965e+02  2.599239617802073e+02  -2.379208747356261e+02  -5.790219928914489e-05  1.594811209640357e-04  -4.450527027642602e-05
  2.150000000000001e-01  -1.443577193044310e+03  -1.776754905344425e+03  -6.014311740657390e+02  4.241101942542006e+02  2.142923192553549e+02  -1.493493146319258e+02  -4.734794860073648e-05  1.829472347484735e-04  -6.060967045714733e-06
  2.200000000000001e-01  -1.621219611869719e+03  -2.027205511532815e+03  -6.945014602218107e+02  4.590655680993497e+02  2.361336447128712e+02  -1.303792890581118e+02  -5.038548791046244e-05  2.107868080282465e-04  -5.117014281669723e-06
  2.250000000000001e-01  -1.615996088442991e+03  -2.078547296490722e+03  -4.454026552702331e+02  4.869419350148002e+02  1.907129511621000e+02  -6.553960709493987e+01  -4.279491602490375e-05  2.279048196275310e-04  2.876559249079279e-05
  2.300000000000001e-01  -1.749747638716114e+03  -2.273474875064720e+03  -5.071059298058238e+02  5.108860079984400e+02  2.079492519725514e+02  -4.336094056586820e+01  -4.274008062502674e-05  2.508165555619479e-04  2.974232316179000e-05
  2.350000000000001e-01  -1.866144222442258e+03  -2.446161473301096e+03  -5.614099931066464e+02  5.299340563217003e+02  2.233461829441268e+02  -1.697915784927778e+01  -4.069181679612172e-05  2.717096462673964e-04  3.053525957457954e-05
  2.400000000000001e-01  -1.818929736365433e+03  -2.426806546139145e+03  -3.298443470271406e+02  5.413384402386862e+02  1.767676840978448e+02  2.290590467987155e+01  -3.492670754754545e-05  2.796501417842182e-04  5.791927150781991e-05
  2.450000000000001e-01  -1.893295838791072e+03  -2.544484990638518e+03  -3.592805797404009e+02  5.504770249216427e+02  1.877023792186596e+02  4.977920789827765e+01  -3.057352450308349e-05  2.955213814495595e-04  5.932456298265878e-05
  2.500000000000001e-01  -1.836801673508948e+03  -2.496341093914238e+03  -1.776993631474313e+02  5.521485351716249e+02  1.442998808619506e+02  7.004994264335805e+01  -2.712493121232626e-05  2.977557591493740e-04  7.951023666384364e-05
  2.550000000000001e-01  -1.874602655548869e+03  -2.564482835390816e+03  -1.900376226547382e+02  5.528114644485661e+02  1.513244265872967e+02  9.590048333432915e+01  -2.124259551867113e-05  3.087881617390150e-04  8.173341585627463e-05
  2.600000000000001e-01  -1.894918178738390e+03  -2.609625164594474e+03  -1.926923167293233e+02  5.497563967512950e+02  1.564381132883184e+02  1.242744948539213e+02  -1.426436177189521e-05  3.177235025543721e-04  8.495906472703344e-05
  2.650000000000001e-01  -1.817970213165478e+03  -2.517285298178696e+03  -5.738825380628375e+01  5.398037370962829e+02  1.160583613479832e+02  1.238342126785085e+02  -1.323316807272490e-05  3.123419852670211e-04  9.886397189432612e-05
  2.700000000000001e-01  -1.809883743550078e+03  -2.521779310045998e+03  -5.031884274905404e+01  5.306398156811807e+02  1.179311778312502e+02  1.488712611336797e+02  -6.061490974591650e-06  3.168329633415993e-04  1.030024233914335e-04
  2.750000000000001e-01  -1.731410091346844e+03  -2.414866203569411e+03  3.941667765754783e+01  5.146581809007901e+02  8.342704107961058e+01  1.359049304812758e+02  -7.117415483922524e-06  3.071870936873874e-04  1.116775179800332e-04
  2.800000000000001e-01  -1.701806868957105e+03  -2.386775501420880e+03  5.057496183204667e+01  5.010508216858571e+02  8.254033958715760e+01  1.563817408182333e+02  -5.467369282982835e-07  3.076956948131360e-04  1.161995746041684e-04
  2.850000000000001e-01  -1.659672274809390e+03  -2.341043102250503e+03  6.967245760683254e+01  4.853419275157214e+02  7.984942521770493e+01  1.765879885673031e+02  5.983141093395604e-06  3.063914519695034e-04  1.212212799336412e-04
  2.900000000000001e-01  -1.578442554200845e+03  -2.216909652518594e+03  1.137669368333837e+02  4.639566741593700e+02  5.116108862450155e+01  1.494793122245054e+02  2.035311431521418e-06  2.915952318377618e-04  1.246361665805616e-04
  2.950000000000002e-01  -1.524201898169001e+03  -2.149750345077427e+03  1.302463707742016e+02  4.457625538596164e+02  4.606695347871173e+01  1.631458334475321e+02  7.021522144340323e-06  2.870567287430250e-04  1.286289725807733e-04
  3.000000000000002e-01  -1.446534599842691e+03  -2.023549088403755e+03  1.447228878203596e+02  4.219457347187566e+02  2.423664061098475e+01  1.313495643631924e+02  1.751914460867164e-06  2.700122175021972e-04  1.280970548293637e-04
  3.050000000000002e-01  -1.385690210627820e+03  -1.941963275096130e+03  1.552815049286813e+02  4.021709234949965e+02  1.697484385606485e+01  1.383155307103044e+02  4.968936245629527e-06  2.628628459489636e-04  1.301923967810029e-04
  3.100000000000002e-01  -1.319577828608036e+03  -1.851286047731306e+03  1.682078124764193e+02  3.814228809516130e+02  8.015392964857437e+00  1.425735923860121e+02  7.474551676143069e-06  2.544725874458445e-04  1.313925585135807e-04
  3.150000000000002e-01  -1.247945349571130e+03  -1.725985227206298e+03  1.536336941099171e+02  3.561754983123910e+02  -7.306800122162393e+00  1.064988794117022e+02  4.790124227065801e-07  2.354341970085684e-04  1.261975736714919e-04
  3.200000000000002e-01  -1.181918864344169e+03  -1.629919437588678e+03  1.573439170336879e+02  3.346685887847258e+02  -1.802105289322234e+01  1.042999375261772e+02  1.197597311217681e-06  2.253774512841844e-04  1.247396233508750e-04
  3.250000000000002e-01  -1.113099743492710e+03  -1.508063544543473e+03  1.350278090900990e+02  3.086999211357074e+02  -2.679589187404923e+01  7.228788055210524e+01  -5.581008138935801e-06  2.063610783756703e-04  1.176067986666150e-04
  3.300000000000002e-01  -1.049429601832712e+03  -1.410618773399549e+03  1.307947835196745e+02  2.866665319487984e+02  -3.881997855692320e+01  6.509344686192031e+01  -6.313029043852273e-06  1.953079597808868e-04  1.138324725144543e-04
  3.350000000000002e-01  -9.825912623594053e+02  -1.293337804412530e+03  1.084595585877086e+02  2.602181982628345e+02  -4.157311690834046e+01  3.985911898714878e+01  -1.229806813129609e-05  1.771194776219743e-04  1.060601492536231e-04
  3.400000000000002e-01  -9.222783778379138e+02  -1.197193629821095e+03  9.906172086404000e+01  2.376929904604483e+02  -5.435436894008133e+01  2.942615748809810e+01  -1.402500804730691e-05  1.656777211173107e-04  1.008228843825669e-04
  3.450000000000002e-01  -8.631585924076550e+02  -1.100933748810324e+03  8.833081548537821e+01  2.146535443902435e+02  -6.803157267296329e+01  1.659568051576587e+01  -1.622101809484071e-05  1.538842452323095e-04  9.515163094926333e-05
  3.500000000000002e-01  -8.011803433982743e+02  -9.933195105060082e+02  6.952386233666782e+01  1.878300240235576e+02  -6.471030245516596e+01  4.848703617824444e-01  -2.105547711399617e-05  1.376465158567144e-04  8.810758688588027e-05
  3.550000000000002e-01  -7.461404987799327e+02  -9.013037306517763e+02  5.792403916283398e+01  1.643500215691782e+02  -7.813724883522180e+01  -1.312029741819978e+01  -2.354701701208686e-05  1.262053680689896e-04  8.276312632546226e-05
  3.600000000000002e-01  -6.875111684236341e+02  -8.026292371750332e+02  4.607050747706404e+01  1.371177189706587e+02  -7.013416461836843e+01  -2.005647204760851e+01  -2.674893946678175e-05  1.120665129181337e-04  7.788822681542989e-05
  3.650000000000002e-01  -6.362923234166351e+02  -7.157413830040877e+02  3.669957524635237e+01  1.132123675806494e+02  -8.268696109532159e+01  -3.294793786359102e+01  -2.907847156923373e-05  1.013443664320962e-04  7.405167063355742e-05
  3.700000000000002e-01  -5.864732493244040e+02  -6.305892432588345e+02  2.909709267969370e+01  8.901461614030896e+01  -9.511540692872353e+01  -4.633710143257320e+01  -3.139727806980033e-05  9.074625133074630e-05  7.126779426342197e-05
  3.750000000000002e-01  -5.356875803152602e+02  -5.475083713893995e+02  2.402227551441072e+01  6.147707878739937e+01  -8.222641660934420e+01  -4.321031213727053e+01  -3.252080656708703e-05  7.970028685391593e-05  7.032306322099221e-05
  3.800000000000002e-01  -4.891863953314243e+02  -4.683602452237708e+02  2.168725217128265e+01  3.708559205716691e+01  -9.283283730653798e+01  -5.414549058243041e+01  -3.418069675549834e-05  7.018663440920473e-05  7.020913149307194e-05
  3.850000000000002e-01  -4.463967859039652e+02  -3.990895561996676e+02  1.694338206918919e+01  9.544017564535197e+00  -7.755984060803114e+01  -4.547575896401030e+01  -3.383327944773610e-05  6.134263712935032e-05  7.198788590595088e-05
  3.900000000000002e-01  -4.032632326166688e+02  -3.265893251109968e+02  1.978364195867434e+01  -1.477964545229272e+01  -8.597881771894463e+01  -5.354221300016349e+01  -3.468760200714654e-05  5.300206942873191e-05  7.461281729616722e-05
  3.950000000000002e-01  -3.608063102393021e+02  -2.561201803499961e+02  2.616744840237323e+01  -3.903587757730607e+01  -9.333106797869874e+01  -6.058248143471889e+01  -3.525384348960405e-05  4.500181112852469e-05  7.866373426029000e-05
  4.000000000000002e-01  -3.299448132209921e+02  -2.062929746224183e+02  1.884851752584300e+01  -6.590339022537580e+01  -7.570519233167505e+01  -4.715698637727859e+01  -3.323304657613811e-05  3.888993213240419e-05  8.353537651281866e-05
  4.050000000000002e-01  -2.910381506856503e+02  -1.433120103671776e+02  2.833314252220018e+01  -8.959366779248212e+01  -8.043734670610826e+01  -5.106440302847836e+01  -3.297564880182897e-05  3.204518439984228e-05  8.958174138131542e-05
  4.100000000000003e-01  -2.688938137225108e+02  -1.068428301513597e+02  1.576040939716863e+01  -1.154251370448655e+02  -6.322762753223393e+01  -3.761629672398532e+01  -3.028182913102345e-05  2.738860550810801e-05  9.547398360702070e-05
  4.150000000000003e-01  -2.336258232186791e+02  -5.163322056517323e+01  2.592601841662084e+01  -1.382029004959470e+02  -6.543309888816147e+01  -3.881992609058584e+01  -2.935632381018006e-05  2.154112100139848e-05  1.025591467455705e-04
  4.200000000000003e-01  -1.993663888530737e+02  5.451002103779201e-01  3.692191237937251e+01  -1.604317267580694e+02  -6.611932538357507e+01  -3.855385952674270e+01  -2.821889636870396e-05  1.603135272108861e-05  1.099630239153856e-04
  4.250000000000003e-01  -1.862042689192877e+02  2.155886771532353e+01  1.804255886927027e+01  -1.839420725267268e+02  -4.966074216480496e+01  -2.618465408552740e+01  -2.500773620680769e-05  1.287897587879701e-05  1.157375029408287e-04
  4.300000000000003e-01  -1.556361213811144e+02  6.557145761194624e+01  2.588372881235923e+01  -2.047196915277006e+02  -4.811639117654578e+01  -2.386661882831878e+01  -2.353501231900077e-05  8.112675321610517e-06  1.225415915592311e-04
  4.350000000000003e-01  -1.449357071131264e+02  8.026655920935119e+01  6.091702888165583e+00  -2.259734285358892e+02  -3.431689112957345e+01  -1.476644922580034e+01  -2.052027821380601e-05  5.442345666391487e-06  1.274438286467013e-04
  4.400000000000003e-01  -1.174673175693217e+02  1.165909459929102e+02  9.447208475077467e+00  -2.449710852005944e+02  -3.102429496506295e+01  -1.102639259004790e+01  -1.898847322644309e-05  1.203429849518130e-06  1.327503424888061e-04
  4.450000000000003e-01  -9.158597437453955e+01  1.490498017751647e+02  9.732636894727500e+00  -2.630642102107370e+02  -2.651174706658567e+01  -6.228645722234734e+00  -1.750506742354344e-05  -2.836501325328816e-06  1.370312268434356e-04
  4.500000000000003e-01  -8.019771145402517e+01  1.583883202012684e+02  -8.707549884469913e+00  -2.805221665668349e+02  -1.586498918985211e+01  -8.428644660756286e-01  -1.508436943432822e-05  -5.209201097706178e-06  1.395606054507017e-04
  4.550000000000003e-01  -5.638453847367206e+01  1.842169309029066e+02  -1.380730505298436e+01  -2.964847147907995e+02  -1.044477279889739e+01  4.557775055820039e+00  -1.389938027473475e-05  -8.977489417798212e-06  1.414491900934438e-04
  4.600000000000003e-01  -3.987228089519138e+01  1.950580714162921e+02  -2.509420035948526e+01  -3.108846902060731e+02  -3.298384255859128e+00  6.460390269270530e+00  -1.219593551870319e-05  -1.147912735787972e-05  1.424514895917017e-04
  4.650000000000003e-01  -1.682440545115968e+01  2.158058501630607e+02  -3.421352139462360e+01  -3.245612506662986e+02  2.440649703751710e+00  1.203556211319505e+01  -1.149242913427313e-05  -1.511219554472393e-05  1.418618135621567e-04
  4.700000000000003e-01  4.695203291041573e+00  2.329772070138606e+02  -4.753957372524288e+01  -3.371485527608706e+02  8.620754881029484e+00  1.792119953395403e+01  -1.104019679878178e-05  -1.864739626689432e-05  1.398647598853717e-04
  4.750000000000003e-01  2.961605560835664e+01  2.468840854118862e+02  -4.848023899129866e+01  -3.470894616887273e+02  1.195030559796997e+01  1.650608270082562e+01  -1.043587631163638e-05  -2.136485293549820e-05  1.385453848624295e-04
  4.800000000000003e-01  5.175935291962573e+01  2.610589212017235e+02  -6.335531081874426e+01  -3.572782178469900e+02  1.766376931497155e+01  2.197193737240772e+01  -1.060259813105040e-05  -2.484668617947860e-05  1.344893131955626e-04
  4.850000000000003e-01  8.372016707360106e+01  2.791617309048163e+02  -5.523546955968456e+01  -3.640483850342750e+02  1.826301001040931e+01  1.848691037735111e+01  -1.073245341178794e-05  -2.770692162175310e-05  1.321185713784136e-04
  4.900000000000003e-01  1.071372168160115e+02  2.916763012202961e+02  -6.968330438774308e+01  -3.718443440551321e+02  2.323961354504874e+01  2.333499023971822e+01  -1.150986748433650e-05  -3.112038633031340e-05  1.265958640688416e-04
  4.950000000000003e-01  1.297865467734707e+02  3.022196652312417e+02  -8.601592792824631e+01  -3.785095927205837e+02  2.799972574983509e+01  2.786376571575128e+01  -1.255479308116467e-05  -3.443317288464689e-05  1.203457506620003e-04
  5.000000000000003e-01  1.693399414086490e+02  3.247801536268768e+02  -6.734524007868342e+01  -3.810218195171178e+02  2.600146784145857e+01  2.266033015511509e+01  -1.356104891957007e-05  -3.727317881264866e-05  1.171207496383499e-04
  5.050000000000003e-01  1.936481312751326e+02  3.353303342566491e+02  -8.046100866431091e+01  -3.853433705333147e+02  2.982613893122415e+01  2.629799412202976e+01  -1.509480800522056e-05  -4.042630521391443e-05  1.104837878096794e-04
  5.100000000000003e-01  2.356078993683368e+02  3.592793565958764e+02  -5.860034135501829e+01  -3.851083958199261e+02  2.676287680988638e+01  2.054971861982776e+01  -1.645559770195229e-05  -4.305988104207656e-05  1.070180010768963e-04
  5.150000000000003e-01  2.610372077499018e+02  3.702207671593806e+02  -6.776548144017603e+01  -3.871343101811148e+02  2.979345582031218e+01  2.328146123344352e+01  -1.833300761456488e-05  -4.595027061155867e-05  1.006350426166870e-04
  5.200000000000004e-01  2.861618766649201e+02  3.807267807034071e+02  -7.601115240000595e+01  -3.880746560989832e+02  3.250149135116488e+01  2.536384603399267e+01  -2.032044102511084e-05  -4.865424879860633e-05  9.449066460957981e-05
  5.250000000000004e-01  3.282241530170006e+02  4.048807951915830e+02  -5.147087348402201e+01  -3.842348513111347e+02  2.880521322041262e+01  1.937119376305476e+01  -2.188328821599882e-05  -5.075261543844470e-05  9.154062641246466e-05
  5.300000000000004e-01  3.534824293567090e+02  4.160346432561869e+02  -5.521465452695181e+01  -3.829627658224146e+02  3.104906091784391e+01  2.054227999925256e+01  -2.395156921932466e-05  -5.304378176688591e-05  8.641822813914193e-05
  5.350000000000004e-01  3.916153344166664e+02  4.372798002272897e+02  -3.486618247461094e+01  -3.769622780409084e+02  2.757779507788329e+01  1.499843839322701e+01  -2.535920742783219e-05  -5.462171606082292e-05  8.375272395760139e-05
  5.400000000000004e-01  4.159057734834458e+02  4.486306845486951e+02  -3.498060158352240e+01  -3.735573771449172e+02  2.964795704659722e+01  1.536709056747093e+01  -2.731764777411480e-05  -5.641083257722282e-05  7.987407946125817e-05
  5.450000000000004e-01  4.395395970073150e+02  4.599665007833437e+02  -3.323726702338206e+01  -3.690827232555667e+02  3.168931897058876e+01  1.504464175217008e+01  -2.917204928788114e-05  -5.790943092503243e-05  7.670727186469671e-05
  5.500000000000004e-01  4.706377549328989e+02  4.767507920410146e+02  -1.806440043577888e+01  -3.601441817154023e+02  2.870693128555246e+01  1.017926763907473e+01  -3.006495806994539e-05  -5.862693053832318e-05  7.501627358799993e-05
  5.550000000000004e-01  4.919570443424223e+02  4.875015555440005e+02  -1.415264936624564e+01  -3.536093922414855e+02  3.094030489589860e+01  9.225057515282520e+00  -3.155083897988990e-05  -5.952352601754798e-05  7.311858273016874e-05
  5.600000000000004e-01  5.161389981006539e+02  4.994318784585842e+02  -5.879833174798490e+00  -3.430039335241325e+02  2.834275783943688e+01  5.240839196872766e+00  -3.188899682387553e-05  -5.963422265925593e-05  7.181720231968413e-05
  5.650000000000004e-01  5.343277743825228e+02  5.088573805585220e+02  -1.171698625516993e+00  -3.344588485807114e+02  3.088892995019586e+01  3.794596779752410e+00  -3.286322229967791e-05  -5.989150339366361e-05  7.099570628816468e-05
  5.700000000000004e-01  5.512601098100128e+02  5.177874172553330e+02  4.420176366279122e+00  -3.249011284207013e+02  3.370536703154476e+01  1.844286566840470e+00  -3.355176220588068e-05  -5.980431750694367e-05  7.070368052340390e-05
  5.750000000000004e-01  5.666456635817526e+02  5.238916037035854e+02  5.740108154073909e+00  -3.118890076648976e+02  3.132284511277339e+01  -1.063343079053289e+00  -3.290234115880496e-05  -5.903230710920382e-05  7.008169246184387e-05
  5.800000000000004e-01  5.799044915842140e+02  5.306616370938578e+02  1.046560165008911e+01  -3.004304954078814e+02  3.452880303751420e+01  -3.253263179821367e+00  -3.291849249818249e-05  -5.829631505487655e-05  7.041583786622492e-05
  5.850000000000004e-01  5.897584940104252e+02  5.329088802986071e+02  7.435731565668223e+00  -2.861293651264537e+02  3.190616176322687e+01  -5.249618325936954e+00  -3.154096300318750e-05  -5.699628961906309e-05  7.005994314284026e-05
  5.900000000000004e-01  5.995405353092613e+02  5.372879988928673e+02  1.078914525246273e+01  -2.728812865965474e+02  3.542342421035711e+01  -7.517623180529883e+00  -3.082590346015463e-05  -5.564157096469031e-05  7.070975397667956e-05
  5.950000000000004e-01  6.077307044068784e+02  5.403780358820086e+02  1.347469985306095e+01  -2.587249744251080e+02  3.928839170143431e+01  -9.993346912681220e+00  -2.974318036244115e-05  -5.395477445117203e-05  7.143021393703634e-05
  6.000000000000004e-01  6.119779876369159e+02  5.385134938989005e+02  7.143685514613098e+00  -2.425212538520280e+02  3.600727717226881e+01  -1.091460741763511e+01  -2.726786199297528e-05  -5.194161442171825e-05  7.127581737464343e-05
  6.050000000000004e-01  6.172796364758567e+02  5.389976831271179e+02  7.979406392800366e+00  -2.267813414772109e+02  4.004006209436575e+01  -1.320052617764544e+01  -2.543947671642648e-05  -4.971613194283421e-05  7.188403234705187e-05
  6.100000000000004e-01  6.192757473516541e+02  5.352961130397538e+02  1.365681477287903e+00  -2.096486990416880e+02  3.600215525252194e+01  -1.344443605485919e+01  -2.232084485750913e-05  -4.732365427529551e-05  7.182407700045454e-05
  6.150000000000004e-01  6.224531926182865e+02  5.333789708542664e+02  6.628840376576677e-01  -1.925100751872744e+02  4.007301751723344e+01  -1.542240105375867e+01  -1.979522068912314e-05  -4.464497105749840e-05  7.214123848461628e-05
  6.200000000000004e-01  6.244678882459156e+02  5.299362785834148e+02  -1.265605042486846e+00  -1.746816333393114e+02  4.440276550800746e+01  -1.726134256110686e+01  -1.694497259169908e-05  -4.172594791761261e-05  7.220413143774142e-05
  6.250000000000004e-01  6.252365307319586e+02  5.244701913473425e+02  -6.817438238277050e+00  -1.562767263585119e+02  3.927714199858670e+01  -1.672755143789177e+01  -1.301184185036196e-05  -3.891639493475125e-05  7.200637018095220e-05
  6.300000000000004e-01  6.263002710300389e+02  5.190769766752414e+02  -9.647503591272987e+00  -1.373910191643320e+02  4.348337088243257e+01  -1.805231668972330e+01  -9.610042809106559e-06  -3.570819679086877e-05  7.160961332109383e-05
  6.350000000000005e-01  6.271902759959728e+02  5.129992360609926e+02  -1.345896670165975e+01  -1.184991064749448e+02  3.769007214004652e+01  -1.723122928897505e+01  -5.362723551020047e-06  -3.274006463523830e-05  7.131047298455900e-05
  6.400000000000005e-01  6.280825862164417e+02  5.061015927583022e+02  -1.655710256052914e+01  -9.881765011292831e+01  4.170434906180226e+01  -1.799179192285296e+01  -1.560116868015030e-06  -2.937265904307771e-05  7.041820618230048e-05
  6.450000000000005e-01  6.286029262204461e+02  4.980806537113417e+02  -2.049603691240634e+01  -7.878810065482932e+01  4.581898143174069e+01  -1.836670216022116e+01  2.403443957281933e-06  -2.592605955061478e-05  6.919997161520100e-05
  6.500000000000005e-01  6.307563749130798e+02  4.915680956970987e+02  -2.166315263104386e+01  -5.945778934871148e+01  3.924801193742077e+01  -1.725861966063419e+01  6.841581782552529e-06  -2.297352278122539e-05  6.850596905546064e-05
  6.550000000000005e-01  6.319698859225814e+02  4.827484040244532e+02  -2.515011576528081e+01  -3.909104310279184e+01  4.306201738032402e+01  -1.702920822677311e+01  1.093460617210433e-05  -1.958657770657762e-05  6.679609561017919e-05
  6.600000000000005e-01  6.348092966699543e+02  4.759221971031149e+02  -2.502300122885809e+01  -1.983937101646071e+01  3.635509931590631e+01  -1.604005538683857e+01  1.519903844860871e-05  -1.678160176928975e-05  6.575517970851270e-05
  6.650000000000005e-01  6.369877936563507e+02  4.667197253416492e+02  -2.787435136725853e+01  5.261837618615249e-01  3.984588097556038e+01  -1.527555619563356e+01  1.921751700238807e-05  -1.360449501685277e-05  6.355813160088437e-05
  6.700000000000005e-01  6.403863049928808e+02  4.596454020514973e+02  -2.693207950562813e+01  1.945213626600178e+01  3.327965163341635e+01  -1.452036760654652e+01  2.311234354465257e-05  -1.107745745612582e-05  6.206273522938055e-05
  6.750000000000005e-01  6.435373381332220e+02  4.503916159537339e+02  -2.915977512819824e+01  3.947715347821968e+01  3.642860397004297e+01  -1.332535560936753e+01  2.685170076809364e-05  -8.249401020286704e-06  5.937961018798423e-05
  6.800000000000005e-01  6.469108885445369e+02  4.409638483018550e+02  -3.152038063473988e+01  5.924288291844851e+01  3.942021983141473e+01  -1.177987528828375e+01  3.041998195040089e-05  -5.596338816213853e-06  5.643119304820785e-05
  6.850000000000005e-01  6.512819239568089e+02  4.342684758744056e+02  -2.948254122867459e+01  7.713342350920337e+01  3.303662142934151e+01  -1.136746764805985e+01  3.347457711798574e-05  -3.771740602692147e-06  5.418171362570148e-05
  6.900000000000005e-01  6.553330025106279e+02  4.252672569988702e+02  -3.141884068217186e+01  9.602070687063812e+01  3.560259504630645e+01  -9.621127549436675e+00  3.649012700429015e-05  -1.648161488985190e-06  5.075732111235332e-05
  6.950000000000005e-01  6.597015898469763e+02  4.189275691333620e+02  -2.915272815873285e+01  1.128601436628586e+02  2.983724402049018e+01  -9.547371275035738e+00  3.878505729751459e-05  -3.789620345786378e-07  4.793351943124796e-05
  7.000000000000005e-01  6.639554102911156e+02  4.105218848428553e+02  -3.101934411921381e+01  1.305189286397205e+02  3.196892139686163e+01  -7.773237215739035e+00  4.110591637180523e-05  1.132820048767968e-06  4.403637756207519e-05
  7.050000000000005e-01  6.680294568823299e+02  4.023093786779676e+02  -3.315805588905929e+01  1.474747685642527e+02  3.377334689490665e+01  -5.944119787470870e+00  4.307229025445428e-05  2.353511478340798e-06  3.990117076568276e-05
  7.100000000000005e-01  6.720173998281559e+02  3.972686576997011e+02  -3.043922599759837e+01  1.621189195835733e+02  2.862602355869801e+01  -6.329480353903820e+00  4.409598030479427e-05  2.632852819301919e-06  3.631972236781382e-05
  7.150000000000005e-01  6.753730615695105e+02  3.897485164076468e+02  -3.302199219544610e+01  1.773596697972165e+02  2.995231248044388e+01  -4.785079250690117e+00  4.523307471331502e-05  3.180828890377903e-06  3.175245078440591e-05
  7.200000000000005e-01  6.786809212791071e+02  3.859491991391757e+02  -2.960759323258995e+01  1.902347572654701e+02  2.562485359123907e+01  -5.319251547726880e+00  4.539262254735393e-05  2.813618761137041e-06  2.773515115552317e-05
  7.250000000000005e-01  6.806227716765973e+02  3.790651801120552e+02  -3.289270766094195e+01  2.034807721778325e+02  2.648779918241821e+01  -4.215774266477159e+00  4.568112621890788e-05  2.700144400960538e-06  2.280508574739808e-05
  7.300000000000005e-01  6.814960899507963e+02  3.722337009722029e+02  -3.690951624765485e+01  2.156662197813488e+02  2.696450227845147e+01  -3.422276326245140e+00  4.556209987350261e-05  2.290564685682196e-06  1.769485667166414e-05
  7.350000000000005e-01  6.828410548723640e+02  3.703637138886314e+02  -3.248147521997186e+01  2.253639388059725e+02  2.338865000702227e+01  -4.182497107334397e+00  4.450670461501790e-05  9.899435408527259e-07  1.329892623053328e-05
  7.400000000000005e-01  6.812379506692861e+02  3.638280938398370e+02  -3.744915360207330e+01  2.352250430087082e+02  2.344606962812834e+01  -4.063266457355246e+00  4.359582317462219e-05  1.927708601050971e-09  7.983704742720430e-06
  7.450000000000006e-01  6.810256290971165e+02  3.634284807495973e+02  -3.150747872664641e+01  2.426295739779247e+02  2.062084414300751e+01  -4.595691801319426e+00  4.189343223930124e-05  -1.805006395362589e-06  3.531215554449027e-06
  7.500000000000006e-01  6.763281370267435e+02  3.568215290444285e+02  -3.736792990584789e+01  2.500314999057418e+02  2.031255645850913e+01  -5.202408893316997e+00  4.029357916390346e-05  -3.267845769388003e-06  -1.834592108894569e-06
  7.550000000000006e-01  6.696708562885857e+02  3.497307279585664e+02  -4.417901539063071e+01  2.561870181685650e+02  1.969809765578433e+01  -6.372970917078931e+00  3.837650536668263e-05  -4.924462864725081e-06  -7.229922949657599e-06
  7.600000000000006e-01  6.658072073376348e+02  3.504766744683200e+02  -3.639162592904966e+01  2.598991575381994e+02  1.750481497498525e+01  -6.681235419534642e+00  3.594728881870720e-05  -7.290900472695375e-06  -1.141756618357700e-05
  7.650000000000006e-01  6.552914019833987e+02  3.425737914785030e+02  -4.385582663432917e+01  2.635185689108190e+02  1.663774995569263e+01  -8.616059827273665e+00  3.354765946400526e-05  -9.231251676414579e-06  -1.661057903060436e-05
  7.700000000000006e-01  6.487299754904273e+02  3.436185456939284e+02  -3.443603320221296e+01  2.647988738175299e+02  1.494952931910476e+01  -8.327748934020503e+00  3.088387787471911e-05  -1.179747565257361e-05  -2.044421073773253e-05
  7.750000000000006e-01  6.340394159635787e+02  3.343503704655751e+02  -4.227465576691453e+01  2.659216208696700e+02  1.388573475366105e+01  -1.096250938168440e+01  2.817197064587539e-05  -1.387706700458882e-05  -2.526579833425979e-05
  7.800000000000006e-01  6.169231708759629e+02  3.238487349887488e+02  -5.079549264955259e+01  2.658505718654422e+02  1.267952316646079e+01  -1.417363740888369e+01  2.532016797753484e-05  -1.597643649732153e-05  -2.992368975023963e-05
  7.850000000000006e-01  6.052301934842333e+02  3.235369566220952e+02  -3.952679542685134e+01  2.635961706046792e+02  1.135887727421626e+01  -1.321326577607296e+01  2.258844301944216e-05  -1.856923792072536e-05  -3.295647831337344e-05
  7.900000000000006e-01  5.837588800838814e+02  3.107827538852818e+02  -4.793462213688137e+01  2.612326066445374e+02  1.005825263254461e+01  -1.695490490769395e+01  1.967427448552550e-05  -2.058529668461469e-05  -3.704291348105213e-05
  7.950000000000006e-01  5.684304783209298e+02  3.085439512832763e+02  -3.585768564185058e+01  2.568793310461704e+02  8.985898622416515e+00  -1.520208458633437e+01  1.710874814230626e-05  -2.302381126312931e-05  -3.953581280622728e-05
  8.000000000000006e-01  5.426854334688990e+02  2.929514133267044e+02  -4.390515012891210e+01  2.524494929558977e+02  7.613955989676692e+00  -1.931249558069008e+01  1.428618393293220e-05  -2.481559875572540e-05  -4.298173270812702e-05
  8.050000000000006e-01  5.147013816570803e+02  2.755760789341825e+02  -5.209020238026792e+01  2.470879314288441e+02  6.238365703844106e+00  -2.379212605860821e+01  1.150441243831178e-05  -2.645650431528929e-05  -4.615413286978871e-05
  8.100000000000006e-01  4.937841619339468e+02  2.689388486484594e+02  -3.908943823113002e+01  2.400284692436230e+02  5.285572995723522e+00  -2.109834573763850e+01  9.392001258540404e-06  -2.841701870968686e-05  -4.775776737570806e-05
  8.150000000000006e-01  4.620430340192922e+02  2.481515598529156e+02  -4.654400080637501e+01  2.330319586882775e+02  3.873990212698304e+00  -2.565355871350254e+01  6.885201207828797e-06  -2.965656699760066e-05  -5.028391089776322e-05
  8.200000000000006e-01  4.375667197101252e+02  2.376514009409981e+02  -3.382131448847575e+01  2.245990415796131e+02  3.050155342422438e+00  -2.219784458973650e+01  5.157206817889817e-06  -3.117152199102938e-05  -5.149286205377272e-05
  8.250000000000006e-01  4.025924716975452e+02  2.132420957402065e+02  -4.050779817133377e+01  2.163063710958913e+02  1.586263013663005e+00  -2.665620280740176e+01  3.004434247845550e-06  -3.192148877919357e-05  -5.345012825605928e-05
  8.300000000000006e-01  3.661757183287731e+02  1.869845415981152e+02  -4.685903996935422e+01  2.074953446716024e+02  1.725758940002754e-01  -3.114645576429168e+01  1.001453704688709e-06  -3.240365908060159e-05  -5.519234339682956e-05
  8.350000000000006e-01  3.374882659135852e+02  1.704924186260450e+02  -3.428842066894331e+01  1.976282128852002e+02  -6.143305653924021e-01  -2.674407980436005e+01  -8.433883651218773e-08  -3.310425162168302e-05  -5.590532692325447e-05
  8.400000000000006e-01  2.989831486331653e+02  1.408060189219003e+02  -3.978453987536695e+01  1.880679065918320e+02  -2.102807340593634e+00  -3.084600582540336e+01  -1.677929994052354e-06  -3.301200318301237e-05  -5.726787867981477e-05
  8.450000000000006e-01  2.682393206291898e+02  1.201388116547276e+02  -2.812663621557438e+01  1.777373406776231e+02  -2.688045751496389e+00  -2.591841047412202e+01  -2.399286947813912e-06  -3.310878708805819e-05  -5.794257989679819e-05
  8.500000000000006e-01  2.285758965452838e+02  8.748132289548141e+01  -3.280749716304349e+01  1.677945349684315e+02  -4.268214034650712e+00  -2.950335797858111e+01  -3.595196266105215e-06  -3.242292573529001e-05  -5.909114939324633e-05
  8.550000000000006e-01  1.886207646483470e+02  5.357353804863066e+01  -3.704249028931961e+01  1.577907265805067e+02  -5.818320967010250e+00  -3.280946818920108e+01  -4.631443888615833e-06  -3.143807468154999e-05  -6.020254924716219e-05
  8.600000000000007e-01  1.568687299018128e+02  2.814775472905415e+01  -2.607745892893844e+01  1.473956767966494e+02  -6.251723345441689e+00  -2.720133731472191e+01  -4.860954259875483e-06  -3.062070053572825e-05  -6.096469153490399e-05
  8.650000000000007e-01  1.172769107692057e+02  -7.571303961418866e+00  -2.958847414474485e+01  1.375367477823150e+02  -7.913272144467741e+00  -2.981117551155905e+01  -5.564190384523131e-06  -2.906311823171989e-05  -6.210321765755253e-05
  8.700000000000007e-01  8.597230638496613e+01  -3.543279889175358e+01  -1.961201430813056e+01  1.275337309838635e+02  -7.968251123435005e+00  -2.406606134391501e+01  -5.625108120489222e-06  -2.764679812723852e-05  -6.315085221332301e-05
  8.750000000000007e-01  4.774815075518477e+01  -7.196271251674520e+01  -2.251694382651885e+01  1.181464689357760e+02  -9.731499066934397e+00  -2.595072304733698e+01  -6.073148129845053e-06  -2.555814161179160e-05  -6.445072791253722e-05
  8.800000000000007e-01  1.050108909363557e+01  -1.084621098914895e+02  -2.505226461165563e+01  1.090883929185188e+02  -1.148391529324830e+01  -2.736748730312333e+01  -6.427929800263253e-06  -2.322758126067382e-05  -6.587896818610259e-05
  8.850000000000007e-01  -1.790517644685071e+01  -1.372370028416687e+02  -1.581671979792147e+01  1.001762466066303e+02  -1.118036835288333e+01  -2.143571480388665e+01  -6.344436217849412e-06  -2.103774124361245e-05  -6.740106817302414e-05
  8.900000000000007e-01  -5.235996292322668e+01  -1.727545516544864e+02  -1.787235636215223e+01  9.200129539356433e+01  -1.299643762432388e+01  -2.211140654227236e+01  -6.573163169091149e-06  -1.828179006340035e-05  -6.912084021009120e-05
  8.950000000000007e-01  -7.790944168090424e+01  -2.009197484533673e+02  -9.590121629409788e+00  8.411169750862916e+01  -1.219699466973396e+01  -1.651029928331640e+01  -6.566192199321765e-06  -1.565327495357392e-05  -7.101769614856585e-05
  9.000000000000007e-01  -1.087346446791165e+02  -2.341410566883905e+02  -1.118470683033020e+01  7.702899626469915e+01  -1.401689688398775e+01  -1.651041020068408e+01  -6.761210355644272e-06  -1.256591194977778e-05  -7.305600508011221e-05
  9.050000000000007e-01  -1.376898670295074e+02  -2.659142646830291e+02  -1.264961440742176e+01  7.055819772290162e+01  -1.579544637082140e+01  -1.602748210717169e+01  -6.960652386337848e-06  -9.346170454482994e-06  -7.526421667339033e-05
  9.100000000000007e-01  -1.573839440789492e+02  -2.901918475261812e+02  -5.151101509032789e+00  6.451691532735586e+01  -1.450227759377219e+01  -1.085770971452436e+01  -7.157883056560229e-06  -6.279227407846237e-06  -7.760883568318480e-05
  9.150000000000007e-01  -1.818883579301467e+02  -3.179393165796595e+02  -6.279231663195152e+00  5.937592719708132e+01  -1.618123177312321e+01  -9.834042107930152e+00  -7.446051553690068e-06  -2.883750908133135e-06  -8.009169578234087e-05
  9.200000000000007e-01  -1.974630992026375e+02  -3.386107132400003e+02  6.796126955288639e-02  5.469087946116856e+01  -1.444621705712163e+01  -5.445528699901713e+00  -7.891237859858960e-06  3.454990765704849e-07  -8.262551928066208e-05
  9.250000000000007e-01  -2.172976481162809e+02  -3.614338089480382e+02  -8.171059895343268e-01  5.098705612331019e+01  -1.594424833563052e+01  -4.014115658685732e+00  -8.336157603590063e-06  3.811151530487924e-06  -8.530318986626609e-05
  9.300000000000007e-01  -2.349170686331664e+02  -3.816350958431275e+02  -1.752844797475767e+00  4.800270123681003e+01  -1.729978422698481e+01  -2.233937081233119e+00  -8.857485800431692e-06  7.268391915836948e-06  -8.806630689344695e-05
  9.350000000000007e-01  -2.438334051619275e+02  -3.947372660909292e+02  3.528102668786253e+00  4.546914931659569e+01  -1.512095909776131e+01  1.149368550228187e+00  -9.695480472534100e-06  1.048907055225128e-05  -9.065575099467494e-05
  9.400000000000007e-01  -2.568685668224410e+02  -4.090759806225452e+02  2.690373498632589e+00  4.397049207818852e+01  -1.616470680707538e+01  3.115197884220296e+00  -1.043439069068717e-05  1.385244392473978e-05  -9.345358364749168e-05
  9.450000000000007e-01  -2.619741515461773e+02  -4.168372037672366e+02  6.506168972448494e+00  4.283064071611891e+01  -1.378566971564603e+01  5.416849124923534e+00  -1.154195025876716e-05  1.690908894802637e-05  -9.587448607955346e-05
  9.500000000000007e-01  -2.707534780973330e+02  -4.250058719975225e+02  5.711963799250044e+00  4.277457568578335e+01  -1.445043839729077e+01  7.423374528509574e+00  -1.250726061658050e-05  2.006950651468393e-05  -9.858578938875539e-05
  9.550000000000007e-01  -2.777654552904391e+02  -4.302906477493969e+02  4.630578609278930e+00  4.341032725584776e+01  -1.484820648060039e+01  9.557193242824416e+00  -1.356830687645427e-05  2.310183403326026e-05  -1.012420544927473e-04
  9.600000000000007e-01  -2.776859813754293e+02  -4.293163807625588e+02  7.137931634676747e+00  4.428538933320598e+01  -1.227546178023783e+01  1.052580083114925e+01  -1.501814441953409e-05  2.569722895122981e-05  -1.031823833528794e-04
  9.650000000000007e-01  -2.813472119057732e+02  -4.286308303635302e+02  5.957811006155043e+00  4.622654631441200e+01  -1.220871491840583e+01  1.248198978326295e+01  -1.627933132466976e-05  2.839077838807118e-05  -1.055780289616562e-04
  9.700000000000008e-01  -2.790217968337803e+02  -4.223949824959378e+02  6.944899706947327e+00  4.826519946421873e+01  -9.776532951191944e+00  1.233685904587387e+01  -1.785769234410395e-05  3.052878092202890e-05  -1.069858937444741e-04
  9.750000000000008e-01  -2.801440800517250e+02  -4.162689767257782e+02  5.614454694908608e+00  5.137616371442154e+01  -9.234714932418266e+00  1.401760023116336e+01  -1.927274019930918e-05  3.281164525512526e-05  -1.090177543606043e-04
  9.800000000000008e-01  -2.804066463385401e+02  -4.078000755464031e+02  3.836621151286899e+00  5.498030420464056e+01  -8.347309441600473e+00  1.560497705601537e+01  -2.073289634670324e-05  3.487631444145892e-05  -1.108779793488324e-04
  9.850000000000008e-01  -2.757879549734258e+02  -3.943799225310712e+02  3.735057583055189e+00  5.850412130861623e+01  -6.097122107953584e+00  1.419756483750916e+01  -2.238009877745576e-05  3.620914476983007e-05  -1.113598454341431e-04
  9.900000000000008e-01  -2.747936924353288e+02  -3.816161334476174e+02  1.784420349699203e+00  6.297944240033880e+01  -4.751167160465242e+00  1.538268525558433e+01  -2.389031990406309e-05  3.778321027784861e-05  -1.127382549037291e-04
  9.950000000000008e-01  -2.700043342131079e+02  -3.646308217334388e+02  5.405787757326320e-01  6.721432151752053e+01  -2.957136363004713e+00  1.314064051029720e+01  -2.541281573195988e-05  3.848106780787208e-05  -1.124552924459548e-04
  1.000000000000001e+00  -2.668279085249500e+02  -3.472445518835248e+02  -1.364336246881651e+00  7.198179518085195e+01  -1.445537060077483e+00  1.198823996114055e+01  -2.683483623727646e-05  3.912892418625442e-05  -1.124092159842913e-04
  1.005000000000001e+00  -2.655171209396147e+02  -3.298302413314763e+02  -3.421291492728052e+00  7.729215101960659e+01  4.162658152129077e-01  1.254480247006480e+01  -2.824354435965654e-05  3.990412141559818e-05  -1.129518585638164e-04
  1.010000000000000e+00  -2.645717562392730e+02  -3.115147035012935e+02  -5.939332877493019e+00  8.273168341916666e+01  2.589956698108519e+00  1.286890347332839e+01  -2.958043028976245e-05  4.042955392421220e-05  -1.132473176964417e-04
  1.015000000000000e+00  -2.613850967107562e+02  -2.901873823162588e+02  -8.053927073180443e+00  8.769737438852597e+01  3.464968351695397e+00  9.586312995665129e+00  -3.058163093230192e-05  3.984409724150599e-05  -1.113918245034555e-04
  1.020000000000000e+00  -2.614168631298544e+02  -2.705675499865328e+02  -1.033577521707643e+01  9.322443482277745e+01  5.850111587824336e+00  9.564095994967317e+00  -3.169156886779217e-05  3.984965294675471e-05  -1.110990362872926e-04
  1.025000000000000e+00  -2.601373303068544e+02  -2.487893243886376e+02  -1.283189396419726e+01  9.818612084734865e+01  6.114995779625026e+00  6.086068295550898e+00  -3.225721812701681e-05  3.865368128000927e-05  -1.084766675537473e-04
  1.030000000000000e+00  -2.616590110999835e+02  -2.288538629238616e+02  -1.473450197784419e+01  1.035077539054747e+02  8.592310916077718e+00  5.818539160667727e+00  -3.304929096938426e-05  3.816876001108041e-05  -1.075992103610590e-04
  1.035000000000000e+00  -2.642212528297446e+02  -2.092483569298634e+02  -1.696981676050277e+01  1.086144198471518e+02  1.122936903008281e+01  5.348501565389146e+00  -3.366662683428545e-05  3.747156844375635e-05  -1.064666190966873e-04
  1.040000000000000e+00  -2.661533418176140e+02  -1.883802399742730e+02  -1.889427198240829e+01  1.130600307827057e+02  1.075214596635442e+01  1.950111732822103e+00  -3.351421566026289e-05  3.550544721418654e-05  -1.028315387562814e-04
  1.045000000000000e+00  -2.706925666322022e+02  -1.697740717770062e+02  -2.056380821713650e+01  1.175539215581426e+02  1.330142728340472e+01  1.382763172249295e+00  -3.370829869811765e-05  3.439564152741043e-05  -1.011328381220073e-04
  1.050000000000000e+00  -2.753725124555926e+02  -1.508725358644792e+02  -2.256347504250769e+01  1.213800401350719e+02  1.230425225437137e+01  -1.756247882005343e+00  -3.299168350034368e-05  3.201988768203121e-05  -9.691048363645612e-05
  1.054999999999999e+00  -2.819778872980321e+02  -1.339375341130225e+02  -2.354258885077141e+01  1.250168857476844e+02  1.466723997881766e+01  -2.303303130099174e+00  -3.271831809967628e-05  3.056949277174519e-05  -9.467977897207825e-05
  1.059999999999999e+00  -2.897411584448907e+02  -1.181524363255749e+02  -2.463821485716594e+01  1.281392277529475e+02  1.701742828577001e+01  -2.925759194726038e+00  -3.221132236493116e-05  2.898571065703191e-05  -9.220668606146163e-05
  1.064999999999999e+00  -2.980118312571648e+02  -1.029456929176216e+02  -2.573264531624769e+01  1.305868767523882e+02  1.536219306475173e+01  -5.469231934999089e+00  -3.068209731092892e-05  2.619680346222394e-05  -8.726384758522189e-05
  1.069999999999999e+00  -3.076593622735360e+02  -8.949692284671141e+01  -2.599144171318551e+01  1.325534436778007e+02  1.739179413926887e+01  -5.899228860449965e+00  -2.968505902961639e-05  2.439457164459873e-05  -8.431964449831357e-05
  1.074999999999999e+00  -3.183704665696055e+02  -7.756034281180150e+01  -2.701059035145247e+01  1.339187577463697e+02  1.545598286227648e+01  -7.937709758538185e+00  -2.764377497834681e-05  2.149229447372803e-05  -7.906220580565081e-05
  1.079999999999999e+00  -3.296319312451621e+02  -6.670516620013944e+01  -2.646353909543383e+01  1.345933454662651e+02  1.712491696292991e+01  -8.085996289202177e+00  -2.617896762276389e-05  1.956522857406213e-05  -7.570817615674741e-05
  1.084999999999999e+00  -3.416571411590963e+02  -5.722381945848078e+01  -2.584368966283816e+01  1.345791109969413e+02  1.865772109783175e+01  -8.156494594219357e+00  -2.449486973396710e-05  1.760012273740649e-05  -7.215562962981247e-05
  1.089999999999999e+00  -3.548190784523683e+02  -4.993102453634619e+01  -2.605619213472902e+01  1.340540573506589e+02  1.633706814857664e+01  -9.411385907877623e+00  -2.181929438496588e-05  1.471072186216791e-05  -6.656396908638879e-05
  1.094999999999999e+00  -3.678300898702980e+02  -4.306717066319951e+01  -2.470742419942521e+01  1.326419171107341e+02  1.747925727247162e+01  -9.099733015864640e+00  -1.974448034574139e-05  1.274964426005209e-05  -6.269746541806926e-05
  1.099999999999999e+00  -3.822069241804429e+02  -3.900126663929619e+01  -2.485118983110898e+01  1.308478879959843e+02  1.515786984426849e+01  -9.878550662106704e+00  -1.678052228482944e-05  1.003184157589002e-05  -5.707165338732230e-05
  1.104999999999998e+00  -3.956754657440348e+02  -3.455396666506088e+01  -2.291502677924242e+01  1.280274425637390e+02  1.594343238029371e+01  -9.175072598364938e+00  -1.439688581963517e-05  8.151554620291706e-06  -5.296878011072522e-05
  1.109999999999998e+00  -4.092931829627440e+02  -3.130401014293667e+01  -2.092345958522005e+01  1.245271985156595e+02  1.656701356627600e+01  -8.306639508842427e+00  -1.188361640570070e-05  6.324469109751905e-06  -4.873993323921419e-05
  1.114999999999998e+00  -4.239939842125461e+02  -3.104957110695283e+01  -2.060355196846432e+01  1.208122727458436e+02  1.419904875688637e+01  -8.488105470828502e+00  -8.678846987191123e-06  3.965735774181813e-06  -4.314213441244163e-05
  1.119999999999998e+00  -4.372558031781750e+02  -2.975976692659931e+01  -1.827172653014229e+01  1.160050536854125e+02  1.453896804266319e+01  -7.253616988847836e+00  -6.007883080980983e-06  2.314401152489191e-06  -3.879039774372099e-05
  1.124999999999998e+00  -4.514664299194190e+02  -3.158289930776014e+01  -1.784936962859030e+01  1.111493189579796e+02  1.237737786698735e+01  -7.187197744979187e+00  -2.828242616806490e-06  3.045625024361023e-07  -3.337263208591667e-05
  1.129999999999998e+00  -4.638737924753040e+02  -3.189552296028891e+01  -1.541212588340235e+01  1.051773452870855e+02  1.250841278724270e+01  -5.660694864306984e+00  -1.177854581527209e-07  -1.120742256440637e-06  -2.897356660440938e-05
  1.134999999999998e+00  -4.757269030003311e+02  -3.287967331747349e+01  -1.302516999845250e+01  9.867008321532045e+01  1.254035133910278e+01  -3.988681849364148e+00  2.591639317078367e-06  -2.442071767593908e-06  -2.454279817543169e-05
  1.139999999999998e+00  -4.878810191341455e+02  -3.653294272386808e+01  -1.238707383756739e+01  9.232431892573621e+01  1.058047910211792e+01  -3.719215107863939e+00  5.547242473854699e-06  -3.928664140139610e-06  -1.941802765589885e-05
  1.144999999999998e+00  -4.981487192942969e+02  -3.845110708484613e+01  -1.015371328389163e+01  8.491836672849276e+01  1.051820249933266e+01  -1.885818893959933e+00  8.122773041344001e-06  -4.985106726371091e-06  -1.504844292503298e-05
  1.149999999999997e+00  -5.082162622224677e+02  -4.255486755212520e+01  -9.278801861802052e+00  7.781791279430648e+01  8.821192613583783e+00  -1.623255324257356e+00  1.076111023855740e-05  -6.091305498875772e-06  -1.022856731653286e-05
  1.154999999999997e+00  -5.164469318503129e+02  -4.490397280280087e+01  -7.315203984073778e+00  6.971019100782439e+01  8.737553270665694e+00  2.669175659933478e-01  1.309735349652823e-05  -6.881585406940155e-06  -5.981666665015615e-06
  1.159999999999997e+00  -5.236670917758469e+02  -4.744648184915309e+01  -5.585787503532158e+00  6.133777202715316e+01  8.643607491863380e+00  2.189109639297504e+00  1.529564059989287e-05  -7.551409389402181e-06  -1.793460701107128e-06
  1.164999999999997e+00  -5.298362078687483e+02  -5.120654920276327e+01  -4.546967593276627e+00  5.347778848619932e+01  7.219177469704130e+00  2.296708140423613e+00  1.733178519812273e-05  -8.165789468446932e-06  2.582706324461616e-06
  1.169999999999997e+00  -5.345719521046120e+02  -5.357364992461693e+01  -3.231495023456995e+00  4.474309106458783e+01  7.190620189398471e+00  4.117750179172310e+00  1.915219013580886e-05  -8.585000832448329e-06  6.567711983890814e-06
  1.174999999999997e+00  -5.377009898960150e+02  -5.640016682105026e+01  -1.840140412659624e+00  3.663976915228576e+01  5.961878314648066e+00  4.075095708758272e+00  2.068914043551437e-05  -8.905669206087807e-06  1.058709406297616e-05
  1.179999999999997e+00  -5.398177133886539e+02  -5.829102895168417e+01  -1.003986553159209e+00  2.778386712521477e+01  6.028213420973827e+00  5.701623384849626e+00  2.206074102328122e-05  -9.097986194822013e-06  1.433312050957646e-05
  1.184999999999997e+00  -5.406721276173763e+02  -5.994646989672039e+01  -4.542730228097088e-01  1.892647220891480e+01  6.149174795736783e+00  7.229502627222476e+00  2.320329958485593e-05  -9.194516480379527e-06  1.795318111498337e-05
  1.189999999999997e+00  -5.391728481541479e+02  -6.093418705717192e+01  1.126151253507490e+00  1.086359244626401e+01  5.119815569205307e+00  6.874755508898413e+00  2.395045419954032e-05  -9.182760982472101e-06  2.147061720422490e-05
  1.194999999999997e+00  -5.373465177644833e+02  -6.175706188801936e+01  1.202279581414599e+00  2.201555966120885e+00  5.359650550353451e+00  8.095766671378133e+00  2.457856203534255e-05  -9.101456697276847e-06  2.480829863583704e-05
  1.199999999999996e+00  -5.327467353329062e+02  -6.114476001965885e+01  3.123941664216762e+00  -5.619290376434693e+00  4.415758668656331e+00  7.605098184075911e+00  2.479072312421367e-05  -8.931961651216555e-06  2.796089402920634e-05
  1.204999999999996e+00  -5.283069206198348e+02  -6.098683332175425e+01  2.788104473511676e+00  -1.391201118793601e+01  4.769815424661139e+00  8.488105201437728e+00  2.489516672391190e-05  -8.713045976657050e-06  3.100212520665543e-05
  1.209999999999996e+00  -5.227287369206109e+02  -6.045267496636496e+01  2.177720338883368e+00  -2.196657308078188e+01  5.181633897001753e+00  9.170231490682356e+00  2.473823897944732e-05  -8.434936537033494e-06  3.388451507444591e-05
  1.214999999999996e+00  -5.140077031196741e+02  -5.760760681195340e+01  4.274070636386243e+00  -2.908842578315803e+01  4.322638994077698e+00  8.433911613364845e+00  2.418881179546251e-05  -8.117997483293455e-06  3.653059011179962e-05
  1.219999999999996e+00  -5.061301841385188e+02  -5.606695080035608e+01  3.350365739264741e+00  -3.654711985490504e+01  4.818828109543889e+00  8.749643235900253e+00  2.352717801702053e-05  -7.755239434666719e-06  3.910515493415741e-05
  1.224999999999996e+00  -4.950498263403300e+02  -5.176944739330999e+01  5.647138478970078e+00  -4.307944367873367e+01  3.980420052085993e+00  7.994574538634727e+00  2.253858579072789e-05  -7.395125202968367e-06  4.139426360839146e-05
  1.229999999999996e+00  -4.852136865320845e+02  -4.932924300240690e+01  4.471335143354288e+00  -4.982160652486962e+01  4.528917909058388e+00  7.960670763240365e+00  2.141190436075107e-05  -6.979169321738989e-06  4.366262868858753e-05
  1.234999999999996e+00  -4.745577312936188e+02  -4.655688304838045e+01  3.134683468509440e+00  -5.619447330540106e+01  5.104378541421103e+00  7.697744753925159e+00  2.006511798201456e-05  -6.541095782274651e-06  4.576618392954914e-05
  1.239999999999996e+00  -4.607956320954541e+02  -4.064330688060669e+01  5.516027732381215e+00  -6.163303806550307e+01  4.287902141720031e+00  6.897111776904389e+00  1.852186869361649e-05  -6.163404595295138e-06  4.756473175783683e-05
  1.244999999999995e+00  -4.487373503939156e+02  -3.720191437502147e+01  4.049983261965025e+00  -6.718143022058136e+01  4.870185095821230e+00  6.329504098395303e+00  1.680280136069220e-05  -5.709810565694709e-06  4.936928890143355e-05
  1.249999999999995e+00  -4.338035554864976e+02  -3.054586312612486e+01  6.446918975951532e+00  -7.186913431275990e+01  4.080513840432170e+00  5.649853663393378e+00  1.500681330977220e-05  -5.346437372863729e-06  5.082214401953194e-05
  1.254999999999995e+00  -4.207562154670362e+02  -2.665849861281973e+01  4.912092096264495e+00  -7.656472880087843e+01  4.649361915071805e+00  4.833439630595429e+00  1.299912301630332e-05  -4.894757665076032e-06  5.233505855284398e-05
  1.259999999999995e+00  -4.073676278766362e+02  -2.264511305567955e+01  3.329715951317640e+00  -8.083767015149709e+01  5.199214537243084e+00  3.815215449489406e+00  1.086433299536453e-05  -4.444776717113091e-06  5.369401814806900e-05
  1.264999999999995e+00  -3.915649745505298e+02  -1.554321287473093e+01  5.683364687429286e+00  -8.431611614441442e+01  4.444556986220926e+00  3.300311932164592e+00  8.832715446729148e-06  -4.112793650137087e-06  5.467691126603211e-05
  1.269999999999995e+00  -3.778093942882658e+02  -1.142872913693930e+01  4.117665351015045e+00  -8.773170065344036e+01  4.950798939038572e+00  2.115542040317242e+00  6.550004120543776e-06  -3.681591009236597e-06  5.575881001398423e-05
  1.274999999999995e+00  -3.620545238969461e+02  -4.465590331725708e+00  6.334869234702722e+00  -9.046243556225870e+01  4.269189487941122e+00  1.811469654381445e+00  4.494307118216737e-06  -3.368436169238264e-06  5.640965058474236e-05
  1.279999999999995e+00  -3.483326445656702e+02  -4.877770552206125e-01  4.817446096515889e+00  -9.304314624558457e+01  4.721879030683729e+00  5.178316224707253e-01  2.164892859625216e-06  -2.961120307712473e-06  5.722409752427536e-05
  1.284999999999995e+00  -3.347159003172093e+02  3.386877817460365e+00  3.334346262965234e+00  -9.523059319413608e+01  5.132836100887745e+00  -9.108040582187059e-01  -1.635709078881126e-07  -2.566375626346382e-06  5.790100931502713e-05
  1.289999999999994e+00  -3.197031731302543e+02  9.643077062194799e+00  5.398351263044574e+00  -9.685237494774962e+01  4.528999984804324e+00  -9.178353703277879e-01  -2.094994089278530e-06  -2.276697053445075e-06  5.810756284570347e-05
  1.294999999999994e+00  -3.066188209460385e+02  1.309447771249282e+01  4.001562502282668e+00  -9.827373762568527e+01  4.880965629897451e+00  -2.371658042491980e+00  -4.312331464862735e-06  -1.909537933898055e-06  5.853365250591268e-05
  1.299999999999994e+00  -2.925548255478154e+02  1.853850088647474e+01  5.857710045400585e+00  -9.926137530844447e+01  4.377276639831007e+00  -2.149321657021331e+00  -6.039710400924530e-06  -1.619600673197000e-06  5.843095472857800e-05
  1.304999999999994e+00  -2.802749300465877e+02  2.140628626414055e+01  4.534516476839118e+00  -9.997874407349606e+01  4.674751469512930e+00  -3.585031252376513e+00  -8.044405395353454e-06  -1.279200524289894e-06  5.861650210810478e-05
  1.309999999999994e+00  -2.684079260187829e+02  2.403121680603305e+01  3.295858891090083e+00  -1.003732143815090e+02  4.925879065731232e+00  -5.077291124559368e+00  -9.917173766137762e-06  -9.560152628822938e-07  5.868328644897016e-05
  1.314999999999994e+00  -2.560965968514121e+02  2.807265021863756e+01  4.936001887877562e+00  -1.004750347846510e+02  4.509125272953061e+00  -4.533483920443411e+00  -1.118558512233746e-05  -6.670379119247725e-07  5.817716503017034e-05
  1.319999999999994e+00  -2.453040949360774e+02  2.998824019592547e+01  3.761282208493052e+00  -1.002693476365765e+02  4.712128615076560e+00  -5.945574519842161e+00  -1.270412087952531e-05  -3.709865532089993e-07  5.802246517767093e-05
  1.324999999999994e+00  -2.343525267134262e+02  3.296301016684912e+01  5.195832694908709e+00  -9.990007135651548e+01  4.367088826853160e+00  -5.215628601183814e+00  -1.357937621312113e-05  -6.717886157678554e-08  5.724870841154858e-05
  1.329999999999994e+00  -2.247145819504191e+02  3.415412769091053e+01  4.075400652984480e+00  -9.917115230872689e+01  4.525611661663041e+00  -6.523572162461783e+00  -1.466351693814357e-05  2.010850974769917e-07  5.688656724833584e-05
  1.334999999999994e+00  -2.151356934476091e+02  3.609405569533798e+01  5.336404159532053e+00  -9.839775917883300e+01  4.222755055203752e+00  -5.638896681981896e+00  -1.509088062789269e-05  5.213799713781444e-07  5.587098698462915e-05
  1.339999999999993e+00  -2.066843501303211e+02  3.657856743679395e+01  4.231916867926734e+00  -9.721987796184902e+01  4.336914063875513e+00  -6.830786223594067e+00  -1.567503799529018e-05  7.611947346863432e-07  5.531721009520247e-05
  1.344999999999993e+00  -1.987524407454314e+02  3.682462358618389e+01  3.194039257437090e+00  -9.584890058817703e+01  4.415212415069113e+00  -7.982859018436043e+00  -1.598920961825980e-05  9.806575637376860e-07  5.467345075183615e-05
  1.349999999999993e+00  -1.910924954716033e+02  3.744123503050031e+01  4.259319117636714e+00  -9.456064021611368e+01  4.112335730698996e+00  -6.890065507226771e+00  -1.564556974480065e-05  1.305800467739598e-06  5.336359742128524e-05
  1.354999999999993e+00  -1.842668602006487e+02  3.708936654299672e+01  3.195052074679150e+00  -9.285307819730326e+01  4.147147778277083e+00  -7.900946989222983e+00  -1.538828438526523e-05  1.494782122974443e-06  5.255563966178769e-05
  1.359999999999993e+00  -1.777232290112712e+02  3.698996468142634e+01  4.165053836914431e+00  -9.132840034184910e+01  3.815495748194036e+00  -6.733048148592000e+00  -1.451566644985331e-05  1.829860968887746e-06  5.108110055690427e-05
  1.364999999999993e+00  -1.718619574572755e+02  3.616529265328739e+01  3.063297970627437e+00  -8.936128023741713e+01  3.805300182739946e+00  -7.603410362047087e+00  -1.366284276020352e-05  1.986756057342236e-06  5.013033909016945e-05
  1.369999999999993e+00  -1.664055949562471e+02  3.519888912822719e+01  1.967357307127868e+00  -8.728638152326999e+01  3.760785618685891e+00  -8.381801081320416e+00  -1.250503953125332e-05  2.123906217361727e-06  4.911377962878926e-05
  1.374999999999993e+00  -1.611792674766800e+02  3.437730224377618e+01  2.816409346534234e+00  -8.549841862654841e+01  3.359501504565702e+00  -7.130325185466218e+00  -1.080769916953055e-05  2.451910470630365e-06  4.745978308153598e-05
  1.379999999999993e+00  -1.564301363129941e+02  3.312357839662674e+01  1.643198747707949e+00  -8.326669201447180e+01  3.266319920368629e+00  -7.762267313619550e+00  -9.054721315162444e-06  2.558308456969031e-06  4.633402402022507e-05
  1.384999999999992e+00  -1.517601678807685e+02  3.209357177892358e+01  2.501977360124871e+00  -8.139222389336526e+01  2.795605589750918e+00  -6.517844720135206e+00  -6.851063019934473e-06  2.885872194848170e-06  4.460927332366278e-05
  1.389999999999992e+00  -1.475207676562946e+02  3.067691421763727e+01  1.229633292976327e+00  -7.906012282078068e+01  2.648940251642788e+00  -7.018245012442908e+00  -4.531502347547600e-06  2.965065074777793e-06  4.339857497101366e-05
  1.394999999999992e+00  -1.434358983202360e+02  2.925012302300813e+01  -7.782718804881314e-02  -7.670320756641536e+01  2.472215021872693e+00  -7.388732066226719e+00  -1.932963781007283e-06  3.030168797731485e-06  4.214783548224578e-05
  1.399999999999992e+00  -1.391566464089451e+02  2.821368239126326e+01  7.849199130877718e-01  -7.478127075572014e+01  1.910706155262516e+00  -6.185711595757363e+00  9.814849389600799e-07  3.344741187131417e-06  4.037291600129308e-05
  1.404999999999992e+00  -1.352421440923001e+02  2.679229321355642e+01  -6.374700984597454e-01  -7.240636003224196e+01  1.682801265250934e+00  -6.434560784593314e+00  4.071430050868487e-06  3.392601343231738e-06  3.907150110785402e-05
  1.409999999999992e+00  -1.308407826541111e+02  2.602265172739424e+01  3.443607105030005e-01  -7.052053833175995e+01  1.065165450257234e+00  -5.301774895025559e+00  7.364311390941721e-06  3.703394485468752e-06  3.731779962420074e-05
  1.414999999999992e+00  -1.268390552656016e+02  2.472433309827883e+01  -1.170394927815971e+00  -6.818220379971130e+01  7.923457536065865e-01  -5.444574857511363e+00  1.087502175920774e-05  3.741804414100592e-06  3.598858276503094e-05
  1.419999999999992e+00  -1.227436821368060e+02  2.347809521710205e+01  -2.769899606588846e+00  -6.586973175269775e+01  4.966655360890719e-01  -5.447075822980922e+00  1.457585484573716e-05  3.781690373319910e-06  3.464116144876408e-05
  1.424999999999992e+00  -1.177451314338251e+02  2.325364587695814e+01  -1.636579364118048e+00  -6.410070303386428e+01  -1.675812098908211e-01  -4.452331850380880e+00  1.831346809446318e-05  4.089780929302316e-06  3.294973775810380e-05
  1.429999999999992e+00  -1.132250884628230e+02  2.222707035309692e+01  -3.314602380561652e+00  -6.188202043126383e+01  -4.946523137394137e-01  -4.369600532218518e+00  2.229991753129153e-05  4.138218556208659e-06  3.160142726156753e-05
  1.434999999999991e+00  -1.074795085239578e+02  2.254614035772976e+01  -1.987737730151223e+00  -6.023223002338356e+01  -1.152186673541843e+00  -3.482740317602102e+00  2.620421789751411e-05  4.448921246466697e-06  2.999552082976096e-05
  1.439999999999991e+00  -1.023378325303103e+02  2.176936249872700e+01  -3.721188982322603e+00  -5.812787913075820e+01  -1.500298381729940e+00  -3.335033233280761e+00  3.037064941333467e-05  4.519564584142703e-06  2.866019146326052e-05
  1.444999999999991e+00  -9.685074898221032e+01  2.107092948867462e+01  -5.552265192190633e+00  -5.609107087755805e+01  -1.848583799251424e+00  -3.059724300862921e+00  3.460112128243292e-05  4.610138343077072e-06  2.732020658761908e-05
  1.449999999999991e+00  -8.967178153515262e+01  2.217439444647064e+01  -3.950123218089444e+00  -5.465342507827415e+01  -2.470158705637469e+00  -2.360648626562221e+00  3.858291933703600e-05  4.939338307089855e-06  2.584067307786019e-05
  1.454999999999991e+00  -8.329575171180140e+01  2.173570599984976e+01  -5.803787015971836e+00  -5.275753900325288e+01  -2.815619222823967e+00  -2.049897412146648e+00  4.282640012274320e-05  5.071938715457743e-06  2.452533897812487e-05
  1.459999999999991e+00  -7.490988498660282e+01  2.341581093607717e+01  -3.985964705241306e+00  -5.147180224070705e+01  -3.358127263812978e+00  -1.460769441548958e+00  4.672163739862608e-05  5.412595109031412e-06  2.315167072388742e-05
  1.464999999999991e+00  -6.748444955305692e+01  2.323938121709697e+01  -5.826011187450423e+00  -4.973193774378316e+01  -3.685902906269941e+00  -1.130175210755431e+00  5.086747739365748e-05  5.596388601977706e-06  2.186351675502727e-05
  1.469999999999991e+00  -5.956842710818820e+01  2.308424430645334e+01  -7.776655312059555e+00  -4.806066219756030e+01  -3.985989047956098e+00  -7.122968277189314e-01  5.493343059222283e-05  5.818590393849889e-06  2.057106880090212e-05
  1.474999999999991e+00  -4.920386136601256e+01  2.547891086776380e+01  -5.619603015137922e+00  -4.700194793553062e+01  -4.420361651224198e+00  -3.070014589758592e-01  5.851371711865923e-05  6.193554070535918e-06  1.932574979230197e-05
  1.479999999999990e+00  -4.009091885321545e+01  2.553030056530955e+01  -7.528623632784908e+00  -4.548279760120930e+01  -4.681011076610890e+00  9.820497230750858e-02  6.231861720480907e-05  6.478863137243072e-06  1.805521065308615e-05
  1.484999999999990e+00  -2.829593871379662e+01  2.833376926579257e+01  -5.193101258270889e+00  -4.455314921283130e+01  -4.988998814485085e+00  4.201031992952993e-01  6.556981270745576e-05  6.866424557062276e-06  1.689321019076535e-05
  1.489999999999990e+00  -1.794144622379361e+01  2.853148766089889e+01  -7.040796404170090e+00  -4.316815726271582e+01  -5.202801743674329e+00  8.000802231037772e-01  6.901406052351647e-05  7.218582693673355e-06  1.563625058913776e-05
  1.494999999999990e+00  -7.037971574443345e+00  2.868573278234996e+01  -9.012800804776044e+00  -4.184450627020273e+01  -5.362470120889906e+00  1.211981299918290e+00  7.225379312744859e-05  7.614748642893124e-06  1.436494961987169e-05
  1.499999999999990e+00  6.912316488383428e+00  3.192520071311335e+01  -6.339623060982617e+00  -4.108077171856061e+01  -5.538062785085518e+00  1.401415023079654e+00  7.485390561727160e-05  8.031360583157456e-06  1.328547038110687e-05
  1.504999999999990e+00  1.905782788215893e+01  3.213539650295949e+01  -8.240793600464521e+00  -3.986414523883727e+01  -5.641039678898376e+00  1.758973075142956e+00  7.760680778258343e-05  8.491134355314340e-06  1.201227050636911e-05
  1.509999999999990e+00  3.439929676720080e+01  3.551128550479542e+01  -5.460120161001605e+00  -3.916252141526669e+01  -5.686614806688935e+00  1.912305696272643e+00  7.969562882736323e-05  8.906941314618618e-06  1.097142749986464e-05
  1.514999999999990e+00  4.774261790133934e+01  3.571999222968372e+01  -7.285189722474052e+00  -3.803328980303210e+01  -5.735052578195436e+00  2.211011646261840e+00  8.189854026214072e-05  9.421405729610641e-06  9.685268875690678e-06
  1.519999999999990e+00  6.154930601202369e+01  3.578805831198224e+01  -9.262029075148478e+00  -3.693248540907932e+01  -5.717514070677900e+00  2.482976842809032e+00  8.381001164423126e-05  9.972603946857355e-06  8.370994548872971e-06
  1.524999999999989e+00  7.881602340402834e+01  3.922974524482578e+01  -6.191047721180159e+00  -3.628478442185432e+01  -5.658860406207751e+00  2.582891659993018e+00  8.503360944122878e-05  1.038555838022302e-05  7.355511748106081e-06
  1.529999999999989e+00  9.366041516088158e+01  3.919224030782806e+01  -8.098594840175258e+00  -3.523047683969089e+01  -5.593806567076895e+00  2.777898723262103e+00  8.632847337207276e-05  1.097219383051233e-05  6.015103672175201e-06
  1.534999999999989e+00  1.119988009521864e+02  4.246853668752352e+01  -5.008590185852251e+00  -3.455661539543099e+01  -5.434984257293819e+00  2.888977191533611e+00  8.695165612618488e-05  1.135740667822984e-05  5.000706510220199e-06
  1.539999999999989e+00  1.277231439662545e+02  4.225111766985547e+01  -6.846210794720264e+00  -3.351787446350851e+01  -5.333242228315235e+00  3.011212387643428e+00  8.760901606834711e-05  1.196319740821068e-05  3.629557628512954e-06
  1.544999999999989e+00  1.437087946219097e+02  4.181005170886157e+01  -8.868219523106719e+00  -3.247733389206249e+01  -5.171462772342821e+00  3.061032954465603e+00  8.794354832539608e-05  1.258334447601103e-05  2.223314498778122e-06
  1.549999999999989e+00  1.633315844333549e+02  4.477209416938013e+01  -5.557820295065878e+00  -3.173391368630529e+01  -4.964818909969217e+00  3.197522562934835e+00  8.764277190405001e-05  1.291389213753514e-05  1.205347395503520e-06
  1.554999999999989e+00  1.798941632363261e+02  4.405261992676154e+01  -7.514069861942967e+00  -3.067005909723203e+01  -4.785560455934674e+00  3.172942351611666e+00  8.734082456290756e-05  1.352289919613533e-05  -2.297879489921527e-07
  1.559999999999989e+00  2.000007481565607e+02  4.656637706966044e+01  -4.282992705325171e+00  -2.982161522060802e+01  -4.518094156505161e+00  3.347952698215663e+00  8.645311629495852e-05  1.379189137836139e-05  -1.254758315635193e-06
  1.564999999999989e+00  2.168951072393208e+02  4.550517676799704e+01  -6.172254032194729e+00  -2.871094076034780e+01  -4.335460159362840e+00  3.260211697837970e+00  8.553712230542073e-05  1.436879511076735e-05  -2.711512854080641e-06
  1.569999999999989e+00  2.337484251555759e+02  4.414518755586552e+01  -8.253903139092232e+00  -2.757072798606612e+01  -4.112724437027511e+00  3.080588697016779e+00  8.432090668600676e-05  1.493119909623968e-05  -4.194648548669247e-06
  1.574999999999988e+00  2.541310949014729e+02  4.599821577704978e+01  -4.889716122508291e+00  -2.655758359385297e+01  -3.848432858012588e+00  3.330257678113115e+00  8.260092917460532e-05  1.508852026324422e-05  -5.202230021524390e-06
  1.579999999999988e+00  2.709047214194594e+02  4.421368789500138e+01  -6.888818374213823e+00  -2.534217916764569e+01  -3.644298339519126e+00  3.101989867615686e+00  8.083013028440564e-05  1.558684989667767e-05  -6.685489269148767e-06
  1.584999999999988e+00  2.909654331780545e+02  4.538055236506086e+01  -3.716194941328184e+00  -2.417833717090195e+01  -3.348123802154300e+00  3.383225749670165e+00  7.862452007733608e-05  1.565124811769954e-05  -7.673276422426870e-06
  1.589999999999988e+00  3.073621072196339e+02  4.312372932172861e+01  -5.618335692173886e+00  -2.287643021372483e+01  -3.173273545498717e+00  3.122748831366994e+00  7.635508916915388e-05  1.606707926844839e-05  -9.136232166363502e-06
  1.594999999999988e+00  3.233581353286209e+02  4.052274760767827e+01  -7.684165260136679e+00  -2.152777232186412e+01  -2.984397947822616e+00  2.779044140241208e+00  7.384999584846136e-05  1.644026083029606e-05  -1.060166038349335e-05
  1.599999999999988e+00  3.424343832424953e+02  4.075483470346960e+01  -4.489871203429852e+00  -2.015910362395316e+01  -2.715020433699442e+00  3.135172639305662e+00  7.101654488597241e-05  1.634673698551984e-05  -1.150716348223339e-05
  1.604999999999988e+00  3.575973992294410e+02  3.763768677573650e+01  -6.418893050140827e+00  -1.871447847042825e+01  -2.572679178293746e+00  2.785070022695245e+00  6.811122094572801e-05  1.661233277420869e-05  -1.291587089974468e-05
  1.609999999999988e+00  3.754330043001549e+02  3.702070657839170e+01  -3.545190425735401e+00  -1.719345144776811e+01  -2.278780556467833e+00  3.126761352559535e+00  6.494953631590899e-05  1.640540799178734e-05  -1.375285628913358e-05
  1.614999999999988e+00  3.894464835469549e+02  3.336628766079357e+01  -5.321561826791725e+00  -1.565000623154061e+01  -2.187623464684471e+00  2.783954062085909e+00  6.171517220157708e-05  1.655211169550239e-05  -1.508037818988925e-05
  1.619999999999987e+00  4.027114822251847e+02  2.937431200551222e+01  -7.187703896805770e+00  -1.406101869516823e+01  -2.105535306123539e+00  2.391072360968336e+00  5.833509881167231e-05  1.663624498308131e-05  -1.637535137558221e-05
  1.624999999999987e+00  4.182371998790838e+02  2.767622067256299e+01  -4.430235035421731e+00  -1.235526187274182e+01  -1.830949684221698e+00  2.756230998019489e+00  5.480661511191415e-05  1.624821088110270e-05  -1.704869569706144e-05
  1.629999999999987e+00  4.299206410179814e+02  2.316095840205993e+01  -6.094730547605210e+00  -1.067509011649778e+01  -1.806849276083007e+00  2.396483612365317e+00  5.120930813420466e-05  1.620146398065597e-05  -1.822383221211467e-05
  1.634999999999987e+00  4.433312422710761e+02  2.057511398559039e+01  -3.778169684317591e+00  -8.854707784041858e+00  -1.500049687866991e+00  2.678250379027969e+00  4.752839760504693e-05  1.569569461730984e-05  -1.877874812572353e-05
  1.639999999999987e+00  4.531647601489588e+02  1.556398463583587e+01  -5.229065807807638e+00  -7.097511490788468e+00  -1.531460846386033e+00  2.359765996953527e+00  4.378779553357763e-05  1.551605232862155e-05  -1.981156168019608e-05
  1.644999999999987e+00  4.619520525397299e+02  1.027992322577298e+01  -6.676768522120475e+00  -5.302246901832586e+00  -1.586230779003465e+00  2.032066501452929e+00  3.999248232549959e-05  1.526644885435229e-05  -2.077962043780944e-05
  1.649999999999987e+00  4.718930192513735e+02  6.658688056532562e+00  -4.620297577675663e+00  -3.363090239173828e+00  -1.270258631504919e+00  2.252212892879329e+00  3.620579115805217e-05  1.458534808843700e-05  -2.110530351727713e-05
  1.654999999999987e+00  4.784941363639375e+02  9.667662476594363e-01  -5.816372557122606e+00  -1.511714541865719e+00  -1.376809783552430e+00  1.982443388234074e+00  3.237008558011368e-05  1.420564698687694e-05  -2.190287007204898e-05
  1.659999999999987e+00  4.856486835140695e+02  -3.424163310032867e+00  -4.282718211443158e+00  4.825235990786342e-01  -1.012437908009165e+00  2.048981400119191e+00  2.859192741286778e-05  1.342068284316186e-05  -2.207763222229194e-05
  1.664999999999986e+00  4.898698451120782e+02  -9.451461132732904e+00  -5.233497303400261e+00  2.376062930684459e+00  -1.161579879587870e+00  1.833884081237882e+00  2.477535936789316e-05  1.291822860587054e-05  -2.269457745735545e-05
  1.669999999999986e+00  4.940663194549470e+02  -1.450579323253621e+01  -4.217142280763883e+00  4.397834718384773e+00  -7.470626745089980e-01  1.730310882985161e+00  2.106119863742316e-05  1.203904353143740e-05  -2.271116926274376e-05
  1.674999999999986e+00  4.957663045745664e+02  -2.077467388565348e+01  -4.932453104637384e+00  6.312540723086759e+00  -9.277533194422976e-01  1.563895401739490e+00  1.731860317027780e-05  1.142413129029129e-05  -2.314079061566987e-05
  1.679999999999986e+00  4.961890748709496e+02  -2.712356433929400e+01  -5.541095524240242e+00  8.237326708045561e+00  -1.129479828815092e+00  1.429146895341680e+00  1.362534171882417e-05  1.074978154096654e-05  -2.347975279358829e-05
  1.684999999999986e+00  4.959756100304662e+02  -3.276261725551748e+01  -4.905497325991171e+00  1.025610147149791e+01  -6.625037752896352e-01  1.156751827056763e+00  1.009428642472226e-05  9.747775296222026e-06  -2.323802779250258e-05
  1.689999999999986e+00  4.937617973239230e+02  -3.917459878036678e+01  -5.280953689842117e+00  1.217464079582437e+01  -8.774932423415329e-01  1.065522510176963e+00  6.542432934549306e-06  8.980251335533795e-06  -2.338770260502299e-05
  1.694999999999986e+00  4.904146669791184e+02  -4.513836984670263e+01  -5.127856316155945e+00  1.416263009719277e+01  -3.546867203148153e-01  6.064799810325099e-01  3.184679301050811e-06  7.917050143904900e-06  -2.298973479658600e-05
  1.699999999999986e+00  4.855411190780627e+02  -5.148673016784245e+01  -5.296642368642283e+00  1.605872499086567e+01  -5.675484174053590e-01  5.458214922297753e-01  -1.919553772149397e-07  7.071716234487409e-06  -2.295727602419833e-05
  1.704999999999986e+00  4.793908474225761e+02  -5.773263033423655e+01  -5.326964816237727e+00  1.793994954227377e+01  -7.843686884777554e-01  5.234473722666262e-01  -3.472381007839773e-06  6.184903280497904e-06  -2.283426871878065e-05
  1.709999999999986e+00  4.716175007231617e+02  -6.374865864006298e+01  -5.551296299456868e+00  1.984983435914539e+01  -1.914092267988114e-01  -1.250068626088928e-01  -6.516963540911176e-06  5.054940308092436e-06  -2.220368844014360e-05
  1.714999999999985e+00  4.628780957144968e+02  -6.972392545651095e+01  -5.406669857632868e+00  2.168168806133360e+01  -3.792157972237402e-01  -1.350701144156961e-01  -9.583118270231248e-06  4.114983455086972e-06  -2.191414814986977e-05
  1.719999999999985e+00  4.521922499057056e+02  -7.563939005585316e+01  -6.003194381192397e+00  2.351551005439513e+01  2.551204804147328e-01  -9.309352415248072e-01  -1.238614989656810e-05  2.960619413339488e-06  -2.114973711142881e-05
  1.724999999999985e+00  4.409756273639812e+02  -8.120736103786554e+01  -5.711204685906709e+00  2.527983374931779e+01  1.129740689125137e-01  -9.425818460727238e-01  -1.521988684865356e-05  1.984030419401697e-06  -2.070891792888078e-05
  1.729999999999985e+00  4.286164587720176e+02  -8.649212724273777e+01  -5.298104475753801e+00  2.700740006142004e+01  -4.543342944445232e-03  -9.303195067954895e-01  -1.793485789264583e-05  9.870065776362438e-07  -2.019343839903381e-05
  1.734999999999985e+00  4.140437728065618e+02  -9.186723062137067e+01  -6.191877438257577e+00  2.870551434864637e+01  6.905145352604193e-01  -1.870890357179465e+00  -2.035330538582711e-05  -1.792428844772768e-07  -1.924918624446746e-05
  1.739999999999985e+00  3.994580211163637e+02  -9.654756912751800e+01  -5.676640759109195e+00  3.034016482901099e+01  6.470108793223058e-01  -1.881482153312105e+00  -2.281977609977609e-05  -1.189201417091294e-06  -1.861026926141473e-05
  1.744999999999985e+00  3.825422447926676e+02  -1.014048916163278e+02  -6.791201406383121e+00  3.193029086336410e+01  1.344446185163856e+00  -2.882148325640935e+00  -2.496266598028014e-05  -2.348701782735879e-06  -1.756853595572343e-05
  1.749999999999985e+00  3.659541310379656e+02  -1.053608403611537e+02  -6.203666025873955e+00  3.345620051608062e+01  1.388840322159364e+00  -2.924681043524146e+00  -2.717546666582617e-05  -3.358165399138668e-06  -1.682777864531272e-05
  1.754999999999985e+00  3.484852747329025e+02  -1.088867324473477e+02  -5.537960483319706e+00  3.492103157830653e+01  1.489901445301230e+00  -2.969278665025082e+00  -2.926284339096994e-05  -4.368248459794672e-06  -1.603750151267450e-05
  1.759999999999984e+00  3.286861447339181e+02  -1.126728585061648e+02  -6.818522375680473e+00  3.632824279489672e+01  2.202000552828254e+00  -4.011434156967013e+00  -3.099286243200630e-05  -5.499181356195321e-06  -1.488382719145615e-05
  1.764999999999984e+00  3.096143472573870e+02  -1.153228713964917e+02  -6.123759542266945e+00  3.765774075246546e+01  2.411970978629025e+00  -4.102632451529123e+00  -3.282475836209233e-05  -6.490647361356649e-06  -1.402593082039477e-05
  1.769999999999984e+00  2.882943997690145e+02  -1.182632175785843e+02  -7.475231099650997e+00  3.892871117054946e+01  3.062377739710050e+00  -5.091490780781728e+00  -3.426959436431741e-05  -7.595700740775232e-06  -1.281911689236772e-05
  1.774999999999984e+00  2.679326518613557e+02  -1.199547195827324e+02  -6.761095745136596e+00  4.010579326035868e+01  3.384562284674338e+00  -5.227579615508816e+00  -3.584729042140247e-05  -8.559697899411747e-06  -1.191644230131299e-05
  1.779999999999984e+00  2.470426073679558e+02  -1.211261518117690e+02  -6.032185433319295e+00  4.119611636400467e+01  3.789860875131144e+00  -5.391838176495931e+00  -3.730292233497766e-05  -9.509116942466334e-06  -1.099538246793851e-05
  1.784999999999984e+00  2.241501491236428e+02  -1.226247718334591e+02  -7.406946849821709e+00  4.223522345341150e+01  4.373825620774570e+00  -6.290695518046038e+00  -3.833509606763522e-05  -1.056436071521252e-05  -9.751144959274070e-06
  1.789999999999984e+00  2.024651351898515e+02  -1.227555756268607e+02  -6.687134744780802e+00  4.314488442636974e+01  4.895000635875903e+00  -6.500209195510235e+00  -3.954231177830156e-05  -1.147499728876579e-05  -8.820899526450258e-06
  1.794999999999984e+00  1.790000267161276e+02  -1.232267942181264e+02  -8.021844541846683e+00  4.401586132879287e+01  5.341597745674484e+00  -7.241918685221857e+00  -4.029766014037126e-05  -1.249581684657073e-05  -7.572349399200391e-06
  1.799999999999984e+00  1.568752893214850e+02  -1.222828139590624e+02  -7.314368989284757e+00  4.472523267402037e+01  5.970006111145743e+00  -7.486440487805554e+00  -4.126113224592188e-05  -1.336318475606470e-05  -6.655058149629926e-06
  1.804999999999984e+00  1.346243748302658e+02  -1.208002104532474e+02  -6.643467475070268e+00  4.532347436167158e+01  6.689866678593390e+00  -7.772004661248349e+00  -4.211073076327724e-05  -1.420484406294233e-05  -5.750537061192052e-06
  1.809999999999983e+00  1.110143922617930e+02  -1.196761867940472e+02  -7.882961926876477e+00  4.590631960139345e+01  6.971788247008761e+00  -8.306115795949527e+00  -4.247471680973277e-05  -1.516690005169743e-05  -4.538794660068378e-06
  1.814999999999983e+00  8.884831566760805e+01  -1.171176280594388e+02  -7.232726573686712e+00  4.627646212559380e+01  7.780873550306954e+00  -8.612315497736144e+00  -4.309064587711507e-05  -1.595808524325161e-05  -3.679119803699229e-06
  1.819999999999983e+00  6.560710891470616e+01  -1.149535989432592e+02  -8.379578778998557e+00  4.665521834862051e+01  7.861708855924156e+00  -8.927787280112202e+00  -4.320222534216893e-05  -1.687904595889693e-05  -2.511381730509501e-06
  1.824999999999983e+00  4.387326359563869e+01  -1.113443975626474e+02  -7.737405236996174e+00  4.678256108799002e+01  8.738503157394884e+00  -9.237067642002316e+00  -4.359320566842425e-05  -1.761569742698927e-05  -1.714652604617122e-06
  1.829999999999983e+00  2.241288418178363e+01  -1.072484421063429e+02  -7.173536031251012e+00  4.677671702486791e+01  9.694434389903545e+00  -9.584841845872061e+00  -4.388082236737712e-05  -1.831780221696715e-05  -9.567772216738310e-07
  1.834999999999983e+00  3.755034975147249e-01  -1.035720155137602e+02  -8.151244654975315e+00  4.681337221352162e+01  9.527688573256274e+00  -9.627555939055870e+00  -4.364411497286076e-05  -1.916758292703116e-05  1.089267309919008e-07
  1.839999999999983e+00  -2.017250184691990e+01  -9.851114233945232e+01  -7.590322852700787e+00  4.654589746437565e+01  1.051650378862534e+01  -9.955497075138700e+00  -4.372244074358833e-05  -1.980677749399251e-05  7.807072036628043e-07
  1.844999999999983e+00  -4.102548838209856e+01  -9.394657794107015e+01  -8.475356703718315e+00  4.634953489925686e+01  1.012211374201171e+01  -9.777390877765905e+00  -4.327548092772537e-05  -2.059911820840039e-05  1.761887415189987e-06
  1.849999999999983e+00  -6.036360079031416e+01  -8.799759044948794e+01  -7.902066862519104e+00  4.581117738440466e+01  1.111835369511165e+01  -1.007015866554888e+01  -4.315729179817884e-05  -2.116895957867170e-05  2.336985809798031e-06
  1.854999999999982e+00  -7.908943219233106e+01  -8.169033286509799e+01  -7.430919154862607e+00  4.513368221488106e+01  1.216296066048887e+01  -1.038320257250202e+01  -4.295171916497458e-05  -2.169321612226953e-05  2.857062533601252e-06
  1.859999999999982e+00  -9.763881357298368e+01  -7.592255516645447e+01  -8.119013638674677e+00  4.456690695781338e+01  1.148676939513766e+01  -9.938679971231727e+00  -4.222585703965210e-05  -2.238292724665730e-05  3.691320480451420e-06
  1.864999999999982e+00  -1.147793355712143e+02  -6.889310996292235e+01  -7.621612679653204e+00  4.361858044077719e+01  1.249875031524448e+01  -1.019362558605914e+01  -4.184785633258723e-05  -2.282395891434598e-05  4.105174553929573e-06
  1.869999999999982e+00  -1.315461556391457e+02  -6.253278510544148e+01  -8.250789259158786e+00  4.281522214756847e+01  1.162203343836256e+01  -9.583385386700771e+00  -4.097324844772596e-05  -2.342282007434380e-05  4.830448660751269e-06
  1.874999999999982e+00  -1.469000002120911e+02  -5.491660703522709e+01  -7.718383914336851e+00  4.160594371038167e+01  1.258000217537208e+01  -9.770627838830205e+00  -4.044375933074281e-05  -2.376878375602359e-05  5.136385724170401e-06
  1.879999999999982e+00  -1.613939172834782e+02  -4.712242820644972e+01  -7.294282280066615e+00  4.026827560792454e+01  1.354979041691575e+01  -9.954359530248018e+00  -3.984858070276623e-05  -2.405506081041646e-05  5.385355897863396e-06
  1.884999999999982e+00  -1.751216229056284e+02  -4.005726583283105e+01  -7.732351966369868e+00  3.911844364554501e+01  1.242321989543963e+01  -9.148806928634007e+00  -3.879307746604097e-05  -2.449572198150378e-05  5.948963315734595e-06
  1.889999999999982e+00  -1.875996642355784e+02  -3.190719287753578e+01  -7.262850151972771e+00  3.754674068818435e+01  1.330878483068658e+01  -9.251143209071582e+00  -3.808111014468382e-05  -2.466710262494138e-05  6.095688082021124e-06
  1.894999999999982e+00  -1.992070886718745e+02  -2.464388981040644e+01  -7.681398303716535e+00  3.619656562510558e+01  1.205587545196016e+01  -8.368193088194900e+00  -3.695540947333618e-05  -2.496973779605411e-05  6.548025494330156e-06
  1.899999999999981e+00  -2.095646824154327e+02  -1.629906879432057e+01  -7.155916640200973e+00  3.441617375299654e+01  1.284734064485560e+01  -8.388986761951553e+00  -3.615364249286424e-05  -2.501180001447268e-05  6.601046641365398e-06
  1.904999999999981e+00  -2.189408551827903e+02  -8.001339409795385e+00  -6.744461741390734e+00  3.254470402026831e+01  1.362124459842121e+01  -8.385153784390997e+00  -3.531692893704680e-05  -2.497751858113200e-05  6.607784574817292e-06
  1.909999999999981e+00  -2.271768111092201e+02  -6.489890109614004e-01  -6.992722010040939e+00  3.093842170538339e+01  1.220677352230745e+01  -7.414347912246789e+00  -3.413188040255558e-05  -2.505364634974649e-05  6.916732459975358e-06
  1.914999999999981e+00  -2.343558772839168e+02  7.582814581788270e+00  -6.519804744504305e+00  2.891237440126284e+01  1.287414624255535e+01  -7.327206875841730e+00  -3.324938596285595e-05  -2.486941613340200e-05  6.848576195698717e-06
  1.919999999999981e+00  -2.403903785066371e+02  1.470028682601229e+01  -6.773710679425634e+00  2.718544613390261e+01  1.143162671226653e+01  -6.371171757248372e+00  -3.208251842237974e-05  -2.476031530215214e-05  7.065014831183589e-06
  1.924999999999981e+00  -2.453761801670360e+02  2.269010918520972e+01  -6.249900424664306e+00  2.504841937353028e+01  1.199627804576081e+01  -6.209847249678372e+00  -3.118684532299676e-05  -2.441361152849547e-05  6.936080955243660e-06
  1.929999999999981e+00  -2.493635979254638e+02  3.041488989727997e+01  -5.827719716213735e+00  2.287450807910003e+01  1.252857057387470e+01  -6.011212446126546e+00  -3.029195031890747e-05  -2.397756261544241e-05  6.781733089968799e-06
  1.934999999999981e+00  -2.520589391733321e+02  3.699464159547976e+01  -5.931494255336389e+00  2.103942126227716e+01  1.103557228531066e+01  -5.074259817014766e+00  -2.919687276658990e-05  -2.358600035597259e-05  6.898857954370576e-06
  1.939999999999981e+00  -2.539083036972752e+02  4.423404669999039e+01  -5.461500711568309e+00  1.882639265279790e+01  1.147112665500228e+01  -4.811546930761769e+00  -2.833668803500027e-05  -2.297523044440545e-05  6.708952827001014e-06
  1.944999999999981e+00  -2.545256329689902e+02  5.019150433907367e+01  -5.570875938651210e+00  1.697840039409035e+01  1.003680077110237e+01  -3.956562282232899e+00  -2.734529668599801e-05  -2.237147680690984e-05  6.766846703029427e-06
  1.949999999999980e+00  -2.543093346907216e+02  5.680230452311931e+01  -5.054842809306263e+00  1.477605751520138e+01  1.038641865960471e+01  -3.641746835801590e+00  -2.655149335142643e-05  -2.158239394657051e-05  6.558404671165738e-06
  1.954999999999980e+00  -2.531760555838454e+02  6.296484204370736e+01  -4.640567237124549e+00  1.260026915596156e+01  1.070512789909828e+01  -3.290182950231823e+00  -2.579548044023750e-05  -2.070162334903928e-05  6.346622612325816e-06
  1.959999999999980e+00  -2.507571318658217e+02  6.787195771171532e+01  -4.611517651765277e+00  1.081752496621380e+01  9.313135678631511e+00  -2.530417129246381e+00  -2.499596189371709e-05  -1.980023909998194e-05  6.360167475538227e-06
  1.964999999999980e+00  -2.477067935019894e+02  7.322823957388658e+01  -4.159676099566238e+00  8.726695210559248e+00  9.560682938513541e+00  -2.143071894710349e+00  -2.434976537224205e-05  -1.874631835152899e-05  6.153925071720350e-06
  1.969999999999980e+00  -2.434694475049666e+02  7.724715404659244e+01  -4.116529330978667e+00  7.041253294061552e+00  8.277814527368355e+00  -1.494984146715869e+00  -2.372248084761328e-05  -1.764249288516670e-05  6.144308812617689e-06
  1.974999999999980e+00  -2.386282418777135e+02  8.170897622937068e+01  -3.647580480229500e+00  5.080193275445072e+00  8.467531521859943e+00  -1.086401297325534e+00  -2.321144980513892e-05  -1.642625598660183e-05  5.956373862055554e-06
  1.979999999999980e+00  -2.330052279053204e+02  8.561666070620277e+01  -3.264666460133424e+00  3.203876827712039e+00  8.633235962709460e+00  -6.490595293438579e-01  -2.276857920470310e-05  -1.513193742687748e-05  5.784037395437300e-06
  1.984999999999980e+00  -2.261959061044498e+02  8.829430693532940e+01  -3.088801769596115e+00  1.738897247851834e+00  7.438984355882117e+00  -1.277920757588396e-01  -2.242000493389003e-05  -1.377463732490085e-05  5.779565369534378e-06
  1.989999999999980e+00  -2.189832114203616e+02  9.123159871630138e+01  -2.699625919059699e+00  5.143648707305282e-02  7.560056103057092e+00  3.132004410269656e-01  -2.214206267913750e-05  -1.234530675739078e-05  5.641937727396044e-06
  1.994999999999979e+00  -2.106824572192999e+02  9.293520503662300e+01  -2.481320004294060e+00  -1.233885205641480e+00  6.479872678728640e+00  7.297714119765553e-01  -2.200387247573416e-05  -1.083834930941193e-05  5.643989025385205e-06
  1.999999999999979e+00  -2.020287800284072e+02  9.488285562866987e+01  -2.094002187930367e+00  -2.699794704118468e+00  6.561883668050650e+00  1.165399284527123e+00  -2.190437256295436e-05  -9.298659690127399e-06  5.549165390000593e-06
