TITLE = "Temporal Signal for receiver number 00005"
VARIABLES = "Time","s_xx","s_yy","s_zz","s_xy","s_yz","s_xz","v1","v2","v3"
# x1       3.919000000000e+03
# x2       3.919000000000e+03
# x3       -1.000000000000e-01
# cell-global-id 378
  0.000000000000000e+00  1.315673553804796e-02  -8.189432158429197e-04  -1.643250840141963e-02  0.000000000000000e+00  0.000000000000000e+00  -1.919651590108766e-02  -4.968365837185294e-03  0.000000000000000e+00  1.124816470948419e-02
  5.000000000000000e-03  1.481547565893444e+04  1.589097100193491e+04  3.346270281969841e+04  -5.479780424449287e+02  4.042456375397770e+02  -2.368046795157120e+03  -4.704905411719932e-03  -2.024101539605159e-04  9.894489604722953e-03
  1.000000000000000e-02  1.745799161358431e+04  1.932636484550815e+04  4.250987100929938e+04  -1.137569381978583e+03  1.580387539893947e+02  -4.343070044455005e+03  -4.298989818925899e-03  -4.011690978036161e-04  7.484093339230817e-03
  1.500000000000000e-02  4.677075106676302e+03  6.890801472623129e+03  1.800479899918895e+04  -1.048589414843099e+03  -4.847082488792350e+02  -4.571290418661902e+03  -3.300176058544550e-03  -5.118821664507555e-04  2.523412190143783e-03
  2.000000000000000e-02  -5.585496350161338e+02  2.304639233653343e+03  9.805777256955003e+03  -1.413034234370143e+03  -2.033531035465818e+02  -5.227031881858557e+03  -2.704463007376499e-03  -4.393922689655123e-04  4.307504857853394e-04
  2.500000000000000e-02  -4.794080541542975e+03  -1.435785348938645e+03  1.302254795787712e+03  -1.196244874884002e+03  6.676465886318808e+02  -3.871221893995376e+03  -1.626115678478605e-03  -1.734590784207052e-04  -1.334825045748874e-03
  3.000000000000000e-02  -8.525045967244761e+03  -4.775601309176993e+03  -5.225264783048888e+03  -1.310949358909766e+03  9.681081439078235e+02  -3.779792252527632e+03  -1.088504712827340e-03  2.274389207500823e-05  -2.082298365562160e-03
  3.500000000000000e-02  -1.138542971620721e+04  -7.370161173763855e+03  -1.060977506693174e+04  -1.301010162056602e+03  1.220847246250961e+03  -3.411314099765636e+03  -5.961451293591853e-04  2.266159313043139e-04  -2.466732677684050e-03
  4.000000000000000e-02  -9.200754118724893e+03  -5.165148857847245e+03  -6.692191775596949e+03  -1.123076706747782e+03  1.417402312511941e+03  -2.029324794205268e+03  7.142173559343785e-05  4.162450293367366e-04  -1.880929299445334e-03
  4.500000000000000e-02  -9.703897596495881e+03  -5.641195565843662e+03  -8.087914154811098e+03  -9.837293893399367e+02  1.463062696643189e+03  -1.401864769677600e+03  4.040473089406567e-04  5.524968004834720e-04  -1.671401784877164e-03
  5.000000000000000e-02  -7.464308152348263e+03  -3.614757732380583e+03  -3.961671560423372e+03  -9.074303985152568e+02  1.176287411564210e+03  -6.200169618696083e+02  7.273925640006165e-04  5.858825632886158e-04  -9.548836253740573e-04
  5.499999999999999e-02  -6.732167350895373e+03  -2.993083116540441e+03  -3.339097634763219e+03  -6.955747388201034e+02  1.157968031909259e+03  6.270985844873172e+01  9.165182136460338e-04  6.359671325856420e-04  -6.370159742653023e-04
  5.999999999999999e-02  -5.486749767900279e+03  -1.888314242899713e+03  -1.877654013091192e+03  -4.529698955750935e+02  1.162000644145133e+03  7.928211207904318e+02  1.065750704606675e-03  6.529028549019626e-04  -3.150925560860931e-04
  6.499999999999999e-02  -4.361509627917419e+03  -1.067591723094601e+03  -1.488566334779471e+02  -3.960166991198666e+02  7.932105365648358e+02  9.699360542311160e+02  1.071961208405675e-03  5.498961914931308e-04  -7.018080118824014e-06
  6.999999999999999e-02  -3.086119759610951e+03  3.235643719792822e+01  1.229184661883864e+03  -1.416109019674178e+02  7.992695462862860e+02  1.567007479292132e+03  1.123235502767034e-03  5.106502706362582e-04  1.760737439201977e-04
  7.500000000000000e-02  -2.826650958194936e+03  2.223237244458257e+01  1.097920613567777e+03  -6.999250892692521e+01  5.252582493123311e+02  1.407704922613393e+03  1.001285101227512e-03  3.766868142673853e-04  1.963190611846439e-04
  8.000000000000000e-02  -1.808980299870611e+03  8.719756461618383e+02  1.946260840340449e+03  1.713056115417761e+02  5.240007270136946e+02  1.825362467366146e+03  9.872634874479229e-04  3.051905508130313e-04  2.461823697426535e-04
  8.500000000000001e-02  -9.461462438715887e+02  1.560748683088264e+03  2.522424949534673e+03  3.995396432570074e+02  4.807417858959271e+02  2.163176807312639e+03  9.558441497824855e-04  2.268748292036954e-04  2.581037108939731e-04
  9.000000000000001e-02  -1.142706309675059e+03  1.165724270495198e+03  1.448626849540452e+03  4.769728959035627e+02  2.881795321279133e+02  1.718363257139791e+03  7.559911152952931e-04  9.425499616822802e-05  1.208901515828120e-04
  9.500000000000001e-02  -6.186505949790585e+02  1.540719152572507e+03  1.484827187972671e+03  6.669204036934241e+02  1.958513433319119e+02  1.861927401333522e+03  6.939513956321123e-04  1.241853902532769e-05  7.145771399882438e-05
  1.000000000000000e-01  -6.825403671738850e+02  1.333831435348345e+03  6.983915577138929e+02  7.512589607470971e+02  6.829217872397922e+01  1.390068739678429e+03  5.014575444278402e-04  -8.861110374427735e-05  -3.597230383718014e-05
  1.050000000000000e-01  -4.018603219825578e+02  1.493154919057406e+03  4.442201368076582e+02  8.988341564828005e+02  -7.394020879401329e+01  1.386277361369845e+03  4.281529520741045e-04  -1.590375437181276e-04  -9.441751424077788e-05
  1.100000000000000e-01  -2.331285782085743e+02  1.549370378350957e+03  6.338067003357491e+01  1.021016068000555e+03  -2.452227890004415e+02  1.306918888554103e+03  3.526083569194613e-04  -2.250880499791536e-04  -1.570135417148676e-04
  1.150000000000000e-01  -1.282531144350014e+02  1.585700432694817e+03  -1.856681182210199e+02  1.079207892685233e+03  -3.022565744841457e+02  8.719178181077959e+02  2.009476490571019e-04  -2.737150565589263e-04  -1.882544945438205e-04
  1.200000000000000e-01  -4.883341881168239e+01  1.588496496793433e+03  -5.402230814580888e+02  1.160586293264790e+03  -4.769556269290578e+02  7.236079204309257e+02  1.326487195092528e-04  -3.190555769414262e-04  -2.280626035878314e-04
  1.250000000000000e-01  1.659573572622962e+02  1.779018158439770e+03  -4.409982451178069e+02  1.203344265423910e+03  -4.625549880297827e+02  4.229418820475595e+02  3.099530120569918e-05  -3.289650622853979e-04  -2.142553851936371e-04
  1.300000000000000e-01  2.232185241293247e+02  1.788818958012684e+03  -6.656172410340066e+02  1.247764740030442e+03  -6.129280294217673e+02  2.476888425483078e+02  -2.077345147449041e-05  -3.523569870418968e-04  -2.343143724446340e-04
  1.350000000000000e-01  2.533534941001326e+02  1.787352513933716e+03  -8.672406548479157e+02  1.276944033190001e+03  -7.506811515042465e+02  5.914237717043193e+01  -6.875622699469061e-05  -3.680372829435185e-04  -2.466521722572411e-04
  1.400000000000000e-01  4.658074430350559e+02  2.024626517020544e+03  -5.744437237381491e+02  1.286683352951560e+03  -6.477463198729893e+02  -7.771725658130988e+01  -1.096526435638159e-04  -3.362192654239220e-04  -2.093986150898499e-04
  1.450000000000000e-01  5.006185942620727e+02  2.048658982478377e+03  -6.469014644087464e+02  1.290896546502571e+03  -7.371409437867738e+02  -2.431256405995963e+02  -1.369827554830868e-04  -3.327650447076283e-04  -2.114286603778695e-04
  1.500000000000000e-01  6.366986384857194e+02  2.226868679002731e+03  -4.132978693079941e+02  1.282022857579560e+03  -6.016498940522537e+02  -2.668998111873700e+02  -1.414792491677998e-04  -2.851087531732996e-04  -1.826928159753372e-04
  1.550000000000001e-01  6.522889482310831e+02  2.251767636577728e+03  -4.368963167486281e+02  1.269966240060859e+03  -6.414468059953816e+02  -3.873206016831284e+02  -1.514102062479306e-04  -2.684562289876537e-04  -1.803644655486449e-04
  1.600000000000001e-01  6.731839597435340e+02  2.282481617115367e+03  -4.210590686068590e+02  1.251042983275801e+03  -6.606133942005983e+02  -4.987196993978761e+02  -1.546137124074160e-04  -2.463230620625078e-04  -1.779154375990615e-04
  1.650000000000001e-01  7.145936975401937e+02  2.373042799799303e+03  -2.899707075332586e+02  1.219987525568159e+03  -5.052840666382688e+02  -4.210966094338272e+02  -1.260146403879627e-04  -1.903638380704614e-04  -1.648278709307290e-04
  1.700000000000001e-01  7.128911739553110e+02  2.386462909251211e+03  -2.787119489051918e+02  1.193215451417530e+03  -4.894490570406579e+02  -4.835378278244497e+02  -1.160969360876056e-04  -1.626328833481461e-04  -1.646685840876572e-04
  1.750000000000001e-01  7.034727431482499e+02  2.415910131455448e+03  -2.256058209764584e+02  1.149889690316271e+03  -3.599897744433239e+02  -3.791195707795841e+02  -7.770414253440160e-05  -1.124249995748754e-04  -1.622346060144204e-04
  1.800000000000001e-01  6.897549797878087e+02  2.406939574436398e+03  -2.232283842069250e+02  1.117940064054715e+03  -3.279667555186377e+02  -4.077953933141874e+02  -5.817265639973667e-05  -8.317693090808500e-05  -1.662673728704314e-04
  1.850000000000001e-01  6.668574586701964e+02  2.386348607618384e+03  -2.327990791191525e+02  1.085228820114666e+03  -2.846835657647210e+02  -4.174375365260716e+02  -3.599811641558728e-05  -5.402682522394617e-05  -1.707897040972827e-04
  1.900000000000001e-01  6.372887436120598e+02  2.369823212144524e+03  -2.204851290827936e+02  1.032328698601389e+03  -1.957877282664859e+02  -3.044561930649797e+02  5.076217722198475e-06  -1.626789497357075e-05  -1.736485694493904e-04
  1.950000000000001e-01  6.075212948434632e+02  2.323910032913775e+03  -2.466485248418289e+02  9.982314739788690e+02  -1.547149412515333e+02  -2.927624990195096e+02  3.072564035652764e-05  9.220126387887099e-06  -1.799941796000322e-04
  2.000000000000001e-01  5.915145294261698e+02  2.299354327885272e+03  -2.204984734328911e+02  9.417678714950558e+02  -1.042444483974234e+02  -2.046091116267645e+02  6.504272994907185e-05  3.551555828019691e-05  -1.805484681790851e-04
  2.050000000000001e-01  5.576794794230138e+02  2.232600098775456e+03  -2.611481009622878e+02  9.081157720244759e+02  -7.058620909535900e+01  -1.787791879537354e+02  9.020712815447938e-05  5.507935571835305e-05  -1.850912088407551e-04
  2.100000000000001e-01  5.225341143389867e+02  2.154710268664686e+03  -3.048742731706759e+02  8.748844619487521e+02  -4.000810515432092e+01  -1.455659847605735e+02  1.153018385861053e-04  7.236600541180790e-05  -1.890800936499682e-04
  2.150000000000001e-01  5.343481608686122e+02  2.128367687539742e+03  -2.443139854682409e+02  8.196066714603622e+02  -2.707344571770675e+01  -9.129395141506970e+01  1.383643143183073e-04  8.528319075349498e-05  -1.829495542340030e-04
  2.200000000000001e-01  5.027218011582692e+02  2.038215576021683e+03  -2.861589357658845e+02  7.880708692094382e+02  -8.660864984713415e+00  -5.597270364237564e+01  1.598203462905963e-04  9.601646414117577e-05  -1.827515922815115e-04
  2.250000000000001e-01  5.299013322184732e+02  2.012320265570389e+03  -2.046853221360302e+02  7.366125216198080e+02  -1.115289339209176e+01  -3.254254300605884e+01  1.734972706655272e-04  1.023239238096874e-04  -1.725322099147473e-04
  2.300000000000001e-01  5.075685233353929e+02  1.917910075428898e+03  -2.287079635309630e+02  7.076487291970366e+02  -2.957780142609088e+00  -8.164178964048667e-01  1.903351327126078e-04  1.075026991263654e-04  -1.687636621625650e-04
  2.350000000000001e-01  4.858489582632839e+02  1.818908581255023e+03  -2.495760328663706e+02  6.791264411268156e+02  7.562339108956313e-01  3.195680754173658e+01  2.052432679873940e-04  1.100106669669881e-04  -1.634206349626031e-04
  2.400000000000001e-01  5.175092843618637e+02  1.785232521083097e+03  -1.611500342778055e+02  6.358629504954498e+02  -8.635860393956454e+00  2.546927314452363e+01  2.079134643038862e-04  1.101430588762051e-04  -1.503779393886397e-04
  2.450000000000001e-01  5.038248701120903e+02  1.687685088225506e+03  -1.618841903337571e+02  6.101716830937054e+02  -9.785431020058031e+00  5.088113684948744e+01  2.175078900528648e-04  1.084839646852925e-04  -1.432396639861343e-04
  2.500000000000001e-01  5.225278069108858e+02  1.639356859316017e+03  -9.344055807277505e+01  5.739790121836365e+02  -1.485368117112729e+01  3.007124523847172e+01  2.143761991907775e-04  1.067284333961864e-04  -1.322200643329619e-04
  2.550000000000001e-01  5.084733415336144e+02  1.539013999504984e+03  -8.965286534165001e+01  5.507000370728372e+02  -1.786250549069878e+01  4.794347742842698e+01  2.190482548461047e-04  1.020156050061859e-04  -1.251157854574489e-04
  2.600000000000001e-01  4.981891670138037e+02  1.441772626575959e+03  -7.412999485412210e+01  5.276098249614009e+02  -2.139610294623837e+01  6.311991441511012e+01  2.213928962058775e-04  9.566992081321624e-05  -1.182763645056388e-04
  2.650000000000001e-01  4.951790332509649e+02  1.375523629567029e+03  -3.810585658081350e+01  5.002724255000954e+02  -1.828712424294817e+01  3.208678048417713e+01  2.120932442514297e-04  9.208500125669154e-05  -1.118367662400640e-04
  2.700000000000001e-01  4.801646974573642e+02  1.275456325248145e+03  -2.695423392115939e+01  4.787952182433760e+02  -2.030373514834739e+01  3.954040143233827e+01  2.103077898339672e-04  8.397970477990383e-05  -1.071190363719797e-04
  2.750000000000001e-01  4.609825465264432e+02  1.197754945919733e+03  -1.506349381198831e+01  4.569649308722283e+02  -1.224445368509136e+01  9.980891071691405e+00  1.991219353345783e-04  7.951843273723258e-05  -1.040043735608997e-04
  2.800000000000001e-01  4.414728885455824e+02  1.097931659564260e+03  -8.779987428753241e+00  4.366527273386283e+02  -1.117010427039372e+01  1.191187300743317e+01  1.938298832113105e-04  7.004935209974661e-05  -1.013203592811367e-04
  2.850000000000001e-01  4.193910392815169e+02  9.965768522734713e+02  -5.601090287901625e+00  4.155513045589823e+02  -1.017906371964708e+01  9.425518120055276e+00  1.870765352509541e-04  5.996484091146759e-05  -9.947679870872259e-05
  2.900000000000001e-01  3.894898177740503e+02  9.167198559792281e+02  -1.090367187534993e+01  3.987832956072868e+02  1.442551826201849e+00  -1.521324233351177e+01  1.743910631016069e-04  5.411602078709808e-05  -9.886668595071154e-05
  2.950000000000002e-01  3.612815854116990e+02  8.153962259331682e+02  -1.906020726045336e+01  3.779528912177519e+02  4.300377949734473e+00  -2.128117906752692e+01  1.654717700498970e-04  4.328639078485872e-05  -9.780742018166582e-05
  3.000000000000002e-01  3.325463761110978e+02  7.413821674175123e+02  -2.268689125379270e+01  3.633908803744690e+02  1.445895489515700e+01  -3.712359558582231e+01  1.536009046538957e-04  3.623964199134101e-05  -9.634125350682663e-05
  3.050000000000002e-01  3.030147542078392e+02  6.438889372318934e+02  -3.568230496901810e+01  3.421384434304318e+02  1.719300918814844e+01  -4.639806066257474e+01  1.437348005686181e-04  2.502532320073883e-05  -9.523008637807564e-05
  3.100000000000002e-01  2.682768680723254e+02  5.443461227877634e+02  -5.834069684470185e+01  3.200713818344808e+02  1.929259095680360e+01  -5.752938541084590e+01  1.331026370455628e-04  1.362320708995418e-05  -9.351284985795668e-05
  3.150000000000002e-01  2.494943122977591e+02  4.873223737820133e+02  -5.130043690787898e+01  3.068989906041407e+02  2.593042187551622e+01  -6.332508032772864e+01  1.229943552744504e-04  5.625700845600147e-06  -8.902757215533150e-05
  3.200000000000002e-01  2.176118802447128e+02  3.960150134755339e+02  -7.324106234146451e+01  2.842623746947983e+02  2.622358223160808e+01  -7.540639578036685e+01  1.125511546921092e-04  -5.708189191141799e-06  -8.606314515225508e-05
  3.250000000000002e-01  2.098579554700620e+02  3.534378038653433e+02  -5.373225767572924e+01  2.711304614777915e+02  2.954833681569014e+01  -7.359462237143921e+01  1.044086839726478e-04  -1.403148974422791e-05  -7.897882525836000e-05
  3.300000000000002e-01  1.782611107293690e+02  2.684125693693118e+02  -8.092317600076530e+01  2.481672338022130e+02  2.701321312995217e+01  -8.458111439746216e+01  9.445638146595639e-05  -2.492317258103716e-05  -7.435738541910265e-05
  3.350000000000002e-01  1.808270858566203e+02  2.393463184226401e+02  -5.267299390351620e+01  2.346157265689241e+02  2.799994399770628e+01  -7.763632005459503e+01  8.821065783556723e-05  -3.285186688505775e-05  -6.552116424348650e-05
  3.400000000000002e-01  1.552826690395000e+02  1.657963165019799e+02  -7.563410632109105e+01  2.113818891587947e+02  2.295949990902542e+01  -8.799121382497825e+01  7.923619946870556e-05  -4.289789766651318e-05  -6.038330981655095e-05
  3.450000000000002e-01  1.284397987752650e+02  9.417620926684837e+01  -1.031170330881529e+02  1.878314011718344e+02  1.586887600211540e+01  -9.820805521673279e+01  7.039298888718562e-05  -5.252144229034867e-05  -5.536747217069936e-05
  3.500000000000002e-01  1.440007972497110e+02  8.396748626732766e+01  -6.844409885824716e+01  1.741963170083977e+02  1.540098363642127e+01  -8.718333141271927e+01  6.660144632122428e-05  -5.850847429685074e-05  -4.641320652400768e-05
  3.550000000000002e-01  1.231878340928914e+02  2.384688719910684e+01  -9.356015882883382e+01  1.509608772606886e+02  6.207170925268246e+00  -9.634979976877641e+01  5.888820364007266e-05  -6.670802995279776e-05  -4.264442760444845e-05
  3.600000000000002e-01  1.454431351299201e+02  2.374768169382342e+01  -5.914173671309695e+01  1.369824953029656e+02  6.498901735308313e+00  -8.476534076291544e+01  5.633674894828846e-05  -7.082330315577039e-05  -3.540607241122282e-05
  3.650000000000002e-01  1.294539614328736e+02  -2.590871379436990e+01  -8.482619039693368e+01  1.145482663978029e+02  -4.091644161956257e+00  -9.275738193375710e+01  4.962252307141945e-05  -7.730704021473203e-05  -3.400767468833462e-05
  3.700000000000002e-01  1.136827809132387e+02  -7.246114074973428e+01  -1.142970692982071e+02  9.239387537964961e+01  -1.599845426625741e+01  -1.008600297427267e+02  4.323417271273310e-05  -8.303146926878396e-05  -3.437135410372693e-05
  3.750000000000002e-01  1.464949678783316e+02  -5.613642547375034e+01  -7.886681917173736e+01  7.928960095306688e+01  -1.350712555497458e+01  -8.899268990919005e+01  4.225713973508942e-05  -8.376414201049583e-05  -3.130524973654182e-05
  3.800000000000002e-01  1.363057602060285e+02  -9.177241480689099e+01  -1.086533512004545e+02  5.865182187809111e+01  -2.536736596894938e+01  -9.637889917933452e+01  3.682803003277344e-05  -8.754274319118658e-05  -3.516349492032794e-05
  3.850000000000002e-01  1.759709911366613e+02  -6.525987434211125e+01  -7.143514571644256e+01  4.612194162553187e+01  -2.069856101754598e+01  -8.527360225070059e+01  3.650275742890534e-05  -8.602282040393460e-05  -3.530875719188442e-05
  3.900000000000002e-01  1.687350676000752e+02  -9.308603168820247e+01  -1.067152832518894e+02  2.746682084845657e+01  -3.240929600096445e+01  -9.194391454017425e+01  3.197755752914715e-05  -8.775790121360263e-05  -4.235567117220153e-05
  3.950000000000002e-01  1.634872838840551e+02  -1.162539182318472e+02  -1.430692750645377e+02  9.816580517755861e+00  -4.394145031153850e+01  -9.880895974013345e+01  2.783706615099215e-05  -8.877638077114574e-05  -5.131863524713646e-05
  4.000000000000002e-01  2.138934276014756e+02  -7.389298973328579e+01  -1.001913625140480e+02  -2.149676720076220e-01  -3.643125951142270e+01  -8.702859687945346e+01  2.861334173278673e-05  -8.412304534104356e-05  -5.490935936455109e-05
  4.050000000000002e-01  2.114218419584157e+02  -9.000143366930610e+01  -1.412323321840757e+02  -1.516462671996697e+01  -4.719160136261544e+01  -9.270964734446279e+01  2.539571173825551e-05  -8.330977758371299e-05  -6.577497589726310e-05
  4.100000000000003e-01  2.669866029014449e+02  -3.982349816375412e+01  -9.466108776510384e+01  -2.344645920749823e+01  -3.866607015266073e+01  -8.051014984778290e+01  2.664011213816169e-05  -7.710707949593247e-05  -7.041541440549902e-05
  4.150000000000003e-01  2.709948773669054e+02  -4.553003288591721e+01  -1.314376021022848e+02  -3.543763127900047e+01  -4.781012289473657e+01  -8.488498906414287e+01  2.445394163784465e-05  -7.487814935711233e-05  -8.211640111885693e-05
  4.200000000000003e-01  2.736772560620757e+02  -5.055739903653577e+01  -1.741616306246851e+02  -4.583167401288813e+01  -5.703735265946798e+01  -8.853519696998407e+01  2.267721271743126e-05  -7.207794493080164e-05  -9.383116077339761e-05
  4.250000000000003e-01  3.362609500177318e+02  1.038410491573347e+01  -1.197039654728676e+02  -5.033066997393564e+01  -4.733170625429157e+01  -7.439016560161699e+01  2.486480170030811e-05  -6.420634906025183e-05  -9.752040952947162e-05
  4.300000000000003e-01  3.446696537322708e+02  1.424924553227190e+01  -1.559064520159344e+02  -5.751121123128483e+01  -5.513526140076088e+01  -7.606320364011785e+01  2.415880525711338e-05  -6.050326300225311e-05  -1.078536356259363e-04
  4.350000000000003e-01  4.066693176512278e+02  7.640211790545280e+01  -1.014638381408611e+02  -5.969049540330194e+01  -4.590240292413116e+01  -6.174539925238557e+01  2.658849956335977e-05  -5.225461511938812e-05  -1.099740253861275e-04
  4.400000000000003e-01  4.172254151671354e+02  8.524338459791291e+01  -1.345760383455228e+02  -6.358853828927256e+01  -5.296128409829793e+01  -6.087105806129616e+01  2.677686482517250e-05  -4.798723332608916e-05  -1.175716935109151e-04
  4.450000000000003e-01  4.295835812140924e+02  9.720267258944723e+01  -1.644580549055157e+02  -6.601112726483545e+01  -5.971912411111488e+01  -5.904755965485327e+01  2.750622656493522e-05  -4.363634942800817e-05  -1.238632634636687e-04
  4.500000000000003e-01  4.886335467734885e+02  1.589612937953924e+02  -1.096246172513797e+02  -6.444764083552690e+01  -5.067031362764511e+01  -4.449069769286650e+01  3.034299806907495e-05  -3.539096347074461e-05  -1.218901053919268e-04
  4.550000000000003e-01  5.021491435338222e+02  1.743738814762547e+02  -1.335368616795575e+02  -6.398811475573716e+01  -5.678544107833925e+01  -4.031712519248309e+01  3.179288009604640e-05  -3.105355883356592e-05  -1.245495103998431e-04
  4.600000000000003e-01  5.531661405242531e+02  2.294472255845717e+02  -8.613442303172253e+01  -6.050027555476162e+01  -4.852064396536340e+01  -2.795260350966997e+01  3.439280522990674e-05  -2.340032310956743e-05  -1.202131222343407e-04
  4.650000000000003e-01  5.668677287463781e+02  2.467662445704664e+02  -1.035082113966826e+02  -5.775494420821605e+01  -5.409366588555265e+01  -2.254758746822095e+01  3.648055221875335e-05  -1.938725413610216e-05  -1.193985464065630e-04
  4.700000000000003e-01  5.809291592431096e+02  2.655641001112961e+02  -1.164512819437362e+02  -5.391935566796882e+01  -5.954000049079220e+01  -1.597866399580508e+01  3.884308432804259e-05  -1.565125337050093e-05  -1.169481226149478e-04
  4.750000000000003e-01  6.197299569706023e+02  3.104446110535527e+02  -7.767202316888357e+01  -4.802825190365591e+01  -5.132135135576693e+01  -6.971317375895655e+00  4.111882686425342e-05  -9.144804764361864e-06  -1.090966371543537e-04
  4.800000000000003e-01  6.314032633131159e+02  3.281648367334690e+02  -8.574405277949440e+01  -4.271304335143183e+01  -5.631592776782229e+01  -3.635655695585113e-01  4.381546635178060e-05  -6.045861698066294e-06  -1.039502112558489e-04
  4.850000000000003e-01  6.587940187391450e+02  3.629510689394144e+02  -5.757591735260873e+01  -3.585193658637881e+01  -4.839559782673309e+01  4.707168033356207e+00  4.558514519685714e-05  -6.008129306019402e-07  -9.498288941010579e-05
  4.900000000000003e-01  6.665450712938557e+02  3.783110024133733e+02  -6.213340003754301e+01  -2.946710519998506e+01  -5.256196568267669e+01  1.095309634131780e+01  4.833107746083512e-05  1.686932366524692e-06  -8.804846555473576e-05
  4.950000000000003e-01  6.732519225310148e+02  3.930049683156532e+02  -6.350550179343631e+01  -2.279636737494385e+01  -5.687111671061994e+01  1.687664328630818e+01  5.121423367386479e-05  3.603929511672989e-06  -8.053284563428184e-05
  5.000000000000003e-01  6.862091817642439e+02  4.153796966350512e+02  -4.594958270156793e+01  -1.510237948193151e+01  -4.831716943019309e+01  1.709984052764021e+01  5.245304135361634e-05  7.531428650755832e-06  -7.097394512631722e-05
  5.050000000000003e-01  6.873188262969792e+02  4.258029061629054e+02  -4.657768693905656e+01  -8.043471626995146e+00  -5.167293692978335e+01  2.163025439704628e+01  5.517452181123319e-05  8.603943720061563e-06  -6.324746280382608e-05
  5.100000000000003e-01  6.914002646457946e+02  4.407773930996376e+02  -3.583039806121839e+01  -1.548720426567006e-01  -4.310704275917930e+01  1.891746383555712e+01  5.617042036576742e-05  1.146855581641913e-05  -5.438715504824434e-05
  5.150000000000003e-01  6.867875259525609e+02  4.461733230668696e+02  -3.701404813265273e+01  6.885860378066525e+00  -4.583823283681018e+01  2.128906020663056e+01  5.877403197840850e-05  1.184093914743246e-05  -4.739817343727287e-05
  5.200000000000004e-01  6.795047349259041e+02  4.494705939755805e+02  -3.810760495921647e+01  1.388909843399650e+01  -4.828639142569342e+01  2.302897424380720e+01  6.122806034591352e-05  1.184067249495627e-05  -4.107758044536686e-05
  5.250000000000004e-01  6.738631717596231e+02  4.566077177760168e+02  -3.269570061634737e+01  2.174731049907411e+01  -3.917118794531165e+01  1.761687353154882e+01  6.212093577879897e-05  1.345264599445028e-05  -3.420781776503250e-05
  5.300000000000004e-01  6.609730736880724e+02  4.546822691747662e+02  -3.591347273422294e+01  2.849222057910928e+01  -4.102675678887236e+01  1.718148853586980e+01  6.440199081955114e-05  1.294134638063464e-05  -2.969182526564601e-05
  5.350000000000004e-01  6.517597765003710e+02  4.594643227994702e+02  -3.080160278339687e+01  3.625460350487097e+01  -3.228738283181886e+01  1.154494047434179e+01  6.550817069812086e-05  1.380316056695194e-05  -2.448860113678464e-05
  5.400000000000004e-01  6.335926415565619e+02  4.528879799255448e+02  -3.672621537466711e+01  4.280254646985309e+01  -3.339742438500170e+01  9.946552781153924e+00  6.753596291810354e-05  1.286045611782183e-05  -2.208010960226375e-05
  5.450000000000004e-01  6.128392358291128e+02  4.434912108326689e+02  -4.446615896654929e+01  4.913854925802373e+01  -3.452507420953966e+01  7.196559319976810e+00  6.941760261986495e-05  1.181562540872819e-05  -2.090839562967074e-05
  5.500000000000004e-01  6.007118261396852e+02  4.463589929498369e+02  -3.753925460696535e+01  5.671898600394511e+01  -2.612574920140363e+01  2.332834417245863e+00  7.082629314886735e-05  1.200856643656211e-05  -1.830084698968310e-05
  5.550000000000004e-01  5.760340367693548e+02  4.332222613879616e+02  -4.771324272933465e+01  6.289939324452554e+01  -2.672253548446399e+01  -7.934639019366427e-01  7.244861447414825e-05  1.077201118682373e-05  -1.920763275549830e-05
  5.600000000000004e-01  5.639308767305212e+02  4.364002326064028e+02  -3.764985020600237e+01  7.032418904287509e+01  -1.937670640216605e+01  -3.919310232814393e+00  7.415170760651905e-05  1.063658825380272e-05  -1.797713639208237e-05
  5.650000000000004e-01  5.370489048561535e+02  4.204939202031607e+02  -4.850531008933265e+01  7.634203930843735e+01  -1.987468777355751e+01  -7.328082761494660e+00  7.556974815233682e-05  9.417576078461638e-06  -2.063690670389037e-05
  5.700000000000004e-01  5.077984668389369e+02  4.020999951445439e+02  -6.211711495293493e+01  8.226760295605754e+01  -2.018721164646656e+01  -1.076698100863505e+01  7.670715117972279e-05  8.193319942139774e-06  -2.416049519786015e-05
  5.750000000000004e-01  4.966480580976996e+02  4.056540459370144e+02  -4.683773105613508e+01  8.947760259770629e+01  -1.402576241955776e+01  -1.136546496230080e+01  7.850308245552474e-05  7.931209093776042e-06  -2.438105401339088e-05
  5.800000000000004e-01  4.665881903759652e+02  3.855154631690550e+02  -5.974200921712173e+01  9.529903773839452e+01  -1.439614652557630e+01  -1.427463280800713e+01  7.933247814220339e-05  6.862374250313454e-06  -2.886027779850540e-05
  5.850000000000004e-01  4.554054340402043e+02  3.881409935333162e+02  -4.269163961526108e+01  1.021933662982447e+02  -9.573607196731185e+00  -1.327378627995438e+01  8.098978228012077e-05  6.553408535464668e-06  -2.957039278812860e-05
  5.900000000000004e-01  4.250723224283993e+02  3.668735972892150e+02  -5.415830353760176e+01  1.078684575410346e+02  -9.850165554913968e+00  -1.506098697225608e+01  8.136641978449504e-05  5.616198826683854e-06  -3.441491089659124e-05
  5.950000000000004e-01  3.936428879947580e+02  3.439113614756148e+02  -6.670318073073105e+01  1.134395770839187e+02  -1.015656965587992e+01  -1.670759371692471e+01  8.143074470996463e-05  4.782757962493465e-06  -3.937989350739674e-05
  6.000000000000004e-01  3.825933026695126e+02  3.446739787860531e+02  -4.661239246460794e+01  1.197914191684047e+02  -6.762544598200562e+00  -1.392411096830673e+01  8.245150701037113e-05  4.554742403701417e-06  -4.002719729544986e-05
  6.050000000000004e-01  3.516423720279565e+02  3.211325651463075e+02  -5.641988849432983e+01  1.250535707022615e+02  -7.009815376699883e+00  -1.442654998161038e+01  8.192631648759718e-05  3.832469944118343e-06  -4.458281040697142e-05
  6.100000000000004e-01  3.382545447596372e+02  3.178444560961290e+02  -3.837689256754043e+01  1.307537897784553e+02  -4.851973413079511e+00  -1.145396648971921e+01  8.221926370288964e-05  3.583620747971742e-06  -4.504002253315625e-05
  6.150000000000004e-01  3.074783054404709e+02  2.932939712191913e+02  -4.572338248095107e+01  1.356348603958920e+02  -5.211482426625040e+00  -1.106825467930003e+01  8.098809836409113e-05  2.954319143968854e-06  -4.885873660506516e-05
  6.200000000000004e-01  2.764492226924149e+02  2.680732771860757e+02  -5.250994043495454e+01  1.401740658190857e+02  -5.422297272751913e+00  -1.047578335653287e+01  7.937977497740389e-05  2.312394882965468e-06  -5.225155526818337e-05
  6.250000000000004e-01  2.601444672972173e+02  2.595036804994241e+02  -3.594644582742754e+01  1.447843480431078e+02  -4.482053697023722e+00  -7.502338975247120e+00  7.838040320901696e-05  1.977652310096566e-06  -5.188971065027664e-05
  6.300000000000004e-01  2.290398049561547e+02  2.332613959287022e+02  -4.039421778899214e+01  1.487064474556555e+02  -4.794086982150574e+00  -6.360701005410683e+00  7.595688401065994e-05  1.290264882809969e-06  -5.428730493288965e-05
  6.350000000000005e-01  2.085111771045662e+02  2.189544566587231e+02  -2.846512537887205e+01  1.523326082081620e+02  -4.780468157728911e+00  -4.284506698527778e+00  7.393924665714376e-05  7.789670849448613e-07  -5.353283182954058e-05
  6.400000000000005e-01  1.771645738261230e+02  1.917180474125852e+02  -3.104561910235129e+01  1.553470065945106e+02  -5.158315399212933e+00  -3.109999597794881e+00  7.071723969215493e-05  -6.665452545098904e-08  -5.496966640151411e-05
  6.450000000000005e-01  1.453578820452688e+02  1.639066322476996e+02  -3.312180117577396e+01  1.579293688890717e+02  -5.575171150407222e+00  -1.945702599745589e+00  6.707349379036522e-05  -1.009387886645668e-06  -5.590392465542962e-05
  6.500000000000005e-01  1.205112685163414e+02  1.438490888810604e+02  -2.482722132412152e+01  1.600198439829360e+02  -6.398549413484583e+00  -8.603999085897622e-01  6.366263505855540e-05  -1.864523834127654e-06  -5.440276237422940e-05
  6.550000000000005e-01  8.794831795539878e+01  1.149577133234109e+02  -2.630773235043491e+01  1.614869666417850e+02  -7.062338101497618e+00  -1.529205463405266e-01  5.927568753389037e-05  -3.057880956556220e-06  -5.456151781581459e-05
  6.600000000000005e-01  5.957636954462022e+01  9.085911144078369e+01  -2.166587465058123e+01  1.624429558674639e+02  -8.356823015238396e+00  6.875217642613557e-02  5.501441253427559e-05  -4.176520594875588e-06  -5.278185624974386e-05
  6.650000000000005e-01  2.636953076822278e+01  6.148224830195620e+01  -2.259963694077237e+01  1.628624146805716e+02  -9.282705152489175e+00  4.201344212691346e-01  4.992113509147981e-05  -5.636798624318163e-06  -5.234612198372356e-05
  6.700000000000005e-01  -4.300155413846688e+00  3.512771627368605e+01  -1.990409441672418e+01  1.626844732269015e+02  -1.075779628709266e+01  1.383543443178795e-01  4.498022703443189e-05  -6.980907400246438e-06  -5.034979302030670e-05
  6.750000000000005e-01  -3.838459778337897e+01  5.260540299932602e+00  -2.187710176117017e+01  1.618988035354172e+02  -1.209671460570067e+01  -2.223167660181174e-01  3.935682026267477e-05  -8.687961925729464e-06  -4.948848846928842e-05
  6.800000000000005e-01  -7.248334311939730e+01  -2.421187372497994e+01  -2.354093383162374e+01  1.605457232490836e+02  -1.373686467296960e+01  -9.888455498169402e-01  3.347156476488387e-05  -1.052266356493931e-05  -4.849484732251884e-05
  6.850000000000005e-01  -1.039295457199551e+02  -5.031141371490119e+01  -2.134861628296762e+01  1.587885335318500e+02  -1.508166786949989e+01  -1.376017836017694e+00  2.787261019958017e-05  -1.207329280099065e-05  -4.624687538472288e-05
  6.900000000000005e-01  -1.384531314859720e+02  -7.934048195289981e+01  -2.484880123192849e+01  1.562913247551984e+02  -1.724806957828671e+01  -2.818678766616513e+00  2.167392437971485e-05  -1.405325547348800e-05  -4.508174719000033e-05
  6.950000000000005e-01  -1.694396540291093e+02  -1.037178309630609e+02  -2.223968873248119e+01  1.535502999274318e+02  -1.807237475230389e+01  -2.816655820210882e+00  1.584934901869400e-05  -1.558122458729693e-05  -4.277196062674250e-05
  7.000000000000005e-01  -2.024238329155208e+02  -1.300014563112902e+02  -2.487276007000746e+01  1.501204319490887e+02  -2.053099845589996e+01  -4.580596522298629e+00  9.468989504245519e-06  -1.760120388917722e-05  -4.162933498785115e-05
  7.050000000000005e-01  -2.360154567452562e+02  -1.562829938024942e+02  -3.017022472103319e+01  1.461310356288811e+02  -2.356725835099541e+01  -6.898141877629881e+00  3.036316346954135e-06  -1.963584211789456e-05  -4.048934599160179e-05
  7.100000000000005e-01  -2.638303672616859e+02  -1.751466680488711e+02  -2.565232681001658e+01  1.421756649096475e+02  -2.341383554285810e+01  -6.011955798687552e+00  -2.800771829773577e-06  -2.089873409513125e-05  -3.824139072269705e-05
  7.150000000000005e-01  -2.946042972430961e+02  -1.971862451080214e+02  -2.971779407702678e+01  1.374741127655812e+02  -2.660167196229452e+01  -8.431708223963760e+00  -9.175638350637418e-06  -2.278625827086015e-05  -3.725404681823162e-05
  7.200000000000005e-01  -3.192649582753917e+02  -2.110594947648993e+02  -2.323274474039399e+01  1.328392605600063e+02  -2.538177419379298e+01  -6.628764320714216e+00  -1.488336994406568e-05  -2.370011005164273e-05  -3.520441062780433e-05
  7.250000000000005e-01  -3.481873418931854e+02  -2.297513291732909e+02  -2.946789705851885e+01  1.275388685126195e+02  -2.876421577498233e+01  -9.113767533434025e+00  -2.104517669278782e-05  -2.531034908764304e-05  -3.429995961491555e-05
  7.300000000000005e-01  -3.751046930151369e+02  -2.457678146453127e+02  -3.468667419935588e+01  1.220032397547263e+02  -3.236533995817214e+01  -1.177411057276197e+01  -2.710156472134445e-05  -2.680260879133681e-05  -3.359547251597539e-05
  7.350000000000005e-01  -3.937696187521296e+02  -2.510663899507577e+02  -2.587538418345201e+01  1.167439835631079e+02  -2.965059846586789e+01  -8.723878515448439e+00  -3.236987472297854e-05  -2.702111547611532e-05  -3.184484734416536e-05
  7.400000000000005e-01  -4.177941876915454e+02  -2.627622363781646e+02  -3.282110316023383e+01  1.109454591954697e+02  -3.314844388421976e+01  -1.120050444642568e+01  -3.803434983369437e-05  -2.809322451822145e-05  -3.127349964552479e-05
  7.450000000000006e-01  -4.322297131215796e+02  -2.622387800571985e+02  -2.280640611205840e+01  1.054243084111733e+02  -2.937360671848640e+01  -7.382192528045859e+00  -4.296913965469390e-05  -2.780056428358692e-05  -2.982644379559507e-05
  7.500000000000006e-01  -4.513533044640545e+02  -2.678613988276684e+02  -2.808090779138106e+01  9.960753191383566e+01  -3.246177417473167e+01  -9.574133523424306e+00  -4.814138149600801e-05  -2.840156143181392e-05  -2.950835362298568e-05
  7.550000000000006e-01  -4.694217148961374e+02  -2.718586869258520e+02  -3.526946678073478e+01  9.381579767882633e+01  -3.560919173293069e+01  -1.178705558324103e+01  -5.306882714998304e-05  -2.880636849743837e-05  -2.926790540875310e-05
  7.600000000000006e-01  -4.769204260484412e+02  -2.627220775469906e+02  -2.378810209860772e+01  8.836314288270836e+01  -3.056378141641787e+01  -7.152888941580873e+00  -5.728325939501918e-05  -2.774187390188566e-05  -2.821065428169289e-05
  7.650000000000006e-01  -4.901315371794233e+02  -2.610822255792583e+02  -2.977960196348684e+01  8.284631397089942e+01  -3.311574473896269e+01  -9.073416968254637e+00  -6.158177259612502e-05  -2.766599908297713e-05  -2.816153146689007e-05
  7.700000000000006e-01  -4.934845021882597e+02  -2.472050687230354e+02  -1.806949320824066e+01  7.760016525200496e+01  -2.765846045367154e+01  -4.229854669195128e+00  -6.531676180690338e-05  -2.621121722907621e-05  -2.742202416501225e-05
  7.750000000000006e-01  -5.028600417710862e+02  -2.411948623082272e+02  -2.467366279433501e+01  7.254733702049674e+01  -2.961494562979495e+01  -5.934078810310579e+00  -6.891673340531764e-05  -2.570864733397763e-05  -2.743617904762059e-05
  7.800000000000006e-01  -5.103384719575004e+02  -2.332092164168074e+02  -3.128465999754634e+01  6.774009364702358e+01  -3.135884604625624e+01  -7.604734241220244e+00  -7.216404240718712e-05  -2.504181049604720e-05  -2.755310534293640e-05
  7.850000000000006e-01  -5.077595361283222e+02  -2.133472488016739e+02  -1.929664784742807e+01  6.322660728034357e+01  -2.552533851101054e+01  -2.757859841349996e+00  -7.492309910643304e-05  -2.313735312707879e-05  -2.700830469275326e-05
  7.900000000000006e-01  -5.116051294172513e+02  -2.017832275893924e+02  -2.587243229178948e+01  5.910872134455155e+01  -2.662074101378596e+01  -4.313237797277417e+00  -7.737421215360531e-05  -2.217380561136839e-05  -2.710001397597033e-05
  7.950000000000006e-01  -5.056997454315476e+02  -1.792359284998115e+02  -1.381076417368033e+01  5.523266077885614e+01  -2.120637286825346e+01  1.355488521471253e-01  -7.945404947918220e-05  -2.020622631747050e-05  -2.667527738292160e-05
  8.000000000000006e-01  -5.068727129597147e+02  -1.655445344321460e+02  -2.120601366068818e+01  5.183060748009967e+01  -2.186223937739472e+01  -1.456031373430350e+00  -8.104620141796068e-05  -1.906512992591129e-05  -2.666295049349084e-05
  8.050000000000006e-01  -5.063162377427470e+02  -1.504558900106601e+02  -2.774646952438994e+01  4.884768341020362e+01  -2.214830994199578e+01  -3.026538467435813e+00  -8.222686039960660e-05  -1.788883359992429e-05  -2.663814821932881e-05
  8.100000000000006e-01  -4.966927288773547e+02  -1.258339827053724e+02  -1.607529571770631e+01  4.618575249925134e+01  -1.736312016510844e+01  7.519836938046518e-01  -8.304791424415760e-05  -1.599620008324219e-05  -2.602981674183687e-05
  8.150000000000006e-01  -4.946764771745890e+02  -1.104064991375862e+02  -2.400401437291563e+01  4.396523982792520e+01  -1.740121325566435e+01  -9.837528369781088e-01  -8.331249005189116e-05  -1.484204561575922e-05  -2.576763989258802e-05
  8.200000000000006e-01  -4.837418412171819e+02  -8.615416099597839e+01  -1.335684535798101e+01  4.220075874493283e+01  -1.369025142890331e+01  2.070010173354262e+00  -8.324908749430221e-05  -1.321869826836091e-05  -2.493194442806985e-05
  8.250000000000006e-01  -4.794065055369809e+02  -6.979883936413462e+01  -1.956918036127544e+01  4.083910919223696e+01  -1.336910978274198e+01  1.861108842358368e-01  -8.259323018367922e-05  -1.222874079126883e-05  -2.441134395187547e-05
  8.300000000000006e-01  -4.755378582206397e+02  -5.477652988635272e+01  -2.780363637727937e+01  3.975593917961333e+01  -1.305392065787590e+01  -1.778036860796897e+00  -8.151021276339373e-05  -1.134978055092769e-05  -2.374344516226703e-05
  8.350000000000006e-01  -4.635427993857821e+02  -3.228518151652573e+01  -1.812113519915966e+01  3.935241589919974e+01  -1.054666438317416e+01  3.503053085889761e-01  -8.000338267289558e-05  -1.025800973726287e-05  -2.236819260087797e-05
  8.400000000000006e-01  -4.581475387705436e+02  -1.755144660641819e+01  -2.440596159918466e+01  3.903348504590803e+01  -1.006012550604050e+01  -1.753755159968140e+00  -7.803441052513300e-05  -9.714845980904928e-06  -2.135492861399069e-05
  8.450000000000006e-01  -4.461417768542390e+02  2.770987023151663e+00  -1.545123465541484e+01  3.952202871915097e+01  -8.671431487089931e+00  -3.655028226956852e-01  -7.557201317621263e-05  -9.112127867395149e-06  -1.964958022859997e-05
  8.500000000000006e-01  -4.419412782179840e+02  1.423222891815494e+01  -2.435746196389722e+01  3.974771348034810e+01  -8.491438715870474e+00  -2.665671640696461e+00  -7.276087211179299e-05  -8.973572031329570e-06  -1.818594709227308e-05
  8.550000000000006e-01  -4.366586062751581e+02  2.567866217134469e+01  -3.085403194632213e+01  4.020620921945927e+01  -8.153344248611798e+00  -4.904498386454275e+00  -6.962449968623751e-05  -9.082305426546195e-06  -1.665141714794623e-05
  8.600000000000007e-01  -4.256072227390547e+02  4.183732631807052e+01  -2.335160564457171e+01  4.178682464376524e+01  -7.913594174292248e+00  -4.266643164973574e+00  -6.584058945480848e-05  -9.217740128676642e-06  -1.428781027358360e-05
  8.650000000000007e-01  -4.219925397248849e+02  4.934656155866574e+01  -3.242396720990195e+01  4.258007167589712e+01  -8.045782740308464e+00  -6.593858534377402e+00  -6.201986861921184e-05  -9.811566328559301e-06  -1.237257729246862e-05
  8.700000000000007e-01  -4.120445651795029e+02  6.229316389014355e+01  -2.621264985667338e+01  4.473270705068541e+01  -8.572157745636824e+00  -6.486942503436793e+00  -5.747694291305109e-05  -1.043396616691796e-05  -9.570248073240237e-06
  8.750000000000007e-01  -4.080291578183372e+02  6.802805199552319e+01  -3.335855990497095e+01  4.579958881815979e+01  -8.812931264654301e+00  -8.674040959052173e+00  -5.314196263282800e-05  -1.154643601154781e-05  -7.430882902442276e-06
  8.800000000000007e-01  -4.055306104342761e+02  7.093323754655545e+01  -4.287063478985508e+01  4.677197069141348e+01  -9.495435008395777e+00  -1.084138549728683e+01  -4.864278113942689e-05  -1.291768487878454e-05  -5.198856345683926e-06
  8.850000000000007e-01  -3.968441181215265e+02  7.972869001008789e+01  -3.764050135983655e+01  4.938174169738542e+01  -1.059218878670651e+01  -1.105528933009622e+01  -4.330740290800598e-05  -1.417766323839595e-05  -1.853420294116516e-06
  8.900000000000007e-01  -3.942296557637044e+02  8.065678109502394e+01  -4.583503675006376e+01  5.034939989670808e+01  -1.146739318367424e+01  -1.293390228621156e+01  -3.856744193077463e-05  -1.602850590542810e-05  5.116419774094698e-07
  8.950000000000007e-01  -3.861179371874207e+02  8.720327452406470e+01  -4.083404115079553e+01  5.297990140992697e+01  -1.267105721193086e+01  -1.337817035626958e+01  -3.294853619872301e-05  -1.760032042343676e-05  4.149434627717027e-06
  9.000000000000007e-01  -3.849898258241759e+02  8.450774695540798e+01  -5.127687409521312e+01  5.368863031642290e+01  -1.411237343945517e+01  -1.503002507195693e+01  -2.814376657919148e-05  -1.982290496999045e-05  6.640623837219013e-06
  9.050000000000007e-01  -3.837167573851249e+02  8.089499001060869e+01  -6.093544781564310e+01  5.415408641405368e+01  -1.575639190706888e+01  -1.647177985076554e+01  -2.344561854790308e-05  -2.228353025365688e-05  9.028619816867896e-06
  9.100000000000007e-01  -3.755476767619989e+02  8.530332603266467e+01  -5.549215108923363e+01  5.641358828670989e+01  -1.670687760072609e+01  -1.679697485890513e+01  -1.785507709069084e-05  -2.412317930045504e-05  1.303588870605692e-05
  9.150000000000007e-01  -3.751669918354696e+02  7.887387758327289e+01  -6.689152470878412e+01  5.638003328069131e+01  -1.888193690180465e+01  -1.796574780320074e+01  -1.339726148719428e-05  -2.680711068817774e-05  1.541253785879040e-05
  9.200000000000007e-01  -3.662630937250625e+02  8.287465346997793e+01  -6.032843638668682e+01  5.804743207364923e+01  -1.925671336817696e+01  -1.827165079461577e+01  -8.119823870570054e-06  -2.864607648095369e-05  1.965312056519391e-05
  9.250000000000007e-01  -3.653201726342341e+02  7.546943802484978e+01  -7.115023074871888e+01  5.741309454117685e+01  -2.156272553115424e+01  -1.897869748349717e+01  -4.133064162256985e-06  -3.146108111853584e-05  2.193367596803639e-05
  9.300000000000007e-01  -3.651784616765805e+02  6.622658975150681e+01  -8.363446646379226e+01  5.632271789509665e+01  -2.447188142916594e+01  -1.972724817459956e+01  -4.417317328838177e-07  -3.434227881267700e-05  2.407212462886918e-05
  9.350000000000007e-01  -3.539847779900573e+02  7.102726690059281e+01  -7.456708661266606e+01  5.685380425042300e+01  -2.377185073102601e+01  -1.966108522203811e+01  3.989302551251845e-06  -3.593136281945415e-05  2.853337608586728e-05
  9.400000000000007e-01  -3.529172876545753e+02  6.148113162108300e+01  -8.659587192296027e+01  5.499739902511687e+01  -2.674023142620637e+01  -2.001536815119379e+01  6.971418492024292e-06  -3.873235959154055e-05  3.055436996155866e-05
  9.450000000000007e-01  -3.397229293116287e+02  6.751564977713669e+01  -7.549988938483996e+01  5.444735946209939e+01  -2.499742420265223e+01  -1.983936671509434e+01  1.060723569720125e-05  -3.997828412378575e-05  3.513165308555871e-05
  9.500000000000007e-01  -3.376297920871618e+02  5.775695482787931e+01  -8.737540934987861e+01  5.172015698266092e+01  -2.812791602695342e+01  -2.007155911618336e+01  1.280524607496113e-05  -4.251937731106202e-05  3.703496391804153e-05
  9.550000000000007e-01  -3.356975707190279e+02  4.729440915300516e+01  -1.001283962540302e+02  4.850121232808252e+01  -3.161496950078061e+01  -2.032835916654476e+01  1.453739683973533e-05  -4.499067308389302e-05  3.878505970524304e-05
  9.600000000000007e-01  -3.184542107978186e+02  5.639558198039470e+01  -8.529867355064037e+01  4.636282250105604e+01  -2.826522546947831e+01  -1.977432263661201e+01  1.683384640262104e-05  -4.548655546053952e-05  4.346906401125365e-05
  9.650000000000007e-01  -3.148456325373862e+02  4.669692482351058e+01  -9.712515476461388e+01  4.224320821418169e+01  -3.171498498744261e+01  -2.008481911545335e+01  1.769877961178930e-05  -4.749633688438725e-05  4.511996589198576e-05
  9.700000000000008e-01  -2.949243537607196e+02  5.792672515331307e+01  -8.025976418972641e+01  3.885155112728167e+01  -2.719740878771893e+01  -1.942953997169108e+01  1.901606214151246e-05  -4.740232681138836e-05  4.977248679889293e-05
  9.750000000000008e-01  -2.895359969696455e+02  4.945263031895794e+01  -9.117504858322377e+01  3.388149200163216e+01  -3.040266130985115e+01  -1.970075868829714e+01  1.898254736705182e-05  -4.885727051522889e-05  5.136792000679909e-05
  9.800000000000008e-01  -2.838876588421657e+02  4.085607109679997e+01  -1.023194790354032e+02  2.844483931822911e+01  -3.391605299221864e+01  -2.039048563837728e+01  1.851780453888338e-05  -5.007517178520559e-05  5.283201079332645e-05
  9.850000000000008e-01  -2.595240861045410e+02  5.588837185925787e+01  -8.220650691246244e+01  2.349857662512872e+01  -2.779307721239075e+01  -1.947487562588992e+01  1.849994942029484e-05  -4.892509585960488e-05  5.742762211209099e-05
  9.900000000000008e-01  -2.519324100350101e+02  4.897886211382952e+01  -9.218197689401448e+01  1.733659603818837e+01  -3.092308622143317e+01  -2.028482319847088e+01  1.722844474903182e-05  -4.945590941115304e-05  5.887035269331217e-05
  9.950000000000008e-01  -2.253880441905598e+02  6.578154700841537e+01  -7.149771557523312e+01  1.133324205365216e+01  -2.404387445659944e+01  -1.932266487552680e+01  1.639919830679813e-05  -4.764129104121848e-05  6.324828377519743e-05
  1.000000000000001e+00  -2.060252197588353e+02  7.309762103048578e+01  -6.445664827849389e+01  4.681302529428330e+00  -2.123313517272832e+01  -1.918308497960512e+01  1.486462594375426e-05  -4.634494682373121e-05  6.615949643163529e-05
  1.005000000000001e+00  -1.948795041835997e+02  6.968856442457364e+01  -7.128531159637291e+01  -2.321026805784239e+00  -2.354898289505810e+01  -2.038103694089342e+01  1.262675795175830e-05  -4.576034236163994e-05  6.759860799469104e-05
  1.010000000000000e+00  -1.833513461167111e+02  6.674152404218877e+01  -7.789470698578434e+01  -9.570557051751894e+00  -2.590564907485624e+01  -2.203799703349201e+01  1.010086311477725e-05  -4.486277807468385e-05  6.894829185029700e-05
  1.015000000000000e+00  -1.527502783941943e+02  8.727451123184768e+01  -5.634876888186142e+01  -1.689117540854206e+01  -1.800332767573837e+01  -2.082591611045672e+01  8.143401436885508e-06  -4.173047132461660e-05  7.285558984512296e-05
  1.020000000000000e+00  -1.400043996080153e+02  8.587124357464010e+01  -6.252324296625380e+01  -2.438037793769959e+01  -1.998354362787200e+01  -2.269019277698095e+01  5.210455504894140e-06  -4.010477287995063e-05  7.415048186962145e-05
  1.025000000000000e+00  -1.089314948620941e+02  1.067753832797377e+02  -4.305065109444628e+01  -3.205929577225703e+01  -1.240026167200759e+01  -2.138510555582187e+01  2.910578111505555e-06  -3.648782543694218e-05  7.763793680732780e-05
  1.030000000000000e+00  -9.472086271059104e+01  1.074323715076452e+02  -4.782737301227137e+01  -3.954917102149921e+01  -1.389067970972465e+01  -2.346304151168306e+01  -2.761703728268943e-07  -3.419661381928960e-05  7.887035522920092e-05
  1.035000000000000e+00  -8.049213042411434e+01  1.085614760063278e+02  -5.266728052918420e+01  -4.702698216522148e+01  -1.533178886365886e+01  -2.588039364635895e+01  -3.563918032565088e-06  -3.163299372164470e-05  8.002316315679601e-05
  1.040000000000000e+00  -4.844365468701015e+01  1.309707686416635e+02  -3.459842570214418e+01  -5.452345829129948e+01  -8.092356440737895e+00  -2.421128027543828e+01  -6.022675200146705e-06  -2.733453282349818e-05  8.305917589406077e-05
  1.045000000000000e+00  -3.333838980824029e+01  1.340068243779898e+02  -3.841238400836042e+01  -6.163411630891008e+01  -9.106465077420312e+00  -2.663920920311308e+01  -9.350532479779526e-06  -2.423395874352395e-05  8.412121548091371e-05
  1.050000000000000e+00  -1.992413905491285e+00  1.562324889187373e+02  -2.303826374257415e+01  -6.870605798354339e+01  -2.915586538379340e+00  -2.478801301685797e+01  -1.176114520913033e-05  -1.973146276796631e-05  8.672784487403492e-05
  1.054999999999999e+00  1.329083481543725e+01  1.606960706459158e+02  -2.664375044508210e+01  -7.524302370013481e+01  -3.732938358901940e+00  -2.713997483048850e+01  -1.497718037187670e-05  -1.622040720855487e-05  8.763983946925334e-05
  1.059999999999999e+00  2.843968116297476e+01  1.658967854037452e+02  -2.996269708269149e+01  -8.144236885598798e+01  -4.373486948169425e+00  -2.956188649670896e+01  -1.816076194191328e-05  -1.254280951723901e-05  8.849126464051307e-05
  1.064999999999999e+00  5.862308485074018e+01  1.884636739896844e+02  -1.720732772091164e+01  -8.726418375543508e+01  5.164256530869320e-01  -2.716505078903903e+01  -2.027028124902212e-05  -7.825374036087507e-06  9.066803842413342e-05
  1.069999999999999e+00  7.333428354705254e+01  1.948684186036442e+02  -2.060535047436403e+01  -9.256473883336082e+01  -6.732396349863601e-02  -2.931491640229370e+01  -2.319104568010588e-05  -3.934469301704763e-06  9.133330793295774e-05
  1.074999999999999e+00  1.016389685957026e+02  2.167934814705857e+02  -1.056394035324869e+01  -9.727004804223451e+01  3.336502923018766e+00  -2.671103884454713e+01  -2.505280020344598e-05  6.877623958514282e-07  9.320245961658769e-05
  1.079999999999999e+00  1.156124711454050e+02  2.243819821526646e+02  -1.377795863063031e+01  -1.013994808215699e+02  2.722568528612084e+00  -2.834003197889857e+01  -2.769681640722817e-05  4.676993675050817e-06  9.374440310330142e-05
  1.084999999999999e+00  1.289386117070823e+02  2.324534209177291e+02  -1.730940324993923e+01  -1.050273811114178e+02  2.186188101910610e+00  -2.992512462197409e+01  -3.017567500697702e-05  8.651481251760004e-06  9.413110116864967e-05
  1.089999999999999e+00  1.543922061629972e+02  2.540023248830148e+02  -9.695843410595559e+00  -1.076527996114497e+02  3.884247356969559e+00  -2.677155301119183e+01  -3.158504510019737e-05  1.303367491788136e-05  9.570061209246114e-05
  1.094999999999999e+00  1.664676636281946e+02  2.630162447982692e+02  -1.316910386322726e+01  -1.098694689493587e+02  3.141312156731046e+00  -2.765574086975228e+01  -3.374922734775619e-05  1.691267697561601e-05  9.596361466084437e-05
  1.099999999999999e+00  1.892317279754230e+02  2.837199305524753e+02  -7.405463942678435e+00  -1.109331559095920e+02  3.471593838010357e+00  -2.444446461822207e+01  -3.491564105736842e-05  2.097121004117064e-05  9.733058206643261e-05
  1.104999999999998e+00  1.995904252576662e+02  2.933231936147299e+02  -1.142376362374405e+01  -1.117616927520655e+02  2.464195656514172e+00  -2.482054850302061e+01  -3.671999998908168e-05  2.458970415165282e-05  9.737322054854016e-05
  1.109999999999998e+00  2.091802262091278e+02  3.034409693688120e+02  -1.534418066280583e+01  -1.118381782152713e+02  1.408354166216939e+00  -2.480152806567810e+01  -3.839386066743597e-05  2.808703052336501e-05  9.733223647552590e-05
  1.114999999999998e+00  2.281322150863286e+02  3.234385060473077e+02  -1.088156925281878e+01  -1.104458981298276e+02  3.218425427315670e-01  -2.130587862572665e+01  -3.921121654894525e-05  3.157588099534105e-05  9.849178843312505e-05
  1.119999999999998e+00  2.357342333095439e+02  3.339401013610997e+02  -1.535268000575781e+01  -1.090860356193964e+02  -1.055903725912268e+00  -2.081886484299229e+01  -4.055804218198880e-05  3.465347754307608e-05  9.820025355566700e-05
  1.124999999999998e+00  2.515626143451404e+02  3.529469787363950e+02  -1.193389271132004e+01  -1.060487940188126e+02  -2.924336864141727e+00  -1.753230302078137e+01  -4.125262928346956e-05  3.769933997141940e-05  9.924428899805432e-05
  1.129999999999998e+00  2.574697102068774e+02  3.640400726037432e+02  -1.582157323780033e+01  -1.031280076715900e+02  -4.692435952951042e+00  -1.640160283715493e+01  -4.236683593985777e-05  4.033843457964425e-05  9.877340776669215e-05
  1.134999999999998e+00  2.621440245385978e+02  3.751271736184180e+02  -2.075544250193368e+01  -9.961076415392593e+01  -6.535758379635379e+00  -1.517350550408359e+01  -4.332244269023843e-05  4.269531235205635e-05  9.810483818922551e-05
  1.139999999999998e+00  2.741403467620771e+02  3.933824621333396e+02  -1.716551876019582e+01  -9.426320259315369e+01  -9.007788332703166e+00  -1.205856097325950e+01  -4.384803500670535e-05  4.502184011766719e-05  9.891090310916856e-05
  1.144999999999998e+00  2.771925459704349e+02  4.048901908347179e+02  -2.137794121517024e+01  -8.929399810098948e+01  -1.123334703386224e+01  -1.036221982063101e+01  -4.462223863291724e-05  4.686758494263526e-05  9.803898697325026e-05
  1.149999999999997e+00  2.865484751077647e+02  4.223966368209450e+02  -1.747191831928591e+01  -8.255757881295474e+01  -1.367525657954832e+01  -7.710556796415752e+00  -4.511778986887640e-05  4.873484760083449e-05  9.859142025496792e-05
  1.154999999999997e+00  2.876747957671171e+02  4.338225520121124e+02  -2.215126498641026e+01  -7.644215217597313e+01  -1.609830187342103e+01  -6.014347696793085e+00  -4.568353906998293e-05  4.999660574823060e-05  9.741789339884227e-05
  1.159999999999997e+00  2.881632803328748e+02  4.454553157962429e+02  -2.663439803748242e+01  -6.969178734437729e+01  -1.875096363017545e+01  -4.094914201377111e+00  -4.617357359599195e-05  5.099550671464437e-05  9.607581987814438e-05
  1.164999999999997e+00  2.946035281738563e+02  4.623293551636023e+02  -2.136700611396503e+01  -6.122225075251438e+01  -2.081898797696978e+01  -2.013474441351051e+00  -4.657203956261173e-05  5.217213865169429e-05  9.620819374386225e-05
  1.169999999999997e+00  2.936173312466291e+02  4.738145898266607e+02  -2.607224107339789e+01  -5.357314773450963e+01  -2.355674634430685e+01  -3.480160760203433e-01  -4.687264390529495e-05  5.260181368903011e-05  9.450073682319787e-05
  1.174999999999997e+00  2.981060175714729e+02  4.898936084778807e+02  -2.027725029163224e+01  -4.420732891170544e+01  -2.491697050214159e+01  1.151815565433167e+00  -4.720389546784900e-05  5.340357575714432e-05  9.424617149105155e-05
  1.179999999999997e+00  2.965321173634143e+02  5.016747041260067e+02  -2.365701601562064e+01  -3.567618538969463e+01  -2.772848761446297e+01  2.762317496773164e+00  -4.735924063366999e-05  5.335328991737242e-05  9.217525378143511e-05
  1.184999999999997e+00  2.941683227952872e+02  5.130323887300771e+02  -2.824499960781871e+01  -2.690253750805277e+01  -3.065023960996391e+01  4.033635032359464e+00  -4.738618473114855e-05  5.302614296832158e-05  8.985313134752958e-05
  1.189999999999997e+00  2.973441474706796e+02  5.286691067244523e+02  -2.053111113470965e+01  -1.661778614056901e+01  -3.085511658420202e+01  4.831411959593789e+00  -4.749789474897450e-05  5.330207819436176e-05  8.890663871394239e-05
  1.194999999999997e+00  2.948988572237230e+02  5.401731116159450e+02  -2.388142623760567e+01  -7.263440206247226e+00  -3.370093709713340e+01  5.865749893319017e+00  -4.734237093862202e-05  5.258156766094272e-05  8.618115333641622e-05
  1.199999999999996e+00  2.973711460026656e+02  5.552094777882720e+02  -1.546345509056653e+01  3.333178584404239e+00  -3.285774086836260e+01  6.238000057911145e+00  -4.723279811279148e-05  5.260260830625210e-05  8.458149245580684e-05
  1.204999999999996e+00  2.949780389593030e+02  5.665496087843247e+02  -1.859946867136901e+01  1.288973713701899e+01  -3.538771296085860e+01  6.603975264984730e+00  -4.679636985883849e-05  5.152824503170281e-05  8.140062017092193e-05
  1.209999999999996e+00  2.925874485757949e+02  5.776763356644195e+02  -2.180217061849024e+01  2.262743807432128e+01  -3.807238010808550e+01  6.855764812732060e+00  -4.625574255791381e-05  5.030481822990811e-05  7.796550068037673e-05
  1.214999999999996e+00  2.954266341994224e+02  5.923106813583374e+02  -1.185586374804562e+01  3.330563771332191e+01  -3.575928400437727e+01  6.724876361381767e+00  -4.566722349790527e-05  5.003199661630628e-05  7.545350196950104e-05
  1.219999999999996e+00  2.938767665078948e+02  6.033985190863503e+02  -1.449272451911542e+01  4.296701802606092e+01  -3.797449728171277e+01  6.276910049936564e+00  -4.477725287181583e-05  4.858660949046500e-05  7.153885062270954e-05
  1.224999999999996e+00  2.970086017025549e+02  6.173735133920476e+02  -4.479175133036565e+00  5.342104005672346e+01  -3.468793746425523e+01  5.963353751439421e+00  -4.376141747959087e-05  4.818911272164199e-05  6.826501181989912e-05
  1.229999999999996e+00  2.965179036133442e+02  6.282984275673016e+02  -6.397613184856795e+00  6.300573072636897e+01  -3.651458338638618e+01  5.271678974241511e+00  -4.253287798128719e-05  4.664055862202936e-05  6.390132241596798e-05
  1.234999999999996e+00  2.966440974317483e+02  6.391049302056623e+02  -8.408579472492940e+00  7.240163734019733e+01  -3.821977707475860e+01  4.051197827840035e+00  -4.109636143760368e-05  4.502919656363027e-05  5.927897496743800e-05
  1.239999999999996e+00  3.014130532929825e+02  6.525567326853616e+02  2.207190463786593e+00  8.224800299553574e+01  -3.366983672622184e+01  3.633894610144481e+00  -3.935449424566378e-05  4.455623629531085e-05  5.502306386556608e-05
  1.244999999999995e+00  3.028349917887869e+02  6.629918422337120e+02  5.510957032356115e-01  9.135843856440459e+01  -3.490117302158558e+01  2.288958269090209e+00  -3.752374383394077e-05  4.297197112253647e-05  5.000423597247546e-05
  1.249999999999995e+00  3.083731104877677e+02  6.755020132843755e+02  1.021423649393621e+01  1.005745389976843e+02  -2.988210337332319e+01  2.003315821330398e+00  -3.524099854812301e-05  4.247335601476420e-05  4.500550895327663e-05
  1.254999999999995e+00  3.119734573687917e+02  6.861820635941352e+02  9.774170216375961e+00  1.091353726168682e+02  -3.039729225752637e+01  2.156610997411470e-01  -3.292344752010840e-05  4.095717308027190e-05  3.958825492687709e-05
  1.259999999999995e+00  3.157424284889215e+02  6.960802301740665e+02  8.511820126546160e+00  1.175289604304179e+02  -3.090029376784911e+01  -1.534139526541830e+00  -3.044704132588131e-05  3.952095244922151e-05  3.402716424460797e-05
  1.264999999999995e+00  3.231856783625315e+02  7.075817470918104e+02  1.745872969870075e+01  1.256917341687720e+02  -2.526054575112243e+01  -1.543659526204970e+00  -2.736170916034094e-05  3.909828356619251e-05  2.821142310556134e-05
  1.269999999999995e+00  3.293352907166670e+02  7.177674663333668e+02  1.766733685677320e+01  1.334274756248992e+02  -2.501940771892581e+01  -3.526543931413319e+00  -2.439918666783677e-05  3.782595141203183e-05  2.234873776112907e-05
  1.274999999999995e+00  3.375934849439446e+02  7.281296433712724e+02  2.520311339362118e+01  1.407379979649558e+02  -1.951635317742638e+01  -3.290719744091824e+00  -2.081215286892140e-05  3.741586767935022e-05  1.595435597931916e-05
  1.279999999999995e+00  3.445207162328045e+02  7.370817738662727e+02  2.441861959464249e+01  1.479227816712916e+02  -1.891195426609807e+01  -4.928290302245519e+00  -1.747016382302924e-05  3.639173749290883e-05  9.959102939606653e-06
  1.284999999999995e+00  3.530112512001838e+02  7.465623081563040e+02  2.529664709322399e+01  1.547322420585464e+02  -1.788980891954389e+01  -6.777778988216710e+00  -1.392002759893581e-05  3.548090666503026e-05  3.842855062282155e-06
  1.289999999999994e+00  3.623765118162726e+02  7.551705667614478e+02  3.101417955528543e+01  1.608126774331536e+02  -1.260194982568400e+01  -6.082308266680165e+00  -9.711834627939343e-06  3.520460693002374e-05  -3.019050585150417e-06
  1.294999999999994e+00  3.711241085645839e+02  7.630504301607069e+02  3.054766608914257e+01  1.670459756522556e+02  -1.130374682204094e+01  -7.411373230119204e+00  -5.862618494002522e-06  3.458575769744851e-05  -9.131903081492062e-06
  1.299999999999994e+00  3.803273014194774e+02  7.698177716279894e+02  3.398849707817688e+01  1.722240604557975e+02  -6.818643118084887e+00  -6.499639714122627e+00  -1.383379324222967e-06  3.433434744223807e-05  -1.620522962367717e-05
  1.304999999999994e+00  3.908858200751869e+02  7.777868114241360e+02  3.545636395413148e+01  1.777663011257728e+02  -4.946627985712102e+00  -7.658337179060658e+00  2.760393112534044e-06  3.395456793533923e-05  -2.235889749580284e-05
  1.309999999999994e+00  4.006984588532769e+02  7.842472720312667e+02  3.535052937179339e+01  1.830610034964715e+02  -3.042795143007202e+00  -8.425093371203387e+00  6.948613819958308e-06  3.377124643806382e-05  -2.837563981964492e-05
  1.314999999999994e+00  4.093536586147852e+02  7.883634114514165e+02  3.636991029975959e+01  1.870694204803292e+02  4.783702604032811e-01  -7.141369279512365e+00  1.163474902456667e-05  3.363007997609183e-05  -3.545182593048487e-05
  1.319999999999994e+00  4.202780120599447e+02  7.946010717444723e+02  3.816655498536093e+01  1.917256754645951e+02  2.817788258492121e+00  -7.623440763849596e+00  1.596475750584835e-05  3.367058691787751e-05  -4.136389031188296e-05
  1.324999999999994e+00  4.278719193135052e+02  7.966470442865368e+02  3.745371783388357e+01  1.949381488194875e+02  5.200569999312803e+00  -6.317355480684002e+00  2.057619201441585e-05  3.351936645755860e-05  -4.834312973119288e-05
  1.329999999999994e+00  4.370108820859460e+02  8.001020608711325e+02  3.686278521582148e+01  1.990999480317044e+02  7.397956429037608e+00  -6.153049744839535e+00  2.485467997930271e-05  3.381987346745268e-05  -5.388868638212314e-05
  1.334999999999994e+00  4.428810320351785e+02  7.997350943298213e+02  3.419973422439585e+01  2.015844145064549e+02  8.593980118969958e+00  -4.924723959827705e+00  2.924054666221671e-05  3.366013865878430e-05  -6.055137306823160e-05
  1.339999999999993e+00  4.521762157752736e+02  8.026334348434838e+02  3.574265525887240e+01  2.052224870724332e+02  1.100069613141136e+01  -4.472196209545317e+00  3.341140556367467e-05  3.410794125236186e-05  -6.587831560325084e-05
  1.344999999999993e+00  4.597316970861248e+02  8.035170498769700e+02  3.536033971195398e+01  2.086408833615999e+02  1.334394876270363e+01  -3.616402451573508e+00  3.745389473957560e-05  3.470793253093420e-05  -7.088190424244243e-05
  1.349999999999993e+00  4.623813088527713e+02  7.994622329414531e+02  3.056574455421060e+01  2.103007325462881e+02  1.312147274762595e+01  -2.425657276184265e+00  4.130591928741150e-05  3.454913308745127e-05  -7.690960704182638e-05
  1.354999999999993e+00  4.691868795591033e+02  7.993467633903083e+02  3.208045544132130e+01  2.132818433593473e+02  1.550330480580044e+01  -1.327576116614961e+00  4.505693952505003e-05  3.522309437607196e-05  -8.157574255943860e-05
  1.359999999999993e+00  4.692779090606159e+02  7.928286043779167e+02  2.635468784247288e+01  2.144308441910131e+02  1.422045919132291e+01  -3.844414981467231e-01  4.835000799160856e-05  3.501162338702889e-05  -8.704919653955559e-05
  1.364999999999993e+00  4.724708893590808e+02  7.891454199234388e+02  2.520887362674501e+01  2.170551863235880e+02  1.614105811331019e+01  1.061257745046436e+00  5.164970892280777e-05  3.576604819577508e-05  -9.109082641869786e-05
  1.369999999999993e+00  4.757111068708161e+02  7.855611944479449e+02  2.657123192372027e+01  2.194637080519635e+02  1.830908212572010e+01  2.626420049055567e+00  5.474105678859318e-05  3.652653508005896e-05  -9.497208348015225e-05
  1.374999999999993e+00  4.711655942364913e+02  7.749988614755547e+02  1.935328371506278e+01  2.200747262484371e+02  1.574683669748089e+01  3.250805437086552e+00  5.708198316935995e-05  3.620732024746472e-05  -9.949114846170652e-05
  1.379999999999993e+00  4.704040642273186e+02  7.678050332470268e+02  1.829383810356746e+01  2.221578766645373e+02  1.737723522280825e+01  4.959329543341001e+00  5.959144935945116e-05  3.694063294343007e-05  -1.027129430018855e-04
  1.384999999999992e+00  4.626328696540456e+02  7.547065072199357e+02  1.063140412123141e+01  2.224491154993481e+02  1.415071382506078e+01  5.230419081323117e+00  6.118013447950320e-05  3.652670671171647e-05  -1.064324737502929e-04
  1.389999999999992e+00  4.596346894944596e+02  7.458279892002637e+02  1.109117536446306e+01  2.242479370322755e+02  1.550126125161457e+01  6.894425667428810e+00  6.306581785455549e-05  3.712324812548756e-05  -1.091757100366350e-04
  1.394999999999992e+00  4.542842219678937e+02  7.348815464379501e+02  9.967353343844538e+00  2.258166927881038e+02  1.668885055161659e+01  8.581351947258172e+00  6.463122425317846e-05  3.767164500535465e-05  -1.115161747547153e-04
  1.399999999999992e+00  4.415040242992089e+02  7.180039888910641e+02  1.779717497764097e+00  2.257692552592559e+02  1.265011787363989e+01  8.388828197612623e+00  6.508305632724253e-05  3.704021070791102e-05  -1.141109623373277e-04
  1.404999999999992e+00  4.335128367692819e+02  7.051240165153527e+02  1.735107171169393e+00  2.270655267296197e+02  1.345498720555800e+01  9.868143085493541e+00  6.596117613488798e-05  3.736061107507027e-05  -1.159259563257224e-04
  1.409999999999992e+00  4.177485325777603e+02  6.861792725851967e+02  -5.956522459172965e+00  2.268130189567472e+02  9.252728592701919e+00  9.418895181685750e+00  6.564590550212825e-05  3.659718477058015e-05  -1.176702149714896e-04
  1.414999999999992e+00  4.057680986500887e+02  6.700774793155416e+02  -7.854269096228033e+00  2.277500301938337e+02  9.538141159286138e+00  1.054353850885661e+01  6.583277804375829e-05  3.665471227297649e-05  -1.187907548135541e-04
  1.419999999999992e+00  3.927351438955119e+02  6.532201405025036e+02  -8.617187339381411e+00  2.284858219926282e+02  9.695204650563857e+00  1.153941678198651e+01  6.567896725100723e-05  3.655129595387641e-05  -1.196786373910521e-04
  1.424999999999992e+00  3.727063880663191e+02  6.313166732747710e+02  -1.589723203454532e+01  2.279311693198772e+02  5.306017396065278e+00  1.067556566029511e+01  6.432413764670280e-05  3.549152438750986e-05  -1.202486212015124e-04
  1.429999999999992e+00  3.561283170905743e+02  6.116256655784316e+02  -1.820667617869880e+01  2.282367006582863e+02  4.974231675033329e+00  1.115651153608045e+01  6.351965137894176e-05  3.504385652985410e-05  -1.204811878806869e-04
  1.434999999999991e+00  3.340025648730551e+02  5.884103753555737e+02  -2.431199697634128e+01  2.274612715984145e+02  9.865896514256525e-01  1.019855787529232e+01  6.157878553762899e-05  3.382522363260661e-05  -1.201920372965030e-04
  1.439999999999991e+00  3.150314714439308e+02  5.668604855881383e+02  -2.625254063912965e+01  2.273776938677002e+02  2.003855709974426e-01  1.022451887964433e+01  6.017146146889167e-05  3.301753594800926e-05  -1.199013117135225e-04
  1.444999999999991e+00  2.943593022920479e+02  5.438431581194660e+02  -2.926358233375694e+01  2.269196169838289e+02  -8.027594803140466e-01  9.863238715799898e+00  5.848335356836867e-05  3.197390485743188e-05  -1.192967188645068e-04
  1.449999999999991e+00  2.697654882509936e+02  5.189976756376893e+02  -3.401496423783227e+01  2.257011816697515e+02  -4.341825861084382e+00  8.719598020361834e+00  5.584702077357840e-05  3.043929323970829e-05  -1.179066514794106e-04
  1.454999999999991e+00  2.471410177838725e+02  4.943015755737064e+02  -3.701997254945903e+01  2.247494727940333e+02  -5.791954257991077e+00  7.842865718331621e+00  5.367656019581502e-05  2.901637673244828e-05  -1.168117976747986e-04
  1.459999999999991e+00  2.218333109364615e+02  4.690351552080805e+02  -4.011612821130612e+01  2.231792314092274e+02  -8.555588311320719e+00  6.860954907960662e+00  5.075698134586300e-05  2.734061191611310e-05  -1.146652504457315e-04
  1.464999999999991e+00  1.975113622181828e+02  4.428029594830768e+02  -4.394271082048253e+01  2.215503460485272e+02  -1.025001996721574e+01  5.379300843783883e+00  4.822863133071734e-05  2.551279834245282e-05  -1.130507644708550e-04
  1.469999999999991e+00  1.722348573527096e+02  4.154853217773619e+02  -4.819118757048856e+01  2.195513627683962e+02  -1.235174576236315e+01  3.547277589006732e+00  4.550703797452029e-05  2.346547716037030e-05  -1.112653854525749e-04
  1.474999999999991e+00  1.468625438160334e+02  3.901226804928782e+02  -4.920530517311037e+01  2.172679314535242e+02  -1.415599270141151e+01  2.697203954521641e+00  4.238239306092150e-05  2.153462784017622e-05  -1.081907632209168e-04
  1.479999999999990e+00  1.208035855927008e+02  3.618249511682293e+02  -5.409080834120296e+01  2.144795189058212e+02  -1.642037626078169e+01  3.347889930296890e-01  3.947035118775356e-05  1.911407449911826e-05  -1.059761423107613e-04
  1.484999999999990e+00  9.640522280226639e+01  3.370600594195287e+02  -5.302989075215992e+01  2.116498050503038e+02  -1.719845702855564e+01  -1.500014560592121e-01  3.641104372655914e-05  1.708881197061902e-05  -1.023274607360451e-04
  1.489999999999990e+00  7.016167961823164e+01  3.079830830924834e+02  -5.827881821891809e+01  2.080808093209831e+02  -1.973868837776539e+01  -2.908780064011664e+00  3.342256342191477e-05  1.438497188046554e-05  -9.978648097264428e-05
  1.494999999999990e+00  4.354605046004944e+01  2.782249848798962e+02  -6.439130831120096e+01  2.039744098595689e+02  -2.251453479735064e+01  -6.029514566266315e+00  3.038234354588666e-05  1.145492237886755e-05  -9.712687099923035e-05
  1.499999999999990e+00  2.158682084399948e+01  2.548252062909298e+02  -6.078765070046845e+01  2.001370133798432e+02  -2.204897345470359e+01  -6.072866532657200e+00  2.761527538208756e-05  9.313882651098533e-06  -9.282260788894547e-05
  1.504999999999990e+00  -4.344756359658544e+00  2.247781685968139e+02  -6.727292019068146e+01  1.951497911975353e+02  -2.499557738505966e+01  -9.474582119832073e+00  2.467859873108826e-05  6.183777857888429e-06  -8.994898000393770e-05
  1.509999999999990e+00  -2.390850363388657e+01  2.026803087278061e+02  -6.170871524535320e+01  1.905785065463517e+02  -2.353266406687566e+01  -9.060486068169967e+00  2.227147813567844e-05  4.037979561276514e-06  -8.529682406285829e-05
  1.514999999999990e+00  -4.846706674723250e+01  1.729579641739113e+02  -6.836388754275123e+01  1.846278359562482e+02  -2.639038591282466e+01  -1.257856342340707e+01  1.953897906163142e-05  7.371404971370951e-07  -8.224773032004894e-05
  1.519999999999990e+00  -7.288657189440207e+01  1.426381000331889e+02  -7.604147748485364e+01  1.781394645898498e+02  -2.962782938560187e+01  -1.637396344591705e+01  1.688851512625149e-05  -2.668022329979880e-06  -7.923219972810018e-05
  1.524999999999989e+00  -8.792507132920859e+01  1.230580129276180e+02  -6.781041712672830e+01  1.723587217868770e+02  -2.689703492136180e+01  -1.533180314222909e+01  1.514910288808198e-05  -4.742914179587460e-06  -7.425991892224820e-05
  1.529999999999989e+00  -1.102832580698000e+02  9.347185195965641e+01  -7.560962740255313e+01  1.649055878886275e+02  -2.997611124649562e+01  -1.901981909239955e+01  1.283125739733886e-05  -8.195058157350555e-06  -7.117873581550316e-05
  1.534999999999989e+00  -1.218539321230955e+02  7.572138122751322e+01  -6.559892952815557e+01  1.583018631724350e+02  -2.645669368987283e+01  -1.755030595175785e+01  1.161595220054093e-05  -1.017820011798512e-05  -6.614095781213585e-05
  1.539999999999989e+00  -1.417244321898268e+02  4.702436334035512e+01  -7.347234683245964e+01  1.498864486892610e+02  -2.942999803714708e+01  -2.117094894260684e+01  9.723925507849817e-06  -1.357411492872985e-05  -6.311764769454264e-05
  1.544999999999989e+00  -1.609773350452592e+02  1.819749554049157e+01  -8.229895337552982e+01  1.409739864137179e+02  -3.260142413417834e+01  -2.473265887697111e+01  7.976239993261732e-06  -1.699321299045648e-05  -6.018563000927111e-05
  1.549999999999989e+00  -1.667879762110996e+02  3.636071853122228e+00  -6.988387672368511e+01  1.331456619574204e+02  -2.804882288135754e+01  -2.262774024807792e+01  7.592613924044891e-06  -1.871387953996652e-05  -5.516952054797184e-05
  1.554999999999989e+00  -1.829798151493074e+02  -2.380157510851665e+01  -7.849693768983109e+01  1.233274429593573e+02  -3.099462807264315e+01  -2.597005249439776e+01  6.339790159295282e-06  -2.196644646870646e-05  -5.241224843289823e-05
  1.559999999999989e+00  -1.849825274062607e+02  -3.641186989727490e+01  -6.491114706284748e+01  1.147175923071271e+02  -2.601278215126651e+01  -2.363703297602620e+01  6.490697257762530e-06  -2.350707343349604e-05  -4.756215793467490e-05
  1.564999999999989e+00  -1.982090430601789e+02  -6.243235362244086e+01  -7.352092211492858e+01  1.041349114761328e+02  -2.872175983022163e+01  -2.642725144255323e+01  5.695543239359248e-06  -2.652192312430639e-05  -4.496301653518570e-05
  1.569999999999989e+00  -2.102424220732117e+02  -8.808087450863084e+01  -8.263095548655846e+01  9.309651363479635e+01  -3.152073598946629e+01  -2.923236642234893e+01  5.124897310355180e-06  -2.946101141840202e-05  -4.260657358304817e-05
  1.574999999999988e+00  -2.062876816127343e+02  -9.730202754546649e+01  -6.717054343099760e+01  8.347108359480285e+01  -2.590782526443040e+01  -2.643980870916197e+01  6.037340489366205e-06  -3.058874699471646e-05  -3.806076827319993e-05
  1.579999999999988e+00  -2.153321591775991e+02  -1.213776931128370e+02  -7.626733494266500e+01  7.184298646275018e+01  -2.846548111956754e+01  -2.856610187626809e+01  5.903429505891983e-06  -3.318674428412641e-05  -3.591395957351006e-05
  1.584999999999988e+00  -2.079039923562619e+02  -1.287905043187947e+02  -6.029500614923618e+01  6.163002946370714e+01  -2.284237937373850e+01  -2.579273771329666e+01  7.210130042601282e-06  -3.407349932671723e-05  -3.172444589855469e-05
  1.589999999999988e+00  -2.134680933847116e+02  -1.506759415056786e+02  -6.858988237792100e+01  4.943185166358029e+01  -2.501873135095741e+01  -2.752799850935939e+01  7.530475379535225e-06  -3.631846462227387e-05  -2.991494108248242e-05
  1.594999999999988e+00  -2.183409779537183e+02  -1.724192584042067e+02  -7.785814837614025e+01  3.705557179555738e+01  -2.734193743778140e+01  -2.885557988135877e+01  7.989541155727618e-06  -3.838047347354883e-05  -2.828168382206935e-05
  1.599999999999988e+00  -2.058180082757109e+02  -1.766831428087871e+02  -6.076219642731216e+01  2.623280963436396e+01  -2.154967810150118e+01  -2.592309954350837e+01  9.796336060184835e-06  -3.877080154829269e-05  -2.456387976919051e-05
  1.604999999999988e+00  -2.073552225738195e+02  -1.959938093632866e+02  -6.893837672626927e+01  1.350264377509504e+01  -2.344920781699869e+01  -2.684066474770206e+01  1.062434071897320e-05  -4.043652237845249e-05  -2.328956563207626e-05
  1.609999999999988e+00  -1.923196156304166e+02  -1.987873162214239e+02  -5.206746051954140e+01  2.395882062477667e+00  -1.798412589747148e+01  -2.419680224994528e+01  1.259714376296446e-05  -4.056531899155380e-05  -2.000662993493503e-05
  1.614999999999988e+00  -1.916228312256259e+02  -2.164881887413161e+02  -6.022762794486811e+01  -1.039386847789925e+01  -1.976077767314898e+01  -2.441898668831574e+01  1.364870901664710e-05  -4.176266291874137e-05  -1.896880704988904e-05
  1.619999999999987e+00  -1.896271433284528e+02  -2.330374375526877e+02  -6.800294111576160e+01  -2.328610308878941e+01  -2.135860923562347e+01  -2.452230822509028e+01  1.483016890377355e-05  -4.279732420560020e-05  -1.820610854919582e-05
  1.624999999999987e+00  -1.711752298631872e+02  -2.332107346717211e+02  -5.081036604214376e+01  -3.446992073123922e+01  -1.612339550150587e+01  -2.203327845752665e+01  1.693747931944131e-05  -4.241974622870094e-05  -1.543681892880653e-05
  1.629999999999987e+00  -1.674792095443426e+02  -2.481883096556980e+02  -5.851221156711272e+01  -4.716695002238293e+01  -1.764633709594520e+01  -2.152055210910923e+01  1.821714505131843e-05  -4.297576051231531e-05  -1.487435976423392e-05
  1.634999999999987e+00  -1.478824791219441e+02  -2.473586357375033e+02  -4.220932904911736e+01  -5.827181791469992e+01  -1.298314568810928e+01  -1.949574532789892e+01  2.023733373444096e-05  -4.234218556885189e-05  -1.253827391350185e-05
  1.639999999999987e+00  -1.420143499484833e+02  -2.598336688223100e+02  -4.853330351369902e+01  -7.075114153345302e+01  -1.412222808454605e+01  -1.872757272836721e+01  2.158305845055713e-05  -4.251205482155656e-05  -1.227270205794155e-05
  1.644999999999987e+00  -1.361053116185238e+02  -2.720465057756885e+02  -5.550718727261052e+01  -8.297585297857223e+01  -1.540494778683882e+01  -1.761389827857419e+01  2.289988848628611e-05  -4.244356818854514e-05  -1.210536997436132e-05
  1.649999999999987e+00  -1.152103179442200e+02  -2.692675327265733e+02  -3.963099069688244e+01  -9.358763064358340e+01  -1.123025872374841e+01  -1.597185496961276e+01  2.468916328821618e-05  -4.135234868064108e-05  -1.021704701891480e-05
  1.654999999999987e+00  -1.077845248089555e+02  -2.790604702567915e+02  -4.516461540643972e+01  -1.053484528488669e+02  -1.216469011539299e+01  -1.470169432294400e+01  2.593673351041452e-05  -4.093300541524457e-05  -1.028439935924607e-05
  1.659999999999987e+00  -8.720551869357369e+01  -2.756940647519088e+02  -3.065732844501452e+01  -1.155126101030772e+02  -8.626179974378823e+00  -1.355818072825615e+01  2.742639278181684e-05  -3.961936655228089e-05  -8.754506518032296e-06
  1.664999999999986e+00  -7.964794706356423e+01  -2.842476218120054e+02  -3.611541450519523e+01  -1.265262837485372e+02  -9.649510573812396e+00  -1.199879833964120e+01  2.847173728223798e-05  -3.879363088706033e-05  -8.899302080038041e-06
  1.669999999999986e+00  -5.992323456811764e+01  -2.804363881486404e+02  -2.309010191848421e+01  -1.361079987886747e+02  -6.735227343071020e+00  -1.131783776793184e+01  2.960619183112177e-05  -3.726295167324476e-05  -7.681534650182423e-06
  1.674999999999986e+00  -5.183325920226275e+01  -2.868347439578479e+02  -2.723093961244367e+01  -1.463595139351021e+02  -7.477887364566449e+00  -9.727186120185468e+00  3.042069175996819e-05  -3.615987160444732e-05  -7.978626285157612e-06
  1.679999999999986e+00  -4.426960972345727e+01  -2.929737052740701e+02  -3.173152796528911e+01  -1.561061824835732e+02  -8.391764097361632e+00  -8.014841997100326e+00  3.108831870680578e-05  -3.486463303188356e-05  -8.284516968470943e-06
  1.684999999999986e+00  -2.609485986201680e+01  -2.880805175557094e+02  -1.985994769915822e+01  -1.644720398258874e+02  -6.037457530626177e+00  -7.731477683722786e+00  3.164202639125190e-05  -3.298936941082619e-05  -7.322236694331083e-06
  1.689999999999986e+00  -1.865404822759131e+01  -2.922750982306029e+02  -2.312859005818758e+01  -1.732595859474880e+02  -6.720553774607383e+00  -6.078312752952339e+00  3.198775878515684e-05  -3.147440552533775e-05  -7.710547463748382e-06
  1.694999999999986e+00  -2.470020393228121e+00  -2.872088859377753e+02  -1.289006399676038e+01  -1.807367160194660e+02  -4.892352046225094e+00  -6.102634829262938e+00  3.209507669966577e-05  -2.942566529273307e-05  -6.943450472420044e-06
  1.699999999999986e+00  3.741511139848329e+00  -2.905415511950497e+02  -1.610068023796786e+01  -1.883580843116481e+02  -5.758744460999612e+00  -4.469332560857291e+00  3.205196497058098e-05  -2.764187195042067e-05  -7.280412599813033e-06
  1.704999999999986e+00  9.761907597087605e+00  -2.927706833458031e+02  -1.851887085502720e+01  -1.954351918580813e+02  -6.435972530635699e+00  -2.929082870459833e+00  3.183458254973750e-05  -2.580618239092108e-05  -7.662836560436181e-06
  1.709999999999986e+00  2.295992165198235e+01  -2.870591869262628e+02  -9.632319703652163e+00  -2.012964152093392e+02  -5.075628522141288e+00  -3.198974916611206e+00  3.127645460458320e-05  -2.350573714268882e-05  -7.000565726268342e-06
  1.714999999999985e+00  2.736862067860474e+01  -2.885447020441088e+02  -1.198064416033999e+01  -2.070828009725163e+02  -5.942541822358595e+00  -1.775416016818520e+00  3.064094448682990e-05  -2.146608761712861e-05  -7.286379968045209e-06
  1.719999999999985e+00  3.789763325772321e+01  -2.828167432777162e+02  -4.661810511997600e+00  -2.118269454711373e+02  -4.969950923074578e+00  -2.166877046505020e+00  2.964567234651299e-05  -1.903346264641778e-05  -6.703451150007641e-06
  1.724999999999985e+00  4.103379009833424e+01  -2.828871316708781e+02  -6.118335589848408e+00  -2.163230482352902e+02  -5.686659151827971e+00  -8.904234881360169e-01  2.860350138800016e-05  -1.690892459156104e-05  -6.947091749408635e-06
  1.729999999999985e+00  4.315565227572146e+01  -2.827605899860670e+02  -7.700479902018310e+00  -2.201177324197275e+02  -6.581907885799913e+00  2.185032384942553e-01  2.736176314961838e-05  -1.470300681993488e-05  -7.109781412927089e-06
  1.734999999999985e+00  4.998467277343320e+01  -2.766186129160286e+02  -1.677430758279767e+00  -2.229730296759958e+02  -5.911699161289398e+00  -1.946603396644134e-01  2.575525053901640e-05  -1.211068220338263e-05  -6.499698649406349e-06
  1.739999999999985e+00  5.057914572055334e+01  -2.752777437347377e+02  -2.512263188608303e+00  -2.253952093810824e+02  -6.679889304698556e+00  7.566303529232982e-01  2.412547421552979e-05  -9.869787252282407e-06  -6.578678690768298e-06
  1.744999999999985e+00  5.454306707123247e+01  -2.691534085588944e+02  2.144772569239626e+00  -2.269902693130196e+02  -6.237341820327047e+00  4.218999156988670e-01  2.216428341725924e-05  -7.196576936551462e-06  -5.950642479974303e-06
  1.749999999999985e+00  5.317084863238082e+01  -2.672621366503061e+02  1.369482760919132e+00  -2.279730046589540e+02  -7.140839021228264e+00  1.181713192054071e+00  2.017934620350234e-05  -4.888562481902971e-06  -5.864544818784293e-06
  1.754999999999985e+00  5.109076424396920e+01  -2.646918679000361e+02  1.042838808116245e+00  -2.282609767096544e+02  -7.954086574697325e+00  1.774053721172978e+00  1.802578285125315e-05  -2.610452542947608e-06  -5.732002735249541e-06
  1.759999999999984e+00  5.136176351479619e+01  -2.582063112365472e+02  4.639948622465782e+00  -2.278405621922061e+02  -7.631323232431436e+00  1.618308950896993e+00  1.561698902055733e-05  1.252267057210411e-07  -4.975385245528874e-06
  1.764999999999984e+00  4.739828018463426e+01  -2.551045362609943e+02  4.382464142662920e+00  -2.266910685794527e+02  -8.527070481809176e+00  2.027878601957249e+00  1.317770548629040e-05  2.415257378168207e-06  -4.659608333989446e-06
  1.769999999999984e+00  4.507662935983211e+01  -2.485751190271309e+02  6.920904627345777e+00  -2.249667281083800e+02  -8.294134205460196e+00  2.056869726179252e+00  1.055290782406661e-05  5.164353696213768e-06  -3.817421156132544e-06
  1.774999999999984e+00  3.957846611716553e+01  -2.445640302689702e+02  7.155884563696037e+00  -2.224141798598752e+02  -9.052085001640775e+00  2.373945036048467e+00  7.879506673959567e-06  7.388298979357330e-06  -3.356517578134674e-06
  1.779999999999984e+00  3.321179613453643e+01  -2.403531701099373e+02  7.314610747158862e+00  -2.191733761546849e+02  -9.895468128194851e+00  2.460756955446898e+00  5.107189857195488e-06  9.588829067400334e-06  -2.782995628221716e-06
  1.784999999999984e+00  2.779654022508481e+01  -2.333762871066545e+02  9.118722171277849e+00  -2.154683933520529e+02  -9.621431924233596e+00  2.778777522270876e+00  2.265034515101087e-06  1.228268230244476e-05  -1.750345347951681e-06
  1.789999999999984e+00  2.009097232209935e+01  -2.283393006846892e+02  9.676392992941890e+00  -2.108816456164640e+02  -1.031316150456241e+01  2.802477302065427e+00  -6.452151499771834e-07  1.437752405778354e-05  -1.016447962216036e-06
  1.794999999999984e+00  1.264073921876622e+01  -2.212382189856619e+02  1.067051001960026e+01  -2.059421208423760e+02  -1.004468372767399e+01  3.317851199569037e+00  -3.541708421213086e-06  1.699465378204004e-05  1.397295711893928e-07
  1.799999999999984e+00  3.708514447120627e+00  -2.155574915606066e+02  1.141072548599971e+01  -2.000756930964566e+02  -1.065433832172046e+01  3.238844870183573e+00  -6.511406025227018e-06  1.897684169958826e-05  1.069731256270921e-06
  1.804999999999984e+00  -5.767293302776778e+00  -2.095151710100123e+02  1.221834348098542e+01  -1.936016065756516e+02  -1.121364127233242e+01  3.018154382198799e+00  -9.505467201414642e-06  2.087361870799333e-05  2.085480261825218e-06
  1.809999999999983e+00  -1.532816037115125e+01  -2.018056726466393e+02  1.278138841742925e+01  -1.868891251457198e+02  -1.080233011276571e+01  3.806981573190886e+00  -1.236355229346666e-05  2.329053977323612e-05  3.449071236804856e-06
  1.814999999999983e+00  -2.563654941604945e+01  -1.950368535457598e+02  1.381239464970269e+01  -1.792711634671639e+02  -1.120576017413269e+01  3.522845089390354e+00  -1.531125808807129e-05  2.502054697618295e-05  4.655683538544497e-06
  1.819999999999983e+00  -3.642529540565375e+01  -1.870327843893109e+02  1.386222791371143e+01  -1.715020289170262e+02  -1.075211784864600e+01  4.440611195066516e+00  -1.806086234527774e-05  2.724478096374294e-05  6.133211430165832e-06
  1.824999999999983e+00  -4.734439882239955e+01  -1.795411223419364e+02  1.506725708419705e+01  -1.628407633495113e+02  -1.098031810344623e+01  4.125887999640105e+00  -2.089885315173324e-05  2.877323395087354e-05  7.506454867781298e-06
  1.829999999999983e+00  -5.846000030628117e+01  -1.716552968779527e+02  1.632397448618002e+01  -1.537138696126209e+02  -1.111663741573506e+01  3.686535156060718e+00  -2.366957648445953e-05  3.018291898679891e-05  8.976493726474765e-06
  1.834999999999983e+00  -7.019210894477290e+01  -1.628417546657510e+02  1.616992529146398e+01  -1.445435390270883e+02  -1.049280420608321e+01  4.767127080251634e+00  -2.613736478113651e-05  3.204284087423743e-05  1.062729275840663e-05
  1.839999999999983e+00  -8.155268052804865e+01  -1.542615497794175e+02  1.748835540157704e+01  -1.345637118324001e+02  -1.045828657632119e+01  4.300269165767992e+00  -2.869908219271539e-05  3.321116595203135e-05  1.224867668560806e-05
  1.844999999999983e+00  -9.370768870904243e+01  -1.450401800210477e+02  1.693534788160901e+01  -1.246204112215716e+02  -9.815090696473764e+00  5.380109100691311e+00  -3.091105714997462e-05  3.476273501533624e-05  1.398245197500211e-05
  1.849999999999983e+00  -1.048581553450950e+02  -1.354838713552832e+02  1.859897094147182e+01  -1.139405469203842e+02  -9.508601424759641e+00  4.908649040864232e+00  -3.320500521749068e-05  3.563793172456545e-05  1.573497762587748e-05
  1.854999999999982e+00  -1.160661399559152e+02  -1.257749817525106e+02  1.994169185636397e+01  -1.029615124895197e+02  -9.183482901465821e+00  4.325003328489905e+00  -3.535804574541152e-05  3.638415131839456e-05  1.756326328525928e-05
  1.859999999999982e+00  -1.279873604275940e+02  -1.155464804013429e+02  1.930880517068343e+01  -9.211771231488500e+01  -8.417205872325313e+00  5.415469717611634e+00  -3.708596424350536e-05  3.741773007668586e-05  1.939173703850345e-05
  1.864999999999982e+00  -1.385764449110383e+02  -1.047888468661607e+02  2.098536607432330e+01  -8.066783583085659e+01  -7.801754044222897e+00  4.845335808258567e+00  -3.889746496412490e-05  3.782733422502992e-05  2.131277644636972e-05
  1.869999999999982e+00  -1.500456717732574e+02  -9.393064871931013e+01  2.019716191213701e+01  -6.940034788591949e+01  -7.048885609563666e+00  5.842561060137497e+00  -4.025959450596485e-05  3.845384158288417e-05  2.314734919600074e-05
  1.874999999999982e+00  -1.601192267400836e+02  -8.260450382406104e+01  2.153293333027878e+01  -5.763351268083317e+01  -6.357910289527952e+00  5.194391386309984e+00  -4.168405547884600e-05  3.854622710023330e-05  2.515105485593256e-05
  1.879999999999982e+00  -1.696233309447502e+02  -7.064873031255883e+01  2.308365003161325e+01  -4.576949212822814e+01  -5.461989022914123e+00  4.548384278763005e+00  -4.292177392241244e-05  3.844955086095675e-05  2.717436040551213e-05
  1.884999999999982e+00  -1.798004207472778e+02  -5.863122311409952e+01  2.226292410416623e+01  -3.417023347040597e+01  -4.686339750771560e+00  5.431097933873457e+00  -4.366239054728099e-05  3.845613231226978e-05  2.899693963035245e-05
  1.889999999999982e+00  -1.885018486109943e+02  -4.616841028526888e+01  2.331492008663108e+01  -2.223085527529649e+01  -3.778611477304581e+00  4.697708250365083e+00  -4.446829842193272e-05  3.802770749108675e-05  3.105395073998173e-05
  1.894999999999982e+00  -1.975548747296486e+02  -3.343639644506754e+01  2.238877562306165e+01  -1.058258764902731e+01  -3.081643364191927e+00  5.413726253671253e+00  -4.477525266074459e-05  3.758840516679556e-05  3.282221286068838e-05
  1.899999999999981e+00  -2.048370755839393e+02  -1.985351781958413e+01  2.369942768966581e+01  1.277433794285587e+00  -1.945055066760520e+00  4.718103191536692e+00  -4.514553920730092e-05  3.677008929870491e-05  3.484582368651892e-05
  1.904999999999981e+00  -2.117611553511026e+02  -6.316868808473394e+00  2.430963717017703e+01  1.304100422316816e+01  -8.969704471070192e-01  3.924299224105148e+00  -4.529313990983828e-05  3.581524128091890e-05  3.687311614889538e-05
  1.909999999999981e+00  -2.186682650194620e+02  7.634275440315017e+00  2.338778355432500e+01  2.446116100071473e+01  -2.904815674263903e-01  4.470885873349748e+00  -4.492191129291737e-05  3.474396607861185e-05  3.852277090259153e-05
  1.914999999999981e+00  -2.239573200035947e+02  2.222420643935363e+01  2.414933477100707e+01  3.592973496234873e+01  9.259369987683783e-01  3.728632423943254e+00  -4.462718448873157e-05  3.340957413109520e-05  4.046589861299313e-05
  1.919999999999981e+00  -2.291438987743259e+02  3.699699113033314e+01  2.335500405056895e+01  4.704851975979884e+01  1.423104386633740e+00  4.127645191855658e+00  -4.381508409110401e-05  3.192217433260946e-05  4.198735812416794e-05
  1.924999999999981e+00  -2.331922684884243e+02  5.183043113324222e+01  2.323205280488372e+01  5.808486890774321e+01  2.461130544324548e+00  3.279711715075802e+00  -4.306834085590919e-05  3.028935210914482e-05  4.385659118048908e-05
  1.929999999999981e+00  -2.362484043277522e+02  6.725807756239340e+01  2.327130631490461e+01  6.886523440898814e+01  3.642450912572585e+00  2.521207405344076e+00  -4.212222081156361e-05  2.848213861933726e-05  4.563945473834266e-05
  1.934999999999981e+00  -2.387265809980010e+02  8.314027772116569e+01  2.252659433711114e+01  7.927400142349839e+01  3.962182557322296e+00  2.771563982923144e+00  -4.066381158750719e-05  2.646006082144781e-05  4.696539217574856e-05
  1.939999999999981e+00  -2.404165897017522e+02  9.868966686564028e+01  2.162049402465019e+01  8.944844577222891e+01  4.892686766505753e+00  1.926944592557226e+00  -3.929300158947558e-05  2.439872346581853e-05  4.862570944795461e-05
  1.944999999999981e+00  -2.408811148082247e+02  1.152842558371537e+02  2.109942482823647e+01  9.927609569933433e+01  5.093874668590537e+00  2.072982105865266e+00  -3.744202443939923e-05  2.207037306770296e-05  4.980275287763510e-05
  1.949999999999980e+00  -2.406940365061834e+02  1.315522855988351e+02  2.012991800697109e+01  1.087590334950734e+02  6.026425621434646e+00  1.325108970076712e+00  -3.569610267110403e-05  1.973794984949468e-05  5.128112795320256e-05
  1.954999999999980e+00  -2.399381735452657e+02  1.475759604937052e+02  1.834631981514455e+01  1.178555807702185e+02  6.745176212982801e+00  5.275164855659528e-01  -3.376464474797778e-05  1.733655531563613e-05  5.267054452692682e-05
  1.959999999999980e+00  -2.374474066019029e+02  1.649851547009551e+02  1.799849589383822e+01  1.266174455862123e+02  6.745498664823080e+00  5.987482612565859e-01  -3.138589483034790e-05  1.466846197448696e-05  5.361917709813012e-05
  1.964999999999980e+00  -2.348520565943369e+02  1.814846518664226e+02  1.604121170402705e+01  1.349113470290334e+02  7.394891669212688e+00  -8.116422015504401e-02  -2.913694087851686e-05  1.207422480019576e-05  5.480702803785144e-05
  1.969999999999980e+00  -2.302736706259780e+02  1.993772707884701e+02  1.608094657431696e+01  1.428940787615264e+02  7.315917412050480e+00  -3.931720292009022e-02  -2.647240117329186e-05  9.261343994630644e-06  5.559663765074998e-05
  1.974999999999980e+00  -2.262343926658586e+02  2.156400773632934e+02  1.324525594451886e+01  1.503203876655006e+02  7.626216457800925e+00  -7.429006977779334e-01  -2.393406947401605e-05  6.581176712160399e-06  5.660212883071968e-05
  1.979999999999980e+00  -2.213055480537540e+02  2.320517874067376e+02  1.028723988568882e+01  1.572987824064035e+02  7.919596858430726e+00  -1.310961372555256e+00  -2.128558750387391e-05  3.847841108195915e-06  5.746669267713323e-05
  1.984999999999980e+00  -2.138880304837892e+02  2.502524035988209e+02  1.063440092569010e+01  1.640001949839399e+02  7.685032173261294e+00  -1.264821116075837e+00  -1.828468649859635e-05  9.487368976844769e-07  5.804135664258466e-05
  1.989999999999980e+00  -2.075466361878289e+02  2.662850785082803e+02  6.959589340227619e+00  1.700555534672602e+02  7.646685482779171e+00  -1.821949198689993e+00  -1.542862234108159e-05  -1.787350136091967e-06  5.870777040094726e-05
  1.994999999999979e+00  -1.982379580292842e+02  2.845887244401091e+02  7.802655069419027e+00  1.758753776198369e+02  7.400407713467735e+00  -1.751288925941334e+00  -1.229002251209814e-05  -4.650054030522588e-06  5.914910351343494e-05
  1.999999999999979e+00  -1.903970370158656e+02  3.004226027088823e+02  3.820326454703773e+00  1.809978005482210e+02  7.209046923274896e+00  -2.154131622762374e+00  -9.305305373847404e-06  -7.359353958345242e-06  5.961406937112760e-05
