TITLE = "Temporal Signal for receiver number 00006"
VARIABLES = "Time","s_xx","s_yy","s_zz","s_xy","s_yz","s_xz","v1","v2","v3"
# x1       7.348000000000e+03
# x2       7.348000000000e+03
# x3       -1.000000000000e-01
# cell-global-id 70
  0.000000000000000e+00  2.546981240795223e-04  -6.266029277466064e-06  -2.797622411893858e-04  0.000000000000000e+00  0.000000000000000e+00  2.636152821085737e-04  -9.277298134145184e-05  0.000000000000000e+00  -2.776719691517499e-04
  5.000000000000000e-03  7.268763771972018e+02  5.802599485702643e+02  1.102588315929029e+03  6.156332254803770e+01  1.643043415942395e+02  -4.988046019616810e+02  -1.380597492234273e-04  1.285156133711280e-05  -1.309861181020603e-04
  1.000000000000000e-02  9.097840203965346e+02  7.361850716366386e+02  1.526736215271299e+03  1.388702044082544e+02  2.372326752649476e+02  -7.664334060202827e+02  -1.432185532339408e-04  1.243128419574348e-05  -6.937280186610211e-05
  1.500000000000000e-02  -2.941680265006145e+01  2.112045947216829e+01  4.130322643653425e+02  1.637505461891685e+02  1.679445025032187e+02  -7.559651443201053e+02  -7.579995506039748e-05  1.832207770792357e-05  -2.711685453311088e-05
  2.000000000000000e-02  -5.304605423339804e+02  -2.705822291410503e+02  1.855682696746702e+02  1.956449247513387e+02  2.148597850167637e+02  -5.906533568563465e+02  -1.885763348884996e-05  1.860308561539945e-05  -6.114473972028975e-05
  2.500000000000000e-02  -1.595223707961037e+03  -9.241277014301792e+02  -6.947858880727350e+02  1.493459372167816e+02  2.270489927306780e+02  -2.105399643675069e+02  7.345738789962624e-05  2.367758988367163e-05  -8.912011718107118e-05
  3.000000000000000e-02  -1.944966360316718e+03  -1.144406961096132e+03  -8.669113523043964e+02  1.175811876648376e+02  2.907440494921897e+02  -2.081865333720596e+01  1.098782000191696e-04  3.150733409815846e-05  -1.222549744229267e-04
  3.500000000000000e-02  -2.178631176819422e+03  -1.310810906389554e+03  -1.000384953078872e+03  6.625141161720346e+01  3.596500167526596e+02  1.274496627044808e+02  1.336436067123113e-04  4.100634200450898e-05  -1.492045580620318e-04
  4.000000000000000e-02  -2.376641102149423e+03  -1.431220915578985e+03  -1.239661250720765e+03  -2.485584329298897e+01  3.803323597027990e+02  3.171121285145536e+02  1.376383363881086e-04  3.663372214128180e-05  -1.500095927640837e-04
  4.500000000000000e-02  -2.306410110773793e+03  -1.437961004042841e+03  -1.241187266230667e+03  -8.412621556082733e+01  4.365197391042782e+02  3.504013874617780e+02  1.298989741699570e-04  4.245844995329743e-05  -1.603523103468073e-04
  5.000000000000000e-02  -2.045467122078153e+03  -1.311802395865406e+03  -1.214989483571848e+03  -1.392732315635119e+02  4.039919906128854e+02  4.073773293247433e+02  9.058357347082921e-05  2.643759887406020e-05  -1.448312153016341e-04
  5.499999999999999e-02  -1.844680634188817e+03  -1.248397686819730e+03  -1.176206169221067e+03  -1.733070157140132e+02  4.285899741448274e+02  3.796955224037733e+02  6.710523113261830e-05  2.848973122184208e-05  -1.453645823938753e-04
  5.999999999999999e-02  -1.637780390737582e+03  -1.175053962787685e+03  -1.139729193710320e+03  -1.926721881490787e+02  4.426937847457455e+02  3.440291799524027e+02  4.058598794914382e-05  2.977980549192403e-05  -1.437046154037032e-04
  6.499999999999999e-02  -1.281729661404297e+03  -9.934050838083105e+02  -1.054000101785113e+03  -1.765556526253873e+02  3.381476146417893e+02  3.646654961070585e+02  -1.500434572389555e-05  1.358327734514202e-05  -1.166007034330520e-04
  6.999999999999999e-02  -1.129565801848463e+03  -9.241888737319679e+02  -1.045417248349108e+03  -1.637143656327008e+02  3.285932839402108e+02  3.340849330107899e+02  -4.372726262631335e-05  1.543027032006536e-05  -1.119258347098932e-04
  7.500000000000000e-02  -8.763183582745472e+02  -7.526764888989838e+02  -9.408994927250476e+02  -1.206493849261818e+02  2.143875383406056e+02  3.587185972906188e+02  -9.583363539481626e-05  7.579086850404379e-06  -8.145830793774294e-05
  8.000000000000000e-02  -8.211236158832642e+02  -6.925141137864638e+02  -9.627099675243268e+02  -9.015406050454315e+01  1.977578633946895e+02  3.390674133719156e+02  -1.221247661108455e-04  1.066207393471686e-05  -7.693739618444403e-05
  8.500000000000001e-02  -8.065223377988981e+02  -6.351046470208768e+02  -9.980878120386343e+02  -5.575719689322989e+01  1.805937456792432e+02  3.254915778058250e+02  -1.469718295584660e-04  1.360525807433428e-05  -7.291912046865390e-05
  9.000000000000001e-02  -7.248730749364883e+02  -4.530143958192484e+02  -8.655223369207092e+02  -1.589198626485288e+01  9.068347619300555e+01  3.279051647729884e+02  -1.862764422956965e-04  1.266785363032681e-05  -4.178384222583402e-05
  9.500000000000001e-02  -7.939872200131963e+02  -3.943361808704300e+02  -9.139673821176959e+02  1.438588468636812e+01  7.855954136459829e+01  3.119402093526820e+02  -2.042381814295196e-04  1.427663191796643e-05  -3.965478689077534e-05
  1.000000000000000e-01  -7.909849391537180e+02  -1.874865613161784e+02  -7.414030303908097e+02  3.022720975460883e+01  1.987490158016302e+01  2.757474423233358e+02  -2.290767677127803e-04  1.429621495529991e-05  -7.421902412433365e-06
  1.050000000000000e-01  -9.132608677739039e+02  -1.217172167176576e+02  -7.894186124489509e+02  4.771494470702589e+01  1.232499579581507e+01  2.522660563627638e+02  -2.377048885364812e-04  1.230823197725807e-05  -6.602915413851863e-06
  1.100000000000000e-01  -1.049390466463034e+03  -5.138185561870848e+01  -8.334780974327701e+02  5.841300668440823e+01  4.625275191871077e+00  2.291760520750195e+02  -2.426129902890335e-04  8.480091100658349e-06  -5.988821948833739e-06
  1.150000000000000e-01  -1.104142238426311e+03  1.729325483131030e+02  -6.344566598556390e+02  3.869488417491301e+01  -3.001682213369955e+01  1.545162541858317e+02  -2.424287867345314e-04  2.905287376802101e-06  2.692106628450729e-05
  1.200000000000000e-01  -1.248702744842462e+03  2.546809941345602e+02  -6.595507209443813e+02  3.278294516725622e+01  -3.973526035294825e+01  1.288131123968539e+02  -2.365446067293616e-04  -5.396068838812139e-06  2.799097449363388e-05
  1.250000000000000e-01  -1.316948227462623e+03  4.677179819314587e+02  -4.657960089132243e+02  -6.595692490831954e+00  -6.426376221815758e+01  4.125408034518980e+01  -2.179114267036433e-04  -1.411966335072137e-05  6.024767476095078e-05
  1.300000000000000e-01  -1.446263876888682e+03  5.584665638692675e+02  -4.660114338766508e+02  -2.676987790126601e+01  -8.044716981702236e+01  2.079903078019645e+01  -2.022723461882116e-04  -2.556010780742651e-05  6.238676342324599e-05
  1.350000000000000e-01  -1.558237389980384e+03  6.602165690850752e+02  -4.453196289265319e+02  -5.311955472853719e+01  -1.004670281579727e+02  6.473553784942436e+00  -1.838017423240810e-04  -3.799962831764086e-05  6.514257274366453e-05
  1.400000000000000e-01  -1.613806632608036e+03  8.320462614497247e+02  -2.754800911269534e+02  -1.068346781902172e+02  -1.258188809612603e+02  -7.418268981246526e+01  -1.461493585551507e-04  -4.710992344139852e-05  9.360723860868754e-05
  1.450000000000000e-01  -1.687269293158764e+03  9.373923068271586e+02  -2.274644230755545e+02  -1.413016456897257e+02  -1.537478569672240e+02  -7.561887259982493e+01  -1.218812254692172e-04  -5.956316447873820e-05  9.676707799227779e-05
  1.500000000000000e-01  -1.736295006324475e+03  1.049971815596299e+03  -1.100225982366699e+02  -1.939373217867712e+02  -1.764933180206979e+02  -1.453755910223526e+02  -7.782947468117005e-05  -6.412355594404501e-05  1.174702175562537e-04
  1.550000000000001e-01  -1.766933885889240e+03  1.150147697052132e+03  -4.244240244235274e+01  -2.314947172110280e+02  -2.099589966592310e+02  -1.329142462277160e+02  -5.152212582337725e-05  -7.438676508213769e-05  1.196981403881974e-04
  1.600000000000001e-01  -1.772061214246550e+03  1.255920497801693e+03  4.363985461897678e+01  -2.705150252056120e+02  -2.452973111560938e+02  -1.141904556475554e+02  -2.526267513477907e-05  -8.382430568952862e-05  1.218018617718245e-04
  1.650000000000001e-01  -1.796874695799361e+03  1.280904930034336e+03  9.169742268934831e+01  -3.126278966266513e+02  -2.628930079496658e+02  -1.664231431077819e+02  1.692475000617344e-05  -7.854428213364690e-05  1.313716156501263e-04
  1.700000000000001e-01  -1.764958339371425e+03  1.367145048713884e+03  1.811686334179187e+02  -3.484308649668337e+02  -2.984041185107757e+02  -1.381159354062338e+02  4.057938411495439e-05  -8.388572860928280e-05  1.311895613771812e-04
  1.750000000000001e-01  -1.779831533467267e+03  1.324719440160627e+03  1.709508083300425e+02  -3.766540866850963e+02  -3.053591724660327e+02  -1.805391767531110e+02  7.499256850370912e-05  -7.072789171210776e-05  1.320640524535935e-04
  1.800000000000001e-01  -1.719306905822854e+03  1.384074419047078e+03  2.548900657260611e+02  -4.059537620450096e+02  -3.374621368511471e+02  -1.469273601867479e+02  9.355588473998446e-05  -7.164695964504542e-05  1.294376391279065e-04
  1.850000000000001e-01  -1.644242873534331e+03  1.436904438586676e+03  3.432276978307591e+02  -4.326140043062229e+02  -3.674922208753980e+02  -1.127494299209673e+02  1.100228729843817e-04  -7.117259321934388e-05  1.262627085790261e-04
  1.900000000000001e-01  -1.641069129599872e+03  1.316225036760835e+03  2.777984168795084e+02  -4.387908426295911e+02  -3.576776841454925e+02  -1.449987968898359e+02  1.290791322820251e-04  -4.895229421727674e-05  1.195375656276758e-04
  1.950000000000001e-01  -1.552474105059092e+03  1.335265581305225e+03  3.525970302599732e+02  -4.554473339140824e+02  -3.805985086837229e+02  -1.117766569442198e+02  1.387123455504938e-04  -4.460764824885590e-05  1.144178295472709e-04
  2.000000000000001e-01  -1.537557502312022e+03  1.179815628121988e+03  2.694741775896459e+02  -4.449562488342277e+02  -3.568876181793112e+02  -1.351125437470234e+02  1.455124995836543e-04  -1.912690668668968e-05  1.047496238010706e-04
  2.050000000000001e-01  -1.443748620417953e+03  1.166299632272564e+03  3.320189524692568e+02  -4.503076050974724e+02  -3.717209799774930e+02  -1.056640006343230e+02  1.481684364453853e-04  -1.195545241128533e-05  9.834274596856546e-05
  2.100000000000001e-01  -1.348867696373973e+03  1.139975234364914e+03  3.913412129202233e+02  -4.507890585791369e+02  -3.826884723161747e+02  -8.019068816522768e+01  1.484959993678028e-04  -3.823095893379606e-06  9.168393134778872e-05
  2.150000000000001e-01  -1.325408167219442e+03  9.507930909218735e+02  3.019382196371257e+02  -4.178159901182648e+02  -3.423321481529808e+02  -9.536456797787048e+01  1.400147071336524e-04  2.259239854176152e-05  8.023183266695378e-05
  2.200000000000001e-01  -1.235600559258582e+03  8.959594012618038e+02  3.514735241754281e+02  -4.062063124566795e+02  -3.453638340450706e+02  -7.662420216660398e+01  1.343475145440884e-04  3.196889642908976e-05  7.291899729952406e-05
  2.250000000000001e-01  -1.204625518144363e+03  7.080200101853209e+02  2.753356579104388e+02  -3.601806940029143e+02  -2.959389399189268e+02  -8.182380528060899e+01  1.175166979787970e-04  5.503312252237462e-05  6.102420881118688e-05
  2.300000000000001e-01  -1.123203581899215e+03  6.313594599698860e+02  3.184983203837315e+02  -3.372735728764287e+02  -2.922892580698770e+02  -7.075712663560743e+01  1.072374142321148e-04  6.437957136892994e-05  5.335522107972321e-05
  2.350000000000001e-01  -1.047204921268994e+03  5.440909590438472e+02  3.575579501380445e+02  -3.093284700664152e+02  -2.855863324336219e+02  -6.501188819209206e+01  9.567910389515014e-05  7.389865023480836e-05  4.564307105992031e-05
  2.400000000000001e-01  -1.014207386020032e+03  3.647699639283828e+02  2.963228658229972e+02  -2.488471123116087e+02  -2.287568728776263e+02  -6.360208343431815e+01  7.176829323441404e-05  9.015755885702024e-05  3.309459290531284e-05
  2.450000000000001e-01  -9.474914187653883e+02  2.663889041882088e+02  3.313449125966419e+02  -2.119736134897580e+02  -2.180281898206265e+02  -6.558818135995654e+01  5.785885607190615e-05  9.816313821054673e-05  2.533795986481563e-05
  2.500000000000001e-01  -9.072452055278461e+02  1.134886279472943e+02  2.832508949642513e+02  -1.475389777011818e+02  -1.602574416385325e+02  -5.663350865863588e+01  3.280255688676420e-05  1.069900918293751e-04  1.217133316150276e-05
  2.550000000000001e-01  -8.472231660356238e+02  1.306582962576679e+01  3.148118332651685e+02  -1.045793667216837e+02  -1.476863284908142e+02  -6.568563979663773e+01  1.825892144110482e-05  1.126107003854410e-04  4.657020173296650e-06
  2.600000000000001e-01  -7.909906322394532e+02  -8.960891932709626e+01  3.431981915779228e+02  -5.892653191778231e+01  -1.342038501815663e+02  -7.867010480524044e+01  3.860356968678040e-06  1.176510492702608e-04  -2.684198264688283e-06
  2.650000000000001e-01  -7.396320342788083e+02  -1.995951360717948e+02  3.026502886927895e+02  4.477435158111462e+00  -7.956791416070314e+01  -6.603832994357796e+01  -1.874781085418686e-05  1.162373400852210e-04  -1.603070780690087e-05
  2.700000000000001e-01  -6.837755447619883e+02  -2.908937811342371e+02  3.278777541676272e+02  5.134341802647143e+01  -6.715439764959551e+01  -8.374497410310849e+01  -3.175694404936866e-05  1.181055221160077e-04  -2.263315161534153e-05
  2.750000000000001e-01  -6.166867570299448e+02  -3.576757935832017e+02  2.897144012092760e+02  1.067661924907989e+02  -1.768247530133480e+01  -6.696627342807402e+01  -4.967488184498049e-05  1.090632719536566e-04  -3.606188325680879e-05
  2.800000000000001e-01  -5.561630340147541e+02  -4.293205624964075e+02  3.114463995598549e+02  1.512396171883989e+02  -7.909669927026956e+00  -8.740639152533774e+01  -6.025228617510947e-05  1.076358641406706e-04  -4.158106346043467e-05
  2.850000000000001e-01  -4.943252132058413e+02  -4.933888566068567e+02  3.310290058904784e+02  1.949056286497260e+02  8.788316379906966e-01  -1.089559781836506e+02  -6.970967187424144e-05  1.052160240091981e-04  -4.653006382465399e-05
  2.900000000000001e-01  -4.021002731780707e+02  -4.968258467747057e+02  2.904800292923592e+02  2.336911185308613e+02  4.111553643081670e+01  -8.916009236243343e+01  -7.976636712899190e-05  8.759784385933829e-05  -5.883517114621318e-05
  2.950000000000002e-01  -3.299323295596320e+02  -5.319409922743346e+02  3.070223509887010e+02  2.705750974944095e+02  4.583221049104322e+01  -1.103363466715453e+02  -8.600803671621638e-05  8.212320968351942e-05  -6.230768773075185e-05
  3.000000000000002e-01  -2.194510230105001e+02  -4.916996988559288e+02  2.634040402580242e+02  2.937944126201488e+02  7.842940656863067e+01  -8.790180317292152e+01  -8.978846881881129e-05  6.021844075063000e-05  -7.386107999822943e-05
  3.050000000000002e-01  -1.360886191662221e+02  -4.956440991506470e+02  2.770780713907877e+02  3.219033097439959e+02  7.886375946252205e+01  -1.072478998893048e+02  -9.271758164153664e-05  5.232163460828616e-05  -7.579199723602320e-05
  3.100000000000002e-01  -4.829288116252919e+01  -4.863957471658773e+02  2.903437975328840e+02  3.466661029259558e+02  7.782559329292864e+01  -1.252150877150647e+02  -9.440332858178754e-05  4.361225977089256e-05  -7.697272108556757e-05
  3.150000000000002e-01  8.088297923533582e+01  -3.935940373591783e+02  2.408670016620978e+02  3.476874536074480e+02  9.971502351634663e+01  -9.899736765892669e+01  -9.079320491279295e-05  1.889632356023090e-05  -8.687192430101408e-05
  3.200000000000002e-01  1.776474076041560e+02  -3.544984555128494e+02  2.521553292643501e+02  3.623468457131414e+02  9.493757882576975e+01  -1.135097617555458e+02  -8.956896379028516e-05  8.861703056839180e-06  -8.674076352136141e-05
  3.250000000000002e-01  3.082087563571230e+02  -2.419338543505081e+02  1.981532323730652e+02  3.493247798842327e+02  1.086566870245083e+02  -8.552771557160442e+01  -8.183580459691784e-05  -1.486907734700653e-05  -9.562653035600187e-05
  3.300000000000002e-01  4.088569363829368e+02  -1.786910307751606e+02  2.073300138629618e+02  3.543147958952660e+02  1.009802383780189e+02  -9.608397720870235e+01  -7.829075704159391e-05  -2.523010083208028e-05  -9.460111984721155e-05
  3.350000000000002e-01  5.293519944914872e+02  -6.129315136485764e+01  1.486791480287998e+02  3.302159906629636e+02  1.063114758181406e+02  -6.709470240332919e+01  -6.783180540305671e-05  -4.584830380777217e-05  -1.022986044303330e-04
  3.400000000000002e-01  6.264321792603359e+02  1.793780385846978e+01  1.550732471992218e+02  3.267416571664141e+02  9.683220410183677e+01  -7.379769682773743e+01  -6.258047642144029e-05  -5.562486546564342e-05  -1.008428747830844e-04
  3.450000000000002e-01  7.215842658648451e+02  1.046650171126270e+02  1.616831144791738e+02  3.199032647221162e+02  8.757099965854195e+01  -7.846076673060234e+01  -5.674203362432599e-05  -6.542954270204155e-05  -9.921347544104928e-05
  3.500000000000002e-01  8.113012120967682e+02  2.121413770989696e+02  9.514792135017532e+01  2.847408639281880e+02  8.364454641285396e+01  -4.780229122526772e+01  -4.439886231285641e-05  -7.992938612057479e-05  -1.056924879545735e-04
  3.550000000000002e-01  8.913054423891263e+02  3.017630811773652e+02  9.695720519950052e+01  2.716843294790910e+02  7.433749241194226e+01  -4.896254074311982e+01  -3.773276950086921e-05  -8.824181026974573e-05  -1.043047874456362e-04
  3.600000000000002e-01  9.465017662363000e+02  3.834890807894598e+02  2.869318700838993e+01  2.336518930599367e+02  6.290473996441580e+01  -1.977388688046661e+01  -2.537193419529929e-05  -9.664010191596092e-05  -1.091522538613058e-04
  3.650000000000002e-01  1.003737530073856e+03  4.668099655925818e+02  2.426637625434586e+01  2.163171034781881e+02  5.458159364312521e+01  -1.779533042594598e+01  -1.843904883088374e-05  -1.030593142924856e-04  -1.082545709019605e-04
  3.700000000000002e-01  1.050379526279563e+03  5.477019900029344e+02  1.649584047750106e+01  1.971336361805948e+02  4.756049857298711e+01  -1.403929804799458e+01  -1.148863074934069e-05  -1.091765602721911e-04  -1.076126620772111e-04
  3.750000000000002e-01  1.048611477371605e+03  5.862375971384198e+02  -5.254441973005882e+01  1.586748890617070e+02  2.993608080118040e+01  1.314636426771578e+01  -1.229291942236905e-08  -1.095865100491008e-04  -1.105674803936348e-04
  3.800000000000002e-01  1.063727588597979e+03  6.492853014003121e+02  -6.922532441041962e+01  1.378103906199726e+02  2.482414161401577e+01  1.954137982368347e+01  6.554673928267398e-06  -1.136201940386672e-04  -1.104038092319045e-04
  3.850000000000002e-01  1.022710619989249e+03  6.535440165396610e+02  -1.268216597010432e+02  1.027228020189886e+02  2.387689873413992e+00  4.199683660312725e+01  1.675270104639728e-05  -1.083261762070695e-04  -1.105468513836258e-04
  3.900000000000002e-01  1.003640801654653e+03  6.936164272382489e+02  -1.525362162160793e+02  8.184757425684053e+01  -5.452952447268105e-01  5.062208175825607e+01  2.261641591619815e-05  -1.103670778179889e-04  -1.104792051758692e-04
  3.950000000000002e-01  9.690531989672893e+02  7.233663234982683e+02  -1.849216589032776e+02  6.074483862099359e+01  -2.285957571539466e+00  6.082980264346062e+01  2.803009591535641e-05  -1.120002800129901e-04  -1.105120949903160e-04
  4.000000000000002e-01  8.761318938707828e+02  6.825717556575452e+02  -2.242587103046204e+02  3.197704020284132e+01  -2.654618142404900e+01  7.743782149061352e+01  3.629093706497696e-05  -1.005764083808813e-04  -1.069366980952894e-04
  4.050000000000002e-01  8.077987489273883e+02  6.851098952729120e+02  -2.646474497480889e+02  1.280773194567610e+01  -2.633655438214439e+01  8.930382184602752e+01  4.063587593513221e-05  -1.003877799685890e-04  -1.063244735629649e-04
  4.100000000000003e-01  6.915347052438067e+02  6.216967940837831e+02  -2.763785972951813e+02  -9.959129114261277e+00  -5.110515931403695e+01  9.843832341330933e+01  4.739223812447905e-05  -8.561700896744014e-05  -9.911610029810003e-05
  4.150000000000003e-01  5.938273856821721e+02  5.977238100019238e+02  -3.216501606774569e+02  -2.625024927898849e+01  -4.901156164930003e+01  1.114361660948650e+02  5.053312388872864e-05  -8.383113523776728e-05  -9.733953841192572e-05
  4.200000000000003e-01  4.827365287289573e+02  5.610921312873140e+02  -3.725402892619496e+02  -4.148696809791690e+01  -4.664660296653066e+01  1.255018887358218e+02  5.295233887981926e-05  -8.152025242340712e-05  -9.514033557280815e-05
  4.250000000000003e-01  3.418710380097026e+02  4.703040256758851e+02  -3.503768261150289e+02  -5.573846381917865e+01  -6.824709852753985e+01  1.259673013863265e+02  5.775081848587076e-05  -6.372216545845682e-05  -8.352802227906145e-05
  4.300000000000003e-01  2.103767171259433e+02  4.102875610418070e+02  -4.009345695462787e+02  -6.712066498283870e+01  -6.436898278395648e+01  1.402273134626313e+02  5.884850045321313e-05  -5.998616352462942e-05  -7.967951770524950e-05
  4.350000000000003e-01  6.719045395701171e+01  3.123717290388923e+02  -3.493329779301764e+02  -7.572735734732726e+01  -8.205268143949090e+01  1.321490703501441e+02  6.240819259731366e-05  -4.140121063229507e-05  -6.552925836937585e-05
  4.400000000000003e-01  -7.713325606165189e+01  2.329327103243515e+02  -3.963637590968503e+02  -8.302401249421378e+01  -7.668138399182220e+01  1.458909521672062e+02  6.219942429891856e-05  -3.645706550572096e-05  -6.003317101671559e-05
  4.450000000000003e-01  -2.265569494606432e+02  1.445425270532418e+02  -4.432493139401673e+02  -8.866401933191656e+01  -7.140632154297829e+01  1.598054885862910e+02  6.118948829086205e-05  -3.088451070895406e-05  -5.402319542959394e-05
  4.500000000000003e-01  -3.654414570398785e+02  3.868483604676314e+01  -3.627966791836197e+02  -9.016569452731022e+01  -8.201742246705784e+01  1.423370009855270e+02  6.322962824768120e-05  -1.224523509101539e-05  -3.767849637072715e-05
  4.550000000000003e-01  -5.158876393112618e+02  -6.176575501739199e+01  -4.012748873586540e+02  -9.177597299565646e+01  -7.514821543843388e+01  1.546678800907394e+02  6.097852156695558e-05  -5.746986599815348e-06  -3.048089313543796e-05
  4.600000000000003e-01  -6.425572829604121e+02  -1.637577351893094e+02  -3.081830021089222e+02  -8.991862317479091e+01  -7.960290611801611e+01  1.300062640842341e+02  6.220521572970835e-05  1.135661603834958e-05  -1.437658252673671e-05
  4.650000000000003e-01  -7.865342764157464e+02  -2.706300476817454e+02  -3.369335099912324e+02  -8.795546212950890e+01  -7.109723268079524e+01  1.402379197696194e+02  5.879360026275556e-05  1.842471062179518e-05  -6.596084595903752e-06
  4.700000000000003e-01  -9.269461102751009e+02  -3.802535276055285e+02  -3.609533872789083e+02  -8.441647415007330e+01  -6.249550817926495e+01  1.496184822236282e+02  5.468061147282966e-05  2.601726537894541e-05  1.226356187286167e-06
  4.750000000000003e-01  -1.029205983989424e+03  -4.733827571305445e+02  -2.606262005144994e+02  -7.901205338165555e+01  -5.951942933071959e+01  1.177191629329367e+02  5.491214821031042e-05  4.030568068606079e-05  1.577113604774044e-05
  4.800000000000003e-01  -1.154025763262607e+03  -5.812331976872840e+02  -2.741259859819945e+02  -7.274578787765309e+01  -4.944457810005691e+01  1.243042981125273e+02  4.980979475175390e-05  4.793190214757492e-05  2.326374526636420e-05
  4.850000000000003e-01  -1.236274790612556e+03  -6.614344827762834e+02  -1.820417463726207e+02  -6.676686512339214e+01  -4.160860257987475e+01  8.887920934714607e+01  4.957637310894259e-05  5.870121338132078e-05  3.509703475505868e-05
  4.900000000000003e-01  -1.340944299456972e+03  -7.621921729016416e+02  -1.861005030874625e+02  -5.856300709023029e+01  -3.055467973176946e+01  9.251997007228996e+01  4.361615198695492e-05  6.590446393140861e-05  4.169032818859876e-05
  4.950000000000003e-01  -1.436527441287060e+03  -8.598393741321034e+02  -1.848811432422457e+02  -4.940198055573357e+01  -1.952449475745059e+01  9.459732896817475e+01  3.716251770034135e-05  7.330111302855210e-05  4.781863562210211e-05
  5.000000000000003e-01  -1.483068817246995e+03  -9.153607838166562e+02  -1.048142781479324e+02  -4.352533216273185e+01  -7.976273999693424e+00  5.657397180410624e+01  3.633148875091473e-05  7.903908665506035e-05  5.565628831180342e-05
  5.050000000000003e-01  -1.554267652611122e+03  -9.993414174832776e+02  -9.639517044525140e+01  -3.357572368843299e+01  2.980794414786648e+00  5.560730827469809e+01  2.927456653865801e-05  8.546325883453802e-05  6.040667445496923e-05
  5.100000000000003e-01  -1.577106359061262e+03  -1.033531527152312e+03  -3.452650915646805e+01  -2.896227062966315e+01  1.600535822907526e+01  1.886951456229015e+01  2.818873861565053e-05  8.682625258269137e-05  6.485933701962285e-05
  5.150000000000003e-01  -1.623015431779447e+03  -1.100723726197340e+03  -2.120189412210038e+01  -1.898287885609798e+01  2.580004462969201e+01  1.516669339106304e+01  2.071037530736397e-05  9.203475179125072e-05  6.817152134262376e-05
  5.200000000000004e-01  -1.658186171494931e+03  -1.160743485813950e+03  -4.306701387688040e+00  -8.868580947813896e+00  3.489202517938811e+01  9.591519042162142e+00  1.305889630704216e-05  9.707480545278902e-05  7.094159095944051e-05
  5.250000000000004e-01  -1.642461250834394e+03  -1.159458672202766e+03  3.959668898560730e+01  -6.510141456279972e+00  4.682842601552278e+01  -2.426781369714447e+01  1.175013014283647e-05  9.313355664138266e-05  7.149850288673753e-05
  5.300000000000004e-01  -1.652851132270847e+03  -1.199627231431312e+03  5.871711116926536e+01  2.636044715110937e+00  5.346127094752764e+01  -3.213550925044483e+01  4.046738906868659e-06  9.676413538291305e-05  7.304477335673647e-05
  5.350000000000004e-01  -1.614629018106936e+03  -1.173953638708730e+03  8.618760254711903e+01  3.331738615581941e+00  6.432689936980603e+01  -6.045522350161622e+01  2.700558991591977e-06  8.937029321391867e-05  7.113925289982212e-05
  5.400000000000004e-01  -1.601618557319769e+03  -1.193349050396633e+03  1.066739870463877e+02  1.094352039360371e+01  6.795723717926289e+01  -7.010928985447471e+01  -4.788423472477084e-06  9.165339988019132e-05  7.173367251135315e-05
  5.450000000000004e-01  -1.579494790574659e+03  -1.204521271459103e+03  1.282859247575750e+02  1.798757478007775e+01  7.012135925561370e+01  -8.134739562051585e+01  -1.206090766342993e-05  9.360576539990305e-05  7.212256330498257e-05
  5.500000000000004e-01  -1.509194142348332e+03  -1.144097049810217e+03  1.411724726298602e+02  1.592851905651043e+01  7.766054468889689e+01  -1.024821075849402e+02  -1.308745816923955e-05  8.280376292135737e-05  6.798800155732256e-05
  5.550000000000004e-01  -1.467095042638275e+03  -1.135058753244011e+03  1.627510139986042e+02  2.078443324376988e+01  7.653728412466810e+01  -1.146925587216917e+02  -1.970870954027981e-05  8.356928835968643e-05  6.791113542154206e-05
  5.600000000000004e-01  -1.381346124291575e+03  -1.056093287309923e+03  1.646316904159777e+02  1.759608603769711e+01  8.259143911952279e+01  -1.279836578635837e+02  -2.049129532921534e-05  7.140389958415022e-05  6.275881211602490e-05
  5.650000000000004e-01  -1.322445468946479e+03  -1.028593831264453e+03  1.855711505195562e+02  2.004759030519216e+01  7.845036332865577e+01  -1.405601132710864e+02  -2.619851603194720e-05  7.120672919513981e-05  6.252676934600437e-05
  5.700000000000004e-01  -1.256766096387320e+03  -9.933165858382614e+02  2.071242342733935e+02  2.142799818328028e+01  7.309000877179082e+01  -1.540032303713040e+02  -3.132202770047568e-05  7.062175058634292e-05  6.241077256560088e-05
  5.750000000000004e-01  -1.152632950915173e+03  -8.919742751789657e+02  1.989169776852171e+02  1.605609566016913e+01  7.657725490184689e+01  -1.583019252526688e+02  -3.125683469356755e-05  5.765201325051871e-05  5.677062358717361e-05
  5.800000000000004e-01  -1.074409449026045e+03  -8.409955856692113e+02  2.198115277976554e+02  1.483668039118976e+01  6.917057870040293e+01  -1.712309520037880e+02  -3.513966771987147e-05  5.628600733140324e-05  5.680143579106598e-05
  5.850000000000004e-01  -9.654008918747098e+02  -7.332767709734322e+02  2.040106665237291e+02  9.298225426971877e+00  7.167844366673226e+01  -1.678598412992851e+02  -3.471138527575244e-05  4.381318330584367e-05  5.129605275033176e-05
  5.900000000000004e-01  -8.776613891923917e+02  -6.691842331366269e+02  2.245111987669360e+02  5.547117705823941e+00  6.307637319854074e+01  -1.798096457556560e+02  -3.724429033941721e-05  4.180265130118089e-05  5.156974823587737e-05
  5.950000000000004e-01  -7.857224282090804e+02  -5.989462823493565e+02  2.457083075316576e+02  6.491340668707173e-01  5.417017580138686e+01  -1.918046054045482e+02  -3.899152129105309e-05  3.931135515538041e-05  5.209118454222951e-05
  6.000000000000004e-01  -6.739581283687015e+02  -4.862937983856051e+02  2.221401049461255e+02  -5.644670268134311e+00  5.547961505770597e+01  -1.803225070852858e+02  -3.768658449128568e-05  2.772634414456505e-05  4.708658348044112e-05
  6.050000000000004e-01  -5.765048488334533e+02  -4.065887667683761e+02  2.432567155203478e+02  -1.272971831598932e+01  4.658504151478473e+01  -1.907503179494162e+02  -3.805520422894442e-05  2.460994142036556e-05  4.785366466707617e-05
  6.100000000000004e-01  -4.701049271728490e+02  -3.003500926289072e+02  2.132346443894218e+02  -1.783976583630270e+01  4.672971923644956e+01  -1.737094370657011e+02  -3.668307576155416e-05  1.437855775142341e-05  4.353809006005250e-05
  6.150000000000004e-01  -3.699050518123778e+02  -2.139258740856896e+02  2.345806597509176e+02  -2.662036193096612e+01  3.851569102646061e+01  -1.824747043598861e+02  -3.576840534969590e-05  1.062800545419602e-05  4.446108925710147e-05
  6.200000000000004e-01  -2.677856249053140e+02  -1.235833333508948e+02  2.566625107851228e+02  -3.627967461952130e+01  3.071270050540528e+01  -1.907396338279782e+02  -3.413422352590594e-05  6.316058715823381e-06  4.556678176022806e-05
  6.250000000000004e-01  -1.718581815352374e+02  -2.816313525886851e+01  2.199525519232727e+02  -3.986962934908195e+01  2.986116968543735e+01  -1.683143288499543e+02  -3.254396749587411e-05  -2.510084184420325e-06  4.188995811840128e-05
  6.300000000000004e-01  -7.062576482812763e+01  6.498689285411399e+01  2.422184955704882e+02  -5.041746464207605e+01  2.328419042477657e+01  -1.748545104244443e+02  -2.989540799568675e-05  -7.458936150300302e-06  4.296073512022742e-05
  6.350000000000005e-01  1.265389542456861e+01  1.448564820741217e+02  2.001919860678050e+02  -5.125069565517413e+01  2.050520894145702e+01  -1.498153883193541e+02  -2.882029218186998e-05  -1.477940250277555e-05  3.998759654264175e-05
  6.400000000000005e-01  1.103356307069253e+02  2.377315367187591e+02  2.220636480571695e+02  -6.202745430679838e+01  1.519654455823831e+01  -1.547433687958554e+02  -2.542064334877030e-05  -2.028410065177109e-05  4.088613195420638e-05
  6.450000000000005e-01  2.075639109526719e+02  3.319068403156726e+02  2.445016049986571e+02  -7.307801048347773e+01  1.044339066803995e+01  -1.592046568613359e+02  -2.153395139019370e-05  -2.631472072569688e-05  4.179439527172919e-05
  6.500000000000005e-01  2.711177417274396e+02  3.900395540138610e+02  1.970954895221999e+02  -6.998309458067824e+01  6.226874883311979e+00  -1.320078812852192e+02  -2.114275901405905e-05  -3.205487701477746e-05  3.914484112909995e-05
  6.550000000000005e-01  3.611283627105954e+02  4.796738007350004e+02  2.181975914878096e+02  -8.030730950961308e+01  2.581223603357519e+00  -1.351502733479800e+02  -1.688586620011811e-05  -3.841893910922315e-05  3.968506046657905e-05
  6.600000000000005e-01  4.084830439148104e+02  5.182113591176177e+02  1.679690236215381e+02  -7.345512823855532e+01  -3.739962289890167e+00  -1.080253896043944e+02  -1.741477292183942e-05  -4.256724935498320e-05  3.757904436371572e-05
  6.650000000000005e-01  4.889590856189182e+02  6.005920928718253e+02  1.872382428075460e+02  -8.246254695422495e+01  -6.409940107246792e+00  -1.101337098779868e+02  -1.301118871941639e-05  -4.903480453528495e-05  3.766079258593294e-05
  6.700000000000005e-01  5.203403570035476e+02  6.201016731499702e+02  1.362534048927842e+02  -7.198552994898384e+01  -1.444385106012719e+01  -8.409471433479536e+01  -1.442882614437127e-05  -5.156995552737038e-05  3.607727491892742e-05
  6.750000000000005e-01  5.889988852951002e+02  6.924368599722421e+02  1.525775835554720e+02  -7.923072684092075e+01  -1.637636675456417e+01  -8.531601002740165e+01  -1.007008507458623e-05  -5.783838054475192e-05  3.568660997504534e-05
  6.800000000000005e-01  6.532674734048843e+02  7.612665155737593e+02  1.677680365073796e+02  -8.588860297135997e+01  -1.823157704384001e+01  -8.634463246530026e+01  -5.610269240448122e-06  -6.415281935526753e-05  3.514349842757568e-05
  6.850000000000005e-01  6.604809685497761e+02  7.546254882321997e+02  1.161148547170583e+02  -7.078987282139956e+01  -2.678405707044686e+01  -6.174771799579316e+01  -8.041258159413488e-06  -6.451248887685746e-05  3.381350988466007e-05
  6.900000000000005e-01  7.100879261462784e+02  8.098575101376688e+02  1.270607110013747e+02  -7.522764310875112e+01  -2.817974303658720e+01  -6.203958393802385e+01  -3.826291377325415e-06  -7.012773090561795e-05  3.283817488570069e-05
  6.950000000000005e-01  7.035729901115843e+02  7.876558841235386e+02  7.961387138077815e+01  -5.780414583244430e+01  -3.696029733070122e+01  -4.021393830645606e+01  -6.767432366577269e-06  -6.877709052243470e-05  3.220302943676124e-05
  7.000000000000005e-01  7.374348686249757e+02  8.278270744270500e+02  8.597200534919742e+01  -5.997621416039367e+01  -3.797052609712436e+01  -3.983739455283078e+01  -2.838742944227026e-06  -7.339867956731569e-05  3.091187899998553e-05
  7.050000000000005e-01  7.645970486956509e+02  8.615646928252194e+02  8.977880243034846e+01  -6.118917040050805e+01  -3.910297368997494e+01  -3.914485944854211e+01  1.020550398861155e-06  -7.762353609839057e-05  2.949977207245351e-05
  7.100000000000005e-01  7.372213183006011e+02  8.176600208889682e+02  4.682374204066861e+01  -4.138184785416934e+01  -4.678093784379294e+01  -2.033781075783127e+01  -2.329033059621966e-06  -7.385587633396820e-05  2.962959458258486e-05
  7.150000000000005e-01  7.476535660309817e+02  8.348214248187018e+02  4.546914690112676e+01  -4.038316009149268e+01  -4.761984580981440e+01  -1.885219185449556e+01  1.211313786843512e-06  -7.671806449864870e-05  2.812010200634032e-05
  7.200000000000005e-01  7.125343786941773e+02  7.831438195736536e+02  1.229409350099502e+01  -2.098742363116537e+01  -5.376575295581121e+01  -4.111124968838898e+00  -1.927576323820111e-06  -7.156171960297481e-05  2.924815292795829e-05
  7.250000000000005e-01  7.067132792884585e+02  7.840124411303824e+02  5.943318534554556e+00  -1.804789792077483e+01  -5.434939703432382e+01  -1.763110478218510e+00  1.343787415528309e-06  -7.296361084382366e-05  2.783092002512876e-05
  7.300000000000005e-01  6.935213885650091e+02  7.774067956438926e+02  -3.441618549585483e+00  -1.403975619698750e+01  -5.501178799586872e+01  1.244278979687694e+00  4.462045056511066e-06  -7.369946347254665e-05  2.643511317205366e-05
  7.350000000000005e-01  6.464147461905786e+02  7.146090608724382e+02  -2.603903629141076e+01  4.078374993574982e+00  -5.857102316989314e+01  1.160462030789052e+01  1.797134716699438e-06  -6.671172133978163e-05  2.881027402654528e-05
  7.400000000000005e-01  6.186025577011114e+02  6.931796145582584e+02  -3.969613785066296e+01  9.634529379417478e+00  -5.899400573459803e+01  1.560491026310508e+01  4.696689490542194e-06  -6.598065272611853e-05  2.775656210913971e-05
  7.450000000000006e-01  5.718379066518820e+02  6.325258189467644e+02  -4.834846587623060e+01  2.437978891628981e+01  -5.976243439168915e+01  2.084731727078737e+01  2.896070779672877e-06  -5.848374584281728e-05  3.108759261272668e-05
  7.500000000000006e-01  5.316651440109921e+02  5.985421269078278e+02  -6.526653531347854e+01  3.104662185157683e+01  -5.999899188680203e+01  2.573816932407437e+01  5.641065228960865e-06  -5.644619217681782e-05  3.051202184990449e-05
  7.550000000000006e-01  4.854818129640119e+02  5.584052448217277e+02  -8.474558713209808e+01  3.871721560773246e+01  -6.024813432909160e+01  3.162014519593592e+01  8.191157709202406e-06  -5.377364754890127e-05  3.010347305985447e-05
  7.600000000000006e-01  4.384262446287586e+02  5.000060379778083e+02  -7.871213414436454e+01  4.882866117936645e+01  -5.775934860475181e+01  3.128377706771436e+01  7.526458736662376e-06  -4.581697710742401e-05  3.450178359855263e-05
  7.650000000000006e-01  3.838379024488665e+02  4.513922256754670e+02  -9.975053953666558e+01  5.709203941315856e+01  -5.788425444409650e+01  3.787803674617019e+01  9.968857603906230e-06  -4.218311491245441e-05  3.467709906615513e-05
  7.700000000000006e-01  3.441890364249948e+02  4.034056826005339e+02  -7.992314688053627e+01  6.195733955649754e+01  -5.230891778831354e+01  3.210203515145435e+01  1.048219659887123e-05  -3.483354068703050e-05  3.936295522784425e-05
  7.750000000000006e-01  2.845511006148247e+02  3.498335277559109e+02  -1.011048264696160e+02  7.041723886293850e+01  -5.235481794001254e+01  3.907345788786995e+01  1.285699849776900e-05  -3.057996931647646e-05  4.009318768126997e-05
  7.800000000000006e-01  2.221035494135822e+02  2.933927563595040e+02  -1.234923800066614e+02  7.960723022343142e+01  -5.242449465932706e+01  4.699807418894024e+01  1.500692402449287e-05  -2.595744552857862e-05  4.102790298317794e-05
  7.850000000000006e-01  1.922845729335691e+02  2.586230361985047e+02  -9.015874266227314e+01  7.813408878087435e+01  -4.397775117033198e+01  3.532730297800268e+01  1.687527076982594e-05  -1.968777864892777e-05  4.578530548906595e-05
  7.900000000000006e-01  1.298962690549716e+02  2.024787327545558e+02  -1.106512517019252e+02  8.698504196642227e+01  -4.401984106360486e+01  4.308693855486509e+01  1.897201357550529e-05  -1.494766684147628e-05  4.714695837959085e-05
  7.950000000000006e-01  1.106736502139973e+02  1.813416267802176e+02  -6.936605475953665e+01  8.012881901549910e+01  -3.329622315188464e+01  2.712315346910126e+01  2.196880694500470e-05  -1.012742362910840e-05  5.111118692276526e-05
  8.000000000000006e-01  5.165214220469995e+01  1.287953750381382e+02  -8.702552434160732e+01  8.829161713739683e+01  -3.336716277271595e+01  3.432098416413012e+01  2.401192326014711e-05  -5.600628723042090e-06  5.272835751117108e-05
  8.050000000000006e-01  -6.059933923074258e+00  7.756673451315318e+01  -1.038822315016310e+02  9.673280000267820e+01  -3.341195742674853e+01  4.200303650735297e+01  2.582314380090511e-05  -1.075387748119037e-06  5.441046560001657e-05
  8.100000000000006e-01  -1.047469529092904e+01  7.399239604800276e+01  -5.631683439892883e+01  8.383659666953373e+01  -2.122600695163523e+01  2.163706974173551e+01  2.998897398093701e-05  1.663198379801921e-06  5.710061012474501e-05
  8.150000000000006e-01  -6.022493001840665e+01  3.083631154421496e+01  -6.881264558829180e+01  9.106412746431313e+01  -2.127800143951750e+01  2.815332251151807e+01  3.173334214054586e-05  5.550551561310577e-06  5.873530189350068e-05
  8.200000000000006e-01  -5.566396993848381e+01  3.801038809160647e+01  -2.306082904133967e+01  7.421725853808719e+01  -8.575956408256475e+00  6.393285827320335e+00  3.671450474360256e-05  6.622470461376498e-06  5.968861359058657e-05
  8.250000000000006e-01  -9.504875180407383e+01  5.116801912182449e+00  -3.061095296298672e+01  7.997990139779466e+01  -8.601036382700482e+00  1.147572199840442e+01  3.835869088791659e-05  9.667502665285947e-06  6.104090270215394e-05
  8.300000000000006e-01  -1.297028292707166e+02  -2.326403940935634e+01  -3.599701540670710e+01  8.539034808598505e+01  -8.522156676054056e+00  1.646320789194755e+01  3.978717910041332e-05  1.241898103302115e-05  6.222600442820781e-05
  8.350000000000006e-01  -1.113849952432023e+02  -1.681661569662144e+00  5.926415513491862e+00  6.435053820959460e+01  3.566613451928891e+00  -6.277134942061575e+00  4.545420937219990e-05  1.131993258329711e-05  6.090658853191202e-05
  8.400000000000006e-01  -1.330315856525004e+02  -1.764522463334595e+01  6.007447356153402e+00  6.783657780069053e+01  3.748900643739950e+00  -3.030057968625606e+00  4.674064804412353e-05  1.303872039816587e-05  6.149818888988464e-05
  8.450000000000006e-01  -1.107333654548112e+02  7.575758081951884e+00  3.693928312482812e+01  4.519279478977038e+01  1.425527502738187e+01  -2.329241935620815e+01  5.273604931206915e-05  1.071456351984403e-05  5.808849397265728e-05
  8.500000000000006e-01  -1.188377063470573e+02  4.125363360726109e+00  4.207005878776260e+01  4.661367848783909e+01  1.453335030312310e+01  -2.169288476836672e+01  5.382123489117718e-05  1.140046946314598e-05  5.792264294085738e-05
  8.550000000000006e-01  -1.204630681491206e+02  6.502047976899279e+00  4.999516867061126e+01  4.705314737862126e+01  1.508009779221553e+01  -2.065284545329339e+01  5.471788709442762e-05  1.166058700175814e-05  5.739166822894937e-05
  8.600000000000007e-01  -8.986151925930017e+01  3.787646752286318e+01  6.923341988591409e+01  2.285786993858963e+01  2.301192410427438e+01  -3.768268909615769e+01  6.070685816558311e-05  7.926785599808486e-06  5.149114718064763e-05
  8.650000000000007e-01  -7.806940534870346e+01  5.198736551038000e+01  8.160919585842109e+01  2.097629943695055e+01  2.372636791165751e+01  -3.816723506932714e+01  6.133559101005992e-05  7.234652293721118e-06  5.004738310355272e-05
  8.700000000000007e-01  -4.929356623355326e+01  7.911860724514628e+01  8.561999622227603e+01  -2.321347553095930e+00  2.857153149622603e+01  -4.942728839117487e+01  6.707149984084497e-05  3.139776523263317e-06  4.237193061483593e-05
  8.750000000000007e-01  -2.515008883884402e+01  1.034584969099561e+02  1.018437759933907e+02  -6.470446752439746e+00  2.949504144744751e+01  -5.112456770355687e+01  6.734881354140020e-05  1.654310363315041e-06  3.998674910695290e-05
  8.800000000000007e-01  4.625633579238190e+00  1.323385048618483e+02  1.199655290415478e+02  -1.203453691171747e+01  3.076876099804566e+01  -5.351724622994134e+01  6.747687664276240e-05  -1.891841011677855e-07  3.720140444072048e-05
  8.850000000000007e-01  3.449583769661624e+01  1.561335226094685e+02  1.102154097359846e+02  -3.418404933842397e+01  3.211033678772700e+01  -5.837295686344468e+01  7.243778807592529e-05  -4.470722446137330e-06  2.757309453696449e-05
  8.900000000000007e-01  7.391558777463572e+01  1.920637468232180e+02  1.307622691370122e+02  -4.194382384721148e+01  3.365439823412726e+01  -6.157738038588300e+01  7.214598850650302e-05  -6.827123815190829e-06  2.391590010003692e-05
  8.950000000000007e-01  9.749624519192955e+01  2.060157295592768e+02  1.079113781024560e+02  -6.119218746314384e+01  3.168781309890619e+01  -5.935499842904047e+01  7.631016859116947e-05  -1.055970166541625e-05  1.324703166927273e-05
  9.000000000000007e-01  1.439689997391988e+02  2.462229495682582e+02  1.297327225135678e+02  -7.090077499833133e+01  3.352873808568066e+01  -6.299871974812772e+01  7.553559542683701e-05  -1.318077728509707e-05  8.843531484442131e-06
  9.050000000000007e-01  1.934224306063790e+02  2.881452055687431e+02  1.520635261147588e+02  -8.208354321126893e+01  3.579246359782527e+01  -6.725345060483998e+01  7.465321759928899e-05  -1.596524606833873e-05  4.168520163213831e-06
  9.100000000000007e-01  2.114536160401054e+02  2.914394148636643e+02  1.191117630546697e+02  -9.806065049039542e+01  3.084449700692683e+01  -5.787273347390375e+01  7.743029992058947e-05  -1.873748288056118e-05  -7.486554578536599e-06
  9.150000000000007e-01  2.637328613852937e+02  3.334309371178142e+02  1.409930318663419e+02  -1.107849588916156e+02  3.348567578534209e+01  -6.216466858979946e+01  7.603687316002940e-05  -2.144788274601004e-05  -1.265846881441635e-05
  9.200000000000007e-01  2.733904008952557e+02  3.251404250885973e+02  1.015843243763465e+02  -1.228162925954829e+02  2.625247420477113e+01  -4.684289755020149e+01  7.769570715626662e-05  -2.309106400822590e-05  -2.452919872338244e-05
  9.250000000000007e-01  3.256074414034877e+02  3.645345593192337e+02  1.221128066846760e+02  -1.366816223649465e+02  2.936483491410666e+01  -5.094969742319082e+01  7.578333053161198e-05  -2.552225354102983e-05  -3.000221750593528e-05
  9.300000000000007e-01  3.771318455494405e+02  4.022344107030577e+02  1.414297992710659e+02  -1.517158682525554e+02  3.290087303088890e+01  -5.547946683830502e+01  7.381880606612948e-05  -2.787808653915863e-05  -3.550671031708720e-05
  9.350000000000007e-01  3.767132738462309e+02  3.801184181241172e+02  9.847421237269511e+01  -1.593896129508695e+02  2.421377523728510e+01  -3.479518056483107e+01  7.388296122659248e-05  -2.796633914162600e-05  -4.732701809292697e-05
  9.400000000000007e-01  4.238850512307354e+02  4.115427552880768e+02  1.148771842384451e+02  -1.749462624759124e+02  2.828600237754401e+01  -3.891901282172303e+01  7.145105975726589e-05  -2.979811929344679e-05  -5.282196483835300e-05
  9.450000000000007e-01  4.154125302446629e+02  3.799221536155422e+02  7.321862787460230e+01  -1.787398070378060e+02  1.884746579336457e+01  -1.519853974885194e+01  7.043247190691007e-05  -2.872683817357508e-05  -6.415437843963635e-05
  9.500000000000007e-01  4.557805609697284e+02  4.031807322938099e+02  8.586323827969383e+01  -1.944150515928002e+02  2.348691356913918e+01  -1.887373207981675e+01  6.759075526020016e-05  -2.993613702523131e-05  -6.943152902107531e-05
  9.550000000000007e-01  4.922808468381927e+02  4.222654914910169e+02  9.620657435390466e+01  -2.106714457390140e+02  2.851740730405454e+01  -2.281234366564619e+01  6.477320379168388e-05  -3.091153375670225e-05  -7.452278040304812e-05
  9.600000000000007e-01  4.721520477508287e+02  3.782251925739043e+02  5.725488101411228e+01  -2.101868644280425e+02  1.917754605136013e+01  2.953908069423367e+00  6.245793956266767e-05  -2.844373962240149e-05  -8.492504336049260e-05
  9.650000000000007e-01  4.988747779784173e+02  3.871819309669865e+02  6.285091080125099e+01  -2.259136775704752e+02  2.472565579644223e+01  -5.078557329074180e-01  5.935510294137468e-05  -2.873349561554042e-05  -8.954565697881912e-05
  9.700000000000008e-01  4.729715524805828e+02  3.384623038520592e+02  3.137446921270426e+01  -2.225191453177102e+02  1.584533944902644e+01  2.490367377686028e+01  5.633045307037851e-05  -2.557803664130047e-05  -9.894289560232900e-05
  9.750000000000008e-01  4.886050694248136e+02  3.367380165748798e+02  3.175974771375066e+01  -2.373582007108531e+02  2.183275265882916e+01  2.183558852131580e+01  5.306528830331246e-05  -2.522940799433508e-05  -1.029550975077582e-04
  9.800000000000008e-01  4.986026868570306e+02  3.299033929181676e+02  2.943758789251849e+01  -2.521271050867355e+02  2.803877006196214e+01  1.862187575043291e+01  4.988654824136289e-05  -2.459839255290518e-05  -1.066503731037560e-04
  9.850000000000008e-01  4.625370080522266e+02  2.737859921962074e+02  4.831641534640961e+00  -2.454182449502223e+02  2.007207854939427e+01  4.270594540748859e+01  4.623899924018123e-05  -2.077576978910400e-05  -1.144825611548609e-04
  9.900000000000008e-01  4.604378927104796e+02  2.562981016966390e+02  -3.041313968199050e+00  -2.587572719829591e+02  2.646133867835458e+01  3.983026250432589e+01  4.305356999872897e-05  -1.960685498072540e-05  -1.174396697592488e-04
  9.950000000000008e-01  4.220623139679706e+02  2.013657185860159e+02  -1.674605651137855e+01  -2.505215146214684e+02  1.947111185180642e+01  6.085564705401415e+01  3.923578170022742e-05  -1.577582666817054e-05  -1.239160102260173e-04
  1.000000000000001e+00  3.950376413218720e+02  1.604175692528987e+02  -2.507913043997253e+01  -2.502475666357686e+02  1.885122694013557e+01  6.993058570998360e+01  3.560162864848255e-05  -1.294580189209835e-05  -1.281010695645284e-04
  1.005000000000001e+00  3.754621503752736e+02  1.288191972786327e+02  -4.055612789463628e+01  -2.609956396366386e+02  2.509248766820021e+01  6.750768512933114e+01  3.265145917067399e-05  -1.122976387531748e-05  -1.298431607320403e-04
  1.010000000000000e+00  3.501592110012313e+02  9.277268866533187e+01  -5.869666245427744e+01  -2.709783979369900e+02  3.113355428725915e+01  6.504590001943401e+01  2.983519543584076e-05  -9.317943457974836e-06  -1.312552656384228e-04
  1.015000000000000e+00  3.072948446069212e+02  4.155086460973713e+01  -5.583800801083519e+01  -2.607420077221093e+02  2.556522042027341e+01  7.991686067546594e+01  2.631831021325652e-05  -5.995763022400404e-06  -1.349338586007289e-04
  1.020000000000000e+00  2.713506197737699e+02  -2.291335953257586e+00  -7.934397317434153e+01  -2.686701754987065e+02  3.108289326827887e+01  7.766213538848041e+01  2.379465119102899e-05  -3.889433007889006e-06  -1.355625838272724e-04
  1.025000000000000e+00  2.304560252634465e+02  -4.655268895308053e+01  -6.550760621937131e+01  -2.584557600926180e+02  2.655445029318747e+01  8.787579535131954e+01  2.063418204391420e-05  -1.106269576032463e-06  -1.376656276011280e-04
  1.030000000000000e+00  1.853911419110561e+02  -9.649706769967365e+01  -9.363615002843568e+01  -2.642429526953773e+02  3.138809081903377e+01  8.585368144910780e+01  1.847438140827744e-05  1.091820717831247e-06  -1.375472453128156e-04
  1.035000000000000e+00  1.361536824436751e+02  -1.491219040956732e+02  -1.235936611804319e+02  -2.688207329059566e+02  3.562060167817974e+01  8.393930184417368e+01  1.644830348919087e-05  3.407806554795689e-06  -1.372082245136151e-04
  1.040000000000000e+00  9.513355238203796e+01  -1.869709091196690e+02  -1.015860032022168e+02  -2.580274075067117e+02  3.186184301608661e+01  8.959930491255817e+01  1.403037171721542e-05  5.468383905200895e-06  -1.371671353009071e-04
  1.045000000000000e+00  3.934129648278680e+01  -2.431804972099325e+02  -1.349874408741159e+02  -2.603161085530414e+02  3.514058458119815e+01  8.803025637214782e+01  1.241038171510796e-05  7.758401351887882e-06  -1.361699404968366e-04
  1.050000000000000e+00  3.240924972535263e+00  -2.714169315336730e+02  -1.036653672255193e+02  -2.502687368345355e+02  3.233129207848038e+01  8.917019985137607e+01  1.053345620018763e-05  9.188066740634545e-06  -1.344541697326286e-04
  1.054999999999999e+00  -5.731351369330055e+01  -3.296470119463817e+02  -1.398309482008947e+02  -2.502778609253783e+02  3.453292971635041e+01  8.804929625348430e+01  9.334774869415147e-06  1.141544116497510e-05  -1.328517227158723e-04
  1.059999999999999e+00  -1.197275051861064e+02  -3.885377632529837e+02  -1.766928816027331e+02  -2.488681230975469e+02  3.590266315665097e+01  8.725043738192446e+01  8.216067851308833e-06  1.370079048570798e-05  -1.311623267638654e-04
  1.064999999999999e+00  -1.513894563060353e+02  -4.069228698677839e+02  -1.389756829111509e+02  -2.389106281259146e+02  3.377213750925031e+01  8.448308192858580e+01  7.183942899920102e-06  1.444723190370013e-05  -1.273453101688195e-04
  1.069999999999999e+00  -2.156398640693880e+02  -4.654563942601744e+02  -1.772201081033952e+02  -2.352788066901475e+02  3.404659616059985e+01  8.434901847634785e+01  6.443968028401959e-06  1.664948556697941e-05  -1.251722213637127e-04
  1.074999999999999e+00  -2.409504116509197e+02  -4.741582800308942e+02  -1.338761241252682e+02  -2.263635135501148e+02  3.284952472898721e+01  7.792516827616859e+01  5.850088080851410e-06  1.698108456165867e-05  -1.197624523682607e-04
  1.079999999999999e+00  -3.050689786693099e+02  -5.307760256334209e+02  -1.724007272619300e+02  -2.206515261417092e+02  3.218076896793742e+01  7.858584370062746e+01  5.443597508621155e-06  1.910948670056743e-05  -1.171909456244565e-04
  1.084999999999999e+00  -3.688264074329699e+02  -5.864521581752183e+02  -2.107388640154179e+02  -2.135364619981025e+02  3.067451864534076e+01  7.981085743161067e+01  5.039405919647717e-06  2.128679614337789e-05  -1.146322878214273e-04
  1.089999999999999e+00  -3.865184926106170e+02  -5.842480090355579e+02  -1.638466423427044e+02  -2.051431680250407e+02  3.037765393364285e+01  7.060648302670705e+01  5.024963457951395e-06  2.124289951053015e-05  -1.073593404532145e-04
  1.094999999999999e+00  -4.475184485199896e+02  -6.360723682812943e+02  -2.010604561260728e+02  -1.962064295735863e+02  2.819382897924024e+01  7.282971184830278e+01  4.856120263485147e-06  2.337207096689420e-05  -1.045101051694537e-04
  1.099999999999999e+00  -4.587729094307043e+02  -6.258464140636576e+02  -1.529992058551110e+02  -1.888834110017501e+02  2.873974061982306e+01  6.105143348973769e+01  4.964778646834629e-06  2.318857987464819e-05  -9.586310874069104e-05
  1.104999999999998e+00  -5.155251189262370e+02  -6.727528761376270e+02  -1.882735828094582e+02  -1.783750214704417e+02  2.608358441743849e+01  6.436687089077519e+01  4.946138640234778e-06  2.530015002973941e-05  -9.278504186401646e-05
  1.109999999999998e+00  -5.700055574829793e+02  -7.173532468034839e+02  -2.223090763320159e+02  -1.666954373404262e+02  2.290734441166255e+01  6.842397645117411e+01  4.858524113285416e-06  2.745054194659855e-05  -8.978964677261590e-05
  1.114999999999998e+00  -5.722472976162646e+02  -6.968994043841986e+02  -1.739121348434848e+02  -1.601866055425634e+02  2.438347944245251e+01  5.500032867943836e+01  5.062075963881740e-06  2.716605170035493e-05  -7.967558559734459e-05
  1.119999999999998e+00  -6.206014159109031e+02  -7.351607648861674e+02  -2.048076907516576e+02  -1.473615957151766e+02  2.112632023684688e+01  6.023595222372013e+01  5.011704537362006e-06  2.930453064437687e-05  -7.653964091578073e-05
  1.124999999999998e+00  -6.174470325014579e+02  -7.091342399212945e+02  -1.595351443720885e+02  -1.417953696824689e+02  2.300768919108920e+01  4.526346903610925e+01  4.952424783673991e-06  2.902439605329415e-05  -6.542235270806544e-05
  1.129999999999998e+00  -6.588395743104047e+02  -7.403421380828672e+02  -1.866609346768968e+02  -1.281183140619913e+02  1.987520574784976e+01  5.166634720178183e+01  4.863363169068184e-06  3.113836760177223e-05  -6.221798769167297e-05
  1.134999999999998e+00  -6.967657437451746e+02  -7.683602625123906e+02  -2.118649052231909e+02  -1.136885959985206e+02  1.662669106656600e+01  5.885452846494881e+01  4.654052312651751e-06  3.326031899215039e-05  -5.911539895828777e-05
  1.139999999999998e+00  -6.850738585349952e+02  -7.337522708124853e+02  -1.693448208800096e+02  -1.091123169752186e+02  1.892603714379202e+01  4.314251692921409e+01  4.192010489773838e-06  3.293854616324997e-05  -4.709514783613293e-05
  1.144999999999998e+00  -7.152699342183546e+02  -7.539780059357402e+02  -1.901992238337786e+02  -9.432498015775732e+01  1.607812104127076e+01  5.141315780428075e+01  3.862438247227605e-06  3.498436910248344e-05  -4.399779084290066e-05
  1.149999999999997e+00  -7.000005426764635e+02  -7.163028578387327e+02  -1.540327111953865e+02  -9.043203610940712e+01  1.796430120817908e+01  3.501557247671036e+01  2.827919583143229e-06  3.464558218439322e-05  -3.145909275360165e-05
  1.154999999999997e+00  -7.223205540186015e+02  -7.284794384805076e+02  -1.703414387075791e+02  -7.559848049867132e+01  1.556567862200131e+01  4.426079603209165e+01  2.323210825303927e-06  3.657064082421612e-05  -2.842969197197597e-05
  1.159999999999997e+00  -7.409336533553588e+02  -7.371323589479919e+02  -1.845431889215151e+02  -6.047138445763768e+01  1.336991360776753e+01  5.414991755215888e+01  1.704023567929704e-06  3.842198231501524e-05  -2.549970820227476e-05
  1.164999999999997e+00  -7.191172767311042e+02  -6.929951085687611e+02  -1.532496868384703e+02  -5.753452900025901e+01  1.464368944317260e+01  3.765091769217922e+01  -6.247713459856954e-08  3.792882945790845e-05  -1.269094491774670e-05
  1.169999999999997e+00  -7.301819323198415e+02  -6.936106282796542e+02  -1.629780281985730e+02  -4.280297453052091e+01  1.292512540860328e+01  4.826875351730079e+01  -8.752738507415618e-07  3.956233117127940e-05  -9.882952917254774e-06
  1.174999999999997e+00  -7.068266156369698e+02  -6.485089126319090e+02  -1.392514319660277e+02  -4.015390156245513e+01  1.290595653247525e+01  3.177723088988870e+01  -3.342648203501997e-06  3.897209068066825e-05  2.950276350516370e-06
  1.179999999999997e+00  -7.110193340503180e+02  -6.414991734890195e+02  -1.448569123622269e+02  -2.600236866517494e+01  1.150728036643539e+01  4.294022972788083e+01  -4.344694884778910e-06  4.032621632655662e-05  5.599794502261864e-06
  1.184999999999997e+00  -7.119254934361990e+02  -6.311037821308797e+02  -1.485386439337011e+02  -1.200859027334446e+01  1.042910606708198e+01  5.446982777330317e+01  -5.414884126366536e-06  4.150448578447350e-05  8.167715636358764e-06
  1.189999999999997e+00  -6.848785357843308e+02  -5.819775845072861e+02  -1.301179085012841e+02  -9.997211132541691e+00  8.740871704140869e+00  3.827996569033401e+01  -8.668895509680952e-06  4.064737717277862e-05  2.072029778123950e-05
  1.194999999999997e+00  -6.800957410523636e+02  -5.647875970000460e+02  -1.302773575408958e+02  3.139196006142102e+00  7.753650081779083e+00  5.002623287999148e+01  -9.879244531045482e-06  4.145342593618319e-05  2.311829239951919e-05
  1.199999999999996e+00  -6.533724076852147e+02  -5.164117258380686e+02  -1.185009922200409e+02  5.360566059388724e+00  4.344566731689849e+00  3.435170382355856e+01  -1.374887415470608e-05  4.049270324945650e-05  3.529525985690212e-05
  1.204999999999996e+00  -6.438082901600083e+02  -4.931872341832527e+02  -1.154601247809980e+02  1.755801659787014e+01  3.240509499844503e+00  4.610392098311541e+01  -1.505889353575819e-05  4.088731917708324e-05  3.751772007578663e-05
  1.209999999999996e+00  -6.320913643471569e+02  -4.674566208168538e+02  -1.112422378622203e+02  2.932475855899848e+01  2.289158185758124e+00  5.789764249308770e+01  -1.634893626784905e-05  4.101903811142323e-05  3.970882202154960e-05
  1.214999999999996e+00  -6.047089767725747e+02  -4.178816070013631e+02  -1.035114070711043e+02  3.147995752929326e+01  -3.203706657774182e+00  4.271087242287317e+01  -2.079686437881827e-05  3.982840394955255e-05  5.124213661270176e-05
  1.219999999999996e+00  -5.897868377723959e+02  -3.876188782546433e+02  -9.685365983597771e+01  4.225417165495856e+01  -4.605818385477717e+00  5.417633284756699e+01  -2.209519632539033e-05  3.950615427049769e-05  5.330277827542446e-05
  1.224999999999996e+00  -5.641762072957104e+02  -3.403217242405998e+02  -9.338799945331829e+01  4.511691510115615e+01  -1.140211922077274e+01  3.978849807158014e+01  -2.691235811627123e-05  3.833542927728191e-05  6.419589959611438e-05
  1.229999999999996e+00  -5.471899093226433e+02  -3.068027266558166e+02  -8.481711478375624e+01  5.499240743191425e+01  -1.347462591650114e+01  5.073650269552792e+01  -2.815504633257417e-05  3.756606108069774e-05  6.617404514657991e-05
  1.234999999999996e+00  -5.291753094344019e+02  -2.719096668720772e+02  -7.562806932978332e+01  6.432303581325048e+01  -1.565064576754864e+01  6.141931564302655e+01  -2.929446816365845e-05  3.649650791619476e-05  6.819173281039065e-05
  1.239999999999996e+00  -5.055118247495755e+02  -2.265864416298266e+02  -7.396116675507265e+01  6.779550990818991e+01  -2.387082009030020e+01  4.747176563050926e+01  -3.433235241484410e-05  3.530494063119237e-05  7.827473797239085e-05
  1.244999999999995e+00  -4.868756020322755e+02  -1.902628173513792e+02  -6.342940544217740e+01  7.637408376630067e+01  -2.696469021754250e+01  5.734161779049271e+01  -3.533051745719832e-05  3.381807110450424e-05  8.030428988608146e-05
  1.249999999999995e+00  -4.659129577347011e+02  -1.486738051292091e+02  -6.335393699185433e+01  8.091594006814722e+01  -3.519722771105172e+01  4.424527111578774e+01  -4.043037891724551e-05  3.284581463385637e-05  8.958572645157875e-05
  1.254999999999995e+00  -4.474402185049065e+02  -1.121424401103513e+02  -5.163026844691743e+01  8.891136119733416e+01  -3.923949582055821e+01  5.311961637332327e+01  -4.124141461326262e-05  3.099061440553057e-05  9.169053793679137e-05
  1.259999999999995e+00  -4.289425498447351e+02  -7.559092034782373e+01  -3.978416584324884e+01  9.644521126810183e+01  -4.365952467231057e+01  6.149407454954708e+01  -4.189743267957971e-05  2.886533745029323e-05  9.393449426809359e-05
  1.264999999999995e+00  -4.116808446480031e+02  -3.915497795644198e+01  -3.937560990935985e+01  1.021583607784805e+02  -5.165849901046068e+01  4.859246747707013e+01  -4.685647133484926e-05  2.814870719446822e-05  1.023381635321485e-04
  1.269999999999995e+00  -3.942914454961348e+02  -4.115125415806170e+00  -2.657101836263289e+01  1.093760163915961e+02  -5.705356721720190e+01  5.571764675320358e+01  -4.728587983041420e-05  2.574613765403846e-05  1.047602528549646e-04
  1.274999999999995e+00  -3.801785909843453e+02  2.723881984286168e+01  -2.600470581160804e+01  1.162660857364380e+02  -6.332213829392660e+01  4.358186633772839e+01  -5.202933794195464e-05  2.540983200789528e-05  1.122216188438210e-04
  1.279999999999995e+00  -3.642892302217639e+02  5.973404384818632e+01  -1.227873962798586e+01  1.233667210046408e+02  -6.955815645836191e+01  4.930610117276917e+01  -5.222174953957442e-05  2.280349661053420e-05  1.148720544360814e-04
  1.284999999999995e+00  -3.488465976809687e+02  9.120502504699627e+01  1.558634584113023e+00  1.301816934770623e+02  -7.626780692255549e+01  5.433118958727771e+01  -5.226476691595878e-05  2.001490637631565e-05  1.177428736729285e-04
  1.289999999999994e+00  -3.391607700391006e+02  1.147760029740594e+02  3.415854671175508e+00  1.384834954762819e+02  -8.023709595586125e+01  4.211463806743632e+01  -5.660017423044106e-05  2.012784642424653e-05  1.242069802212821e-04
  1.294999999999994e+00  -3.254433109943890e+02  1.425548097350118e+02  1.829329409854336e+01  1.454383685059746e+02  -8.755170490206362e+01  4.552098542995641e+01  -5.642962838838535e-05  1.725585762688934e-05  1.273520301408778e-04
  1.299999999999994e+00  -3.188956164346812e+02  1.600672869267480e+02  2.047948223448725e+01  1.547116430929395e+02  -8.826839734069087e+01  3.405958452214643e+01  -6.034224974651124e-05  1.776902446392248e-05  1.326712667381617e-04
  1.304999999999994e+00  -3.068736953158299e+02  1.835755606650659e+02  3.643522584735484e+01  1.619398030721816e+02  -9.591390876578936e+01  3.572089227509399e+01  -5.998402530903198e-05  1.488829017967578e-05  1.360817580722647e-04
  1.309999999999994e+00  -2.951759787046918e+02  2.055657520519440e+02  5.284122151018387e+01  1.690642978626497e+02  -1.039129297466677e+02  3.652134653500594e+01  -5.953575578969968e-05  1.194470414567152e-05  1.397334996292178e-04
  1.314999999999994e+00  -2.927515617765586e+02  2.138278490405781e+02  5.561333544847878e+01  1.795408185605708e+02  -1.006904568363319e+02  2.494661206031776e+01  -6.288114838781311e-05  1.291210016573370e-05  1.437759049191222e-04
  1.319999999999994e+00  -2.823545076525618e+02  2.311837528936811e+02  7.330480279531251e+01  1.870747881197389e+02  -1.086135706103875e+02  2.385169783223182e+01  -6.231415043430363e-05  1.007501094273453e-05  1.476340295916305e-04
  1.324999999999994e+00  -2.826344775762653e+02  2.330797566492068e+02  7.503713479093109e+01  1.980238618876687e+02  -1.014863917025669e+02  1.330663652662551e+01  -6.508579003774572e-05  1.128860807541680e-05  1.502570558148866e-04
  1.329999999999994e+00  -2.730237386642759e+02  2.459000425724458e+02  9.412715482663960e+01  2.059668485188375e+02  -1.090089527108387e+02  1.026945187893446e+01  -6.444567182447472e-05  8.609556983198826e-06  1.542296031863088e-04
  1.334999999999994e+00  -2.757447419020899e+02  2.415657031932869e+02  9.390628144860003e+01  2.170895066598890e+02  -9.815924478297937e+01  1.014193929015073e+00  -6.657488732174192e-05  9.940611677398400e-06  1.553228995206647e-04
  1.339999999999993e+00  -2.664731227357885e+02  2.500374221891348e+02  1.142603484084665e+02  2.253939600868719e+02  -1.050158753051736e+02  -3.967383951725498e+00  -6.590308335152575e-05  7.462892814939622e-06  1.592990352408767e-04
  1.344999999999993e+00  -2.567414947146974e+02  2.572832480608048e+02  1.355969384631704e+02  2.336867742577592e+02  -1.117695159859055e+02  -9.959393846694129e+00  -6.526177756689066e-05  5.086479849724968e-06  1.633975885093770e-04
  1.349999999999993e+00  -2.616655402114748e+02  2.444071363284576e+02  1.327891463373572e+02  2.449380761943014e+02  -9.681460472421183e+01  -1.850227819001814e+01  -6.666421710745452e-05  6.520447472932968e-06  1.626145998095946e-04
  1.354999999999993e+00  -2.513859561062349e+02  2.480482341679009e+02  1.553681935337704e+02  2.534500058555724e+02  -1.025197681782326e+02  -2.638799628570049e+01  -6.605975396248125e-05  4.410554563343537e-06  1.665173533861599e-04
  1.359999999999993e+00  -2.576233246025875e+02  2.299914153601268e+02  1.486206405881699e+02  2.641540480629751e+02  -8.488490924454611e+01  -3.290437461310997e+01  -6.670182288775677e-05  5.658480344514331e-06  1.639759817908196e-04
  1.364999999999993e+00  -2.460522444836569e+02  2.308316757927866e+02  1.723681622428160e+02  2.726879303444702e+02  -8.936040802440318e+01  -4.255174733722677e+01  -6.616268621873318e-05  3.825452603777109e-06  1.675223151657969e-04
  1.369999999999993e+00  -2.334892291147000e+02  2.310809937417710e+02  1.970514304456441e+02  2.811194149832682e+02  -9.338801450809450e+01  -5.319157941098025e+01  -6.571677595367303e-05  2.177912693289400e-06  1.710380601567670e-04
  1.374999999999993e+00  -2.396578428981985e+02  2.070609800023616e+02  1.856155592160208e+02  2.908877482190226e+02  -7.306190365247379e+01  -5.791885614021584e+01  -6.553215657207119e-05  3.197055609905222e-06  1.662446405492057e-04
  1.379999999999993e+00  -2.249587385958298e+02  2.057163950711870e+02  2.111248315349977e+02  2.990264743088950e+02  -7.565178445520206e+01  -7.007105806209832e+01  -6.517963941850190e-05  1.847191932415665e-06  1.691802875073444e-04
  1.384999999999992e+00  -2.308554902353177e+02  1.785718367881267e+02  1.946303736617991e+02  3.075208434454830e+02  -5.451790754266847e+01  -7.195766206981801e+01  -6.413789269471145e-05  2.400799406303675e-06  1.625614298624494e-04
  1.389999999999992e+00  -2.135958267234531e+02  1.764801738319543e+02  2.204907772021855e+02  3.150997527264688e+02  -5.569073051370797e+01  -8.535350481773717e+01  -6.387046102300247e-05  1.337808261386014e-06  1.647840302405768e-04
  1.394999999999992e+00  -1.948280980999663e+02  1.747238910565226e+02  2.470741043497902e+02  3.223553908375600e+02  -5.614046594734474e+01  -9.956675057453990e+01  -6.372010824472554e-05  4.949829202859992e-07  1.668131319444666e-04
  1.399999999999992e+00  -1.981429516938379e+02  1.453865406338063e+02  2.249403109924828e+02  3.288180433075640e+02  -3.455121756488715e+01  -9.850689968100548e+01  -6.175513824026169e-05  5.434606266493499e-07  1.578175258079922e-04
  1.404999999999992e+00  -1.762914384541416e+02  1.441688579185300e+02  2.512593261135902e+02  3.351147229966507e+02  -3.360887048626260e+01  -1.135281632387745e+02  -6.166749295810090e-05  -3.163466646378356e-08  1.589691570140095e-04
  1.409999999999992e+00  -1.776146267174746e+02  1.143457447891976e+02  2.243934359787002e+02  3.397249092502461e+02  -1.331085383083063e+01  -1.090883835705912e+02  -5.880642135983811e-05  -6.065736553393572e-07  1.483370047877023e-04
  1.414999999999992e+00  -1.523341615792775e+02  1.146022787940639e+02  2.501024996038382e+02  3.447701588335961e+02  -1.111944698121920e+01  -1.245609315941076e+02  -5.875451646834153e-05  -9.431480843771928e-07  1.485401628231203e-04
  1.419999999999992e+00  -1.256115988704172e+02  1.158084960887501e+02  2.757622830833965e+02  3.492422263312012e+02  -8.144326017435104e+00  -1.405148518895169e+02  -5.878806119800345e-05  -1.070702461612400e-06  1.484553077363747e-04
  1.424999999999992e+00  -1.222332155836173e+02  8.781588704208731e+01  2.438761356498396e+02  3.509502181301264e+02  1.028331546118134e+01  -1.323369390597340e+02  -5.496976393972266e-05  -2.275096626186455e-06  1.356997784053842e-04
  1.429999999999992e+00  -9.207019230038853e+01  9.146710913227649e+01  2.681641426027344e+02  3.538051862240645e+02  1.427550614599341e+01  -1.482034394268894e+02  -5.498224813455571e-05  -2.211607808820775e-06  1.346251312458653e-04
  1.434999999999991e+00  -8.530976670730577e+01  6.556261727685676e+01  2.333005457982337e+02  3.533562790620126e+02  2.971988075672121e+01  -1.366840471574865e+02  -5.033821711568493e-05  -4.025378045417657e-06  1.206920707366965e-04
  1.439999999999991e+00  -5.188607335150854e+01  7.217058415070076e+01  2.557351490081709e+02  3.543882918130778e+02  3.447801686278703e+01  -1.521035129250534e+02  -5.028711547134634e-05  -3.805774397310321e-06  1.186596912948844e-04
  1.444999999999991e+00  -1.733389718609515e+01  8.010965289951412e+01  2.773730460301586e+02  3.546215174667927e+02  3.991014970291739e+01  -1.675646493009959e+02  -5.026616193309969e-05  -3.431364218145324e-06  1.163286271095181e-04
  1.449999999999991e+00  -4.805489331095958e+00  5.925098316538367e+01  2.394329407851693e+02  3.508396560289889e+02  5.176454390994817e+01  -1.522371464775570e+02  -4.476382399393679e-05  -5.814046468287769e-06  1.009088976170789e-04
  1.454999999999991e+00  3.250941984417742e+01  7.057465033805686e+01  2.585547888379903e+02  3.490237486319756e+02  5.762556265645124e+01  -1.667404906066841e+02  -4.461959913053079e-05  -5.348031008148008e-06  9.771159353829551e-05
  1.459999999999991e+00  4.900463497565075e+01  5.363380178443677e+01  2.202347179288421e+02  3.431306812579623e+02  6.564062425877495e+01  -1.487949436173614e+02  -3.850137262684776e-05  -8.168064591433759e-06  8.177618018731774e-05
  1.464999999999991e+00  8.868065185913507e+01  6.850095366340263e+01  2.365990739049448e+02  3.391766647186155e+02  7.169881476023427e+01  -1.620702012834094e+02  -3.821329374229785e-05  -7.645264989962762e-06  7.782452022517609e-05
  1.469999999999991e+00  1.287343061974941e+02  8.457380809861283e+01  2.514255731676783e+02  3.343239922267610e+02  7.816834298006879e+01  -1.749472241554055e+02  -3.788875657820202e-05  -7.051667793349897e-06  7.365003528358937e-05
  1.474999999999991e+00  1.505841238412224e+02  7.426308538798146e+01  2.125962632137963e+02  3.252235847105262e+02  8.189140773127420e+01  -1.539507398754382e+02  -3.118135666513173e-05  -1.023149233174364e-05  5.712669847736477e-05
  1.479999999999990e+00  1.920857975190966e+02  9.366846174950518e+01  2.242493811926165e+02  3.182130200989330e+02  8.823201184952349e+01  -1.652470605402117e+02  -3.068115107595327e-05  -9.651028155421233e-06  5.238370240739911e-05
  1.484999999999990e+00  2.174011700720667e+02  8.789239393774339e+01  1.876432389651427e+02  3.073989042588257e+02  8.818956383939164e+01  -1.428976205228687e+02  -2.369354768530659e-05  -1.300146351452226e-05  3.608229351338120e-05
  1.489999999999990e+00  2.596310726065198e+02  1.103039711659954e+02  1.960120074327814e+02  2.983110488382964e+02  9.423683827493291e+01  -1.524988291696624e+02  -2.302043753516373e-05  -1.246722733592954e-05  3.092855049044360e-05
  1.494999999999990e+00  3.014251526774260e+02  1.334710076244697e+02  2.024754112172799e+02  2.883578294295396e+02  1.003972497056148e+02  -1.613728157915323e+02  -2.227223928309913e-05  -1.195669437283032e-05  2.566682885217373e-05
  1.499999999999990e+00  3.302002264416845e+02  1.339612806571691e+02  1.677496821372680e+02  2.750095307165232e+02  9.640264317660822e+01  -1.373673184880993e+02  -1.511048272523021e-05  -1.539010483253280e-05  9.742292230141433e-06
  1.504999999999990e+00  3.716305284181963e+02  1.593985935711957e+02  1.708643543678496e+02  2.631740315938860e+02  1.020503583355757e+02  -1.444310131924425e+02  -1.420304295586558e-05  -1.499087859235454e-05  4.281358325990022e-06
  1.509999999999990e+00  4.023860181539732e+02  1.637766102139560e+02  1.403162317970884e+02  2.487933741907327e+02  9.509275345797036e+01  -1.205467968204023e+02  -7.162319723129163e-06  -1.831889606611035e-05  -1.074972410548691e-05
  1.514999999999990e+00  4.426821912866850e+02  1.908409578930544e+02  1.401726239515764e+02  2.352788988921105e+02  1.001778140834884e+02  -1.258582272564622e+02  -6.132815581787234e-06  -1.805376552308472e-05  -1.625877209002679e-05
  1.519999999999990e+00  4.817386567892809e+02  2.179566550978470e+02  1.381237610418393e+02  2.210885854979918e+02  1.051161812240506e+02  -1.302997719293199e+02  -5.020528089346308e-06  -1.790216011954233e-05  -2.176799342057360e-05
  1.524999999999989e+00  5.130450366025752e+02  2.265666181658561e+02  1.111179416569003e+02  2.052611168057618e+02  9.529204368855457e+01  -1.063923507843716e+02  1.717590132727101e-06  -2.105437607971630e-05  -3.558766352374149e-05
  1.529999999999989e+00  5.499107960005771e+02  2.542480409158743e+02  1.060579549694358e+02  1.897546726027002e+02  9.959342938337178e+01  -1.092093435274729e+02  2.899565817376548e-06  -2.108476544685809e-05  -4.097191195669433e-05
  1.534999999999989e+00  5.811080400955393e+02  2.651307561421779e+02  8.417199026021450e+01  1.737280720206920e+02  8.795770461727160e+01  -8.671816854962779e+01  9.139575745873428e-06  -2.391533035206246e-05  -5.339679206608034e-05
  1.539999999999989e+00  6.151212888495827e+02  2.926090473140582e+02  7.637776356436721e+01  1.572089136657225e+02  9.167520734493488e+01  -8.809357659665439e+01  1.033779663067461e-05  -2.414184286931712e-05  -5.854951650154104e-05
  1.544999999999989e+00  6.472460385626570e+02  3.193282126364289e+02  6.695835914335717e+01  1.402860543334970e+02  9.508249660775462e+01  -8.866662657946685e+01  1.159511453635545e-05  -2.453981486049051e-05  -6.363669541072502e-05
  1.549999999999989e+00  6.758338925925908e+02  3.314606886288586e+02  4.938528842126919e+01  1.240859045137094e+02  8.196734476829415e+01  -6.757730552326838e+01  1.710951510122661e-05  -2.701041356852408e-05  -7.427891199944890e-05
  1.554999999999989e+00  7.043091360651847e+02  3.568653677688268e+02  3.771269809758719e+01  1.065916212934913e+02  8.484909941317451e+01  -6.700556479564474e+01  1.831397179723096e-05  -2.762250956730018e-05  -7.903610193435667e-05
  1.559999999999989e+00  7.307036668295624e+02  3.692805173318231e+02  2.529910201012728e+01  9.100779799027374e+01  7.105739040128798e+01  -4.815558078424387e+01  2.306222223616809e-05  -2.965089330902809e-05  -8.800840282295882e-05
  1.564999999999989e+00  7.549904368553256e+02  3.925708555592591e+02  1.164517904279522e+01  7.325250369106092e+01  7.352077207444103e+01  -4.668790574519491e+01  2.416685689239106e-05  -3.046879559097451e-05  -9.238150643775409e-05
  1.569999999999989e+00  7.770815769581344e+02  4.144322959355645e+02  -3.075847695304131e+00  5.540220624857832e+01  7.563348145713579e+01  -4.463118814578154e+01  2.529191867458118e-05  -3.147575887066738e-05  -9.668058938202911e-05
  1.574999999999988e+00  7.982284921350196e+02  4.250513685503158e+02  -1.114089635444797e+01  4.083110134185294e+01  6.164338091169748e+01  -2.807454192504933e+01  2.904920904205794e-05  -3.304984268989404e-05  -1.036080109893382e-04
  1.579999999999988e+00  8.156758939934342e+02  4.438520869595703e+02  -2.727022241699866e+01  2.314003019856884e+01  6.347631077513072e+01  -2.547654715946389e+01  3.002090906526507e-05  -3.424128506382292e-05  -1.074991190442076e-04
  1.584999999999988e+00  8.330138902438193e+02  4.529322235816084e+02  -3.081613716375211e+01  9.814577002969449e+00  4.966858578079819e+01  -1.140381590580345e+01  3.290753339402403e-05  -3.534595784918226e-05  -1.127011982741703e-04
  1.589999999999988e+00  8.457023751943013e+02  4.681802726656530e+02  -4.789522083084395e+01  -7.456626051506746e+00  5.136562066149308e+01  -8.478789564832311e+00  3.369681489086554e-05  -3.669767830965950e-05  -1.161857345215925e-04
  1.594999999999988e+00  8.559937737722003e+02  4.814003263036041e+02  -6.560115947039046e+01  -2.456088785140276e+01  5.274660027885090e+01  -5.253544382319310e+00  3.448267335360536e-05  -3.819905865149991e-05  -1.196180516368515e-04
  1.599999999999988e+00  8.664794045237302e+02  4.863196581447131e+02  -6.521873207139824e+01  -3.602286310326797e+01  3.965882341659668e+01  6.275254746647179e+00  3.632537305344915e-05  -3.882960244906563e-05  -1.227928594684604e-04
  1.604999999999988e+00  8.719418022800260e+02  4.953884082982451e+02  -8.329747611539749e+01  -5.240088154197655e+01  4.106808585887703e+01  9.527191382127478e+00  3.691257299034928e-05  -4.043038162451893e-05  -1.258442790466749e-04
  1.609999999999988e+00  8.777906800846997e+02  4.975686943047456e+02  -7.933100325539635e+01  -6.230467210485073e+01  2.866026039749385e+01  1.881763079339676e+01  3.794571431964494e-05  -4.063460841258141e-05  -1.274254781400511e-04
  1.614999999999988e+00  8.783288118924069e+02  5.020937781799778e+02  -9.759012532332261e+01  -7.778974405892686e+01  3.018457445821921e+01  2.194863168531216e+01  3.834658520124066e-05  -4.228761062581647e-05  -1.301137144341824e-04
  1.619999999999987e+00  8.767176719766334e+02  5.044268963579618e+02  -1.158654402966356e+02  -9.295032206525990e+01  3.151819159744864e+01  2.513523734234250e+01  3.873612370223767e-05  -4.401011650646382e-05  -1.327928986427865e-04
  1.624999999999987e+00  8.752663335268933e+02  5.011815599241374e+02  -1.086126071862128e+02  -1.006321949589416e+02  2.030116231861995e+01  3.216210200624390e+01  3.887259490721034e-05  -4.376910010434878e-05  -1.325717413126326e-04
  1.629999999999987e+00  8.689419974630787e+02  4.987648859183103e+02  -1.266050168508908e+02  -1.147504165644511e+02  2.187989852424221e+01  3.505490306951408e+01  3.910393912820314e-05  -4.545497917965594e-05  -1.349292598703661e-04
  1.634999999999987e+00  8.627844743305653e+02  4.923437034148948e+02  -1.167911072367461e+02  -1.209207549839190e+02  1.150880207101027e+01  4.035799103103542e+01  3.861564230674526e-05  -4.487118302415049e-05  -1.333736637251791e-04
  1.639999999999987e+00  8.521015768201432e+02  4.852766613438473e+02  -1.341178637269435e+02  -1.339642462593846e+02  1.340783417620854e+01  4.292091630454116e+01  3.871908381442413e-05  -4.646995817189359e-05  -1.354467010066899e-04
  1.644999999999987e+00  8.393934588461341e+02  4.759293066235812e+02  -1.512490721187416e+02  -1.466229932503135e+02  1.521295021201114e+01  4.538169878008275e+01  3.883989226960229e-05  -4.802593147402437e-05  -1.375272426180183e-04
  1.649999999999987e+00  8.264409776079639e+02  4.639856151745401e+02  -1.388682209457033e+02  -1.507225431825863e+02  6.102981259090830e+00  4.898504012793431e+01  3.773168308666368e-05  -4.705300407551209e-05  -1.345159391809968e-04
  1.654999999999987e+00  8.097572973102717e+02  4.501592595265585e+02  -1.550415975767488e+02  -1.623152415055643e+02  8.288046144959354e+00  5.108611955725600e+01  3.778358652384135e-05  -4.842548769323849e-05  -1.363438671955084e-04
  1.659999999999987e+00  7.926374515618170e+02  4.353479951811710e+02  -1.409941021701714e+02  -1.652610906510811e+02  -3.095999938653066e-02  5.350585733258384e+01  3.628540006925288e-05  -4.720678584488061e-05  -1.323285608227453e-04
  1.664999999999986e+00  7.721072105921411e+02  4.171464306870752e+02  -1.562571903951482e+02  -1.758234374462254e+02  2.492489685809116e+00  5.528423569862705e+01  3.632309242295496e-05  -4.834539948214120e-05  -1.339195189996474e-04
  1.669999999999986e+00  7.511643726800581e+02  3.997690755485991e+02  -1.409048079140374e+02  -1.778443364821109e+02  -5.070633825287802e+00  5.670751660429478e+01  3.453217095940608e-05  -4.692966473845384e-05  -1.290614447047168e-04
  1.674999999999986e+00  7.272202767131436e+02  3.775927894967310e+02  -1.550628056996555e+02  -1.874699750977217e+02  -2.230885414539579e+00  5.823054210787132e+01  3.459803836144525e-05  -4.779167563800108e-05  -1.304408283256013e-04
  1.679999999999986e+00  7.017486079496385e+02  3.535910897787345e+02  -1.687535569360122e+02  -1.967871136322302e+02  6.168413928011360e-01  5.964412205668193e+01  3.473465331448057e-05  -4.846347634369822e-05  -1.318222197489306e-04
  1.684999999999986e+00  6.756501266773048e+02  3.321248633498813e+02  -1.518621662949797e+02  -1.975739336435574e+02  -6.002209498582737e+00  6.012844673661610e+01  3.274461774348451e-05  -4.676656701708996e-05  -1.260747073384986e-04
  1.689999999999986e+00  6.471757365818314e+02  3.046820019113208e+02  -1.644412604988895e+02  -2.060849925279936e+02  -2.912546801604268e+00  6.139651101408270e+01  3.296769481077291e-05  -4.709095348189155e-05  -1.272488649471186e-04
  1.694999999999986e+00  6.182493283759269e+02  2.816731273538508e+02  -1.467605717108662e+02  -2.064959020619121e+02  -8.903580893352540e+00  6.114108024267193e+01  3.086793147301468e-05  -4.527147512993805e-05  -1.209886082007664e-04
  1.699999999999986e+00  5.869256321650290e+02  2.511204749901676e+02  -1.584005762598186e+02  -2.142837770556511e+02  -5.694448260600813e+00  6.235027935450799e+01  3.121628139127385e-05  -4.522184399016374e-05  -1.219563939477089e-04
  1.704999999999986e+00  5.545288758899474e+02  2.193403161118751e+02  -1.694500480611947e+02  -2.218650087716189e+02  -2.466217755403147e+00  6.355331160013190e+01  3.165526377735258e-05  -4.490944893564465e-05  -1.229068659971630e-04
  1.709999999999986e+00  5.218301492983387e+02  1.939263647111061e+02  -1.507541578550798e+02  -2.217234190487299e+02  -7.822576391163790e+00  6.261283288325540e+01  2.955217763905356e-05  -4.286134305620336e-05  -1.160906090266595e-04
  1.714999999999985e+00  4.869770114845160e+02  1.597231335881659e+02  -1.609706628260701e+02  -2.287021734318336e+02  -4.624167823021672e+00  6.389909082587082e+01  3.014289929096295e-05  -4.214001018833690e-05  -1.168258548418495e-04
  1.719999999999985e+00  4.525369442864068e+02  1.340266945567840e+02  -1.417528193406156e+02  -2.286720583654740e+02  -9.399728738227818e+00  6.223320342403302e+01  2.802829739868041e-05  -4.001252579348674e-05  -1.097713081330653e-04
  1.724999999999985e+00  4.155368268200326e+02  9.792379105139602e+01  -1.511996250715479e+02  -2.351322750190959e+02  -6.355753066521129e+00  6.368455037649186e+01  2.877413196850416e-05  -3.887612246336423e-05  -1.102918280932260e-04
  1.729999999999985e+00  3.777130995416449e+02  6.113537113519868e+01  -1.601796719239479e+02  -2.414117029475063e+02  -3.381733927586265e+00  6.526058319453506e+01  2.960950730042192e-05  -3.744966116646163e-05  -1.107650117576687e-04
  1.734999999999985e+00  3.408706363202253e+02  3.491701335936680e+01  -1.403364168554846e+02  -2.413491508914831e+02  -7.731773026221131e+00  6.290121179513777e+01  2.756220844876985e-05  -3.512605601531803e-05  -1.034041911944837e-04
  1.739999999999985e+00  3.012474298606531e+02  -3.047470840979373e+00  -1.487178684994582e+02  -2.471524165281621e+02  -5.100610610160272e+00  6.475722159266761e+01  2.853699889450858e-05  -3.328853451240559e-05  -1.036483106118980e-04
  1.744999999999985e+00  2.637018843079207e+02  -2.829674615455961e+01  -1.285294704669546e+02  -2.475042952135059e+02  -8.778371176285027e+00  6.150963676148672e+01  2.649228867503886e-05  -3.089358237108491e-05  -9.624730926660400e-05
  1.749999999999985e+00  2.225260539026305e+02  -6.692991027110827e+01  -1.363961945009514e+02  -2.528288368119728e+02  -6.615369552134890e+00  6.368455937433764e+01  2.758542992902872e-05  -2.866271761306086e-05  -9.625772373326807e-05
  1.754999999999985e+00  1.808535913164265e+02  -1.056428678705761e+02  -1.438862049036557e+02  -2.579410428505816e+02  -4.643413058431489e+00  6.610188895332674e+01  2.872771397855264e-05  -2.615852186551325e-05  -9.620207685208833e-05
  1.759999999999984e+00  1.422446330869676e+02  -1.295662199767542e+02  -1.233833513625967e+02  -2.584923374523584e+02  -7.907274405517003e+00  6.196220515833722e+01  2.671278344113956e-05  -2.358299845910314e-05  -8.866084933678621e-05
  1.764999999999984e+00  9.945109479697854e+01  -1.681737074599596e+02  -1.304250764186915e+02  -2.630718234547694e+02  -6.559514623901051e+00  6.475090441447979e+01  2.791747387638890e-05  -2.072682296773658e-05  -8.836412969210128e-05
  1.769999999999984e+00  6.111957215366263e+01  -1.900246300489036e+02  -1.098163404462035e+02  -2.641128974235401e+02  -8.920631093358727e+00  5.950267296221362e+01  2.586668792516124e-05  -1.806871199188300e-05  -8.091515625790847e-05
  1.774999999999984e+00  1.748798551064058e+01  -2.280419561351952e+02  -1.164761372095227e+02  -2.681097493777208e+02  -8.279418108337579e+00  6.265542380769634e+01  2.709142249870292e-05  -1.489220718973925e-05  -8.037586072629680e-05
  1.779999999999984e+00  -2.623282918862593e+01  -2.654963026254798e+02  -1.227297669453637e+02  -2.717680136970986e+02  -7.933572192967674e+00  6.610974441914402e+01  2.829886306362425e-05  -1.150593929277674e-05  -7.976662555442802e-05
  1.784999999999984e+00  -6.426765941764228e+01  -2.843591786241547e+02  -1.021717801280585e+02  -2.729501889154721e+02  -9.696745689852358e+00  5.972166051268967e+01  2.618751406661528e-05  -8.687640086841481e-06  -7.229011221882509e-05
  1.789999999999984e+00  -1.082955880745765e+02  -3.204499722776195e+02  -1.079991912660840e+02  -2.758929071619127e+02  -1.013315922152898e+01  6.351912225245771e+01  2.733944413812535e-05  -5.054367427853210e-06  -7.144452577682999e-05
  1.794999999999984e+00  -1.451873382239117e+02  -3.364343193831896e+02  -8.788790439939018e+01  -2.774445920543110e+02  -1.072840664890033e+01  5.588393492190901e+01  2.515063904277367e-05  -2.151555269805619e-06  -6.415056040238716e-05
  1.799999999999984e+00  -1.890085029581459e+02  -3.705490404891052e+02  -9.309250335590298e+01  -2.795878807300567e+02  -1.192959798374511e+01  5.997655823364918e+01  2.619707266602437e-05  1.674804358234948e-06  -6.308325276530416e-05
  1.804999999999984e+00  -2.325535945327746e+02  -4.035831611037383e+02  -9.794643406301249e+01  -2.812240530796129e+02  -1.349411599620421e+01  6.435922778120187e+01  2.715362877606953e-05  5.619624418659089e-06  -6.195083518067097e-05
  1.809999999999983e+00  -2.677254196024155e+02  -4.151989434419935e+02  -7.844344211667308e+01  -2.826657811367755e+02  -1.322878167625725e+01  5.544842763932645e+01  2.482963050722982e-05  8.622972704230558e-06  -5.473162830571884e-05
  1.814999999999983e+00  -3.103771821911000e+02  -4.454772017579925e+02  -8.250627840843219e+01  -2.833549895464253e+02  -1.552057927424948e+01  6.004883270153171e+01  2.560930294108350e-05  1.266138462242491e-05  -5.340211414032411e-05
  1.819999999999983e+00  -3.436094719004432e+02  -4.537213653859324e+02  -6.431650933433622e+01  -2.849348844471306e+02  -1.393289429439165e+01  4.994973879043341e+01  2.320404546280442e-05  1.570959521534075e-05  -4.644832109006286e-05
  1.824999999999983e+00  -3.849681505326839e+02  -4.808241380608520e+02  -6.757657185647606e+01  -2.845922518669856e+02  -1.690484644010810e+01  5.470698174435657e+01  2.377524755324376e-05  1.977929170711008e-05  -4.494241802152507e-05
  1.829999999999983e+00  -4.254204439592504e+02  -5.061953217557660e+02  -7.026446926192423e+01  -2.835953564117909e+02  -2.018121774460321e+01  5.967715044023273e+01  2.419059731536517e-05  2.384865328670228e-05  -4.339437625495585e-05
  1.834999999999983e+00  -4.554771031751138e+02  -5.090566614706162e+02  -5.345967047201474e+01  -2.847567752720528e+02  -1.757987523550316e+01  4.840710257712800e+01  2.164383679328252e-05  2.687200432968384e-05  -3.663835058885696e-05
  1.839999999999983e+00  -4.938870259168468e+02  -5.305556271952566e+02  -5.516277533950522e+01  -2.826213723364649e+02  -2.141096406136755e+01  5.343905195073270e+01  2.180790854787500e-05  3.085541206046670e-05  -3.495581786891181e-05
  1.844999999999983e+00  -5.213110191721516e+02  -5.298979453771361e+02  -4.072955728554021e+01  -2.836591875748411e+02  -1.758539409487588e+01  4.128359873407026e+01  1.923418968263450e-05  3.382837503231146e-05  -2.855058456485729e-05
  1.849999999999983e+00  -5.570452210994448e+02  -5.470098328688227e+02  -4.120519931709323e+01  -2.803630567145606e+02  -2.184758877363344e+01  4.632621140058749e+01  1.913138097088981e-05  3.765108881885357e-05  -2.677258896681881e-05
  1.854999999999982e+00  -5.914769239547608e+02  -5.620305425712326e+02  -4.117805961827423e+01  -2.763070982355830e+02  -2.632225599532244e+01  5.147658016577964e+01  1.884517433154031e-05  4.135155920654501e-05  -2.497199035340387e-05
  1.859999999999982e+00  -6.143590928424729e+02  -5.554397595852748e+02  -2.895146439096456e+01  -2.766662698888879e+02  -2.159623136604944e+01  3.853914652855021e+01  1.620740154963671e-05  4.411261752259130e-05  -1.890857197622124e-05
  1.864999999999982e+00  -6.454469929189349e+02  -5.655895066509040e+02  -2.761954286619586e+01  -2.714265986072679e+02  -2.634540125267582e+01  4.362723607498601e+01  1.565236066615218e-05  4.753307460222278e-05  -1.706041942964846e-05
  1.869999999999982e+00  -6.651189493889613e+02  -5.556455785677538e+02  -1.863153291748486e+01  -2.714263058506406e+02  -2.077739171429047e+01  3.031344687980781e+01  1.308685779793461e-05  5.010988207557068e-05  -1.143103687505705e-05
  1.874999999999982e+00  -6.925735520597917e+02  -5.607986198738514e+02  -1.609430512908076e+01  -2.650060254191352e+02  -2.573568538624333e+01  3.532854535261360e+01  1.228239149135568e-05  5.318267622385825e-05  -9.567430133250474e-06
  1.879999999999982e+00  -7.182323422811430e+02  -5.635212404690637e+02  -1.299326481637509e+01  -2.578340694870832e+02  -3.074152324973586e+01  4.034950903750146e+01  1.129728232283664e-05  5.601825615405424e-05  -7.703325323583287e-06
  1.884999999999982e+00  -7.323063922170894e+02  -5.476857596165191e+02  -6.763900612163543e+00  -2.569813784595998e+02  -2.467643061548807e+01  2.685691779900311e+01  8.803433764289741e-06  5.817896029019998e-05  -2.549120269826326e-06
  1.889999999999982e+00  -7.539112009316269e+02  -5.452826051311639e+02  -2.538005126888220e+00  -2.486870488431729e+02  -2.976787002400972e+01  3.178343380790678e+01  7.605860851146414e-06  6.056627049923731e-05  -7.083986449072826e-07
  1.894999999999982e+00  -7.644062336839116e+02  -5.265734083474468e+02  1.461648495901869e-01  -2.472747078657643e+02  -2.341749476101358e+01  1.850238938379547e+01  5.293356364834495e-06  6.241466832600385e-05  3.957397096815107e-06
  1.899999999999981e+00  -7.816890304952331e+02  -5.190439621003350e+02  5.508200299674314e+00  -2.379338265795126e+02  -2.853141068688274e+01  2.335293002314732e+01  3.914714127324255e-06  6.430376765048732e-05  5.747936724853271e-06
  1.904999999999981e+00  -7.971433871371993e+02  -5.092343850456681e+02  1.111727941379534e+01  -2.278955806070451e+02  -3.360112332764765e+01  2.815685568397416e+01  2.400775247639248e-06  6.587291810374209e-05  7.539995557720198e-06
  1.909999999999981e+00  -8.015498246645702e+02  -4.853789974122791e+02  1.107514799285054e+01  -2.255208055429074e+02  -2.729681327941181e+01  1.534424469899923e+01  3.018867273926556e-07  6.715405773315231e-05  1.165045967320375e-05
  1.914999999999981e+00  -8.126657576647801e+02  -4.707994840334832e+02  1.756434183773864e+01  -2.145462677060187e+02  -3.233857731606489e+01  2.009945591634266e+01  -1.330470404954179e-06  6.816763503128628e-05  1.338034278370740e-05
  1.919999999999981e+00  -8.134589574045267e+02  -4.448622273274605e+02  1.444062443748843e+01  -2.114405305982064e+02  -2.626217733895654e+01  8.000940000470168e+00  -3.170274183036477e-06  6.906756548582304e-05  1.699493288624680e-05
  1.924999999999981e+00  -8.204240031788406e+02  -4.259796971297983e+02  2.157706459141752e+01  -1.995851752614120e+02  -3.129157909235876e+01  1.275029841961272e+01  -4.875859524422936e-06  6.950914046564359e-05  1.866338363504000e-05
  1.929999999999981e+00  -8.256826543523038e+02  -4.052156551755795e+02  2.869083273747157e+01  -1.871694731707223e+02  -3.621965244819581e+01  1.744542933133554e+01  -6.656674004575736e-06  6.959687812733992e-05  2.035241967575055e-05
  1.934999999999981e+00  -8.206737980371942e+02  -3.756197628958768e+02  2.356651860129574e+01  -1.830125627791448e+02  -3.061267701828834e+01  6.299353367680169e+00  -8.185843433063456e-06  6.989400212193259e-05  2.341058735744933e-05
  1.939999999999981e+00  -8.221751204117786e+02  -3.513768770082346e+02  3.100763742696289e+01  -1.698387366346255e+02  -3.553590281671277e+01  1.103262460603120e+01  -9.972636477722756e-06  6.941189131749204e-05  2.505994726111974e-05
  1.944999999999981e+00  -8.139540240601426e+02  -3.207761639706938e+02  2.395446939973851e+01  -1.648028788463727e+02  -3.040421656600163e+01  8.781490744051429e-01  -1.122127631584692e-05  6.934890389912101e-05  2.766205293372103e-05
  1.949999999999980e+00  -8.120327446081138e+02  -2.937144001368238e+02  3.159828542144118e+01  -1.509531681271301e+02  -3.532380650143000e+01  5.671303411783001e+00  -1.297854186767366e-05  6.832230570288534e-05  2.928949337305518e-05
  1.954999999999980e+00  -8.089353477146529e+02  -2.656064272942961e+02  3.880516343542902e+01  -1.366607902923890e+02  -4.017776374105328e+01  1.044067132567685e+01  -1.474352905213987e-05  6.696466687707935e-05  3.098521730153372e-05
  1.959999999999980e+00  -7.960277312427176e+02  -2.334606762451136e+02  3.098772024217530e+01  -1.304936229710970e+02  -3.558868393686769e+01  1.406747105763172e+00  -1.565493018772850e-05  6.639887379895307e-05  3.309790907827009e-05
  1.964999999999980e+00  -7.902341409692259e+02  -2.037140650480804e+02  3.809723895350403e+01  -1.156340138941225e+02  -4.045795849745215e+01  6.251483940097408e+00  -1.733529153746729e-05  6.456097606264409e-05  3.482001991220143e-05
  1.969999999999980e+00  -7.749880651266059e+02  -1.718585638719654e+02  2.979333969996952e+01  -1.084874541694572e+02  -3.623238254606500e+01  -1.782144324907864e+00  -1.799758178160502e-05  6.373880481588256e-05  3.654051690513161e-05
  1.974999999999980e+00  -7.670702924347746e+02  -1.413403616897471e+02  3.666047902268706e+01  -9.310050909896673e+01  -4.110701252992908e+01  3.113797828453408e+00  -1.956856307548401e-05  6.147790612450561e-05  3.832441596117515e-05
  1.979999999999980e+00  -7.585820953437128e+02  -1.107477347835297e+02  4.283660672090476e+01  -7.741444494759743e+01  -4.595668119308045e+01  8.011566986257069e+00  -2.109555152642532e-05  5.896575557824543e-05  4.023014167140249e-05
  1.984999999999980e+00  -7.404157882755659e+02  -7.978761348841759e+01  3.509021784410788e+01  -6.910587441386940e+01  -4.193581567260188e+01  9.288857925454973e-01  -2.145363144798403e-05  5.783848884564645e-05  4.155297108717101e-05
  1.989999999999980e+00  -7.306286696369991e+02  -4.968815939942310e+01  4.085577371391334e+01  -5.299364757240286e+01  -4.675733008700622e+01  5.823261763615203e+00  -2.283944121128245e-05  5.501315516546333e-05  4.357491296494483e-05
  1.994999999999979e+00  -7.113260592980436e+02  -2.035283415823653e+01  3.388657682376856e+01  -4.370066572706011e+01  -4.271397440697452e+01  -4.486537849912535e-01  -2.300421949106418e-05  5.376752362650948e-05  4.455697898338712e-05
  1.999999999999979e+00  -7.007791856656105e+02  8.439013182489662e+00  3.918000057256579e+01  -2.723062146109137e+01  -4.743558134233552e+01  4.369025330452929e+00  -2.424044001944999e-05  5.070837965642124e-05  4.672179372734670e-05
