TITLE = "Temporal Signal for receiver number 00010"
VARIABLES = "Time","s_xx","s_yy","s_zz","s_xy","s_yz","s_xz","v1","v2","v3"
# x1       6.000000000000e+02
# x2       8.000000000000e+02
# x3       -1.000000000000e-01
# cell-global-id 386
  0.000000000000000e+00  4.895328915058338e-08  -1.250011029953173e-10  -4.945329356256480e-08  0.000000000000000e+00  0.000000000000000e+00  -2.185365925232213e-08  -1.744737446655015e-08  0.000000000000000e+00  1.046482326799677e-08
  5.000000000000000e-03  -1.453099168155435e+02  -6.789790482337723e+01  -1.069737136284819e+02  -4.642170834223182e+01  5.515991074330686e+01  4.175217724146273e+01  1.559649640581662e-05  5.054973700532548e-06  -1.413239388595453e-05
  1.000000000000000e-02  -3.045134348618184e+02  -1.192932077206714e+02  -2.111541241544811e+02  -8.188890928588475e+01  9.658870214196138e+01  6.940072318521325e+01  3.000166192498333e-05  9.371772173218601e-06  -2.493290817009400e-05
  1.500000000000000e-02  -5.073350745683541e+02  -1.254419503471733e+02  -3.141614829028138e+02  -1.508400312431919e+02  1.412272382419106e+02  1.233864659068769e+02  5.427300288839924e-05  1.172886134505845e-05  -3.530437659911597e-05
  2.000000000000000e-02  -6.206217444645727e+02  -1.017727937350847e+02  -3.557336465021735e+02  -1.552026827854779e+02  1.491351536000881e+02  1.328944368933724e+02  6.237124215250239e-05  1.092278971694609e-05  -3.829116092014189e-05
  2.500000000000000e-02  -6.785990456518946e+02  1.969405561813063e+01  -2.761813550690531e+02  -1.783415258163854e+02  1.365341159542988e+02  1.718504251244219e+02  7.051805318759611e-05  3.336636048787892e-06  -3.115768197317247e-05
  3.000000000000000e-02  -7.449363159469699e+02  7.322896524430280e+01  -2.569950757375984e+02  -1.579387445581821e+02  1.239412626096462e+02  1.844941764823776e+02  7.153051537626002e-05  2.651561649748398e-07  -2.903225182030294e-05
  3.500000000000000e-02  -7.962264496847571e+02  1.285600903866849e+02  -2.187040216057018e+02  -1.308242415682113e+02  1.050621728510754e+02  2.014493540715135e+02  7.115893908117792e-05  -2.821503269218993e-06  -2.588389644755323e-05
  4.000000000000000e-02  -7.689098934223957e+02  2.266033366069530e+02  -1.098704851029529e+02  -1.087154561996103e+02  7.649539285498170e+01  2.253006268039775e+02  6.137858169878426e-05  -9.388617250905694e-06  -1.719374805639370e-05
  4.500000000000000e-02  -7.933390949644411e+02  2.565232084049552e+02  -7.652184129285057e+01  -7.183919329335926e+01  5.391880172335251e+01  2.441280033977864e+02  5.749527148479678e-05  -1.105532630468336e-05  -1.315506109427214e-05
  5.000000000000000e-02  -7.492342302014023e+02  2.842292784478419e+02  -3.753615692296196e+01  -3.164609489196532e+01  4.072304987413013e+01  2.424068353878725e+02  3.794199736997697e-05  -1.200580150644678e-05  -1.002600174169912e-05
  5.499999999999999e-02  -7.538932177866765e+02  2.840055125103986e+02  -2.543637290289530e+01  5.525581887730030e+00  2.278011207380003e+01  2.554586384848352e+02  3.245264421421300e-05  -1.125322406613781e-05  -7.232663913726193e-06
  5.999999999999999e-02  -7.513107033725618e+02  2.746642869784187e+02  -2.267321188345170e+01  3.971174790035256e+01  6.357060896426134e+00  2.669006213499190e+02  2.757001376347680e-05  -9.928694283870697e-06  -4.802109053291273e-06
  6.499999999999999e-02  -6.830144574203716e+02  2.413652540036605e+02  -3.968015068166940e+01  8.247023242435237e+01  1.531999886393670e+01  2.285666885827969e+02  2.927851261185376e-06  -4.755666789323433e-06  -5.571181483685558e-06
  6.999999999999999e-02  -6.691756518652977e+02  2.110725484919597e+02  -6.073072793005913e+01  1.078201984154666e+02  9.206428553197306e+00  2.291364075597399e+02  -1.448402000665896e-06  -1.443300438376260e-06  -5.012339933777585e-06
  7.500000000000000e-02  -5.883543207511101e+02  1.668105982959202e+02  -7.063387596314968e+01  1.454733597925043e+02  2.424918035737809e+01  1.728957393180158e+02  -2.434208903664178e-05  4.831018290634455e-06  -4.666558827270186e-06
  8.000000000000000e-02  -5.622428021683675e+02  1.309729834942161e+02  -9.922584530787314e+01  1.595768746038090e+02  2.589597974955847e+01  1.633667122235290e+02  -2.653709071157253e-05  9.153023110815091e-06  -5.118233886206597e-06
  8.500000000000001e-02  -5.354142242565649e+02  9.482154866146809e+01  -1.336408828057169e+02  1.679515866902577e+02  3.166472792557677e+01  1.535433992636700e+02  -2.819926627691710e-05  1.355581978336750e-05  -6.008911225615735e-06
  9.000000000000001e-02  -4.470385758751240e+02  5.969144617436632e+01  -1.124408165856575e+02  1.892561090144534e+02  4.449884578221062e+01  9.010795878713029e+01  -4.363600180140866e-05  1.812176445448687e-05  -3.122624827036049e-06
  9.500000000000001e-02  -4.088106894250637e+02  3.751047924029654e+01  -1.327785136066066e+02  1.867372792135624e+02  5.394673162546507e+01  7.645187151397273e+01  -4.308117111150215e-05  2.181343818216750e-05  -3.977167360260121e-06
  1.000000000000000e-01  -3.333850217086443e+02  1.490477893437605e+01  -9.475402330776798e+01  1.957732034967736e+02  5.757732582035219e+01  2.213899535137613e+01  -5.129866063937159e-05  2.293703022641593e-05  -3.793785754578275e-08
  1.050000000000000e-01  -2.904396561848460e+02  1.165476044276496e+01  -9.990409160100991e+01  1.846673482669421e+02  6.739505477611341e+01  1.040795374235676e+01  -4.969889679893035e-05  2.492538476226229e-05  -4.335993982849141e-07
  1.100000000000000e-01  -2.420801873283403e+02  2.011192343717002e+01  -9.520761995360137e+01  1.701685769469587e+02  7.901477627858391e+01  -8.638688130134664e-01  -4.832658424717731e-05  2.614268798932896e-05  -7.598743279489355e-07
  1.150000000000000e-01  -1.905985007305864e+02  1.849894724489117e+01  -5.378036277462507e+01  1.650673848478333e+02  7.209889959248039e+01  -3.959207734565638e+01  -5.029469696418002e-05  2.201474134053194e-05  2.350968602708311e-06
  1.200000000000000e-01  -1.398428451562004e+02  4.844160652623259e+01  -3.345565762481800e+01  1.462317641180115e+02  8.144822557791720e+01  -4.851451591565167e+01  -4.939394215433214e-05  2.086594810474611e-05  2.213627761199010e-06
  1.250000000000000e-01  -1.154206365430155e+02  5.286842897341878e+01  -1.335490640738777e+01  1.334270215375485e+02  6.988058300909996e+01  -7.363120893225189e+01  -4.797575836373637e-05  1.365625257842175e-05  3.102278717915896e-06
  1.300000000000000e-01  -6.875393196725845e+01  9.756359973704315e+01  1.336766436610052e+01  1.127799127574063e+02  7.686094250244992e+01  -8.036388034586565e+01  -4.856358344676399e-05  1.025344701175411e-05  2.754644834383356e-06
  1.350000000000000e-01  -1.803161587598493e+01  1.501521982438587e+02  4.821545551177262e+01  9.171784885800407e+01  8.299053858224589e+01  -8.925934749218248e+01  -4.995837865769403e-05  6.111490939047010e-06  2.548747651439605e-06
  1.400000000000000e-01  -2.535589371500769e+01  1.597714099555779e+02  3.872499506954475e+01  7.480492106564829e+01  6.756901626371226e+01  -1.019645963850290e+02  -4.725391079284399e-05  -3.882519353775331e-06  5.298688348815916e-07
  1.450000000000000e-01  1.565662647764225e+01  2.156530841106948e+02  7.075007346689927e+01  5.468438292200040e+01  7.050384392921771e+01  -1.111470137485248e+02  -5.032595421179265e-05  -9.482279298395543e-06  -4.767326278238209e-07
  1.500000000000000e-01  -8.026669118619825e+00  2.260372892253920e+02  4.347888773092485e+01  3.655099181796343e+01  5.479090830896792e+01  -1.156628493372763e+02  -4.633151272152966e-05  -1.965306029844532e-05  -3.921916933597880e-06
  1.550000000000001e-01  2.484241383793200e+01  2.789906779716966e+02  6.863491183115606e+01  1.824910947173669e+01  5.490807004452762e+01  -1.279758162687161e+02  -5.019190141690897e-05  -2.601486754428063e-05  -5.897089206077481e-06
  1.600000000000001e-01  5.415690217983472e+01  3.286441462546177e+02  9.321462659787511e+01  7.670051529436422e-01  5.343379214514291e+01  -1.425096283729794e+02  -5.484893936764662e-05  -3.258100696150208e-05  -8.201661890928075e-06
  1.650000000000001e-01  1.710942239343019e+01  3.370874713242043e+02  5.542691162466667e+01  -1.454497348754883e+01  3.669275277482674e+01  -1.397903117118370e+02  -4.952066397332175e-05  -4.196098814476099e-05  -1.253520240747889e-05
  1.700000000000001e-01  3.716861238756150e+01  3.750964252658736e+02  6.816467224861350e+01  -2.948392445494174e+01  3.315060631166970e+01  -1.569959075921982e+02  -5.412451197902178e-05  -4.848124903788746e-05  -1.562848888518472e-05
  1.750000000000001e-01  5.090379115558383e+00  3.881241288274816e+02  3.974913943962657e+01  -4.152336294265078e+01  1.703515085773569e+01  -1.484005443401833e+02  -4.746221525380527e-05  -5.631176458346740e-05  -1.871691216568944e-05
  1.800000000000001e-01  1.751310743498824e+01  4.138570789682774e+02  4.691344695038266e+01  -5.343877107474156e+01  1.196345398656891e+01  -1.655161616179795e+02  -5.192796469199375e-05  -6.230640434702374e-05  -2.227552825645848e-05
  1.850000000000001e-01  2.744679116280724e+01  4.305513528054736e+02  4.665696692956926e+01  -6.426046047276384e+01  6.080596225468999e+00  -1.851984424974875e+02  -5.614839026791358e-05  -6.803019383897890e-05  -2.584747838158041e-05
  1.900000000000001e-01  7.105870247067611e+00  4.445656183555175e+02  3.508054171473577e+01  -6.969247973130693e+01  -8.299632624441713e+00  -1.686602050981863e+02  -4.781346690305002e-05  -7.342051254644903e-05  -2.668962000471415e-05
  1.950000000000001e-01  1.381028618057026e+01  4.482631448501272e+02  3.166295916105865e+01  -7.721978643968724e+01  -1.462895211702621e+01  -1.859352641936003e+02  -5.128468887217045e-05  -7.803623090792689e-05  -2.973629405779110e-05
  2.000000000000001e-01  9.407480031017064e+00  4.646253243113607e+02  3.489901199615767e+01  -7.753884148030969e+01  -2.628647281540127e+01  -1.643375721141950e+02  -4.218416359093258e-05  -8.114338577833272e-05  -2.844094893001940e-05
  2.050000000000001e-01  1.904748935339051e+01  4.576607496542559e+02  3.232617493041405e+01  -8.210398330876261e+01  -3.209974377604596e+01  -1.795373891431196e+02  -4.426656158823288e-05  -8.435758271092483e-05  -3.045223454298046e-05
  2.100000000000001e-01  2.628379759595544e+01  4.420127006520206e+02  2.506883248004850e+01  -8.535338730648381e+01  -3.863395262561703e+01  -1.934234044940135e+02  -4.600541864467194e-05  -8.677927342305909e-05  -3.194996958921095e-05
  2.150000000000001e-01  3.917178971961832e+01  4.527139199016079e+02  4.045055393089454e+01  -7.998351979063027e+01  -4.552670580131531e+01  -1.653097100335290e+02  -3.538931611570639e-05  -8.636795570641840e-05  -2.836687053397032e-05
  2.200000000000001e-01  5.122332157730004e+01  4.288230547896448e+02  3.794246295095934e+01  -8.106516567167387e+01  -5.119219281082322e+01  -1.751255034627097e+02  -3.546255206506813e-05  -8.692160614539191e-05  -2.851601023686284e-05
  2.250000000000001e-01  7.195304060111111e+01  4.310244041049985e+02  5.206201612893692e+01  -7.343900295152604e+01  -5.419108390633946e+01  -1.458208539822783e+02  -2.444548091399486e-05  -8.374231220800276e-05  -2.450883073161550e-05
  2.300000000000001e-01  8.546494333036330e+01  3.978849688742600e+02  5.026427689958042e+01  -7.338809801371637e+01  -5.900992242561434e+01  -1.504531299608124e+02  -2.290847521664876e-05  -8.224046225181847e-05  -2.320201689609447e-05
  2.350000000000001e-01  9.876909759750978e+01  3.609266458970968e+02  4.981074282072601e+01  -7.272233383452878e+01  -6.415789086998484e+01  -1.525523460886529e+02  -2.074247727361926e-05  -7.976029809213890e-05  -2.145936431268749e-05
  2.400000000000001e-01  1.214694507613526e+02  3.477065033382213e+02  5.778676424456535e+01  -6.547196157249050e+01  -6.235831836037136e+01  -1.218129669221104e+02  -8.735385663384373e-06  -7.289111186224675e-05  -1.707124179511720e-05
  2.450000000000001e-01  1.348126651391762e+02  3.050926686143488e+02  5.938371660659899e+01  -6.523287708540853e+01  -6.623470835319951e+01  -1.189898647452801e+02  -5.043924294831579e-06  -6.848190946765548e-05  -1.432558790727099e-05
  2.500000000000001e-01  1.531307586673699e+02  2.796712051560232e+02  5.844861213113661e+01  -6.017604369227222e+01  -6.141715180881166e+01  -9.227930774156142e+01  6.421932655361314e-06  -5.955023817664888e-05  -1.065753101025835e-05
  2.550000000000001e-01  1.609576921305120e+02  2.311871111105328e+02  5.860647477400395e+01  -6.079789284957655e+01  -6.446562497482726e+01  -8.387991926930469e+01  1.094742217141933e-05  -5.342751037188253e-05  -7.197033525894155e-06
  2.600000000000001e-01  1.697368321314650e+02  1.838844452242024e+02  6.315573872563194e+01  -6.160682001119032e+01  -6.664201315956309e+01  -7.391866095778634e+01  1.609932120940828e-05  -4.670754730233447e-05  -3.697822732908153e-06
  2.650000000000001e-01  1.772979199927210e+02  1.463421940100584e+02  5.384610240283671e+01  -6.068753499310619e+01  -5.872017240956622e+01  -5.144708429516173e+01  2.628665136868266e-05  -3.591762625521224e-05  -4.566298307266870e-07
  2.700000000000001e-01  1.774574507431789e+02  9.547161301029109e+01  5.500066010944475e+01  -6.232174768781968e+01  -5.976822256446882e+01  -3.716332248496330e+01  3.146184754191842e-05  -2.814327660061422e-05  3.344047806048108e-06
  2.750000000000001e-01  1.762658212209904e+02  5.156623441852844e+01  4.112643653754399e+01  -6.381243408160785e+01  -5.070289638546677e+01  -2.129415479092499e+01  3.920764686269485e-05  -1.713496445709951e-05  6.172736568854330e-06
  2.800000000000001e-01  1.745184184795050e+02  4.211090384828966e+00  4.766635620891970e+01  -6.617538050427980e+01  -4.943213263226676e+01  -6.717659445991905e+00  4.430439676651721e-05  -9.078251671494297e-06  9.635058903183954e-06
  2.850000000000001e-01  1.671503328836866e+02  -4.431250545219113e+01  5.069179953391755e+01  -6.781220109491491e+01  -4.766627935028364e+01  1.024067936838991e+01  4.914392698933271e-05  -8.201872782323803e-07  1.322350942108823e-05
  2.900000000000001e-01  1.563599658325374e+02  -8.953671365337992e+01  3.640561664713360e+01  -7.056889357205475e+01  -3.769843192079673e+01  1.850786975298293e+01  5.327827885130148e-05  9.381267017978604e-06  1.550600564000303e-05
  2.950000000000002e-01  1.476130594508383e+02  -1.329877161204157e+02  4.411861170088237e+01  -7.170510171277161e+01  -3.366192256802492e+01  3.372690705460288e+01  5.741491909968743e-05  1.715575300660611e-05  1.860312417711473e-05
  3.000000000000002e-01  1.322886419329501e+02  -1.770358149775189e+02  3.142523799677772e+01  -7.370415775824949e+01  -2.471227330851096e+01  3.597932484549543e+01  5.844959589887501e-05  2.598418319578507e-05  2.041697839256467e-05
  3.050000000000002e-01  1.183195246857786e+02  -2.185842542915607e+02  3.687488334970692e+01  -7.313879430766231e+01  -1.967934274675720e+01  5.012097328505616e+01  6.137063032036198e-05  3.302895912351398e-05  2.333122311007338e-05
  3.100000000000002e-01  1.047593296502265e+02  -2.569872966025751e+02  4.450381224935608e+01  -7.167027994422288e+01  -1.343988366151132e+01  6.329390657093932e+01  6.413784871860864e-05  3.961177898300181e-05  2.608836046334711e-05
  3.150000000000002e-01  8.634808397986947e+01  -2.963188270856905e+02  3.391251340002780e+01  -7.104188501206204e+01  -6.402057904012102e+00  5.898149251144907e+01  6.168978772209109e-05  4.607311759999507e-05  2.708257255000878e-05
  3.200000000000002e-01  7.051509249965554e+01  -3.316818429761421e+02  4.001273981723472e+01  -6.754232310779844e+01  1.834041294046213e-01  6.964798841656594e+01  6.334746359086821e-05  5.147654508546480e-05  2.965649687734514e-05
  3.250000000000002e-01  5.244415811833477e+01  -3.666259789314381e+02  3.206477365231169e+01  -6.486769091169251e+01  4.519971182003484e+00  6.256001591855634e+01  5.901578866027533e-05  5.614515810872603e-05  3.002880244929661e-05
  3.300000000000002e-01  3.584460268008467e+01  -3.988720435521410e+02  3.607385920379530e+01  -5.961755928990405e+01  1.096723568168630e+01  7.040519222168273e+01  5.982618059273167e-05  6.022072762950871e-05  3.241437021531049e-05
  3.350000000000002e-01  1.912183883767843e+01  -4.290659899113250e+02  3.008943466390712e+01  -5.531524536977486e+01  1.231194448563455e+01  6.217993001236461e+01  5.434288441361912e-05  6.328887826753672e-05  3.227188194764183e-05
  3.400000000000002e-01  3.027909004827823e+00  -4.575205233515879e+02  3.281759667037537e+01  -4.891918581543156e+01  1.813211166571935e+01  6.755353009509292e+01  5.451131302899834e-05  6.603554536228598e-05  3.452596573130782e-05
  3.450000000000002e-01  -1.414821600785808e+01  -4.853423312429711e+02  3.217324462137112e+01  -4.204909945710192e+01  2.336882259547245e+01  7.266107620699734e+01  5.446931257947380e-05  6.824364413339067e-05  3.697079011223840e-05
  3.500000000000002e-01  -2.758670230338755e+01  -5.084222056091120e+02  2.710329354435749e+01  -3.683538211667353e+01  2.117417562879694e+01  6.297209188969808e+01  4.817890295059276e-05  6.935390854857386e-05  3.630835025404252e-05
  3.550000000000002e-01  -4.309489851088622e+01  -5.319458067847585e+02  2.507756893741864e+01  -3.001204511090062e+01  2.520559253807508e+01  6.633241272933361e+01  4.771035544678005e-05  7.037907180424393e-05  3.861908199393181e-05
  3.600000000000002e-01  -5.222469983463132e+01  -5.485016108827248e+02  2.324889467471637e+01  -2.523515600933875e+01  2.101463192379503e+01  5.732394246616231e+01  4.144398213133405e-05  7.055911876870289e-05  3.782843229875481e-05
  3.650000000000002e-01  -6.750386643285729e+01  -5.693732822977652e+02  1.584039360186743e+01  -1.885479834992941e+01  2.303075747847637e+01  5.994904313032507e+01  4.057730107368877e-05  7.074861000983965e-05  4.013941609417794e-05
  3.700000000000002e-01  -8.092787448758084e+01  -5.870116995656167e+02  9.312017860305899e+00  -1.311971649189872e+01  2.467456984189254e+01  6.242985760268790e+01  3.958111723207154e-05  7.045647586342110e-05  4.227700906828391e-05
  3.750000000000002e-01  -8.348417952467589e+01  -5.940914699512343e+02  9.648426112374896e+00  -1.008998830855531e+01  1.853897690927550e+01  5.354424865412488e+01  3.335932376502613e-05  6.977802050895227e-05  4.144014751565384e-05
  3.800000000000002e-01  -9.473707299792545e+01  -6.075511544184355e+02  -4.037323796216326e-01  -5.490300326097646e+00  1.830387501118691e+01  5.560938057415613e+01  3.201351893701184e-05  6.900409853665654e-05  4.331974995740948e-05
  3.850000000000002e-01  -9.123598366640589e+01  -6.068881116930439e+02  3.373996449914603e+00  -3.975281604890016e+00  1.198452302556596e+01  4.740482760183776e+01  2.614623059914939e-05  6.814821016121630e-05  4.258265233693726e-05
  3.900000000000002e-01  -9.770425470655235e+01  -6.135733664517641e+02  -5.438625065385225e+00  -1.074913442345356e+00  1.105188496647606e+01  4.900939349990490e+01  2.443702031989952e-05  6.697582543907900e-05  4.390461431526623e-05
  3.950000000000002e-01  -1.022988499193834e+02  -6.177661430348543e+02  -1.527436180648717e+01  1.263175897838696e+00  9.302721895743462e+00  5.047211827292956e+01  2.260985632862297e-05  6.569925371687284e-05  4.489104317926538e-05
  4.000000000000002e-01  -8.988905229734047e+01  -6.059982788230350e+02  -8.420438904861998e+00  5.698210906837976e-01  3.229267250413535e+00  4.235177158213029e+01  1.697705500523347e-05  6.491073668540456e-05  4.385167116293329e-05
  4.050000000000002e-01  -8.855158888255728e+01  -6.027949795229540e+02  -1.569006373978548e+01  1.301213465542237e+00  1.362982299720409e+00  4.323593011172772e+01  1.480133801200673e-05  6.350521283474226e-05  4.407841069418060e-05
  4.100000000000003e-01  -7.085510723912095e+01  -5.844091212902566e+02  -7.865104930094126e+00  -5.296362467071465e-01  -3.642812243872922e+00  3.573167504697325e+01  9.700928989787149e-06  6.293727668865045e-05  4.274278975564033e-05
  4.150000000000003e-01  -6.320473770319050e+01  -5.742750305709159e+02  -1.333101522066438e+01  -8.825870573678452e-01  -5.871068021684954e+00  3.556710630697319e+01  7.361801834485285e-06  6.161465703708707e-05  4.216320259511480e-05
  4.200000000000003e-01  -5.282447703947373e+01  -5.608898074114869e+02  -1.718460480846722e+01  -1.926169765109811e+00  -7.700080765044244e+00  3.502702110836456e+01  4.880058290999744e-06  6.017314279991871e-05  4.113840082735159e-05
  4.250000000000003e-01  -2.789274630742782e+01  -5.335943570923388e+02  -8.658269644222459e+00  -5.057231028679428e+00  -1.147279289375679e+01  2.799480179257209e+01  4.696334322404066e-07  5.997052848413282e-05  3.889483135302656e-05
  4.300000000000003e-01  -1.133545480524577e+01  -5.137797387051866e+02  -1.005874139359240e+01  -6.866637488241677e+00  -1.313673189209464e+01  2.615452810036662e+01  -1.979245285251155e-06  5.860501327441566e-05  3.708098737731635e-05
  4.350000000000003e-01  1.561885456788103e+01  -4.830655060493062e+02  -3.735218809405235e+00  -1.058981390757305e+01  -1.578777633323715e+01  2.040431794618473e+01  -5.421952532216370e-06  5.856314553984550e-05  3.419323538382986e-05
  4.400000000000003e-01  3.675340575868854e+01  -4.579969808339155e+02  -2.996431633909450e+00  -1.314145103540115e+01  -1.682128342117379e+01  1.782836454515035e+01  -7.768388058518339e-06  5.713724802809132e-05  3.171351673693036e-05
  4.450000000000003e-01  6.024097574596394e+01  -4.306301091579518e+02  -1.292229941581381e+00  -1.595529312985204e+01  -1.763758662022649e+01  1.414733616474619e+01  -9.995539675190041e-06  5.560821429779561e-05  2.899669905861771e-05
  4.500000000000003e-01  8.894795006036840e+01  -3.961402728704358e+02  2.646586016929168e+00  -2.038388866130052e+01  -1.924287086980568e+01  1.017557468127917e+01  -1.205744846712078e-05  5.558700508455198e-05  2.520190161527846e-05
  4.550000000000003e-01  1.148186319003768e+02  -3.655799904454722e+02  4.995561935293859e+00  -2.371395875287279e+01  -1.954112176618668e+01  5.945568701796973e+00  -1.390898832848954e-05  5.385650578240305e-05  2.211700051521521e-05
  4.600000000000003e-01  1.416434954510526e+02  -3.311948631165280e+02  5.811273409833376e+00  -2.862028866735761e+01  -2.040665975424469e+01  4.012949758747202e+00  -1.467406397992198e-05  5.362300026203223e-05  1.797659203492224e-05
  4.650000000000003e-01  1.686776602200176e+02  -2.985160327704764e+02  8.495829641451868e+00  -3.230988991729763e+01  -2.053340275179570e+01  -7.095109581247645e-01  -1.595089988885442e-05  5.161718395724995e-05  1.468700795504019e-05
  4.700000000000003e-01  1.956508467501127e+02  -2.654833046828308e+02  1.044061271260346e+01  -3.623219507207872e+01  -2.045299832212890e+01  -6.061382209644049e+00  -1.699960001889844e-05  4.936632070975070e-05  1.147938392092073e-05
  4.750000000000003e-01  2.187938541743625e+02  -2.320285794375880e+02  8.710631454942812e+00  -4.182227650079778e+01  -2.067765450173409e+01  -5.398001125541160e+00  -1.607948763371432e-05  4.858452912995834e-05  7.275637323482093e-06
  4.800000000000003e-01  2.444556256922463e+02  -1.987253170334602e+02  1.006962409666286e+01  -4.605321528858953e+01  -2.070796716273526e+01  -1.063135350102861e+01  -1.643905497177326e-05  4.593781018269209e-05  4.158447053598831e-06
  4.850000000000003e-01  2.635130832906186e+02  -1.673644729130645e+02  7.382399785007999e+00  -5.211090908113145e+01  -2.035963671169763e+01  -8.183620649445595e+00  -1.438906845151122e-05  4.458330938459736e-05  3.488094970016871e-07
  4.900000000000003e-01  2.865510890931738e+02  -1.350746167958212e+02  6.937971222181686e+00  -5.669431354748555e+01  -2.043457049453797e+01  -1.311863457125400e+01  -1.400264800197734e-05  4.145504789360883e-05  -2.448908169107585e-06
  4.950000000000003e-01  3.080518279005257e+02  -1.032320338251258e+02  6.117780885044669e+00  -6.134059516761391e+01  -2.082390440912312e+01  -1.811211510641792e+01  -1.336712699430040e-05  3.810644314256114e-05  -5.101116567518027e-06
  5.000000000000003e-01  3.211102594581604e+02  -7.495427836238456e+01  3.431480176167146e+00  -6.788638290722447e+01  -1.992275599386456e+01  -1.373043785805811e+01  -1.002067909152118e-05  3.586176308350449e-05  -7.986759840844024e-06
  5.050000000000003e-01  3.390909899829520e+02  -4.481938456808971e+01  1.060996028088872e+00  -7.276328649736095e+01  -2.051795947360745e+01  -1.817853563734832e+01  -8.673905603811982e-06  3.205061700099056e-05  -1.018685214728542e-05
  5.100000000000003e-01  3.480601665391524e+02  -1.906126155641620e+01  -5.025732069844222e-01  -7.938183282628948e+01  -1.898478229953011e+01  -1.342013415705832e+01  -4.748914672448552e-06  2.910884011755327e-05  -1.214051522630489e-05
  5.150000000000003e-01  3.620414675092690e+02  9.546503584537872e+00  -2.766947697245254e+00  -8.428147110166896e+01  -2.002417917916976e+01  -1.682011279577363e+01  -2.917819375266218e-06  2.492533833028452e-05  -1.387292570010694e-05
  5.200000000000004e-01  3.742869329334385e+02  3.714820134046020e+01  -6.043490908977148e+00  -8.915943831701567e+01  -2.128183596667971e+01  -2.032888203711757e+01  -7.996060220788449e-07  2.057852680591722e-05  -1.543224272760507e-05
  5.250000000000004e-01  3.778358859942437e+02  5.982046544708767e+01  -5.614946726164578e+00  -9.547354907987172e+01  -1.911595782046638e+01  -1.528604237519777e+01  3.605335529690325e-06  1.680213141944140e-05  -1.607365118134410e-05
  5.300000000000004e-01  3.861378530990392e+02  8.600611741564023e+01  -7.951303958870859e+00  -1.001307727798333e+02  -2.075793750174954e+01  -1.765372405732345e+01  5.995615523278540e-06  1.221470417395357e-05  -1.715440387423218e-05
  5.350000000000004e-01  3.862085894411084e+02  1.062013799904978e+02  -6.663785623106691e+00  -1.057346340980261e+02  -1.796087735604354e+01  -1.348509059572641e+01  1.032315033540923e-05  7.891643500964399e-06  -1.691640913811615e-05
  5.400000000000004e-01  3.918771091039764e+02  1.313515083122776e+02  -8.029626939425471e+00  -1.100098904565439e+02  -1.978084861377790e+01  -1.559195602037188e+01  1.298924977978288e-05  3.144599358484826e-06  -1.752094980770954e-05
  5.450000000000004e-01  3.951075213719041e+02  1.556295172473883e+02  -8.991718428657029e+00  -1.139937621886870e+02  -2.186708067894955e+01  -1.694125405754871e+01  1.562032739461604e-05  -1.584470909027520e-06  -1.801326047460464e-05
  5.500000000000004e-01  3.908978203645250e+02  1.731239472362995e+02  -6.610464036497480e+00  -1.182445775761794e+02  -1.845514241019358e+01  -1.381140529285982e+01  1.965308785253536e-05  -6.371478822433742e-06  -1.677254712941932e-05
  5.550000000000004e-01  3.920975668825729e+02  1.968091221745877e+02  -5.729740521133316e+00  -1.215212084601593e+02  -2.063564047351906e+01  -1.506907611020268e+01  2.233256115920922e-05  -1.107153825644097e-05  -1.685298279551712e-05
  5.600000000000004e-01  3.849080734251058e+02  2.119376687507464e+02  -4.353542071381671e+00  -1.243923325147219e+02  -1.681282761321143e+01  -1.339436850882525e+01  2.588895108397465e-05  -1.606007459191634e-05  -1.519352507831223e-05
  5.650000000000004e-01  3.828052386465861e+02  2.344703225909508e+02  -2.117169287853355e+00  -1.268098344509844e+02  -1.896419269963542e+01  -1.382186834152392e+01  2.830395315688508e-05  -2.062482361089365e-05  -1.491133659472349e-05
  5.700000000000004e-01  3.800220857335934e+02  2.569619881190907e+02  1.547710244358669e+00  -1.286951327673465e+02  -2.127352894156745e+01  -1.440205758305672e+01  3.070532993402595e-05  -2.500706149221998e-05  -1.454960750458966e-05
  5.750000000000004e-01  3.688870645902614e+02  2.692583166102860e+02  1.511843698775678e+00  -1.295251075354826e+02  -1.703074764116232e+01  -1.395922136985319e+01  3.352305408247889e-05  -2.994407155736332e-05  -1.249342650466592e-05
  5.800000000000004e-01  3.628799695385466e+02  2.904046097231716e+02  6.049595176476702e+00  -1.303718229398814e+02  -1.912936927173099e+01  -1.388117117640550e+01  3.551948874010043e-05  -3.403987247735616e-05  -1.185383523717311e-05
  5.850000000000004e-01  3.489481787276570e+02  3.003065457405743e+02  3.423213755245949e+00  -1.296137574194683e+02  -1.474783016442108e+01  -1.435715316013871e+01  3.770432476111069e-05  -3.879019888651088e-05  -9.803445895288888e-06
  5.900000000000004e-01  3.412287086364208e+02  3.207341606446023e+02  9.539246690712583e+00  -1.292345306249900e+02  -1.681509879422932e+01  -1.443231285592478e+01  3.937787678389537e-05  -4.246711252985372e-05  -9.015316319536031e-06
  5.950000000000004e-01  3.315001885217513e+02  3.401970849823257e+02  1.587696043643891e+01  -1.282993796227673e+02  -1.868918900089093e+01  -1.393390244327214e+01  4.079274275275755e-05  -4.588588537609094e-05  -8.150778041449503e-06
  6.000000000000004e-01  3.140040794094138e+02  3.471118036691848e+02  1.052695429235077e+01  -1.254464546203714e+02  -1.420111417950285e+01  -1.493380768883723e+01  4.209159997205719e-05  -5.009992131717516e-05  -6.196453221599596e-06
  6.050000000000004e-01  3.024617481825873e+02  3.653841270824595e+02  1.770325644231005e+01  -1.232118036052978e+02  -1.598718628166442e+01  -1.444855217408045e+01  4.308786046784653e-05  -5.298883112642958e-05  -5.301258124893919e-06
  6.100000000000004e-01  2.833431502169120e+02  3.706373254868124e+02  1.074277614929984e+01  -1.190100771887618e+02  -1.175360056713469e+01  -1.558501911725327e+01  4.373065146306724e-05  -5.668587681318195e-05  -3.614120274469143e-06
  6.150000000000004e-01  2.689431554032714e+02  3.866188765301938e+02  1.691464359739344e+01  -1.156372346876165e+02  -1.311343598045165e+01  -1.451986388934566e+01  4.418066643044124e-05  -5.904447072680288e-05  -2.733013106380562e-06
  6.200000000000004e-01  2.540592956546289e+02  4.022041968456294e+02  2.415489802320621e+01  -1.115606930603705e+02  -1.451961613526152e+01  -1.335292964690642e+01  4.442129907814134e-05  -6.103544800429696e-05  -1.915356793945669e-06
  6.250000000000004e-01  2.332004064207185e+02  4.049726049301967e+02  1.542051052897889e+01  -1.056685783415797e+02  -1.053921340300058e+01  -1.417645776725834e+01  4.408787669412251e-05  -6.385896750647608e-05  -6.059133195558223e-07
  6.300000000000004e-01  2.163723985430254e+02  4.181765211909309e+02  2.137272672254993e+01  -1.005269505811231e+02  -1.154017408469270e+01  -1.246276456329172e+01  4.376186986942433e-05  -6.526520911572335e-05  4.706999688105725e-08
  6.350000000000005e-01  1.961291895338961e+02  4.203124184896774e+02  1.294554657463614e+01  -9.372760396413834e+01  -8.088716231039639e+00  -1.294852010097943e+01  4.270589610474592e-05  -6.738718111764342e-05  1.023462366963635e-06
  6.400000000000005e-01  1.784647609100921e+02  4.314998638556406e+02  1.827783226086240e+01  -8.748400796743233e+01  -8.990767650667742e+00  -1.078063795838283e+01  4.179313670488549e-05  -6.813997607769220e-05  1.398908522578800e-06
  6.450000000000005e-01  1.607525143101779e+02  4.417947520385340e+02  2.345671964746528e+01  -8.077821355947991e+01  -9.659737977943037e+00  -8.335383450453300e+00  4.062887994861453e-05  -6.856575440389113e-05  1.643634769812726e-06
  6.500000000000005e-01  1.421343958403647e+02  4.424579150879281e+02  1.512951006371349e+01  -7.288242496319323e+01  -6.747728985222236e+00  -8.299556247285246e+00  3.845464027950241e-05  -6.965158575887207e-05  2.079713964652209e-06
  6.550000000000005e-01  1.246386300470109e+02  4.506282139289049e+02  1.927231821993452e+01  -6.529376253968533e+01  -7.311769712733676e+00  -5.336272724821452e+00  3.664013836127880e-05  -6.943118798015283e-05  1.964726402295133e-06
  6.600000000000005e-01  1.089296862576373e+02  4.512944488115916e+02  1.239094835094548e+01  -5.695869815843006e+01  -5.061087180066342e+00  -5.001292772925042e+00  3.365234436344907e-05  -6.975108350667952e-05  2.018292653497981e-06
  6.650000000000005e-01  9.318823126775580e+01  4.577275139839664e+02  1.581419895694871e+01  -4.874606608835916e+01  -5.408165038159106e+00  -1.905595144068353e+00  3.123006289912961e-05  -6.892125116744543e-05  1.509148565733641e-06
  6.700000000000005e-01  8.110393992635983e+01  4.584348863163709e+02  1.040380835449160e+01  -4.015120699522643e+01  -3.767351486936366e+00  -1.484074021199825e+00  2.744859387005807e-05  -6.849415891051331e-05  1.177618843022373e-06
  6.750000000000005e-01  6.716822366207145e+01  4.627528940612971e+02  1.259346039817397e+01  -3.144003651285439e+01  -4.022961088886967e+00  1.984850853587637e+00  2.433700600584842e-05  -6.705262087711450e-05  2.761699246925192e-07
  6.800000000000005e-01  5.538267227642990e+01  4.666967184299673e+02  1.505174291283301e+01  -2.257910687945673e+01  -4.190104635384548e+00  5.287907573599052e+00  2.100794114243160e-05  -6.531926766019802e-05  -8.272027341644397e-07
  6.850000000000005e-01  4.878642349815979e+01  4.661520307051241e+02  1.017501587778804e+01  -1.379965837378061e+01  -3.016259554214030e+00  5.480109564487833e+00  1.615118937572196e-05  -6.391675854945375e-05  -1.719820779830705e-06
  6.900000000000005e-01  3.979742852908478e+01  4.679346498989943e+02  1.125950436770402e+01  -4.794945543278598e+00  -3.071386366609224e+00  8.873460130433310e+00  1.218361840575119e-05  -6.163837621543639e-05  -3.181512547969413e-06
  6.950000000000005e-01  3.735950467826952e+01  4.666565971244393e+02  6.937135904559937e+00  3.867870040561598e+00  -2.305419434595554e+00  8.795833261638775e+00  6.737748173815338e-06  -5.961457694676611e-05  -4.364845775211684e-06
  7.000000000000005e-01  3.305476283949258e+01  4.671227955539313e+02  7.998557764856428e+00  1.275623217230494e+01  -2.218841774267430e+00  1.143561215011584e+01  2.348292123766999e-06  -5.686191871295721e-05  -6.149854614095827e-06
  7.050000000000005e-01  3.016180102399846e+01  4.662784122562912e+02  7.964159759186402e+00  2.151532477556658e+01  -2.081583712193796e+00  1.419421108822079e+01  -2.303706189491835e-06  -5.387513338621562e-05  -8.065148139987885e-06
  7.100000000000005e-01  3.356060967876456e+01  4.625988170298563e+02  3.465049555382907e+00  2.978147831405090e+01  -1.478203822893374e+00  1.330098470750767e+01  -8.299369116274444e-06  -5.116248352620345e-05  -9.543479549060614e-06
  7.150000000000005e-01  3.553741730539834e+01  4.601781298508011e+02  3.398771814229866e+00  3.810304448198655e+01  -1.168356515777411e+00  1.499739681874863e+01  -1.317959089660191e-05  -4.781684630579573e-05  -1.164847999912204e-05
  7.200000000000005e-01  4.235696723645816e+01  4.546179818367615e+02  -1.038974731166413e+00  4.598264994213221e+01  -6.949211159146486e-01  1.362495614664694e+01  -1.922732650442454e-05  -4.477930139666875e-05  -1.316386573968373e-05
  7.250000000000005e-01  4.737958359062988e+01  4.493049740871680e+02  -2.600439941309815e+00  5.372589454345329e+01  -1.990425836005182e-01  1.476416778344957e+01  -2.427134406449573e-05  -4.116444439957020e-05  -1.533798007440513e-05
  7.300000000000005e-01  5.512478129367094e+01  4.433956700426526e+02  -3.951371409309745e+00  6.104776264769446e+01  4.134476116905236e-01  1.514397590365530e+01  -2.928792159643557e-05  -3.744017627387016e-05  -1.754311625217706e-05
  7.350000000000005e-01  6.602420783139111e+01  4.338271617338592e+02  -8.547390834220607e+00  6.819908658195101e+01  9.495195066099554e-01  1.290063954806751e+01  -3.498060220319927e-05  -3.421078726685299e-05  -1.886071485779447e-05
  7.400000000000005e-01  7.609226022387550e+01  4.246391660835070e+02  -1.121888139040465e+01  7.475817612896857e+01  1.770111542274267e+00  1.257471692832917e+01  -3.985027184595334e-05  -3.038947727917743e-05  -2.097760688522182e-05
  7.450000000000006e-01  8.866170415636462e+01  4.121067825685042e+02  -1.546564067561939e+01  8.148579993522847e+01  2.222704455748341e+00  1.011255176512613e+01  -4.492425879855175e-05  -2.723223543908956e-05  -2.194598989059773e-05
  7.500000000000006e-01  1.016044223286243e+02  4.002773498204313e+02  -1.803959983950355e+01  8.719173967448815e+01  3.353458453541787e+00  8.598483200684877e+00  -4.932545136024408e-05  -2.347081428408981e-05  -2.383559557671807e-05
  7.550000000000006e-01  1.150050925798434e+02  3.866316338905116e+02  -2.172791321190055e+01  9.241823645579268e+01  4.552537676437593e+00  6.807175481920806e+00  -5.357781124847050e-05  -1.972256564400491e-05  -2.563716752996786e-05
  7.600000000000006e-01  1.288850637602944e+02  3.691737967734837e+02  -2.485349114767796e+01  9.844463360806465e+01  4.972068805662629e+00  3.979570373224556e+00  -5.734917294495187e-05  -1.695697569235833e-05  -2.591488430513542e-05
  7.650000000000006e-01  1.436957129310682e+02  3.526000758441991e+02  -2.832830362174616e+01  1.028368790743015e+02  6.476424513912749e+00  1.217801135588520e+00  -6.085177222436767e-05  -1.346707349303118e-05  -2.730811367360827e-05
  7.700000000000006e-01  1.574341834244501e+02  3.320497977887680e+02  -2.991297353548175e+01  1.085594514395517e+02  6.679210889771205e+00  -1.347216222566393e+00  -6.346324685369979e-05  -1.115081858923826e-05  -2.702366062617623e-05
  7.750000000000006e-01  1.718497474910655e+02  3.120009796256754e+02  -3.372333239212861e+01  1.122642804439545e+02  8.225300809022341e+00  -4.527717806998981e+00  -6.612339437770359e-05  -8.006392870171306e-06  -2.794913645060756e-05
  7.800000000000006e-01  1.864736795991038e+02  2.907776099601679e+02  -3.762653915353267e+01  1.155033287359441e+02  1.003847619855292e+01  -8.194472311090285e+00  -6.837451206470323e-05  -5.063659988901967e-06  -2.863161676917946e-05
  7.850000000000006e-01  1.988289620906331e+02  2.659151948553713e+02  -3.654461911268265e+01  1.208048185429588e+02  9.823214434044345e+00  -1.032994909163969e+01  -6.910571012615217e-05  -3.574457243517045e-06  -2.745309116088074e-05
  7.900000000000006e-01  2.119810505599663e+02  2.417683759810455e+02  -4.016058781479764e+01  1.235433086214785e+02  1.155142259529417e+01  -1.415056139942554e+01  -7.034398146620845e-05  -1.130433868273022e-06  -2.757483703221400e-05
  7.950000000000006e-01  2.226650675695830e+02  2.147492771182683e+02  -3.700751196553919e+01  1.286878157377137e+02  1.088037007321556e+01  -1.554230052466422e+01  -6.974986045684693e-05  -2.604277600597553e-07  -2.585859548100398e-05
  8.000000000000006e-01  2.342943173765565e+02  1.886658048298621e+02  -3.949191131532788e+01  1.310104066088872e+02  1.261878870277822e+01  -1.950098841272947e+01  -6.989738158231045e-05  1.588421823838360e-06  -2.538234861457673e-05
  8.050000000000006e-01  2.446124080827934e+02  1.615438142987350e+02  -4.222115332016600e+01  1.331252298869647e+02  1.434140733528653e+01  -2.346938827784684e+01  -6.960262590864013e-05  3.159880058272771e-06  -2.460108842765680e-05
  8.100000000000006e-01  2.520363206803298e+02  1.325425639531247e+02  -3.591408176264857e+01  1.381056102343458e+02  1.289488121254767e+01  -2.374481927577773e+01  -6.716361371064486e-05  3.119093576593493e-06  -2.221954064578992e-05
  8.150000000000006e-01  2.600086613108867e+02  1.045124876997208e+02  -3.723100029256610e+01  1.400403578635214e+02  1.444347305124010e+01  -2.749146410059940e+01  -6.582245086405713e-05  4.054251770757534e-06  -2.085424471878051e-05
  8.200000000000006e-01  2.648914574061583e+02  7.528717930504220e+01  -2.929238604590439e+01  1.448958126619831e+02  1.247417615250228e+01  -2.676830782929297e+01  -6.233242865401552e-05  3.519225466278492e-06  -1.829490764029285e-05
  8.250000000000006e-01  2.699930199645205e+02  4.705660052004794e+01  -2.932058071498178e+01  1.467983263693124e+02  1.359496198431262e+01  -3.000394709593467e+01  -6.007801211448168e-05  3.866108621112481e-06  -1.641672790527553e-05
  8.300000000000006e-01  2.736305358203862e+02  1.894709954556977e+01  -2.890076407585522e+01  1.486848985564750e+02  1.471290185798286e+01  -3.310419323850975e+01  -5.742526349979462e-05  3.899802995116034e-06  -1.424215694049302e-05
  8.350000000000006e-01  2.744377388039230e+02  -8.933459981749873e+00  -1.899710903021761e+01  1.534094024486770e+02  1.195147063168598e+01  -3.097072892558974e+01  -5.272963156027724e-05  2.775462155913361e-06  -1.157609403502440e-05
  8.400000000000006e-01  2.751432775550447e+02  -3.582428345284955e+01  -1.707548086807656e+01  1.554104517679943e+02  1.254956016569097e+01  -3.334329657655607e+01  -4.938902832203941e-05  2.307249723961078e-06  -9.022823550884107e-06
  8.450000000000006e-01  2.731864666448377e+02  -6.174304594974401e+01  -7.029235985270166e+00  1.598500090444869e+02  9.559347217064122e+00  -3.032383516737972e+01  -4.426323558652210e-05  1.039251450315168e-06  -6.622935446144489e-06
  8.500000000000006e-01  2.710311867525908e+02  -8.662111974264504e+01  -3.939339879926005e+00  1.620289073729364e+02  9.657563829978686e+00  -3.191732827876423e+01  -4.043128756767550e-05  1.819644854998779e-07  -3.844004388665600e-06
  8.550000000000006e-01  2.674405019602917e+02  -1.103629538738895e+02  1.054019359934752e-02  1.643206984574342e+02  9.582366155748041e+00  -3.313607970673195e+01  -3.641974023709829e-05  -8.968324579451613e-07  -8.617182109156401e-07
  8.600000000000007e-01  2.616098338091131e+02  -1.318443395697984e+02  9.833071764032828e+00  1.684333358707908e+02  6.254408778651950e+00  -2.893622160298135e+01  -3.111533406711946e-05  -2.169737718021883e-06  1.002075840367153e-06
  8.650000000000007e-01  2.553402512911559e+02  -1.526642584978825e+02  1.449641118824789e+01  1.709493682434573e+02  5.655872892458930e+00  -2.927277262160559e+01  -2.695957290684837e-05  -3.437764790025320e-06  3.994084336471463e-06
  8.700000000000007e-01  2.471357750677530e+02  -1.705499854173946e+02  2.283951163616297e+01  1.745910304982822e+02  2.550924695087535e+00  -2.466357947589065e+01  -2.198357991966192e-05  -4.412580983934238e-06  5.225168067393940e-06
  8.750000000000007e-01  2.386595696796130e+02  -1.877037428589621e+02  2.843807548724089e+01  1.772365917369080e+02  1.595586983224299e+00  -2.412274663988595e+01  -1.795648191786044e-05  -5.739583599148246e-06  8.091955022520119e-06
  8.800000000000007e-01  2.288697552227895e+02  -2.034744804947124e+02  3.421724800594784e+01  1.800951338021006e+02  3.405980564147036e-01  -2.313285212957187e+01  -1.400031446785004e-05  -7.099550889344359e-06  1.096165985109779e-05
  8.850000000000007e-01  2.176820673967399e+02  -2.152848274670570e+02  4.024856100655222e+01  1.831515440711114e+02  -2.379294882263577e+00  -1.806199178962567e+01  -9.929644651929149e-06  -7.483879685574883e-06  1.120442971258094e-05
  8.900000000000007e-01  2.061955897529366e+02  -2.270465195621007e+02  4.654485083330552e+01  1.860680730030432e+02  -3.843122814025633e+00  -1.628346529158795e+01  -6.458338006519445e-06  -8.681579748269245e-06  1.373118833032507e-05
  8.950000000000007e-01  1.934342002637957e+02  -2.347309556337832e+02  5.033378648751159e+01  1.885279388830047e+02  -5.824030163277881e+00  -1.147942622726069e+01  -3.372831803458922e-06  -8.458763212289514e-06  1.318778115123606e-05
  9.000000000000007e-01  1.801177049087377e+02  -2.431522697978248e+02  5.558544912595073e+01  1.915213531058893e+02  -7.505351869513212e+00  -9.071678627180914e+00  -5.843190204968817e-07  -9.330467403017822e-06  1.525693050746373e-05
  9.050000000000007e-01  1.663603719379202e+02  -2.496641790353185e+02  6.178614578504028e+01  1.945735061845821e+02  -9.265848230154010e+00  -6.262333100843958e+00  1.865551641098988e-06  -1.009469237453104e-05  1.714557526984349e-05
  9.100000000000007e-01  1.517734555051462e+02  -2.515882618878405e+02  6.225131202096910e+01  1.963118732565638e+02  -1.025346346962038e+01  -1.948707246364385e+00  3.259301178974014e-06  -8.923641901734454e-06  1.549097009668073e-05
  9.150000000000007e-01  1.366153270434943e+02  -2.552614780113860e+02  6.677733549329717e+01  1.993171544886513e+02  -1.201094938171278e+01  1.234305384211944e+00  4.774537617324257e-06  -9.209067469700080e-06  1.678452018514984e-05
  9.200000000000007e-01  1.212059469430474e+02  -2.538682342526231e+02  6.494319185787803e+01  2.005054087880405e+02  -1.210681341263206e+01  4.641998828787192e+00  4.866255345457420e-06  -7.350618328687899e-06  1.447122278060456e-05
  9.250000000000007e-01  1.055277316192803e+02  -2.544124062222373e+02  6.908895229498769e+01  2.033034549927143e+02  -1.356218993717178e+01  7.977491497773306e+00  5.331797983053081e-06  -7.136060657963670e-06  1.511609457386971e-05
  9.300000000000007e-01  8.922911371072331e+01  -2.543113668499460e+02  7.218316008023038e+01  2.061086508983171e+02  -1.509052718756013e+01  1.146813999239700e+01  5.329139451195153e-06  -6.677411424329391e-06  1.547977009390013e-05
  9.350000000000007e-01  7.301202549861397e+01  -2.490389332583392e+02  6.733527639854371e+01  2.066159316673501e+02  -1.402223171342772e+01  1.360694126489151e+01  3.526992502046863e-06  -3.895555916894886e-06  1.227142277799512e-05
  9.400000000000007e-01  5.658661587576569e+01  -2.466448408612335e+02  6.973874197666078e+01  2.090958784115972e+02  -1.509462337997081e+01  1.687099058334638e+01  2.430759786716142e-06  -2.906605702672696e-06  1.197298920650165e-05
  9.450000000000007e-01  4.024810906458836e+01  -2.394936263696151e+02  6.364483764837304e+01  2.092181714668246e+02  -1.333895559508496e+01  1.787264384962816e+01  -5.242050180636315e-07  3.590897671531636e-07  8.369641324098044e-06
  9.500000000000007e-01  2.318193576347586e+01  -2.363103142741537e+02  6.358444459976780e+01  2.113612929409410e+02  -1.397984421166585e+01  2.069855059806040e+01  -2.646996455022202e-06  1.856582172784187e-06  7.497842408135220e-06
  9.550000000000007e-01  6.538630520009883e+00  -2.322512744613008e+02  6.382424035469666e+01  2.133101098765924e+02  -1.443259079333599e+01  2.331287071453367e+01  -5.218900543624556e-06  3.570981463218930e-06  6.292500215922699e-06
  9.600000000000007e-01  -9.904584349144198e+00  -2.236662496463862e+02  5.602336686786364e+01  2.129107737913118e+02  -1.189433190140059e+01  2.283571665017187e+01  -9.573992486969214e-06  7.370557914172272e-06  2.239118440771188e-06
  9.650000000000007e-01  -2.691080576637983e+01  -2.196358016773211e+02  5.384422526719821e+01  2.144040275688764e+02  -1.180775298267555e+01  2.471476963797453e+01  -1.298532648927309e-05  9.474015148176817e-06  5.603208502448104e-07
  9.700000000000008e-01  -4.314289465329165e+01  -2.107579508315447e+02  4.596869890869790e+01  2.138006841167244e+02  -9.135824115245315e+00  2.336689290002725e+01  -1.790209377568903e-05  1.337299901837423e-05  -3.509394448874145e-06
  9.750000000000008e-01  -5.961192352282024e+01  -2.063632932128653e+02  4.324977108910382e+01  2.148006217205000e+02  -8.551298993736546e+00  2.435431815803185e+01  -2.193494188086550e-05  1.574368544178081e-05  -5.606918961475925e-06
  9.800000000000008e-01  -7.619332629803451e+01  -2.025037279593503e+02  3.898693570391517e+01  2.154840432106248e+02  -7.675578270286445e+00  2.486924357369063e+01  -2.622109975940890e-05  1.822634316723250e-05  -7.898404717507640e-06
  9.850000000000008e-01  -9.207619347079667e+01  -1.941711877035508e+02  3.118243750678995e+01  2.145274703401709e+02  -4.959725402623297e+00  2.254402626689070e+01  -3.149604724139149e-05  2.206347229918949e-05  -1.190765684738555e-05
  9.900000000000008e-01  -1.079573347697238e+02  -1.905276862720694e+02  2.656759981982882e+01  2.146782074602245e+02  -3.690634487662079e+00  2.205285238245212e+01  -3.602459934370215e-05  2.462314395670739e-05  -1.444225691688811e-05
  9.950000000000008e-01  -1.233093419461007e+02  -1.828764552919180e+02  1.998457683255286e+01  2.136441855842515e+02  -1.438470339695103e+00  1.953783026593856e+01  -4.103298174102115e-05  2.813194238712979e-05  -1.816500762677197e-05
  1.000000000000001e+00  -1.389455101531505e+02  -1.778676764375924e+02  1.385165826744351e+01  2.129528777198853e+02  3.011747373612900e-01  1.761026425731355e+01  -4.563046881069281e-05  3.105287922416923e-05  -2.126438796647660e-05
  1.005000000000001e+00  -1.541686294391585e+02  -1.756356185760661e+02  8.184442236772783e+00  2.122668022032811e+02  1.958220932988717e+00  1.591596457677041e+01  -4.997403031221622e-05  3.344507331975772e-05  -2.385282945057861e-05
  1.010000000000000e+00  -1.692313171532559e+02  -1.740805306748703e+02  1.472369959717055e+00  2.111935004839401e+02  3.905905311946282e+00  1.367376864530913e+01  -5.419077746742479e-05  3.574969164453974e-05  -2.646653939894885e-05
  1.015000000000000e+00  -1.834493816362048e+02  -1.684471466299165e+02  -2.224583677073811e+00  2.099033900282651e+02  4.964587939118979e+00  1.146569837471645e+01  -5.784007775751892e-05  3.829328195488645e-05  -2.943569729648867e-05
  1.020000000000000e+00  -1.976133138426282e+02  -1.676817432619019e+02  -8.625541923394531e+00  2.083573029256751e+02  6.914328584638957e+00  8.552759133888827e+00  -6.143853127257968e-05  4.028546308961832e-05  -3.197053407057052e-05
  1.025000000000000e+00  -2.113220466762257e+02  -1.633784286258018e+02  -1.071596968869169e+01  2.070209511789569e+02  7.134018177113989e+00  6.976741365271908e+00  -6.397037076828847e-05  4.216857090058363e-05  -3.445287872796604e-05
  1.030000000000000e+00  -2.252153284615801e+02  -1.641092099956210e+02  -1.774010815908358e+01  2.049528679592320e+02  9.080824438158469e+00  3.800593930808802e+00  -6.673817642586465e-05  4.373359788059505e-05  -3.672095333180143e-05
  1.035000000000000e+00  -2.382951915462200e+02  -1.649482150534567e+02  -2.439996178342441e+01  2.026095363305878e+02  1.103893721051693e+01  2.039126248007278e-01  -6.905925496263368e-05  4.510412565697234e-05  -3.892451584247291e-05
  1.040000000000000e+00  -2.509599073224258e+02  -1.623752074477374e+02  -2.392878458191938e+01  2.010410750993577e+02  1.016277114269543e+01  -3.436751627498882e-01  -6.972490936734125e-05  4.601412648998797e-05  -4.065868923458220e-05
  1.045000000000000e+00  -2.634924210747749e+02  -1.644491130142262e+02  -3.052726270560910e+01  1.982462662019269e+02  1.193473010390086e+01  -3.828262879943390e+00  -7.093899885435213e-05  4.685796353664944e-05  -4.248728032201367e-05
  1.050000000000000e+00  -2.754372419713506e+02  -1.630666664737853e+02  -2.837384618959190e+01  1.965440278815529e+02  1.031234019977805e+01  -3.472208878698755e+00  -7.022104025044477e-05  4.707054518995566e-05  -4.368878244786672e-05
  1.054999999999999e+00  -2.867060226379123e+02  -1.656449794741248e+02  -3.359639762582322e+01  1.934222495470178e+02  1.168424645201756e+01  -6.731333902782895e+00  -7.020979852622815e-05  4.738201220797619e-05  -4.516082999006941e-05
  1.059999999999999e+00  -2.977652695007474e+02  -1.688643522262819e+02  -3.919867929832131e+01  1.900587532770698e+02  1.301974643456842e+01  -9.880217955645879e+00  -6.961293330857299e-05  4.742873825136257e-05  -4.641949853289802e-05
  1.064999999999999e+00  -3.084464539623478e+02  -1.690193842821554e+02  -3.487446466569924e+01  1.880598269283718e+02  1.050753914474915e+01  -8.259151314162864e+00  -6.690208358153402e-05  4.672194131892168e-05  -4.691253860789351e-05
  1.069999999999999e+00  -3.182238628832868e+02  -1.726398549380729e+02  -3.894241412205643e+01  1.844562548728958e+02  1.134041163603817e+01  -1.078357338314173e+01  -6.505283901503570e-05  4.624644122561532e-05  -4.776573912489341e-05
  1.074999999999999e+00  -3.282069110776857e+02  -1.740064799468116e+02  -3.380443766343154e+01  1.821866911660784e+02  8.512512936368418e+00  -8.501368031253532e+00  -6.117131975819657e-05  4.501220406900710e-05  -4.783589839024056e-05
  1.079999999999999e+00  -3.369878242722312e+02  -1.783124107811372e+02  -3.707519985926521e+01  1.783373440679455e+02  8.865152742426844e+00  -1.018826572268620e+01  -5.815024403582519e-05  4.405789513597237e-05  -4.824255196053445e-05
  1.084999999999999e+00  -3.451820332029571e+02  -1.827288088374885e+02  -3.963280726067133e+01  1.743980516743964e+02  8.999205857599629e+00  -1.143549758435057e+01  -5.457830462852466e-05  4.288113647438493e-05  -4.844731395516472e-05
  1.089999999999999e+00  -3.537462239020224e+02  -1.854825813327791e+02  -3.344366880686733e+01  1.716812081770436e+02  5.846424760313068e+00  -8.320892992453517e+00  -4.926946704125259e-05  4.105989329299833e-05  -4.796245517113119e-05
  1.094999999999999e+00  -3.607436741104744e+02  -1.903141875843622e+02  -3.500567335279759e+01  1.675599423586190e+02  5.451618137863524e+00  -8.586914662544642e+00  -4.473220264317793e-05  3.951888133720980e-05  -4.775169612209683e-05
  1.099999999999999e+00  -3.686251851745663e+02  -1.943307000773128e+02  -2.916292267198064e+01  1.644027450105552e+02  2.538334962718205e+00  -5.458278141196578e+00  -3.885307623873123e-05  3.747636789864000e-05  -4.697414010653244e-05
  1.104999999999998e+00  -3.742918048784284e+02  -1.992958402374980e+02  -2.940762120116398e+01  1.600939016702141e+02  1.744414579302407e+00  -4.756235285353654e+00  -3.358605108994927e-05  3.566045099898632e-05  -4.641237162686449e-05
  1.109999999999998e+00  -3.794484161154201e+02  -2.044126385571084e+02  -2.925459698929862e+01  1.557509438814506e+02  6.093489300890229e-01  -3.427066448202060e+00  -2.796579489166092e-05  3.373192278681074e-05  -4.564001358809208e-05
  1.114999999999998e+00  -3.857584415009208e+02  -2.096651751816370e+02  -2.370637388876882e+01  1.519047990781982e+02  -1.923204501460143e+00  -3.962273451662633e-01  -2.166349369151456e-05  3.155943204474648e-05  -4.449759081575404e-05
  1.119999999999998e+00  -3.896373334980145e+02  -2.148424877081922e+02  -2.256732993343750e+01  1.473286252984878e+02  -3.320103213811800e+00  1.819777530648604e+00  -1.568775564358266e-05  2.950621775635605e-05  -4.342545661024442e-05
  1.124999999999998e+00  -3.951921762340816e+02  -2.212646706320619e+02  -1.823620332063318e+01  1.428317628078144e+02  -5.137340548559716e+00  4.146399748544013e+00  -9.547097116610445e-06  2.742548205364818e-05  -4.210129289992902e-05
  1.129999999999998e+00  -3.976078332449392e+02  -2.263494531629576e+02  -1.637725598528987e+01  1.380170189412261e+02  -6.859658454394370e+00  6.976465274734717e+00  -3.457788220130297e-06  2.538015711255346e-05  -4.075837294664026e-05
  1.134999999999998e+00  -3.997112141504001e+02  -2.314953043094856e+02  -1.419526238957569e+01  1.330842630884632e+02  -8.694694772843379e+00  1.044883474951793e+01  2.649514048120819e-06  2.332239373875659e-05  -3.926594210584512e-05
  1.139999999999998e+00  -4.035649882990170e+02  -2.388486139149663e+02  -1.116957605507860e+01  1.276061285595669e+02  -9.576009198966055e+00  1.171455451090516e+01  8.172713741211147e-06  2.152361217703771e-05  -3.769459180627644e-05
  1.144999999999998e+00  -4.042217707920959e+02  -2.437001664991569e+02  -8.512492360338543e+00  1.223426324769402e+02  -1.158927098634881e+01  1.548274315562772e+01  1.400436151117811e-05  1.962527739641444e-05  -3.599217973194185e-05
  1.149999999999997e+00  -4.071531530848615e+02  -2.518393697392124e+02  -6.961910878203047e+00  1.160436126102884e+02  -1.156631965373571e+01  1.557995744155581e+01  1.878140247821956e-05  1.813570327739209e-05  -3.425553378448248e-05
  1.154999999999997e+00  -4.067919272324147e+02  -2.565589906230426e+02  -4.414132556638074e+00  1.102722971202712e+02  -1.335523050565770e+01  1.949159319269753e+01  2.408308556634113e-05  1.643925712966128e-05  -3.236849168970161e-05
  1.159999999999997e+00  -4.058735292640522e+02  -2.609376092219564e+02  -1.512558571920545e+00  1.043815961351434e+02  -1.538833093298526e+01  2.366047336612940e+01  2.913747258916443e-05  1.487761428679390e-05  -3.037892819226825e-05
  1.164999999999997e+00  -4.070838912938905e+02  -2.694108767195328e+02  -1.555078644600381e+00  9.687122193270309e+01  -1.422041348824624e+01  2.214888154890945e+01  3.258810730080907e-05  1.391066080753046e-05  -2.839254427417193e-05
  1.169999999999997e+00  -4.053324703772493e+02  -2.735379084213234e+02  7.913261862265475e-01  9.034911688023102e+01  -1.582492076352378e+01  2.605629542652832e+01  3.684460352553712e-05  1.264276917280104e-05  -2.624638158858206e-05
  1.174999999999997e+00  -4.054961095771530e+02  -2.821386179848703e+02  -3.492394056529173e-01  8.196086912441638e+01  -1.390989791295734e+01  2.338467813708797e+01  3.929676508974789e-05  1.205429175150355e-05  -2.403423805931383e-05
  1.179999999999997e+00  -4.027707671689557e+02  -2.855999772704365e+02  1.798247236201784e+00  7.487741915933567e+01  -1.528801574091363e+01  2.679746399301636e+01  4.265118716512752e-05  1.115812653305196e-05  -2.174554848746754e-05
  1.184999999999997e+00  -3.999547496055202e+02  -2.888794300151762e+02  3.465761172296515e+00  6.746634123798941e+01  -1.643900881688016e+01  3.010343446383468e+01  4.557026945261550e-05  1.041648710721437e-05  -1.938281598078135e-05
  1.189999999999997e+00  -3.986332291367110e+02  -2.970045501797621e+02  1.147967505621275e+00  5.786155855729576e+01  -1.359306786540181e+01  2.592806255848416e+01  4.652005011180412e-05  1.036834092245957e-05  -1.682769699180659e-05
  1.194999999999997e+00  -3.951981238184991e+02  -2.994992343969402e+02  2.411120297396563e+00  4.985704498022488e+01  -1.437730234706179e+01  2.848212121397672e+01  4.844591255623174e-05  1.001848793013681e-05  -1.433305283709544e-05
  1.199999999999996e+00  -3.929125899769006e+02  -3.069628331913833e+02  -1.971737239990424e-01  3.951165526910664e+01  -1.121398452612279e+01  2.365730279375328e+01  4.850984786178778e-05  1.026240575813615e-05  -1.147047543546341e-05
  1.204999999999996e+00  -3.892997178976334e+02  -3.089503173710782e+02  -7.666573553296978e-02  3.082720977497453e+01  -1.131807786789533e+01  2.530284263890422e+01  4.948856654412657e-05  1.024598271060802e-05  -8.825663090790464e-06
  1.209999999999996e+00  -3.856331594819831e+02  -3.103080229698530e+02  5.230941420213502e-02  2.192863537191027e+01  -1.132639730474880e+01  2.659146887477621e+01  4.998770154555382e-05  1.042875226562435e-05  -6.149881588721181e-06
  1.214999999999996e+00  -3.824480844661904e+02  -3.165271863246257e+02  -2.909265926317091e+00  1.069851964152408e+01  -7.791970926446923e+00  2.098986371558785e+01  4.888296470970150e-05  1.103295106405997e-05  -2.851465155723405e-06
  1.219999999999996e+00  -3.789236435191913e+02  -3.173033308660625e+02  -3.954733046734723e+00  1.237973274140651e+00  -7.110842107472996e+00  2.125649365787831e+01  4.855370817370373e-05  1.150078735395666e-05  -3.324258863692988e-08
  1.224999999999996e+00  -3.751181860842045e+02  -3.222479446185291e+02  -6.439422827099132e+00  -1.035922737460467e+01  -3.856981972337786e+00  1.574189439071124e+01  4.694887710706524e-05  1.221933317057686e-05  3.614158207842385e-06
  1.229999999999996e+00  -3.719558538299817e+02  -3.221233051724105e+02  -7.835788140472594e+00  -2.014495811414715e+01  -2.746837577566827e+00  1.525287011219224e+01  4.588123921353077e-05  1.294467970819595e-05  6.548909446174023e-06
  1.234999999999996e+00  -3.690222791083722e+02  -3.216488541265148e+02  -9.954722781382904e+00  -3.011990331095020e+01  -1.274732505576661e+00  1.406983210880753e+01  4.449989592233558e-05  1.379207228402047e-05  9.504363524062822e-06
  1.239999999999996e+00  -3.651441266252123e+02  -3.248739228600488e+02  -1.195926219072719e+01  -4.193991295552047e+01  1.634342106887785e+00  8.810334881962790e+00  4.237081393375728e-05  1.458468857721823e-05  1.358784469843902e-05
  1.244999999999995e+00  -3.629202040396348e+02  -3.235332351873726e+02  -1.423712682346255e+01  -5.199087070785072e+01  3.465641612333338e+00  7.011405120581401e+00  4.049044981247869e-05  1.558920600502759e-05  1.663257232888641e-05
  1.249999999999995e+00  -3.589248326326041e+02  -3.251615875061934e+02  -1.523370588417517e+01  -6.366952977564018e+01  5.622289986998513e+00  2.587282631877288e+00  3.832386188012694e-05  1.629042007107184e-05  2.099448169841603e-05
  1.254999999999995e+00  -3.575495989920920e+02  -3.232900543305183e+02  -1.828642308412520e+01  -7.364334643635519e+01  7.792362042374438e+00  1.085425632181351e-01  3.618913569291712e-05  1.736443704134081e-05  2.413282110966375e-05
  1.259999999999995e+00  -3.565937614278357e+02  -3.208265586066864e+02  -2.108662882142293e+01  -8.351915348952937e+01  1.017868366591534e+01  -2.767421806865275e+00  3.389280695812989e-05  1.849378397643746e-05  2.722291617603461e-05
  1.264999999999995e+00  -3.532731835331505e+02  -3.206381410768487e+02  -2.106368942701124e+01  -9.459391038441905e+01  1.138771342628684e+01  -6.028524723772028e+00  3.188330572771982e-05  1.899215246869164e-05  3.187612594380380e-05
  1.269999999999995e+00  -3.533222918919244e+02  -3.177318953139202e+02  -2.435426874113485e+01  -1.040523244302362e+02  1.390413234285954e+01  -9.295518180866036e+00  2.960584619767553e-05  2.008600392014969e-05  3.500864285259063e-05
  1.274999999999995e+00  -3.503828353199939e+02  -3.160418013354611e+02  -2.335651480895988e+01  -1.144484324075100e+02  1.409468056440422e+01  -1.133115944824199e+01  2.793302007734838e-05  2.035678567965915e-05  3.977934869153175e-05
  1.279999999999995e+00  -3.513825086573262e+02  -3.123599607623388e+02  -2.599862475229235e+01  -1.232609333832800e+02  1.661023917544514e+01  -1.458944858167110e+01  2.579104353494785e-05  2.134647757749802e-05  4.287015525035711e-05
  1.284999999999995e+00  -3.528945644754260e+02  -3.085857167289462e+02  -2.907698127938309e+01  -1.317298366755286e+02  1.920554180445895e+01  -1.821489982199542e+01  2.375602218825615e-05  2.230619618610135e-05  4.590920801635377e-05
  1.289999999999994e+00  -3.509584853447641e+02  -3.052556569516890e+02  -2.696918242964576e+01  -1.407895660354452e+02  1.818146587193385e+01  -1.863689358706559e+01  2.272067660715526e-05  2.220032982777504e-05  5.070250947960883e-05
  1.294999999999994e+00  -3.532344940475752e+02  -3.007440402535939e+02  -2.906975924132402e+01  -1.483415090913291e+02  2.060331821395683e+01  -2.200977067375996e+01  2.104530035583370e-05  2.296504953750241e-05  5.363464626268799e-05
  1.299999999999994e+00  -3.517346383075856e+02  -2.960902916193022e+02  -2.621815102872622e+01  -1.563649701543315e+02  1.870143729633851e+01  -2.125456710194368e+01  2.052240919813460e-05  2.258206972362751e-05  5.829769047799839e-05
  1.304999999999994e+00  -3.549090922437496e+02  -2.913685326131769e+02  -2.834216023519286e+01  -1.628342422850982e+02  2.074317488583932e+01  -2.430481986982130e+01  1.933246627873676e-05  2.312618659794665e-05  6.112836150642126e-05
  1.309999999999994e+00  -3.580836085355246e+02  -2.861198288860623e+02  -2.952770894942963e+01  -1.687932096110049e+02  2.280675446407545e+01  -2.737544686580088e+01  1.838200132045192e-05  2.355346177473931e-05  6.381862959011331e-05
  1.314999999999994e+00  -3.572294215289767e+02  -2.800203576393453e+02  -2.585605947650283e+01  -1.750815199599263e+02  1.984434849014584e+01  -2.515498951629013e+01  1.866277912759520e-05  2.275974332421942e-05  6.818642334906735e-05
  1.319999999999994e+00  -3.609895422165565e+02  -2.745779122756251e+02  -2.693485051674328e+01  -1.798206279862957e+02  2.138418906044812e+01  -2.766105608164551e+01  1.828732235077458e-05  2.291903035011175e-05  7.071752352783390e-05
  1.324999999999994e+00  -3.603690656845929e+02  -2.674832189856613e+02  -2.321984219411595e+01  -1.849630342751162e+02  1.791861362705144e+01  -2.465564282688525e+01  1.903551251475267e-05  2.190143274017527e-05  7.473965318146819e-05
  1.329999999999994e+00  -3.636779058823913e+02  -2.610348678389959e+02  -2.269356011617568e+01  -1.885268622064702e+02  1.906213094255817e+01  -2.667223341378839e+01  1.925779143018964e-05  2.175618037380901e-05  7.700677709464380e-05
  1.334999999999994e+00  -3.629519674977699e+02  -2.529403462540120e+02  -1.901167521051563e+01  -1.925637142168452e+02  1.535535206191233e+01  -2.317429845352867e+01  2.041367491156505e-05  2.055187436538203e-05  8.058043052255758e-05
  1.339999999999993e+00  -3.663225948416344e+02  -2.462685563870524e+02  -1.857140894222384e+01  -1.949233120446879e+02  1.591179547920739e+01  -2.450594113311624e+01  2.118791067982965e-05  2.013149859550045e-05  8.263825509697779e-05
  1.344999999999993e+00  -3.688174985899568e+02  -2.388233929075737e+02  -1.675557125206207e+01  -1.967583054259770e+02  1.636413837291991e+01  -2.572974044464044e+01  2.227943877227193e-05  1.954549888423737e-05  8.452230071130306e-05
  1.349999999999993e+00  -3.672460201392612e+02  -2.292890026839086e+02  -1.309468203824965e+01  -1.992335069537451e+02  1.237431407602761e+01  -2.170044197095197e+01  2.398845637201048e-05  1.806915335716028e-05  8.744109681995397e-05
  1.354999999999993e+00  -3.692549141546638e+02  -2.214593523466178e+02  -1.144799621663306e+01  -1.999968250561200e+02  1.225060223266817e+01  -2.221506979514079e+01  2.555595034545857e-05  1.721799034562793e-05  8.909085606528594e-05
  1.359999999999993e+00  -3.668842414164860e+02  -2.110363189456300e+02  -8.492651280666147e+00  -2.015973516211887e+02  8.501967692687007e+00  -1.821285064482203e+01  2.745294914880957e-05  1.566004124801634e-05  9.145644916507226e-05
  1.364999999999993e+00  -3.667371650481276e+02  -2.015698479003940e+02  -5.108037813484713e+00  -2.015101730180455e+02  8.054189161973135e+00  -1.847833860216626e+01  2.947704603560209e-05  1.453689639856337e-05  9.276284865466309e-05
  1.369999999999993e+00  -3.664432758848866e+02  -1.922359756591099e+02  -2.360755663711082e+00  -2.009683970759972e+02  7.276868350275246e+00  -1.822629112715947e+01  3.168514614156262e-05  1.328887791200148e-05  9.400278035939456e-05
  1.374999999999993e+00  -3.617952941319076e+02  -1.800727851698348e+02  7.411047289313197e-03  -2.015057408785795e+02  3.834198742066519e+00  -1.441672666606154e+01  3.379568887114583e-05  1.159859456544714e-05  9.560188751494623e-05
  1.379999999999993e+00  -3.587312956087833e+02  -1.688487697207590e+02  4.310688323444608e+00  -2.003646728822294e+02  2.805059428397892e+00  -1.406095291717554e+01  3.632266299065649e-05  1.012400030401284e-05  9.650743893128887e-05
  1.384999999999992e+00  -3.522461582072052e+02  -1.555204382110273e+02  5.946830753175113e+00  -2.003526278654304e+02  -2.559943776540781e-02  -1.074345070073123e+01  3.840718829042001e-05  8.441566789375349e-06  9.749246499592492e-05
  1.389999999999992e+00  -3.475367016599330e+02  -1.434789923692504e+02  9.427374715045021e+00  -1.987225280619867e+02  -1.388355668557877e+00  -9.936681860576160e+00  4.106883257154551e-05  6.803909803745745e-06  9.816973394211124e-05
  1.394999999999992e+00  -3.407843636103185e+02  -1.301302060150409e+02  1.438050442467550e+01  -1.969230229175049e+02  -2.888245370555208e+00  -9.142726499987983e+00  4.386341763445309e-05  5.056837329738191e-06  9.869477788654840e-05
  1.399999999999992e+00  -3.308103415226019e+02  -1.147330043654242e+02  1.499820556293525e+01  -1.963870496699310e+02  -4.994145685441354e+00  -6.516971233591877e+00  4.582971715663546e-05  3.370834248717409e-06  9.891837640647350e-05
  1.404999999999992e+00  -3.219748804044318e+02  -1.003345079805443e+02  1.897354525908113e+01  -1.943617943034990e+02  -6.701510140826187e+00  -5.447274467183931e+00  4.859931588358470e-05  1.521706908202096e-06  9.921616298888449e-05
  1.409999999999992e+00  -3.095546140379162e+02  -8.368522422427907e+01  1.865024287818840e+01  -1.935342563999261e+02  -8.049348491351221e+00  -3.442162789228844e+00  5.036638474867224e-05  -9.608765761343261e-08  9.890527563246535e-05
  1.414999999999992e+00  -2.970181835252139e+02  -6.697660164884202e+01  2.366796964963056e+01  -1.914830953190143e+02  -9.760899258198000e+00  -2.678510383070863e+00  5.309511060166537e-05  -2.019505427091235e-06  9.888273630707231e-05
  1.419999999999992e+00  -2.835955331928720e+02  -4.997743651253641e+01  2.787274665590404e+01  -1.893970464419928e+02  -1.167498488780931e+01  -1.583603739511279e+00  5.573550964951060e-05  -3.975138312808716e-06  9.882062281428167e-05
  1.424999999999992e+00  -2.669989741034628e+02  -3.111088095407008e+01  2.638807421093953e+01  -1.883865601464221e+02  -1.213638032458607e+01  -4.366598004956795e-01  5.714993523396783e-05  -5.497861267429106e-06  9.783694218868290e-05
  1.429999999999992e+00  -2.498501634617984e+02  -1.185723833159666e+01  3.127498982525742e+01  -1.864315809724252e+02  -1.397191066012077e+01  2.496484799364520e-01  5.960661186374250e-05  -7.453788287321901e-06  9.747848932740065e-05
  1.434999999999991e+00  -2.304352423418656e+02  8.371119676582154e+00  2.922115810259504e+01  -1.851946129250003e+02  -1.376231431613487e+01  8.449335306070357e-01  6.073994478053356e-05  -8.872259071051091e-06  9.604005295367424e-05
  1.439999999999991e+00  -2.108416870298614e+02  2.877945199527014e+01  3.277749487374503e+01  -1.833910563005012e+02  -1.552842068204803e+01  1.475551935915585e+00  6.287231443651955e-05  -1.077799416856361e-05  9.548269310057546e-05
  1.444999999999991e+00  -1.890923033232919e+02  5.050438166159326e+01  3.728697738408637e+01  -1.816829693031880e+02  -1.736736615032360e+01  1.914284884943257e+00  6.486815390125646e-05  -1.265677262878101e-05  9.479959125988403e-05
  1.449999999999991e+00  -1.655635682106457e+02  7.268653588860771e+01  3.415901601736342e+01  -1.802793459923854e+02  -1.636283173221716e+01  1.808942638069382e+00  6.553137665046676e-05  -1.390732752656599e-05  9.282675749423491e-05
  1.454999999999991e+00  -1.414168281676228e+02  9.548579003805695e+01  3.742553173637238e+01  -1.787461176607257e+02  -1.805398014146671e+01  2.093756270986182e+00  6.711785961307732e-05  -1.567232413698851e-05  9.193958595266829e-05
  1.459999999999991e+00  -1.152611980616082e+02  1.187953844893546e+02  3.399777822619721e+01  -1.770022436497228e+02  -1.658035674436436e+01  1.673453335328657e+00  6.748148707995692e-05  -1.680305350255461e-05  8.965827485905437e-05
  1.464999999999991e+00  -8.810059655261851e+01  1.431391998888949e+02  3.728830529621632e+01  -1.756086361628818e+02  -1.810311246431837e+01  1.544680796836376e+00  6.867039007943816e-05  -1.841409291078842e-05  8.851048856622937e-05
  1.469999999999991e+00  -5.983498022183550e+01  1.679199746719636e+02  4.013533835772576e+01  -1.742874670691550e+02  -1.963913447343621e+01  1.428666875941111e+00  6.959468852013537e-05  -1.994474909219452e-05  8.730172223061549e-05
  1.474999999999991e+00  -3.029258922350400e+01  1.925146820414901e+02  3.598389026469289e+01  -1.721130663389656e+02  -1.762129558519587e+01  6.378005063406044e-01  6.946414237919905e-05  -2.085566067648450e-05  8.463239940338470e-05
  1.479999999999990e+00  3.934130351462800e-01  2.183002649865066e+02  3.855502670757080e+01  -1.708209316276805e+02  -1.897411917492195e+01  1.875065686820776e-01  6.993968244764445e-05  -2.218227611362071e-05  8.318481602444230e-05
  1.484999999999990e+00  3.189390716212384e+01  2.435088222237196e+02  3.440389791596848e+01  -1.680708561927015e+02  -1.676921217956144e+01  -6.374303279068363e-01  6.952040746960280e-05  -2.295702705955550e-05  8.032721691626278e-05
  1.489999999999990e+00  6.433222738247098e+01  2.697462898928662e+02  3.625079660670846e+01  -1.667235132811726e+02  -1.789624007877334e+01  -1.248294153500828e+00  6.951240629380204e-05  -2.407151919046380e-05  7.868425262860051e-05
  1.494999999999990e+00  9.778945518651163e+01  2.962993536916054e+02  3.806656546116087e+01  -1.653387088538554e+02  -1.903257743536950e+01  -1.958156445775173e+00  6.922874345483283e-05  -2.505682231147896e-05  7.694526155860895e-05
  1.499999999999990e+00  1.314133777395125e+02  3.217858080405005e+02  3.357216843808539e+01  -1.617891836531732e+02  -1.658407876929515e+01  -2.799132068266889e+00  6.833482125784923e-05  -2.558245088236454e-05  7.384222669485964e-05
  1.504999999999990e+00  1.662075810169009e+02  3.484334821947188e+02  3.498495432241509e+01  -1.601987787106980e+02  -1.749103623952410e+01  -3.618776871147130e+00  6.756866064484420e-05  -2.633583609267960e-05  7.190932370293430e-05
  1.509999999999990e+00  2.009509476587085e+02  3.739546536641340e+02  3.085545303982036e+01  -1.558871876190217e+02  -1.505515400859986e+01  -4.352730890310450e+00  6.640929482356296e-05  -2.672568442379549e-05  6.871697481311937e-05
  1.514999999999990e+00  2.364305177208898e+02  4.000993677849015e+02  3.146952698650377e+01  -1.539584027423041e+02  -1.584787730551733e+01  -5.151216273395462e+00  6.516838427970654e-05  -2.722576098151824e-05  6.660936655888389e-05
  1.519999999999990e+00  2.726569276168308e+02  4.263809581467730e+02  3.245298458186664e+01  -1.519173540378922e+02  -1.651899794905232e+01  -6.037157546460568e+00  6.365234035243368e-05  -2.760937515092836e-05  6.440595056960777e-05
  1.524999999999989e+00  3.080374965827031e+02  4.511176248389824e+02  2.837148795003084e+01  -1.465468177163557e+02  -1.409737243318831e+01  -6.554753843883875e+00  6.204866564542569e-05  -2.775379816278708e-05  6.107827439279028e-05
  1.529999999999989e+00  3.441974479855016e+02  4.762896237368282e+02  2.838646890675380e+01  -1.440515293783949e+02  -1.467374132873654e+01  -7.271797467635841e+00  6.007515161896071e-05  -2.789673989240229e-05  5.872336728041783e-05
  1.534999999999989e+00  3.795087687616992e+02  5.002581355273819e+02  2.452695970038538e+01  -1.378694660477371e+02  -1.241250559748124e+01  -7.609478596828286e+00  5.820738908475928e-05  -2.791432223563538e-05  5.540179101865175e-05
  1.539999999999989e+00  4.160331809920509e+02  5.248391527095131e+02  2.513394382280238e+01  -1.349185405343706e+02  -1.281638845626478e+01  -8.285773933539241e+00  5.582084849506771e-05  -2.785712226954657e-05  5.285852636685949e-05
  1.544999999999989e+00  4.519728902072168e+02  5.483804973663111e+02  2.461321171399926e+01  -1.317512871651901e+02  -1.317768209374979e+01  -8.777141029433315e+00  5.316561720213854e-05  -2.768493342538609e-05  5.027543749073474e-05
  1.549999999999989e+00  4.864274491470463e+02  5.706543524262214e+02  2.105628220576861e+01  -1.245149372665499e+02  -1.109101663427271e+01  -8.843483503301373e+00  5.088700651524106e-05  -2.750381511705461e-05  4.689804537197573e-05
  1.554999999999989e+00  5.222753734607328e+02  5.933515026445766e+02  2.140173015283093e+01  -1.208719316079398e+02  -1.131313178093158e+01  -9.233798857849941e+00  4.786551855992175e-05  -2.717136423082470e-05  4.413963144556396e-05
  1.559999999999989e+00  5.557966669680924e+02  6.144409919905188e+02  1.831412990247864e+01  -1.129874711515793e+02  -9.405842485265952e+00  -9.259317657306282e+00  4.534447417244974e-05  -2.690195957141804e-05  4.077614745466984e-05
  1.564999999999989e+00  5.899426016071197e+02  6.349245617345159e+02  1.730440052091950e+01  -1.088537084155217e+02  -9.622382740418715e+00  -9.196584922434525e+00  4.194704698004284e-05  -2.642293029568752e-05  3.794297490783213e-05
  1.569999999999989e+00  6.242852066632496e+02  6.552741947235345e+02  1.739351979704000e+01  -1.045634924134117e+02  -9.684907615224189e+00  -9.201411705684990e+00  3.837510887086497e-05  -2.589408547425782e-05  3.499130143588780e-05
  1.574999999999988e+00  6.556104396047808e+02  6.740540376477055e+02  1.473416526119787e+01  -9.591984025433513e+01  -8.011134487066750e+00  -9.056783670174854e+00  3.550030720837431e-05  -2.551222673500030e-05  3.161023625477500e-05
  1.579999999999988e+00  6.877247394848597e+02  6.919598595706888e+02  1.344500371644239e+01  -9.122681650548263e+01  -8.088541058514709e+00  -8.562452414953031e+00  3.161430500289141e-05  -2.489807877232050e-05  2.859470263959804e-05
  1.584999999999988e+00  7.170358496768561e+02  7.089895793425518e+02  1.081557796606684e+01  -8.225553363557191e+01  -6.558810215697709e+00  -8.493492582064398e+00  2.852795916857836e-05  -2.448097977035545e-05  2.527343934244628e-05
  1.589999999999988e+00  7.482581430651242e+02  7.259128515586278e+02  1.111428463951536e+01  -7.728101281020656e+01  -6.595402659147942e+00  -7.904893632746560e+00  2.443011085434835e-05  -2.383633222643300e-05  2.208178055411066e-05
  1.594999999999988e+00  7.776775313366949e+02  7.410445062273780e+02  9.611930330626464e+00  -7.219943139242015e+01  -6.571862386277682e+00  -6.968083505920157e+00  2.017372546347368e-05  -2.317963166784940e-05  1.889772736684664e-05
  1.599999999999988e+00  8.036573258500683e+02  7.554217097143191e+02  7.429163842492560e+00  -6.296181632050842e+01  -5.246988981388776e+00  -6.908022374461550e+00  1.684301442819236e-05  -2.275781665292041e-05  1.556788088231019e-05
  1.604999999999988e+00  8.317887640216591e+02  7.695069006636638e+02  7.552862999624673e+00  -5.773666961909806e+01  -5.229806005421779e+00  -5.902732443044084e+00  1.245907365103566e-05  -2.212599328952382e-05  1.222649459299113e-05
  1.609999999999988e+00  8.551306934391336e+02  7.819989197406934e+02  5.539587001579151e+00  -4.856251729041274e+01  -3.964122358666073e+00  -6.088436047159848e+00  9.010213410646760e-06  -2.173043905768546e-05  8.903017042432824e-06
  1.614999999999988e+00  8.799879391683844e+02  7.933862045629371e+02  4.166778587994605e+00  -4.328234486831737e+01  -4.007389661972900e+00  -4.610908992112829e+00  4.493075047016118e-06  -2.115136602741510e-05  5.551194439700628e-06
  1.619999999999987e+00  9.044484279276874e+02  8.045551931915275e+02  4.134482662242206e+00  -3.801976943781664e+01  -3.988120911926116e+00  -3.246066380169638e+00  -3.096792927700212e-08  -2.061044539243706e-05  2.076182300539022e-06
  1.624999999999987e+00  9.234695120198020e+02  8.141417430142709e+02  2.455765598177224e+00  -2.910294240592247e+01  -2.851851326063471e+00  -3.590261772275633e+00  -3.550342680902166e-06  -2.030701792945305e-05  -1.258005117989995e-06
  1.629999999999987e+00  9.443805831804449e+02  8.226601695772838e+02  1.086723763902749e+00  -2.393147682684181e+01  -2.906512737235001e+00  -1.826542088528025e+00  -8.105178108442606e-06  -1.986332707084275e-05  -4.741856420927974e-06
  1.634999999999987e+00  9.599798946844643e+02  8.299759215210378e+02  -8.260894229856078e-01  -1.542349452827622e+01  -1.736976416574237e+00  -2.435452673557769e+00  -1.161851998055751e-05  -1.963277103407212e-05  -8.048771339776673e-06
  1.639999999999987e+00  9.788456280075533e+02  8.374113403798262e+02  -4.652787857343428e-01  -1.042121343899176e+01  -1.885915142263418e+00  -7.562309797014225e-01  -1.607003142923509e-05  -1.930170937720747e-05  -1.167007491985019e-05
  1.644999999999987e+00  9.953413298477670e+02  8.430261563867012e+02  -1.745517841427824e+00  -5.522111204698180e+00  -2.005677695242991e+00  1.189548013396555e+00  -2.049960197840722e-05  -1.903484323921414e-05  -1.526278501033328e-05
  1.649999999999987e+00  1.005808651565889e+03  8.471505312716180e+02  -3.438167636682056e+00  2.329460086102717e+00  -8.710928964017778e-01  3.617916112318336e-01  -2.385956757042420e-05  -1.895351039417515e-05  -1.857679082879500e-05
  1.654999999999987e+00  1.019869406978391e+03  8.515247389870472e+02  -3.157217898353283e+00  6.984466776719256e+00  -1.117405970842904e+00  2.171829091674728e+00  -2.808340573018730e-05  -1.880979946248552e-05  -2.227041246640364e-05
  1.659999999999987e+00  1.026506399936171e+03  8.531789146633402e+02  -5.008984597388491e+00  1.421067773327158e+01  1.113169033011160e-01  1.124064362347683e+00  -3.127833178531570e-05  -1.881818472096714e-05  -2.558998215519704e-05
  1.664999999999986e+00  1.036464119723738e+03  8.548673892655657e+02  -5.814606511126338e+00  1.857022306236600e+01  -1.989249848595392e-01  3.139939377070748e+00  -3.529169322428909e-05  -1.880985931996431e-05  -2.923952132432291e-05
  1.669999999999986e+00  1.039077965697511e+03  8.538687798223750e+02  -7.949630966363522e+00  2.512115171434275e+01  1.140734267117553e+00  1.955669724886836e+00  -3.826489605892653e-05  -1.890619608586328e-05  -3.253803520738596e-05
  1.674999999999986e+00  1.046208909839099e+03  8.540872759101112e+02  -7.332068132732325e+00  2.920473535054728e+01  6.965971033696224e-01  3.769328914409754e+00  -4.194494817952008e-05  -1.901068313201348e-05  -3.625628713968190e-05
  1.679999999999986e+00  1.050881080411794e+03  8.525919363354100e+02  -7.882115770937333e+00  3.315594929965810e+01  2.629063461701627e-01  5.724277797936862e+00  -4.547634345377343e-05  -1.917517863749694e-05  -3.992053540984419e-05
  1.684999999999986e+00  1.047612493199278e+03  8.477994117445476e+02  -9.956296638360813e+00  3.884543976128317e+01  1.662680111538955e+00  4.445162752636238e+00  -4.798720351573913e-05  -1.940965362227481e-05  -4.317239817020541e-05
  1.689999999999986e+00  1.049140653014613e+03  8.445457254019146e+02  -9.336818143976506e+00  4.255182672836871e+01  1.094564909123394e+00  6.178945003829202e+00  -5.110719042073013e-05  -1.966256764116434e-05  -4.684987334692230e-05
  1.694999999999986e+00  1.041741750613372e+03  8.368758326442368e+02  -1.159565271526940e+01  4.755300739825369e+01  2.600456142549747e+00  4.919108440280164e+00  -5.326981733091920e-05  -1.995930718438148e-05  -5.006263457570110e-05
  1.699999999999986e+00  1.039013819518571e+03  8.308044336919827e+02  -1.163368096883302e+01  5.101569006851320e+01  2.016534813631461e+00  6.679989278832449e+00  -5.598225052438347e-05  -2.030106174261657e-05  -5.362557228998626e-05
  1.704999999999986e+00  1.034779081471916e+03  8.238698849029453e+02  -1.094069417933720e+01  5.443101873098138e+01  1.336380830904850e+00  8.271939168692802e+00  -5.843808074401579e-05  -2.065605790647949e-05  -5.719828045611455e-05
  1.709999999999986e+00  1.021431819229417e+03  8.120015357187208e+02  -1.318692454446058e+01  5.865187982980862e+01  2.915636031945906e+00  7.056512501018801e+00  -5.999308244499387e-05  -2.103267623978267e-05  -6.028141899132026e-05
  1.714999999999985e+00  1.013054064536204e+03  8.022276025866116e+02  -1.290360818063456e+01  6.189832056184535e+01  2.244742281040106e+00  8.610312602975165e+00  -6.198810483159926e-05  -2.144236552147787e-05  -6.370781448525533e-05
  1.719999999999985e+00  9.958098218919200e+02  7.873725656390586e+02  -1.520176724592119e+01  6.551007629252699e+01  3.877267633784504e+00  7.566046494782444e+00  -6.313105752345826e-05  -2.183898880409962e-05  -6.669025414912251e-05
  1.724999999999985e+00  9.839472607599879e+02  7.752014604284581e+02  -1.432494064532601e+01  6.867373592145741e+01  3.135145040429479e+00  8.908171317968995e+00  -6.461910781115547e-05  -2.225978004595499e-05  -7.000021233713591e-05
  1.729999999999985e+00  9.700070472859850e+02  7.615600423124149e+02  -1.371278639400760e+01  7.182407556055540e+01  2.419161929618076e+00  1.022650950791936e+01  -6.585365916349975e-05  -2.268519208936726e-05  -7.321413772039559e-05
  1.734999999999985e+00  9.473195767074234e+02  7.423826938455268e+02  -1.593042700991616e+01  7.481379361658681e+01  4.077714132314418e+00  9.346486650704852e+00  -6.634687173585935e-05  -2.309099180569731e-05  -7.597377906152474e-05
  1.739999999999985e+00  9.299443523151218e+02  7.261644238214304e+02  -1.496433616122606e+01  7.794994997112470e+01  3.332927744314100e+00  1.047397316537625e+01  -6.707607057767090e-05  -2.349720203415073e-05  -7.901304523996996e-05
  1.744999999999985e+00  9.039612970276098e+02  7.041495918970535e+02  -1.709449428712641e+01  8.042854794115952e+01  4.943966162106634e+00  9.879415542801016e+00  -6.716816818373296e-05  -2.388305772193451e-05  -8.161062482209243e-05
  1.749999999999985e+00  8.831304864385459e+02  6.851828228080725e+02  -1.616434230745951e+01  8.355900756144777e+01  4.278264033485331e+00  1.086497314675858e+01  -6.741846297326546e-05  -2.427101856194873e-05  -8.442310645039642e-05
  1.754999999999985e+00  8.606599419706730e+02  6.649623654520403e+02  -1.510931708902020e+01  8.674617440024305e+01  3.593768698125321e+00  1.176573231720915e+01  -6.741062194994386e-05  -2.462600698498439e-05  -8.712647472149598e-05
  1.759999999999984e+00  8.303181814532228e+02  6.389604390864404e+02  -1.704662896979437e+01  8.872589723001937e+01  5.131834686830543e+00  1.139728923008891e+01  -6.692063417553537e-05  -2.496396977667830e-05  -8.941590982559066e-05
  1.764999999999984e+00  8.048658450494777e+02  6.161754378817812e+02  -1.593047641696115e+01  9.193505638529733e+01  4.557297963898563e+00  1.212482803816273e+01  -6.646723958084721e-05  -2.528225400726871e-05  -9.186307073761742e-05
  1.769999999999984e+00  7.722940892982800e+02  5.879238908303444e+02  -1.745450594848591e+01  9.346503869674906e+01  5.906051255556444e+00  1.204998302111330e+01  -6.564888643870029e-05  -2.556946414784174e-05  -9.395305951444978e-05
  1.774999999999984e+00  7.440622672881149e+02  5.625954405514082e+02  -1.652439603289071e+01  9.670163624920718e+01  5.405395691181894e+00  1.264904251704461e+01  -6.479264233114930e-05  -2.583143632720913e-05  -9.612247709821716e-05
  1.779999999999984e+00  7.146731420524226e+02  5.362915637511884e+02  -1.531692733667796e+01  9.997780450752853e+01  4.983275711085471e+00  1.311777258635696e+01  -6.371470594737039e-05  -2.606744751397317e-05  -9.815720250919151e-05
  1.784999999999984e+00  6.793095112246014e+02  5.049450668727627e+02  -1.651213358132884e+01  1.010246348370539e+02  6.132502534955125e+00  1.325169278621678e+01  -6.246803148311025e-05  -2.627356355212927e-05  -9.988891947504472e-05
  1.789999999999984e+00  6.476305729928663e+02  4.763559975268603e+02  -1.564877496311971e+01  1.042819069478700e+02  5.821603297218799e+00  1.360833771733244e+01  -6.106045553546246e-05  -2.645190915158736e-05  -1.016244306885048e-04
  1.794999999999984e+00  6.112115691144242e+02  4.435933568481417e+02  -1.632889218119569e+01  1.048710945173490e+02  6.661196488125337e+00  1.400607055202205e+01  -5.960858380282650e-05  -2.659396857173609e-05  -1.031243344672407e-04
  1.799999999999984e+00  5.780136650218507e+02  4.133060696967087e+02  -1.529926278532093e+01  1.080585608535926e+02  6.495381706519889e+00  1.412400274774342e+01  -5.790752214094368e-05  -2.672162687580659e-05  -1.045799457547036e-04
  1.804999999999984e+00  5.437826704227155e+02  3.820578761027460e+02  -1.459677137700457e+01  1.112279666702629e+02  6.416466368412597e+00  1.422942491505363e+01  -5.606521237797087e-05  -2.682257023082982e-05  -1.058660964312438e-04
  1.809999999999983e+00  5.063750961062614e+02  3.475727739382746e+02  -1.482988043021157e+01  1.112352154946471e+02  6.944279621969213e+00  1.475500632000353e+01  -5.438699138509491e-05  -2.686819392908828e-05  -1.069968747180253e-04
  1.814999999999983e+00  4.712802105944148e+02  3.151244370552257e+02  -1.401325847285238e+01  1.142371971347937e+02  7.023375839733808e+00  1.460611920630158e+01  -5.233605643909210e-05  -2.692286973412489e-05  -1.080020475203857e-04
  1.819999999999983e+00  4.341423345471910e+02  2.803851867529208e+02  -1.347635102226422e+01  1.137323639105745e+02  7.139742435426895e+00  1.527252945635522e+01  -5.058240731996407e-05  -2.689231182648675e-05  -1.089164881131114e-04
  1.824999999999983e+00  3.980892756341329e+02  2.466873483788229e+02  -1.334709691054512e+01  1.164843878833448e+02  7.381941055408917e+00  1.504747114097528e+01  -4.841310760419449e-05  -2.690041441233787e-05  -1.096100503355315e-04
  1.829999999999983e+00  3.620144905304035e+02  2.128642216875987e+02  -1.287825752033006e+01  1.191293333118061e+02  7.725896206073442e+00  1.462573937333538e+01  -4.614680498313420e-05  -2.689278616621619e-05  -1.101724973655101e-04
  1.834999999999983e+00  3.256054972830540e+02  1.780305881251548e+02  -1.183866311293082e+01  1.178824519665355e+02  7.470174257694282e+00  1.530764483356935e+01  -4.437463904962051e-05  -2.675294744568261e-05  -1.107342480803071e-04
  1.839999999999983e+00  2.891621256497227e+02  1.435409593306940e+02  -1.211404530934539e+01  1.201562885970191e+02  7.983863525322325e+00  1.480900249238999e+01  -4.208095566050771e-05  -2.670153397187377e-05  -1.109992517059715e-04
  1.844999999999983e+00  2.540237698413996e+02  1.095356060332536e+02  -1.033903494640768e+01  1.183365563515750e+02  7.294728605946812e+00  1.554365851799681e+01  -4.036217434883419e-05  -2.647465875315967e-05  -1.113437282557994e-04
  1.849999999999983e+00  2.181663561388113e+02  7.524163737861097e+01  -1.056971458425379e+01  1.201695880523171e+02  7.966076126575049e+00  1.475177355538938e+01  -3.805977171869761e-05  -2.637569664387882e-05  -1.113600730522341e-04
  1.854999999999982e+00  1.821433388111199e+02  4.082387088581605e+01  -1.134508868212768e+01  1.217923745800807e+02  8.749108958057885e+00  1.397187462860329e+01  -3.577252105593037e-05  -2.626413361710886e-05  -1.112168010067253e-04
  1.859999999999982e+00  1.490849515446716e+02  8.326541850300908e+00  -9.058129118308443e+00  1.190962477031041e+02  7.692383551801190e+00  1.461961535023585e+01  -3.421416618709740e-05  -2.590404611196805e-05  -1.112293134322395e-04
  1.864999999999982e+00  1.141085413712352e+02  -2.533715641034822e+01  -9.859772849019443e+00  1.201765743995048e+02  8.630488306042746e+00  1.354996798040732e+01  -3.199866980894286e-05  -2.573687409845838e-05  -1.108465645699245e-04
  1.869999999999982e+00  8.306329289083691e+01  -5.600355458905440e+01  -6.798584069257995e+00  1.168943413635194e+02  7.167226397130572e+00  1.413744630576107e+01  -3.058255173319488e-05  -2.526911141802777e-05  -1.106576725186261e-04
  1.874999999999982e+00  4.877324331975534e+01  -8.899466584093568e+01  -8.419044712375790e+00  1.173812087980292e+02  8.272577816687662e+00  1.301540429247679e+01  -2.852818463474491e-05  -2.503829448485867e-05  -1.100011125980165e-04
  1.879999999999982e+00  1.525703611626712e+01  -1.212407381173142e+02  -9.835213810487474e+00  1.175921106495249e+02  9.460958961066906e+00  1.167393230491168e+01  -2.651159030175372e-05  -2.478318732249583e-05  -1.092365219501759e-04
  1.884999999999982e+00  -1.292512755901356e+01  -1.491101029216634e+02  -6.325304226997038e+00  1.134039558932854e+02  7.690706664048329e+00  1.211979563150168e+01  -2.538280586578168e-05  -2.414569476665950e-05  -1.087163176611435e-04
  1.889999999999982e+00  -4.544268447062209e+01  -1.801748257476621e+02  -8.509560749215360e+00  1.129765995515033e+02  9.034404360715754e+00  1.072980382449719e+01  -2.358802241982965e-05  -2.380750833965950e-05  -1.076877338740649e-04
  1.894999999999982e+00  -7.140108463544486e+01  -2.056294674658325e+02  -4.423964423797214e+00  1.082715041879589e+02  6.937870606413304e+00  1.110034616365986e+01  -2.266090843466577e-05  -2.304012557428219e-05  -1.069439105386632e-04
  1.899999999999981e+00  -1.021815533290411e+02  -2.348040876849486e+02  -6.605905296039892e+00  1.071997040418629e+02  8.412172339964378e+00  9.439316237612060e+00  -2.107232969960741e-05  -2.260014444253100e-05  -1.056902459152082e-04
  1.904999999999981e+00  -1.326084540780390e+02  -2.633347825203999e+02  -9.326032638361385e+00  1.058336412578556e+02  9.967985844650586e+00  7.802284852581951e+00  -1.961675292085691e-05  -2.211939937392476e-05  -1.042943143067237e-04
  1.909999999999981e+00  -1.555054230656516e+02  -2.851896324342811e+02  -4.896321714040529e+00  1.003385212324438e+02  7.649236361502282e+00  8.042553731514374e+00  -1.903999773649416e-05  -2.114210546661389e-05  -1.031952193369576e-04
  1.914999999999981e+00  -1.840889678111281e+02  -3.115110126526609e+02  -7.588695090495708e+00  9.834899347290791e+01  9.314111303378539e+00  6.167929961287538e+00  -1.782816561584062e-05  -2.053382212470782e-05  -1.015691555829563e-04
  1.919999999999981e+00  -2.048662739992463e+02  -3.306854296873608e+02  -2.741955743010149e+00  9.249259394855918e+01  6.767589800081327e+00  6.328754792190646e+00  -1.746113328839462e-05  -1.940915521000086e-05  -1.002261903968071e-04
  1.924999999999981e+00  -2.321681803472504e+02  -3.550268118027935e+02  -6.038606619471245e+00  8.992197769242507e+01  8.545564926892235e+00  4.468451198836988e+00  -1.655052957070277e-05  -1.866244516796557e-05  -9.832872810130856e-05
  1.929999999999981e+00  -2.584556904157358e+02  -3.781148831451980e+02  -9.135094265473963e+00  8.708638946332749e+01  1.036171032476120e+01  2.421632270144570e+00  -1.575460817170780e-05  -1.784712180022630e-05  -9.632636327082054e-05
  1.934999999999981e+00  -2.764425408218187e+02  -3.934272734451170e+02  -4.091146684519821e+00  8.069090211057917e+01  7.674458772802559e+00  2.530088931718117e+00  -1.573678280765267e-05  -1.648482182466094e-05  -9.459072478993449e-05
  1.939999999999981e+00  -3.014306969586081e+02  -4.143436061631427e+02  -7.674584653181252e+00  7.735304452601504e+01  9.577118598900134e+00  5.238364581321443e-01  -1.524716919068150e-05  -1.551094857338373e-05  -9.231490610130259e-05
  1.944999999999981e+00  -3.177126747784199e+02  -4.271385401302693e+02  -2.511646721679647e+00  7.081063658179363e+01  6.764759263575907e+00  6.339319637494213e-01  -1.541778210965340e-05  -1.399718911122592e-05  -9.030220223457603e-05
  1.949999999999980e+00  -3.408649374366634e+02  -4.454323271107704e+02  -5.843760645201280e+00  6.704462463737225e+01  8.694159313061576e+00  -1.517417776106771e+00  -1.518268502403567e-05  -1.284871647334290e-05  -8.778815886827707e-05
  1.954999999999980e+00  -3.635712731680910e+02  -4.627754108178806e+02  -9.572503492659807e+00  6.307973118202265e+01  1.067198544939483e+01  -3.610308197605108e+00  -1.510836255813787e-05  -1.162187918233320e-05  -8.513265039897755e-05
  1.959999999999980e+00  -3.775635109617231e+02  -4.719008452649567e+02  -4.370261389441723e+00  5.632858794535873e+01  7.784004834669361e+00  -3.435780866909265e+00  -1.556953501510314e-05  -9.869396676949021e-06  -8.270580201669907e-05
  1.964999999999980e+00  -3.984964811399025e+02  -4.866012051339712e+02  -7.752834922290726e+00  5.205218921520779e+01  9.740323217151005e+00  -5.615441674268385e+00  -1.572996920438135e-05  -8.458900997861879e-06  -7.981438904396536e-05
  1.969999999999980e+00  -4.112045347342440e+02  -4.935509095641404e+02  -2.637489022334573e+00  4.538593920630966e+01  6.825930997389801e+00  -5.378479957379979e+00  -1.632237507690717e-05  -6.571190590661701e-06  -7.710894429293205e-05
  1.974999999999980e+00  -4.309579893299620e+02  -5.060250548969328e+02  -6.281421754354140e+00  4.087000630857735e+01  8.786975062330594e+00  -7.411901400840984e+00  -1.673260301040800e-05  -4.990422695140366e-06  -7.395408870332412e-05
  1.979999999999980e+00  -4.497248496916164e+02  -5.171672034483297e+02  -9.563080922991238e+00  3.625195124105409e+01  1.071046653086117e+01  -9.549075193867568e+00  -1.724007226522144e-05  -3.317191240665339e-06  -7.070316032099196e-05
  1.984999999999980e+00  -4.606219644996854e+02  -5.209323689375824e+02  -4.551761962551326e+00  2.971389263398677e+01  7.772652669490944e+00  -9.127714782890420e+00  -1.802209151264508e-05  -1.223963703646666e-06  -6.760593737505106e-05
  1.989999999999980e+00  -4.782292420657197e+02  -5.299198465380608e+02  -7.995355969223071e+00  2.497058026520734e+01  9.664923909060665e+00  -1.107955149838250e+01  -1.873007047721938e-05  6.064520753709898e-07  -6.411548357007589e-05
  1.994999999999979e+00  -4.881952932549030e+02  -5.320165077780529e+02  -3.319533578350070e+00  1.871336992608438e+01  6.796438059361017e+00  -1.052192632624104e+01  -1.957444664340678e-05  2.799322692982552e-06  -6.076564861810980e-05
  1.999999999999979e+00  -5.041149556814456e+02  -5.385335209575871e+02  -6.171698268157646e+00  1.394736697276498e+01  8.546022011606530e+00  -1.243489067125603e+01  -2.040925253022442e-05  4.786841087748444e-06  -5.709344605071713e-05
