TITLE = "Temporal Signal for receiver number 00008"
VARIABLES = "Time","s_xx","s_yy","s_zz","s_xy","s_yz","s_xz","v1","v2","v3"
# x1       4.612000000000e+03
# x2       3.075000000000e+03
# x3       -1.000000000000e-01
# cell-global-id 375
  0.000000000000000e+00  9.238528546864207e-54  2.143839914343954e-69  -9.238528546864187e-54  0.000000000000000e+00  0.000000000000000e+00  3.222346371601334e-53  -3.284304857488398e-54  0.000000000000000e+00  -1.533040998588291e-53
  5.000000000000000e-03  -1.125419172820375e-08  -1.662109096345270e-08  -3.921487231311249e-08  5.342008690931884e-09  -6.669107172493197e-09  5.399379242432772e-09  -1.642339872722375e-15  7.840750428288352e-16  3.939146753503025e-15
  1.000000000000000e-02  -9.245258506320078e-09  -1.644302002918807e-08  -4.704592534104235e-08  9.966479000620892e-09  -8.251790537024210e-09  9.800343238530675e-09  -3.058296546081673e-15  7.577402129125166e-16  5.055392649896938e-15
  1.500000000000000e-02  2.450280843078707e+01  4.500662902891871e-01  2.341617567381924e+01  -6.789081590418395e+00  -1.805135845981490e-01  1.132475346916966e+01  -5.016375281468662e-06  -9.285595822696321e-07  -4.140482603103246e-06
  2.000000000000000e-02  5.319707434938113e+01  4.094604195015422e+01  3.967706305044267e+01  -1.793685990598752e+01  6.591888033739622e-02  7.643965582122969e+00  -9.392147262735297e-06  2.443346060020859e-06  -6.117604635696862e-06
  2.500000000000000e-02  8.316657686472281e+01  1.147348200208832e+02  3.504802725761753e+01  -4.207870652084703e+01  -1.331261390267876e+01  -1.912418668704074e-02  -1.685045190890637e-05  1.090445244070854e-05  -8.570880453311323e-06
  3.000000000000000e-02  1.101214743469346e+02  1.940759722002539e+02  4.381812007593598e+01  -6.599296153146507e+01  -1.279125413122651e+01  -1.954250783909598e+01  -2.064792432079357e-05  1.931225464305522e-05  -9.420164264915387e-06
  3.500000000000000e-02  1.207474337595472e+02  2.741428488802710e+02  4.390080311490224e+01  -9.057755604657791e+01  -9.419536800090288e+00  -4.745479448133914e+01  -2.201495640643759e-05  2.903567124372672e-05  -9.815288633893960e-06
  4.000000000000000e-02  1.089761626383568e+02  3.745554940827363e+02  2.127903344194207e+01  -1.239042143970715e+02  -1.350043211845401e+01  -6.829993785345617e+01  -1.887283953326021e-05  4.017428084005472e-05  -1.072774910248020e-05
  4.500000000000000e-02  9.959644994308769e+01  4.366223880142175e+02  2.726403643939202e+01  -1.404780479986605e+02  1.610576623426977e-01  -8.615820435655672e+01  -1.569992473642730e-05  4.446609615730605e-05  -1.358713624009606e-05
  5.000000000000000e-02  1.100357442573659e+01  4.120913684372203e+02  -1.539413931948226e+00  -1.318868434779627e+02  5.485786155490798e+00  -8.728785842331496e+01  -5.840827007037603e-07  3.604523648229224e-05  -1.841609748989139e-05
  5.499999999999999e-02  -7.571723188682347e+01  3.344756420672874e+02  -2.869951148723615e+01  -1.095422173110819e+02  1.668694216701093e+01  -8.408453744354698e+01  9.384137311878011e-06  2.342545029594433e-05  -2.445997665644563e-05
  5.999999999999999e-02  -1.541123850847542e+02  2.648941904031471e+02  -4.917147367549674e+01  -8.561205684593916e+01  8.341250510878433e+00  -6.853558683739594e+01  1.907990069357744e-05  1.163624888221790e-05  -3.125176428722263e-05
  6.499999999999999e-02  -2.655499895048416e+02  1.190819732183855e+02  -6.190592961880967e+01  -3.617668896008630e+01  4.051778697857021e+00  -3.609956262223621e+01  3.450410719458176e-05  -1.249466454295442e-05  -3.713288024590215e-05
  6.999999999999999e-02  -3.320599248652444e+02  1.954336042420455e+01  -8.852840976632275e+01  -7.394018663174859e+00  -1.893354418420651e+01  8.806417367235284e-02  4.007748915839814e-05  -2.604381257230932e-05  -4.226116162140350e-05
  7.500000000000000e-02  -3.877798412746282e+02  -1.028832712467671e+02  -8.080493473222346e+01  3.178075549669826e+01  -1.599166315260246e+01  2.860669478243009e+01  4.440244433213857e-05  -4.008876522949138e-05  -4.237306053929600e-05
  8.000000000000000e-02  -4.269234891988124e+02  -1.901359966375211e+02  -9.612373758104978e+01  5.816298979309018e+01  -4.686983565963435e+01  6.513020387976445e+01  4.546038919696059e-05  -4.698625585783266e-05  -4.416106252903399e-05
  8.500000000000001e-02  -4.246115978115392e+02  -2.284087090806540e+02  -9.694103849501336e+01  6.917485831380549e+01  -7.404765307947523e+01  1.023355929529282e+02  4.195595662564886e-05  -4.833315570402923e-05  -4.332984606548607e-05
  9.000000000000001e-02  -4.013566826055607e+02  -2.795317785719989e+02  -7.560286662256421e+01  8.040834890501132e+01  -4.595833255305159e+01  1.049615536176365e+02  3.140920057052107e-05  -4.246236712798133e-05  -3.429514127795423e-05
  9.500000000000001e-02  -3.743390453672190e+02  -2.953025277010184e+02  -6.177107921455165e+01  8.574954708756398e+01  -5.579320518535871e+01  1.275287373787426e+02  2.433448130447422e-05  -3.825854246341847e-05  -3.009807046011943e-05
  1.000000000000000e-01  -3.257129988174145e+02  -3.129756118468060e+02  -5.029790054607973e+01  8.253311324210460e+01  -1.655294230075560e+01  1.123372530027621e+02  8.386467445527329e-06  -2.564274724914622e-05  -1.907745989642672e-05
  1.050000000000000e-01  -2.658892663261207e+02  -2.796491077333191e+02  -1.589461453670882e+01  7.483929027742447e+01  -1.543980904544420e+01  1.216242145163226e+02  -1.668561552539312e-06  -1.620459954158568e-05  -1.367365797467930e-05
  1.100000000000000e-01  -2.074050206816236e+02  -2.486771096132144e+02  1.643947033284063e+01  6.526368262648941e+01  -3.931876241067161e+00  1.241662917352043e+02  -1.183468897220111e-05  -7.476834614392506e-06  -7.681485775062978e-06
  1.150000000000000e-01  -1.716670545072311e+02  -2.663862424348212e+02  2.432624363706064e+00  5.729971630760411e+01  2.744968551618898e+01  9.734021654839003e+01  -2.625514562766816e-05  1.920058358379701e-06  -1.096331614273892e-07
  1.200000000000000e-01  -1.218572046355368e+02  -2.343427737547172e+02  3.436778995338087e+01  4.555216140306732e+01  3.496738308596742e+01  9.122396350569277e+01  -3.453647491544513e-05  9.528951722809764e-06  3.949947844778095e-06
  1.250000000000000e-01  -1.114311384176305e+02  -2.704924524852062e+02  1.514753757956360e+00  3.871972383184053e+01  4.614582565676860e+01  6.800508867309449e+01  -4.375225881901959e-05  1.218469949820551e-05  8.742122382874729e-06
  1.300000000000000e-01  -8.574005460364711e+01  -2.617572526493199e+02  8.400321275745659e+00  2.284039681915084e+01  5.216031307987482e+01  5.742303108446195e+01  -4.950712010683065e-05  1.602621670466972e-05  1.298594427018084e-05
  1.350000000000000e-01  -7.099509766434804e+01  -2.629925398759664e+02  1.567156228149482e+01  8.970459812842741e+00  5.203068865126585e+01  4.562709492120159e+01  -5.343823925572521e-05  1.883822646755375e-05  1.647953901338716e-05
  1.400000000000000e-01  -8.818631533781877e+01  -3.197580058278465e+02  -2.275892101448416e+01  -8.972332910898334e-01  4.204094225467976e+01  2.977673591696567e+01  -5.514982501679456e-05  1.469719462219677e-05  2.268292731013533e-05
  1.450000000000000e-01  -9.387945989543113e+01  -3.445200305065837e+02  -3.085165809969895e+01  -1.845016956175014e+01  3.843428103133662e+01  1.857999807358917e+01  -5.643556546712790e-05  1.435831845896747e-05  2.831989030960924e-05
  1.500000000000000e-01  -1.084190177747829e+02  -3.936913527557034e+02  -4.500074170727445e+01  -3.337777309312455e+01  2.132807100066769e+01  1.047203471207209e+01  -5.451538811945888e-05  9.002714156019386e-06  3.792563985342324e-05
  1.550000000000001e-01  -1.223770599218250e+02  -4.284386360269143e+02  -4.527284828870818e+01  -5.101207299661692e+01  1.422657743503441e+01  1.737218407073784e+00  -5.343123131469246e-05  7.031340627551633e-06  4.499365506933980e-05
  1.600000000000001e-01  -1.394396257219472e+02  -4.705880718477777e+02  -4.330821144536910e+01  -6.891446441766600e+01  7.470773628955339e+00  -5.661593466806324e+00  -5.187909798529313e-05  4.028893422617619e-06  5.295633025506386e-05
  1.650000000000001e-01  -1.408941833045217e+02  -5.031675498916637e+02  -2.443776097296749e+01  -9.012964113321277e+01  -7.802171304476240e+00  -5.925175469791340e+00  -4.824598240065021e-05  -5.641104714616917e-07  6.473313139975004e-05
  1.700000000000001e-01  -1.533342422382508e+02  -5.430136879534327e+02  -7.895973090741914e+00  -1.077612618731588e+02  -1.192240492525308e+01  -1.052196414773980e+01  -4.607067579755671e-05  -4.000134653107937e-06  7.281435474006015e-05
  1.750000000000001e-01  -1.441453376514442e+02  -5.608189040831319e+02  2.144550556599068e+01  -1.314730700942430e+02  -2.327350934843192e+01  -6.689624106319042e+00  -4.329747205763257e-05  -6.582782223965396e-06  8.142800752334402e-05
  1.800000000000001e-01  -1.531833369051071e+02  -6.015538511930682e+02  4.767504231668033e+01  -1.460190369897754e+02  -2.398639378989847e+01  -9.151074872965932e+00  -4.103832659750670e-05  -1.063977214979510e-05  8.789163161030064e-05
  1.850000000000001e-01  -1.592383111470675e+02  -6.405025794995240e+02  7.700581576320445e+01  -1.592805567340987e+02  -2.264833645174560e+01  -1.104508688859048e+01  -3.881647190635868e-05  -1.470414938691738e-05  9.345856304544403e-05
  1.900000000000001e-01  -1.472721573257083e+02  -6.508864084999919e+02  9.574607642120527e+01  -1.789362315715133e+02  -2.871458765411615e+01  -5.462627961639471e+00  -3.742356378805010e-05  -1.548019196131747e-05  9.392609628556328e-05
  1.950000000000001e-01  -1.556835917699378e+02  -6.948928555619384e+02  1.180561157675376e+02  -1.863898576050865e+02  -2.325400125046735e+01  -7.265318234868882e+00  -3.513305876507232e-05  -2.000587788260130e-05  9.648130952196706e-05
  2.000000000000001e-01  -1.473594335091578e+02  -7.032365987583712e+02  1.195413015938820e+02  -2.003211073928506e+02  -2.753890454079944e+01  -2.815536806724812e+00  -3.441015114671462e-05  -1.964535843943086e-05  9.120551941909242e-05
  2.050000000000001e-01  -1.596892229560000e+02  -7.503392950589771e+02  1.285949733161883e+02  -2.017096422321342e+02  -1.837084348837598e+01  -6.022231244560417e+00  -3.182275675497637e-05  -2.427088569257706e-05  9.131853143609799e-05
  2.100000000000001e-01  -1.776559312454139e+02  -8.054959327347910e+02  1.260321282068020e+02  -1.998608984967101e+02  -5.648474076525635e+00  -1.003301970022725e+01  -2.894880444767714e-05  -2.941774804045090e-05  9.118959900463247e-05
  2.150000000000001e-01  -1.748128034572127e+02  -8.109779074571189e+02  1.097611918115534e+02  -2.031861424297006e+02  -7.624464658265259e+00  -9.132407396678465e+00  -2.777617470609459e-05  -2.884339597236443e-05  8.338645532289353e-05
  2.200000000000001e-01  -1.981097822194178e+02  -8.683672373325721e+02  9.425436083243018e+01  -1.947533621020727e+02  8.795605272968011e+00  -1.550531541802588e+01  -2.422009035469832e-05  -3.437935885546966e-05  8.337897584208139e-05
  2.250000000000001e-01  -1.926539271345681e+02  -8.635542824064569e+02  8.458341932851513e+01  -1.915688205282189e+02  5.709849651507929e+00  -1.653071886024117e+01  -2.223510750888774e-05  -3.439180759808430e-05  7.805822304371482e-05
  2.300000000000001e-01  -2.206218432604827e+02  -9.243051109390289e+02  5.530204303731647e+01  -1.786062593728100e+02  2.754968340551279e+01  -2.472659571760724e+01  -1.825798329249668e-05  -4.074806607273203e-05  8.038780262137138e-05
  2.350000000000001e-01  -2.490862015109070e+02  -9.831031978535484e+02  2.602476999829427e+01  -1.628308703001995e+02  5.107671861715696e+01  -3.383197357371608e+01  -1.399068436812756e-05  -4.743162248888406e-05  8.364704625392913e-05
  2.400000000000001e-01  -2.354367456481911e+02  -9.587338070814852e+02  3.323319016875958e+01  -1.539070445755137e+02  4.498921306896116e+01  -3.523779828988813e+01  -1.117203022270615e-05  -4.913871296345938e-05  8.434566570573180e-05
  2.450000000000001e-01  -2.589674733670251e+02  -1.008650291852225e+03  5.720159818370917e+00  -1.368934828967438e+02  7.045255010386465e+01  -4.406746323561159e+01  -7.135043714226147e-06  -5.643636302859185e-05  9.038812481409380e-05
  2.500000000000001e-01  -2.399051465590128e+02  -9.705150638875184e+02  2.658970017869695e+01  -1.266370943235496e+02  5.865854952183215e+01  -4.353758325348597e+01  -4.160392971785090e-06  -5.973416307883948e-05  9.416548652852884e-05
  2.550000000000001e-01  -2.554624906086440e+02  -1.005053475108243e+03  9.151052641878209e+00  -1.088897796893898e+02  8.181145292950897e+01  -5.096019282862829e+01  -5.990076298970770e-07  -6.750659470262102e-05  1.015081488084378e-04
  2.600000000000001e-01  -2.638087096063040e+02  -1.029549232463112e+03  -2.209581029728893e+00  -9.265046103847551e+01  1.035019806018856e+02  -5.704311567856772e+01  2.355814157525272e-06  -7.497815245370304e-05  1.088070233616067e-04
  2.650000000000001e-01  -2.390788541101004e+02  -9.738604968688605e+02  2.499855250779877e+01  -8.473255301797501e+01  8.246546224345450e+01  -5.184874461802194e+01  4.153722704515285e-06  -7.940519982319447e-05  1.119164795321098e-04
  2.700000000000001e-01  -2.391674709539759e+02  -9.818456917482720e+02  1.934195210180891e+01  -7.081210223275522e+01  9.769233527499907e+01  -5.484823889133494e+01  5.941155427579595e-06  -8.655820109154944e-05  1.174752813708086e-04
  2.750000000000001e-01  -2.195621426386095e+02  -9.253929377490899e+02  3.468069580896894e+01  -6.568293889037763e+01  7.346373648719297e+01  -4.777877665966263e+01  6.482336372949786e-06  -9.090817208062172e-05  1.169268150298716e-04
  2.800000000000001e-01  -2.075931819204413e+02  -9.116970223885942e+02  3.519199336205209e+01  -5.690610429346770e+01  7.985194007602188e+01  -4.670632910249461e+01  6.614932696821969e-06  -9.642427442959485e-05  1.184865930114956e-04
  2.850000000000001e-01  -1.953754372839141e+02  -8.942132505119254e+02  2.961398397901041e+01  -5.001438344360943e+01  8.262393287001960e+01  -4.451504805163745e+01  6.108052320334579e-06  -1.013248558443920e-04  1.183081534115444e-04
  2.900000000000001e-01  -1.793973727503767e+02  -8.327350819477128e+02  2.797372954752775e+01  -5.064856584504339e+01  5.672137597922038e+01  -3.629213311092894e+01  4.365663314434205e-06  -1.031861415667262e-04  1.107086041402362e-04
  2.950000000000002e-01  -1.607810249457156e+02  -7.986451895638714e+02  1.846670077423670e+01  -4.909524152453390e+01  5.209188488434354e+01  -3.162016734101349e+01  2.359746612708454e-06  -1.055419168008193e-04  1.057789571850568e-04
  3.000000000000002e-01  -1.486911962623709e+02  -7.389549005730628e+02  7.930909769960091e+00  -5.221433273359258e+01  3.353537827150810e+01  -2.639387117442104e+01  -5.141091667891718e-07  -1.050501496431188e-04  9.541539228225051e-05
  3.050000000000002e-01  -1.309747979159562e+02  -6.988840228636659e+02  -1.548543081632873e+01  -5.537424378806968e+01  2.584099971354688e+01  -2.122757152457132e+01  -3.715681171608198e-06  -1.048274583405847e-04  8.755505487304462e-05
  3.100000000000002e-01  -1.133248272106469e+02  -6.529157762017893e+02  -4.506020570128508e+01  -6.020816494364425e+01  1.602045181125716e+01  -1.621105979197459e+01  -7.260878215381475e-06  -1.033376410463889e-04  7.837973637323118e-05
  3.150000000000002e-01  -9.866416725568997e+01  -5.878398683188998e+02  -5.267598072743102e+01  -6.641627296033781e+01  8.938704622918728e+00  -1.580381253506790e+01  -1.102016536332093e-05  -9.902611424183501e-05  6.836234796202849e-05
  3.200000000000002e-01  -8.150597422358561e+01  -5.368753487671768e+02  -8.997325217531088e+01  -7.471701801197169e+01  6.350074600246455e-01  -1.216101053652603e+01  -1.518904534701591e-05  -9.495852775539385e-05  5.949467106085299e-05
  3.250000000000002e-01  -6.210044163861937e+01  -4.692531384260942e+02  -8.341147197734668e+01  -8.070494146671511e+01  3.667381631682381e+00  -1.551713982637860e+01  -1.851608574589462e-05  -8.923108521142864e-05  5.374141980268548e-05
  3.300000000000002e-01  -4.396080589154799e+01  -4.108033559282923e+02  -1.192012754715554e+02  -8.961899692549900e+01  -9.656839220790591e-01  -1.437623460951585e+01  -2.258628247194921e-05  -8.323007518951084e-05  4.715753001776490e-05
  3.350000000000002e-01  -2.005625975259523e+01  -3.422262611503145e+02  -9.769227310773427e+01  -9.428701290986740e+01  8.595169536346669e+00  -1.957376492053677e+01  -2.486013959267326e-05  -7.728192153792519e-05  4.679735966692539e-05
  3.400000000000002e-01  1.030955946162362e+00  -2.783308922163961e+02  -1.249893358832106e+02  -1.038630433029637e+02  7.312259277449101e+00  -1.995585729872964e+01  -2.859731539934083e-05  -6.994284403713900e-05  4.406633683159108e-05
  3.450000000000002e-01  2.307465434348043e+01  -2.096280150865132e+02  -1.494534137499329e+02  -1.128144288081531e+02  7.934281666074827e+00  -2.162224250500265e+01  -3.208011868605229e-05  -6.207146056612136e-05  4.301400960301485e-05
  3.500000000000002e-01  5.006223163963604e+01  -1.431557914487483e+02  -1.100810219846958e+02  -1.140426882513675e+02  2.003733109055081e+01  -2.644240866346893e+01  -3.233120123449374e-05  -5.703457100089976e-05  4.953462026234061e-05
  3.550000000000002e-01  7.702364485045076e+01  -6.950919105019607e+01  -1.176446995691494e+02  -1.219577589925615e+02  2.204252258089575e+01  -2.826951641694948e+01  -3.500326235716528e-05  -4.887641237669698e-05  5.213375602117043e-05
  3.600000000000002e-01  9.941576320661497e+01  -1.389203408934213e+01  -8.122895389942971e+01  -1.200781764215804e+02  3.067681572664522e+01  -3.051704101243345e+01  -3.362060421834301e-05  -4.563099202184699e-05  6.049435817744146e-05
  3.650000000000002e-01  1.308492034129221e+02  6.539443619841767e+01  -7.420611183577613e+01  -1.256151884368705e+02  3.150770494456276e+01  -3.145330251779423e+01  -3.538109996656699e-05  -3.761098599458236e-05  6.505726245189591e-05
  3.700000000000002e-01  1.657192990979142e+02  1.474936283473755e+02  -5.708753096570476e+01  -1.307494490568754e+02  3.159756795111996e+01  -3.196687164874081e+01  -3.670906714145059e-05  -2.962435763068071e-05  7.006501903353476e-05
  3.750000000000002e-01  1.792506056198283e+02  1.854832665141124e+02  -3.216679351047879e+01  -1.246116068165168e+02  3.231985189136518e+01  -2.966142643507292e+01  -3.352776830576432e-05  -2.835193400877913e-05  7.663869329353454e-05
  3.800000000000002e-01  2.179267798271286e+02  2.707037650577802e+02  -4.986354338030101e+00  -1.276610287922273e+02  2.737350581076030e+01  -2.755871715931450e+01  -3.406512764557095e-05  -2.066382966112260e-05  8.030299737575531e-05
  3.850000000000002e-01  2.227746836055091e+02  2.930955956474585e+02  -6.983137583969210e-01  -1.196722915185054e+02  2.324376350310780e+01  -2.275852475920595e+01  -3.033298851220892e-05  -1.992726205347492e-05  8.228275602181330e-05
  3.900000000000002e-01  2.604376103149584e+02  3.734044619722081e+02  2.774363687820857e+01  -1.212494639678340e+02  1.314911413895894e+01  -1.852292049499838e+01  -3.003321368355894e-05  -1.264379249896678e-05  8.255637301829007e-05
  3.950000000000002e-01  3.020783522175526e+02  4.581330332714566e+02  6.157105290634478e+01  -1.225478932843107e+02  -6.090334055680950e-01  -1.249298095409395e+01  -2.957412246295997e-05  -5.189544992342351e-06  8.092731140428409e-05
  4.000000000000002e-01  2.988971779632435e+02  4.638577134480129e+02  4.143670351640770e+01  -1.130942209998096e+02  -8.200577510616180e+00  -6.327587397843430e+00  -2.570626085333826e-05  -3.717434202103068e-06  7.465563092398058e-05
  4.050000000000002e-01  3.365353011808346e+02  5.406546842948239e+02  6.609065000659980e+01  -1.138790811763644e+02  -2.610140210330130e+01  8.627749033725919e-01  -2.470333320302463e-05  3.794767413611651e-06  6.807718937353220e-05
  4.100000000000003e-01  3.341893386085965e+02  5.428665903583313e+02  3.524015163373172e+01  -1.050412099533551e+02  -3.043430789644859e+01  5.321953486845139e+00  -2.152162519765461e-05  7.283210886311440e-06  5.695615393289640e-05
  4.150000000000003e-01  3.709750854257784e+02  6.158429043430655e+02  5.350617806247857e+01  -1.056016448585682e+02  -5.093572334955072e+01  1.353045068900623e+01  -2.038284557562177e-05  1.533728488283551e-05  4.564083717557434e-05
  4.200000000000003e-01  4.047731855389771e+02  6.852469845931527e+02  6.379303614903281e+01  -1.066623424580820e+02  -7.256184558466406e+01  2.144401807415346e+01  -1.902619569306077e-05  2.360140445948080e-05  3.246977315775432e-05
  4.250000000000003e-01  4.076480940776971e+02  6.879502652089089e+02  2.834826292677243e+01  -9.934194774765837e+01  -6.863408615503207e+01  2.201166268378056e+01  -1.674750695497927e-05  3.001401794164808e-05  1.698936623091637e-05
  4.300000000000003e-01  4.395785767517192e+02  7.522988870628797e+02  3.191122734018220e+01  -1.004516905116778e+02  -8.842542554338137e+01  2.899232292442822e+01  -1.535696653359386e-05  3.890453739743598e-05  1.153120211139119e-06
  4.350000000000003e-01  4.522952841348673e+02  7.638742803798541e+02  6.156349036355906e+00  -9.495169674706958e+01  -7.625200930008207e+01  2.629268352968809e+01  -1.384354641404759e-05  4.745009354643766e-05  -1.405389800937683e-05
  4.400000000000003e-01  4.813185441505955e+02  8.242709900636391e+02  1.121717147167030e+00  -9.694186256317465e+01  -9.122246807658480e+01  3.031251609020677e+01  -1.238003456290163e-05  5.702718980970075e-05  -3.014354116224770e-05
  4.450000000000003e-01  5.081892379608267e+02  8.804696368738680e+02  -5.847139624474056e+00  -9.858830257976004e+01  -1.041760994593949e+02  3.366802446561719e+01  -1.081746023413659e-05  6.655072638805687e-05  -4.610273920697910e-05
  4.500000000000003e-01  5.308173767899258e+02  9.016858770276837e+02  -1.660617444439026e+01  -9.501177920312722e+01  -8.147922374601835e+01  2.704324316342972e+01  -9.705347375618299e-06  7.640644895266789e-05  -5.763556158604817e-05
  4.550000000000003e-01  5.559521230382312e+02  9.557115291372601e+02  -2.484908477240843e+01  -9.700640340418703e+01  -8.730189348251312e+01  2.693450833357285e+01  -8.018703179096202e-06  8.607461530445534e-05  -7.080707324788694e-05
  4.600000000000003e-01  5.836192372288257e+02  9.837112828617888e+02  -2.375200429972209e+01  -9.449772041507042e+01  -6.171882043437930e+01  1.994543598703408e+01  -6.854446684131669e-06  9.553202313343858e-05  -7.815023710944654e-05
  4.650000000000003e-01  6.069912641446502e+02  1.033017898574679e+03  -2.625680522323790e+01  -9.598537802191369e+01  -6.088618733205053e+01  1.749021765115237e+01  -4.901904258739759e-06  1.044796231330560e-04  -8.730916145638852e-05
  4.700000000000003e-01  6.287379667377155e+02  1.080729245710061e+03  -2.751922779083392e+01  -9.688648579744905e+01  -5.633982699523330e+01  1.344843245394565e+01  -2.830994675847553e-06  1.131198991047286e-04  -9.414487615402662e-05
  4.750000000000003e-01  6.546161112785262e+02  1.108254105700471e+03  -1.649042806768661e+01  -9.456388580081151e+01  -3.014764020860882e+01  7.175073551326131e+00  -1.056029263435118e-06  1.200432027799393e-04  -9.472425636720964e-05
  4.800000000000003e-01  6.735785377654828e+02  1.150105543315168e+03  -9.442082274662274e+00  -9.462018133595926e+01  -2.087139157717811e+01  1.725404309031723e+00  1.378773798888336e-06  1.271820037238474e-04  -9.659809056789387e-05
  4.850000000000003e-01  6.920691060306671e+02  1.172410299054387e+03  -3.638771513260364e-01  -9.222988029838284e+01  -7.704152311323432e-01  -1.699106865191057e+00  3.731973285238843e-06  1.312706920977253e-04  -9.372067611380550e-05
  4.900000000000003e-01  7.064817313484722e+02  1.207529860240638e+03  1.375385001736858e+01  -9.020837142240246e+01  1.108232224983576e+01  -7.609618099543189e+00  6.614477393937659e-06  1.362629348308765e-04  -9.114965499303051e-05
  4.950000000000003e-01  7.195083936634289e+02  1.239284385418946e+03  3.280727478082225e+01  -8.795025670814601e+01  2.452299270801599e+01  -1.405853687337641e+01  9.602962117998232e-06  1.405339478984985e-04  -8.631436519606383e-05
  5.000000000000003e-01  7.221373757991745e+02  1.246025221825284e+03  3.419782227283399e+01  -8.425688576382532e+01  3.471067621193476e+01  -1.346178169563275e+01  1.272685289216439e-05  1.399693760261992e-04  -7.990445603648762e-05
  5.050000000000003e-01  7.284682541745181e+02  1.267547988241754e+03  5.822328842794386e+01  -7.931993002614847e+01  4.711778967866809e+01  -1.884994263631133e+01  1.614521079285207e-05  1.415302884567655e-04  -7.233646196997828e-05
  5.100000000000003e-01  7.180354318704293e+02  1.262148193401105e+03  4.932527222588200e+01  -7.487474414075750e+01  4.833579779299963e+01  -1.523866587418338e+01  1.952237909408577e-05  1.380129573330294e-04  -6.564553276204821e-05
  5.150000000000003e-01  7.162872975996921e+02  1.272298973285433e+03  7.198463702995804e+01  -6.911500073080191e+01  5.702404603361752e+01  -1.958996383042692e+01  2.315254857653956e-05  1.373980500573176e-04  -5.657948641462580e-05
  5.200000000000004e-01  7.120348624385048e+02  1.276948499504346e+03  9.933320275752391e+01  -6.130121466890230e+01  6.505755663353484e+01  -2.301087850097678e+01  2.693704748995198e-05  1.353926401818342e-04  -4.719592242097599e-05
  5.250000000000004e-01  6.842700772580162e+02  1.253403313099357e+03  7.635708436311262e+01  -5.560689682125476e+01  5.561291888680086e+01  -1.651756514952098e+01  3.028323001149525e-05  1.286012524866814e-04  -4.176754139706976e-05
  5.300000000000004e-01  6.707335519106709e+02  1.245701118178202e+03  9.684577895096334e+01  -4.717752642759104e+01  5.798992411719138e+01  -1.872285130345373e+01  3.409678726406058e-05  1.247845065918752e-04  -3.305318497781780e-05
  5.350000000000004e-01  6.346845971310743e+02  1.214406691700761e+03  6.808211810778992e+01  -4.095759814040080e+01  4.426442450258291e+01  -1.185252540288159e+01  3.702669469340206e-05  1.171665573600232e-04  -2.938165118500606e-05
  5.400000000000004e-01  6.137904068097974e+02  1.195172118035593e+03  8.520849924120608e+01  -3.051925273225481e+01  4.206704991344274e+01  -1.215451965757279e+01  4.074974343172484e-05  1.114698015335901e-04  -2.273835691689264e-05
  5.450000000000004e-01  5.879311956565240e+02  1.169581061998143e+03  9.679859227797941e+01  -1.987773916901241e+01  3.686543847733178e+01  -1.231134234329332e+01  4.446905041711903e-05  1.052351744296139e-04  -1.702534528149178e-05
  5.500000000000004e-01  5.447273546241390e+02  1.131036477149182e+03  6.363367219617446e+01  -1.320500954182116e+01  2.048887501375976e+01  -5.858073320996951e+00  4.655146300751768e-05  9.760666471075875e-05  -1.666283570075358e-05
  5.550000000000004e-01  5.133498626301438e+02  1.096949204073231e+03  7.029995799997712e+01  -1.303093753997453e+00  1.163965312302652e+01  -4.682961794060634e+00  4.994257006166194e-05  9.040299706708945e-05  -1.388032501376303e-05
  5.600000000000004e-01  4.712844609190651e+02  1.060975975154346e+03  4.314288812542948e+01  5.363520484025944e+00  -1.770407317064978e+00  4.840250578330389e-02  5.125930233876867e-05  8.420538798763929e-05  -1.525285226420933e-05
  5.650000000000004e-01  4.333933253636200e+02  1.019241891861395e+03  4.006377403741386e+01  1.759944850521848e+01  -1.345353100822681e+01  1.051903498283107e+00  5.431660101792145e-05  7.695829148932635e-05  -1.507021656059765e-05
  5.700000000000004e-01  3.941142009978016e+02  9.749750145893479e+02  3.539335400207175e+01  3.033810298339151e+01  -2.654712663162333e+01  2.793789252848718e+00  5.714963972506545e-05  6.942512487891773e-05  -1.647603223795502e-05
  5.750000000000004e-01  3.555160828274841e+02  9.447465765404554e+02  1.638103468219386e+01  3.693791690103760e+01  -3.431288331830644e+01  5.298436014882178e+00  5.746378096539113e-05  6.565770333329355e-05  -2.008065621399917e-05
  5.800000000000004e-01  3.124675039987981e+02  8.967413545220813e+02  4.860436190288207e+00  4.994239042107045e+01  -4.767591816819068e+01  6.480322006649114e+00  5.988057739812202e-05  5.871181824897372e-05  -2.358643089876932e-05
  5.850000000000004e-01  2.787998812355840e+02  8.738247077680808e+02  -3.625734351875613e+00  5.669403873152810e+01  -4.926777510342869e+01  7.249181931510564e+00  5.964449481039019e-05  5.705943887798790e-05  -2.773837408441486e-05
  5.900000000000004e-01  2.375494777887989e+02  8.289529762995967e+02  -1.467640524895717e+01  6.941505067057933e+01  -6.106357827500948e+01  8.439042388760237e+00  6.143522058673616e-05  5.106696412200820e-05  -3.285423828007345e-05
  5.950000000000004e-01  1.936391171043616e+02  7.811438268167138e+02  -3.009757229972134e+01  8.259001333648069e+01  -7.280303483037002e+01  9.454464006892154e+00  6.307623386698798e-05  4.526923228227102e-05  -3.873247478703995e-05
  6.000000000000004e-01  1.667770761747535e+02  7.691313863323151e+02  -2.716510805636148e+01  8.920717976632396e+01  -6.655025559706661e+01  8.736710483228629e+00  6.212737010930077e-05  4.628404198391755e-05  -4.319004815635275e-05
  6.050000000000004e-01  1.268042891396274e+02  7.278846298784797e+02  -3.967954460103266e+01  1.016696158487405e+02  -7.515094395169774e+01  9.665894802772920e+00  6.311064933963184e-05  4.179138325820554e-05  -4.962033385533126e-05
  6.100000000000004e-01  1.028004051882703e+02  7.212250160455405e+02  -3.106351074492235e+01  1.085135189826177e+02  -6.491097163028242e+01  8.404419769313739e+00  6.188827667582221e-05  4.409999271046660e-05  -5.388206740410440e-05
  6.150000000000004e-01  6.526153696160463e+01  6.841111970125405e+02  -4.166528537928552e+01  1.207668529056237e+02  -6.995530001457175e+01  9.340108813213035e+00  6.234031369821500e-05  4.069777673318287e-05  -6.030888988148428e-05
  6.200000000000004e-01  2.982143832096675e+01  6.505330411760592e+02  -5.127558336960000e+01  1.323872991821214e+02  -7.362624185794991e+01  1.038789553485537e+01  6.243654370350641e-05  3.788508806130685e-05  -6.676065047972850e-05
  6.250000000000004e-01  9.692562117747121e+00  6.510791720968845e+02  -3.806859205569577e+01  1.389070384572805e+02  -5.934270565258387e+01  9.118717273775790e+00  6.066278898699163e-05  4.146113017846538e-05  -7.041834899086377e-05
  6.300000000000004e-01  -2.149449516444848e+01  6.233829699101930e+02  -4.366001237805238e+01  1.497899756241720e+02  -5.934271672138623e+01  1.066285919876979e+01  6.014815516624930e-05  3.962486092392818e-05  -7.636145459288719e-05
  6.350000000000005e-01  -4.138781790489645e+01  6.249987471630930e+02  -3.146285393523632e+01  1.561631595271335e+02  -4.545602427059991e+01  9.626567755990099e+00  5.806806052381419e-05  4.315029294256557e-05  -7.985322984264315e-05
  6.400000000000005e-01  -6.841224031192057e+01  6.034816959856084e+02  -3.515863989087629e+01  1.655834542585617e+02  -4.248795366823972e+01  1.148380237874219e+01  5.689046969497960e-05  4.219917849602201e-05  -8.511628981604856e-05
  6.450000000000005e-01  -9.192145914795077e+01  5.857463651528708e+02  -3.509487972876880e+01  1.742433597930755e+02  -3.783056695949442e+01  1.396483342613160e+01  5.534231462232344e-05  4.164176808815420e-05  -9.015886986094223e-05
  6.500000000000005e-01  -1.105356616956476e+02  5.885522482941153e+02  -2.610017332526563e+01  1.794231193626230e+02  -2.526241235633726e+01  1.325832016590779e+01  5.254575673403563e-05  4.479313222464711e-05  -9.322426809971994e-05
  6.550000000000005e-01  -1.305928144149305e+02  5.748395348967931e+02  -2.620157247134943e+01  1.862416166508923e+02  -1.850651787205156e+01  1.602540614359880e+01  5.033878532765079e-05  4.471956291372647e-05  -9.761115925138637e-05
  6.600000000000005e-01  -1.493246580409866e+02  5.752332946805258e+02  -2.171090786947190e+01  1.905550856906211e+02  -9.498493386352953e+00  1.522111366284670e+01  4.706554352285410e-05  4.685762599257789e-05  -1.006543388280012e-04
  6.650000000000005e-01  -1.638126457871848e+02  5.666448714650786e+02  -1.874700778174745e+01  1.951668403382379e+02  -1.437829487167304e+00  1.861756548301060e+01  4.414140031186945e-05  4.702367945817011e-05  -1.046471135348210e-04
  6.700000000000005e-01  -1.809110833401507e+02  5.653456094599319e+02  -1.701824349623927e+01  1.981841178512033e+02  3.646134225066407e+00  1.745657881195660e+01  4.034741210536441e-05  4.800914569098520e-05  -1.076787472855798e-04
  6.750000000000005e-01  -1.933522704787431e+02  5.567829053760521e+02  -1.762754324136675e+01  2.006055810600937e+02  1.236867841003713e+01  2.073832877825976e+01  3.683785403649684e-05  4.808512100857466e-05  -1.111724006211316e-04
  6.800000000000005e-01  -2.013647782601667e+02  5.523314188833215e+02  -1.448598667091947e+01  2.014385028023458e+02  2.180317404651340e+01  2.430377490990066e+01  3.300034201334128e-05  4.830507913836823e-05  -1.146113798129281e-04
  6.850000000000005e-01  -2.144545719077431e+02  5.487863711105640e+02  -1.597789385735163e+01  2.017761009326047e+02  2.238331421252065e+01  2.232709159665537e+01  2.846637762885844e-05  4.778139013822574e-05  -1.173151360451799e-04
  6.900000000000005e-01  -2.211207346372123e+02  5.419799705313346e+02  -1.769869150056427e+01  2.003340896648752e+02  3.168504261213874e+01  2.534865268202711e+01  2.419597824592939e-05  4.756169487182755e-05  -1.203476289085387e-04
  6.950000000000005e-01  -2.298009911380726e+02  5.370969041403011e+02  -1.863618698190989e+01  1.988552757147345e+02  2.879618855007840e+01  2.272113346000333e+01  1.935704285403473e-05  4.583222227665342e-05  -1.226997340994331e-04
  7.000000000000005e-01  -2.316813509321584e+02  5.320526657608453e+02  -1.918872619747306e+01  1.947711161406847e+02  3.746689218771392e+01  2.511520893557674e+01  1.474735285019011e-05  4.518706339211110e-05  -1.254977827793611e-04
  7.050000000000005e-01  -2.337672561356215e+02  5.241679102629579e+02  -2.325230034215169e+01  1.896107525960741e+02  4.633837216671317e+01  2.708641420324207e+01  1.005905310673463e-05  4.426815097167696e-05  -1.280555935949470e-04
  7.100000000000005e-01  -2.362396521768091e+02  5.167614745512833e+02  -2.310063387405171e+01  1.854167215405586e+02  3.980576420650631e+01  2.338628404252825e+01  5.128446417732931e-06  4.099988521340203e-05  -1.296596429907961e-04
  7.150000000000005e-01  -2.346085017184457e+02  5.089068881535156e+02  -2.646838041697904e+01  1.780241070970903e+02  4.768449514805101e+01  2.424718110002493e+01  4.171550125114263e-07  3.946350343570439e-05  -1.318348247881982e-04
  7.200000000000005e-01  -2.317996167102412e+02  5.004578958584792e+02  -2.272995200922761e+01  1.723101297864372e+02  3.926982295076803e+01  2.030665179543345e+01  -4.203779318514911e-06  3.523698007826849e-05  -1.328192993400013e-04
  7.250000000000005e-01  -2.301673129149142e+02  4.868489162687421e+02  -2.986669840010090e+01  1.635889097712611e+02  4.615534497841745e+01  2.005490677812182e+01  -8.672840502072009e-06  3.286309504032624e-05  -1.343645049297086e-04
  7.300000000000005e-01  -2.267482849711161e+02  4.737516246930228e+02  -3.578364079799337e+01  1.539141424677777e+02  5.279262594239150e+01  1.901950363734717e+01  -1.299498820562672e-05  3.021162040354287e-05  -1.357218842411886e-04
  7.350000000000005e-01  -2.190543077207009e+02  4.615805463584060e+02  -2.860925873160357e+01  1.467631321761727e+02  4.253085020879529e+01  1.479462684186349e+01  -1.670320152361271e-05  2.477605085796169e-05  -1.356456565651959e-04
  7.400000000000005e-01  -2.164494925867754e+02  4.419605741249280e+02  -3.686043677991261e+01  1.366291363812194e+02  4.803635680753438e+01  1.273844247239220e+01  -2.044210341537521e-05  2.126735968589768e-05  -1.363021795319962e-04
  7.450000000000006e-01  -2.056320660637743e+02  4.277698588674727e+02  -2.605951578737313e+01  1.290060660000619e+02  3.745306130798362e+01  9.186784182685475e+00  -2.317711493039432e-05  1.528366965925592e-05  -1.355949967054330e-04
  7.500000000000006e-01  -2.027386878456402e+02  4.046872740681827e+02  -3.361633385280597e+01  1.187379493336703e+02  4.205690857893237e+01  6.078188751776195e+00  -2.612890250792786e-05  1.106155096432215e-05  -1.355813749860951e-04
  7.550000000000006e-01  -2.011345760794599e+02  3.774822399791536e+02  -4.202506982821646e+01  1.087246804463949e+02  4.610001119192074e+01  2.516680912452864e+00  -2.868826228424984e-05  6.434344036867395e-06  -1.352658393470907e-04
  7.600000000000006e-01  -1.896830220074199e+02  3.576094800028688e+02  -2.848957393132934e+01  1.017665026726600e+02  3.528534257852412e+01  -1.335806700360884e-01  -2.968491955731774e-05  -2.039604602613277e-07  -1.336831033899015e-04
  7.650000000000006e-01  -1.893949532779889e+02  3.257612021301912e+02  -3.637908821437816e+01  9.269363430869994e+01  3.859642634179126e+01  -4.303387732493501e+00  -3.122795800306229e-05  -5.458444008315033e-06  -1.327017799363210e-04
  7.700000000000006e-01  -1.786907638440956e+02  3.019815745268063e+02  -2.162294984908493e+01  8.670050915183221e+01  2.855077753410266e+01  -5.640421196909435e+00  -3.089792593992720e-05  -1.220680473598024e-05  -1.307689378734522e-04
  7.750000000000006e-01  -1.812093409620573e+02  2.635783651915265e+02  -2.885193222597528e+01  7.935248857237580e+01  3.091874242543846e+01  -9.862703486174919e+00  -3.131937164844599e-05  -1.794554459989469e-05  -1.292310409886869e-04
  7.800000000000006e-01  -1.851814124127140e+02  2.223152514086646e+02  -3.639435104727195e+01  7.293006399962616e+01  3.308151179442190e+01  -1.429973716979980e+01  -3.124755225102358e-05  -2.400687276026708e-05  -1.273847872374962e-04
  7.850000000000006e-01  -1.780984311059378e+02  1.917731334016462e+02  -2.087961572150762e+01  6.959325371085377e+01  2.389096361175669e+01  -1.398121610765398e+01  -2.898539995857725e-05  -3.071902676221377e-05  -1.249772738559811e-04
  7.900000000000006e-01  -1.854209884323291e+02  1.445619610757603e+02  -2.704741436823720e+01  6.557871052958539e+01  2.526660898254303e+01  -1.796696946990462e+01  -2.776849787650270e-05  -3.700402460055285e-05  -1.226685332679804e-04
  7.950000000000006e-01  -1.814638089414857e+02  1.100674249319438e+02  -1.180316745590584e+01  6.421506037482568e+01  1.735006277691902e+01  -1.641576552455833e+01  -2.434480865398608e-05  -4.334872680338137e-05  -1.201326525079892e-04
  8.000000000000006e-01  -1.926183145194196e+02  5.729444320455977e+01  -1.829495894641557e+01  6.297453739119953e+01  1.858241939629844e+01  -1.966876360549442e+01  -2.210643112975889e-05  -4.978401192427312e-05  -1.173250895235580e-04
  8.050000000000006e-01  -2.053918852436471e+02  1.992737877392231e+00  -2.326200877819423e+01  6.305870213677179e+01  1.924358308721548e+01  -2.260272874716330e+01  -1.938441654297630e-05  -5.624214209621017e-05  -1.142813372931652e-04
  8.100000000000006e-01  -2.068501965649712e+02  -3.803331877741804e+01  -8.598036922961622e+00  6.531236264327575e+01  1.268813433714916e+01  -1.948400825022176e+01  -1.458592974256380e-05  -6.185649785044297e-05  -1.114129257225269e-04
  8.150000000000006e-01  -2.235073590033431e+02  -9.814197913677812e+01  -1.388168801921844e+01  6.841633390399653e+01  1.339839347908487e+01  -2.123579304082877e+01  -1.105971114772969e-05  -6.821213595481073e-05  -1.078623868378900e-04
  8.200000000000006e-01  -2.288541161818526e+02  -1.411981581610536e+02  -7.782408276484964e-01  7.290811872468531e+01  8.196330504548440e+00  -1.747159523290586e+01  -5.735052537090663e-06  -7.307835751061223e-05  -1.047637316938612e-04
  8.250000000000006e-01  -2.479922858951732e+02  -2.033801646027318e+02  -3.666758988579480e+00  7.849178492670853e+01  8.490012596247945e+00  -1.808603614683010e+01  -1.592880403074123e-06  -7.893346438308983e-05  -1.007053268460264e-04
  8.300000000000006e-01  -2.693491644763411e+02  -2.684067264868439e+02  -7.377283164140813e+00  8.572370117932405e+01  8.872829888833287e+00  -1.786764530826078e+01  2.790543741258944e-06  -8.478552052733981e-05  -9.626274711263480e-05
  8.350000000000006e-01  -2.791778578431442e+02  -3.135690617951053e+02  4.561186518492732e+00  9.327821731922289e+01  4.984813615244458e+00  -1.333492832189812e+01  8.379203430429322e-06  -8.836147884027119e-05  -9.260377442841786e-05
  8.400000000000006e-01  -3.019173352374486e+02  -3.782976846401255e+02  3.406680874559247e+00  1.023753438336540e+02  5.030716850828452e+00  -1.191138352471962e+01  1.298257984859706e-05  -9.342033966230654e-05  -8.749989756409511e-05
  8.450000000000006e-01  -3.146681583816615e+02  -4.241590673573515e+02  1.299421845012503e+01  1.113672837148857e+02  2.160473210254771e+00  -7.662828010973331e+00  1.823506701153497e-05  -9.599695101862693e-05  -8.339423716449672e-05
  8.500000000000006e-01  -3.393991078651488e+02  -4.895151501499602e+02  1.209042557986561e+01  1.224746399690530e+02  2.402718933038011e+00  -4.901982637913954e+00  2.276178674556030e-05  -1.003900237256100e-04  -7.756427396234825e-05
  8.550000000000006e-01  -3.639604707748657e+02  -5.532272189450861e+02  1.295284692565109e+01  1.339376442110155e+02  2.204831732750114e+00  -1.483986207140383e+00  2.722968693355468e-05  -1.042777532546779e-04  -7.122881611394062e-05
  8.600000000000007e-01  -3.789631515579512e+02  -5.969483603242408e+02  2.044981343948336e+01  1.440738449355835e+02  2.427147189944928e-01  2.374916898496560e+00  3.148488031102965e-05  -1.052260216588787e-04  -6.630700930796590e-05
  8.650000000000007e-01  -4.043223339089514e+02  -6.588903873872185e+02  2.175691195384610e+01  1.565967435529197e+02  1.357950690828848e-01  6.824621539232861e+00  3.548063944268219e-05  -1.082530212869648e-04  -5.921840717144227e-05
  8.700000000000007e-01  -4.207927534037927e+02  -7.007994175512999e+02  2.615569076008968e+01  1.666968851483309e+02  -1.127620602365909e+00  9.570123999300604e+00  3.862431736182359e-05  -1.080914433153467e-04  -5.373862716858521e-05
  8.750000000000007e-01  -4.445397951451868e+02  -7.566672173101980e+02  2.943825910215120e+01  1.786119912802091e+02  -1.714737118725067e+00  1.457491513483300e+01  4.183856909676302e-05  -1.098673522122772e-04  -4.587579312376992e-05
  8.800000000000007e-01  -4.686693605884097e+02  -8.113553277296426e+02  3.271390083063845e+01  1.908620121476197e+02  -2.331986966481508e+00  2.010655741120726e+01  4.475823951633117e-05  -1.112592007398858e-04  -3.759853804343987e-05
  8.850000000000007e-01  -4.850473711452005e+02  -8.469909359753307e+02  3.401081127250287e+01  1.995230112787612e+02  -3.055545982230259e+00  2.132601309294511e+01  4.596934358073260e-05  -1.093618580413524e-04  -3.140118693513569e-05
  8.900000000000007e-01  -5.065261244359644e+02  -8.934624610506845e+02  3.862911566003768e+01  2.100083520700679e+02  -4.202549152669617e+00  2.691824978182950e+01  4.779200112082376e-05  -1.094051471944498e-04  -2.252115985524161e-05
  8.950000000000007e-01  -5.229410641934179e+02  -9.250260464679649e+02  3.654819394513097e+01  2.170651800729692e+02  -4.419394919854501e+00  2.658345720456870e+01  4.751739480225073e-05  -1.064543604361002e-04  -1.593958018121609e-05
  9.000000000000007e-01  -5.430729200279661e+02  -9.647514583950327e+02  4.089481609940670e+01  2.260400878067000e+02  -5.728484762430267e+00  3.182047299107375e+01  4.823763104597817e-05  -1.054015438960800e-04  -6.721000695018715e-06
  9.050000000000007e-01  -5.610922851720910e+02  -9.989182251823996e+02  4.590859513393668e+01  2.335387087297796e+02  -7.511535450171876e+00  3.707224869720319e+01  4.837905141272704e-05  -1.036203150658437e-04  2.726442478284357e-06
  9.100000000000007e-01  -5.755632386500654e+02  -1.020981307191147e+03  4.068649335361592e+01  2.369818268385787e+02  -7.215658344538504e+00  3.459153620882357e+01  4.594873702744140e-05  -9.908794475051039e-05  9.547764197280589e-06
  9.150000000000007e-01  -5.917873712059546e+02  -1.046953502374271e+03  4.469611462010491e+01  2.420967732584435e+02  -9.182399111237073e+00  3.883294293042885e+01  4.493903639751765e-05  -9.621313817751431e-05  1.897595930944293e-05
  9.200000000000007e-01  -6.048688265514162e+02  -1.062887214359152e+03  3.744483218378610e+01  2.428547135162253e+02  -8.305281082096119e+00  3.492534790846184e+01  4.121713179842921e-05  -9.082979398235489e-05  2.587387759764481e-05
  9.250000000000007e-01  -6.174397122247973e+02  -1.078145288593793e+03  4.101907679035103e+01  2.444761361313710e+02  -1.057314613425143e+01  3.809066872782869e+01  3.898115664781078e-05  -8.675552228273548e-05  3.508433472858255e-05
  9.300000000000007e-01  -6.292951232313013e+02  -1.088935856594218e+03  4.345623505176963e+01  2.448205443109980e+02  -1.299699968008491e+01  4.049848725606392e+01  3.631282747167224e-05  -8.216926022527792e-05  4.411261405406029e-05
  9.350000000000007e-01  -6.391251284092501e+02  -1.093590492944020e+03  3.466392875893266e+01  2.410610737526864e+02  -1.140153640760819e+01  3.472743314712098e+01  3.104111684726669e-05  -7.567192556953439e-05  5.068297810803500e-05
  9.400000000000007e-01  -6.472728628633575e+02  -1.093562010978854e+03  3.620010184177879e+01  2.377639644226202e+02  -1.382872041276951e+01  3.573286608167870e+01  2.735075098882466e-05  -7.008894728047927e-05  5.912039740270747e-05
  9.450000000000007e-01  -6.548380026796859e+02  -1.091376135103180e+03  2.753672445194302e+01  2.313344106128881e+02  -1.159974837971885e+01  2.939153910698841e+01  2.149887166192606e-05  -6.319791355349495e-05  6.545998693410448e-05
  9.500000000000007e-01  -6.607244944747163e+02  -1.082121175130557e+03  2.711953787369131e+01  2.249458278911468e+02  -1.388379113318258e+01  2.863190147352316e+01  1.714313833666233e-05  -5.686882941171344e-05  7.316568184721531e-05
  9.550000000000007e-01  -6.644224371227695e+02  -1.067057943633617e+03  2.598195001260295e+01  2.167974555296558e+02  -1.601903212900695e+01  2.711347382978095e+01  1.241682710676770e-05  -5.011744224849302e-05  8.036912156899835e-05
  9.600000000000007e-01  -6.680031736922966e+02  -1.053856372639100e+03  1.835432124734155e+01  2.065347606487096e+02  -1.301574854216088e+01  2.011994691690581e+01  6.215147338699495e-06  -4.291292273292968e-05  8.599464933145192e-05
  9.650000000000007e-01  -6.692649773485375e+02  -1.030064487420867e+03  1.534050776220960e+01  1.955813906922873e+02  -1.479559246633735e+01  1.693786011800694e+01  1.187828854462817e-06  -3.569275641309738e-05  9.230536238860425e-05
  9.700000000000008e-01  -6.701500622693496e+02  -1.010650486511825e+03  9.514647830109775e+00  1.834549561250646e+02  -1.146139603110233e+01  1.057217721842789e+01  -4.683227809535130e-06  -2.870274369137969e-05  9.753522269981674e-05
  9.750000000000008e-01  -6.679152804034192e+02  -9.782082488033944e+02  6.243928688625838e+00  1.701118226705409e+02  -1.251317909577421e+01  6.269035722908023e+00  -9.785335351335843e-06  -2.131098124159452e-05  1.028112196968866e-04
  9.800000000000008e-01  -6.644327241326862e+02  -9.415091077497148e+02  1.021348179927724e+00  1.554743445656721e+02  -1.334533218698974e+01  1.002780260320020e+00  -1.490120557248118e-05  -1.372126471466224e-05  1.075813906916312e-04
  9.850000000000008e-01  -6.611426620203514e+02  -9.135867171982020e+02  -1.896156075489773e+00  1.413492572104624e+02  -9.675522457923261e+00  -4.339932046743511e+00  -1.983491003571028e-05  -7.426522781145820e-06  1.119273957189644e-04
  9.900000000000008e-01  -6.542585457790688e+02  -8.699544557929589e+02  -6.824444507475854e+00  1.252341234320947e+02  -9.600125044526594e+00  -1.029487185445258e+01  -2.458977380701529e-05  -8.921851436151456e-08  1.156601986023424e-04
  9.950000000000008e-01  -6.484320251555474e+02  -8.379939944932553e+02  -7.504494545338954e+00  1.106193524591450e+02  -6.110226427554022e+00  -1.401312254831478e+01  -2.843808729187793e-05  5.321031353210251e-06  1.194625840566997e-04
  1.000000000000001e+00  -6.402817011788625e+02  -7.983119116369470e+02  -9.356179346455640e+00  9.498222933119727e+01  -4.246712571500079e+00  -1.804957874713506e+01  -3.197902291575661e-05  1.095504441232946e-05  1.227334591281032e-04
  1.005000000000001e+00  -6.287286529324850e+02  -7.469139588752582e+02  -1.409893517327189e+01  7.761971620991832e+01  -3.347001796398241e+00  -2.426219922532412e+01  -3.570658484815574e-05  1.749587284614871e-05  1.251176413100697e-04
  1.010000000000000e+00  -6.151912209742968e+02  -6.925207893261635e+02  -1.974642527071385e+01  5.957716209590698e+01  -2.130831923083845e+00  -3.079403949638370e+01  -3.917016693218060e-05  2.390868686308738e-05  1.270850715655596e-04
  1.015000000000000e+00  -6.041532251054623e+02  -6.553321425029319e+02  -1.679158169044747e+01  4.530049851669124e+01  4.768586027914101e-01  -3.105505164168296e+01  -4.052727635721016e-05  2.704920365527025e-05  1.295867090184605e-04
  1.020000000000000e+00  -5.873270316413403e+02  -5.981482340915301e+02  -2.097357392409547e+01  2.765747521232540e+01  2.426949405758383e+00  -3.717487895870800e+01  -4.297905676786006e-05  3.241508998364778e-05  1.306496305397576e-04
  1.025000000000000e+00  -5.740377921448538e+02  -5.601256245179361e+02  -1.734613629057138e+01  1.415790169036415e+01  4.248875419106754e+00  -3.564735588207473e+01  -4.299333129502954e-05  3.418822873580272e-05  1.324219015315377e-04
  1.030000000000000e+00  -5.533694819965484e+02  -5.007177814848362e+02  -2.061887014291762e+01  -3.276989093775352e+00  6.041427586249796e+00  -4.082211285757128e+01  -4.445708965346888e-05  3.856745352346952e-05  1.327737057271360e-04
  1.035000000000000e+00  -5.313921836069920e+02  -4.410085128117084e+02  -2.387299946947277e+01  -2.018007903567268e+01  8.508851385642904e+00  -4.594240227269015e+01  -4.540276465430320e-05  4.235139215252064e-05  1.326817756109257e-04
  1.040000000000000e+00  -5.141844717126189e+02  -4.034414004422417e+02  -1.898193875533610e+01  -3.197178809446065e+01  9.024601506115783e+00  -4.195179283718245e+01  -4.355718573456006e-05  4.199867931187163e-05  1.332672656776004e-04
  1.045000000000000e+00  -4.883013350996633e+02  -3.433911156857031e+02  -2.082076955897142e+01  -4.815048132091921e+01  1.098258850747516e+01  -4.566736875697092e+01  -4.348818730639051e-05  4.461792375062175e-05  1.324945448151436e-04
  1.050000000000000e+00  -4.688747456358299e+02  -3.072155316204119e+02  -1.653629556645647e+01  -5.867615210007284e+01  1.064548375679233e+01  -4.047030784526901e+01  -4.060439925906149e-05  4.293304982221133e-05  1.321899049574222e-04
  1.054999999999999e+00  -4.403784994168387e+02  -2.491941776032210e+02  -1.742881011920027e+01  -7.330960524013493e+01  1.241893992426259e+01  -4.297673886702917e+01  -3.945208683395576e-05  4.413480736303898e-05  1.306806704346015e-04
  1.059999999999999e+00  -4.097678587591461e+02  -1.914611268769998e+02  -1.756609859758134e+01  -8.765489535944458e+01  1.391642482425136e+01  -4.474033497295858e+01  -3.791186116988095e-05  4.485789491509575e-05  1.288739219562395e-04
  1.064999999999999e+00  -3.865769401033557e+02  -1.586720815665313e+02  -1.336094751756861e+01  -9.616657607091324e+01  1.232540921195703e+01  -3.799435350449203e+01  -3.376623302715120e-05  4.131512753987773e-05  1.272719008077585e-04
  1.069999999999999e+00  -3.538990959846975e+02  -1.046383710161263e+02  -1.298346950218225e+01  -1.088539096183743e+02  1.322374146885155e+01  -3.845948836421392e+01  -3.130759512499040e-05  4.068565839269269e-05  1.247859492427195e-04
  1.074999999999999e+00  -3.286652636966742e+02  -7.447830599856242e+01  -1.027516490299179e+01  -1.162692805122924e+02  1.130064908177012e+01  -3.161845433687797e+01  -2.671152607500333e-05  3.628510110747501e-05  1.222812478109607e-04
  1.079999999999999e+00  -2.929465172370266e+02  -2.359700367076806e+01  -7.979381644898117e+00  -1.277802059822606e+02  1.108575905600216e+01  -3.058274707182128e+01  -2.360675861106137e-05  3.460187855812838e-05  1.190974641088324e-04
  1.084999999999999e+00  -2.571582176577028e+02  2.426300220834215e+01  -6.419904352574584e+00  -1.384368562107301e+02  1.058768115107136e+01  -2.902180900405467e+01  -2.014311892658044e-05  3.234463862407079e-05  1.156898276539736e-04
  1.089999999999999e+00  -2.290746476193643e+02  4.941645267264013e+01  -4.728363688621643e+00  -1.442602648161292e+02  8.130091095305810e+00  -2.208364095166597e+01  -1.515988043834737e-05  2.690990345496421e-05  1.119216681264712e-04
  1.094999999999999e+00  -1.912041454497777e+02  9.301474511930181e+01  -1.248477646271434e+00  -1.537611343773731e+02  6.444533798063693e+00  -1.930701599891292e+01  -1.129556623992712e-05  2.383043078384910e-05  1.078401630482244e-04
  1.099999999999999e+00  -1.618244639019495e+02  1.150819127930081e+02  -8.746694649337968e-01  -1.588291985610169e+02  4.452953340982009e+00  -1.332512703387180e+01  -6.454737811752240e-06  1.822362797283377e-05  1.032404083080517e-04
  1.104999999999998e+00  -1.239884843336473e+02  1.527178829242849e+02  1.637031797884706e+00  -1.670911715718210e+02  1.824404642439034e+00  -9.841601365646140e+00  -2.340370830782617e-06  1.446630528961831e-05  9.867789364249424e-05
  1.109999999999998e+00  -8.566448035884028e+01  1.877751401583653e+02  6.031108827264814e+00  -1.747530085558276e+02  -1.498462737481807e+00  -5.750602109449026e+00  1.885012018610176e-06  1.043804323973674e-05  9.381076342815880e-05
  1.114999999999998e+00  -5.556304723193556e+01  2.041845065843931e+02  5.061258978633766e+00  -1.788258742342017e+02  -2.974697618084800e+00  -1.000679309723245e+00  6.323366800699008e-06  4.853240070708298e-06  8.821592802875750e-05
  1.119999999999998e+00  -1.840272680042646e+01  2.329679505432045e+02  8.179642162638242e+00  -1.854717448575569e+02  -7.172570333212207e+00  3.440750555937745e+00  1.050373666088952e-05  5.323094351938894e-07  8.298629856088041e-05
  1.124999999999998e+00  1.123091169804938e+01  2.460335612076121e+02  5.883908966620552e+00  -1.891279562371334e+02  -7.563786137214695e+00  6.667581366184224e+00  1.438184857483622e-05  -4.528758603068669e-06  7.686725602843455e-05
  1.129999999999998e+00  4.747108978580219e+01  2.694583637593468e+02  1.077241485577255e+01  -1.948489076594824e+02  -1.238720984706646e+01  1.124740808403233e+01  1.837072841358457e-05  -8.880828585449235e-06  7.116121098085133e-05
  1.134999999999998e+00  8.206050693448377e+01  2.891364222730357e+02  1.443633246590989e+01  -2.000558152481975e+02  -1.789221776478116e+01  1.607700212126177e+01  2.224767302467511e-05  -1.323823093346710e-05  6.545154211869352e-05
  1.139999999999998e+00  1.092045793212575e+02  2.963193884273314e+02  1.073970849244545e+01  -2.030291693239537e+02  -1.689353150595348e+01  1.737665975492921e+01  2.523025639865060e-05  -1.735743585904675e-05  5.879905819141506e-05
  1.144999999999998e+00  1.414171544096689e+02  3.105740416217357e+02  1.588830365884476e+01  -2.073729747848770e+02  -2.264817803424677e+01  2.192961000669950e+01  2.871778161101664e-05  -2.141645914223176e-05  5.277973633725148e-05
  1.149999999999997e+00  1.659999811984657e+02  3.144610119804939e+02  1.156178815648994e+01  -2.099421883725491e+02  -2.034618192102388e+01  2.166872068281114e+01  3.098671713631846e-05  -2.458167470319808e-05  4.593114091996085e-05
  1.154999999999997e+00  1.941313611705270e+02  3.226729794189822e+02  1.483650631625050e+01  -2.135296745404531e+02  -2.622590881169727e+01  2.581828813559441e+01  3.392060287053215e-05  -2.810962390152483e-05  3.995812112986504e-05
  1.159999999999997e+00  2.206122931225082e+02  3.282504803112569e+02  2.012917926879627e+01  -2.165572744211239e+02  -3.237993521978061e+01  2.986319357523377e+01  3.664894765676700e-05  -3.143973221247265e-05  3.387668137880225e-05
  1.164999999999997e+00  2.392902186543221e+02  3.262644360916201e+02  1.440116721321742e+01  -2.183253452734121e+02  -2.838128553257882e+01  2.770482090054347e+01  3.787173909444839e-05  -3.315827333209103e-05  2.705849534896220e-05
  1.169999999999997e+00  2.607520021091618e+02  3.262946176189387e+02  1.791975837375022e+01  -2.205421361195796e+02  -3.425082323483478e+01  3.112546030382455e+01  3.993703375370799e-05  -3.574119697329486e-05  2.118478444887776e-05
  1.174999999999997e+00  2.748849083501269e+02  3.210551823896888e+02  1.198670585446440e+01  -2.216617215478292e+02  -2.931235067203443e+01  2.790740384394392e+01  4.050033816556248e-05  -3.642119121162432e-05  1.457760125240160e-05
  1.179999999999997e+00  2.912473731817561e+02  3.163438431976220e+02  1.608516894124937e+01  -2.229483001834252e+02  -3.452227397040972e+01  3.046459139258450e+01  4.195006497504359e-05  -3.821958724323188e-05  8.845371565636160e-06
  1.184999999999997e+00  3.049337924015189e+02  3.091082400826830e+02  1.974179992921944e+01  -2.236792522257730e+02  -3.977843124095732e+01  3.286401294860286e+01  4.305378892226038e-05  -3.965121560909445e-05  3.322007305871930e-06
  1.189999999999997e+00  3.107912453820081e+02  2.984284897485342e+02  1.271965445667016e+01  -2.235593248750904e+02  -3.350007405976281e+01  2.834220309608849e+01  4.269791920050559e-05  -3.889910421494404e-05  -2.709831563009531e-06
  1.194999999999997e+00  3.187747732554079e+02  2.870144510548766e+02  1.643482248527738e+01  -2.232766901590649e+02  -3.782171584520690e+01  2.981039604890107e+01  4.317962360287339e-05  -3.949211200473137e-05  -7.897462409226290e-06
  1.199999999999996e+00  3.192903441184891e+02  2.736968484018792e+02  9.951073779054441e+00  -2.222072217505108e+02  -3.137279664737697e+01  2.488445189646714e+01  4.235133108338747e-05  -3.793440330504694e-05  -1.337357338088467e-05
  1.204999999999996e+00  3.210956657498043e+02  2.580039441986153e+02  1.211044693660601e+01  -2.207029738667764e+02  -3.469289279072186e+01  2.566435926201093e+01  4.220150743757119e-05  -3.773199859841672e-05  -1.800604150858888e-05
  1.209999999999996e+00  3.205504900247731e+02  2.410900477241196e+02  1.527651700622401e+01  -2.186759904328414e+02  -3.770457259824553e+01  2.598633362852985e+01  4.177139970630099e-05  -3.716085302472431e-05  -2.243576833071520e-05
  1.214999999999996e+00  3.123312661045736e+02  2.233930138923444e+02  8.253268480028582e+00  -2.159139309608263e+02  -3.077580069865137e+01  2.062069014164905e+01  4.031131524359710e-05  -3.459909507751865e-05  -2.687906044951519e-05
  1.219999999999996e+00  3.058278865277588e+02  2.029345309330996e+02  1.005987534497581e+01  -2.124945539658493e+02  -3.261094620072998e+01  2.031183433721572e+01  3.935319390469476e-05  -3.336872788294754e-05  -3.065155924124836e-05
  1.224999999999996e+00  2.928758348878683e+02  1.836577015077177e+02  4.502037976551696e+00  -2.085492482537393e+02  -2.632875250192270e+01  1.524651919589328e+01  3.764656367339085e-05  -3.043080690128803e-05  -3.429334837734763e-05
  1.229999999999996e+00  2.809625315478918e+02  1.606800100859547e+02  5.310127725995112e+00  -2.039326508273512e+02  -2.719364644537073e+01  1.423785162608320e+01  3.625954500183962e-05  -2.859791944903922e-05  -3.735992289194921e-05
  1.234999999999996e+00  2.669500567821284e+02  1.367408791827411e+02  6.550632843910607e+00  -1.984830194357820e+02  -2.740438209165513e+01  1.295768740088880e+01  3.466704971892252e-05  -2.657831438584707e-05  -4.012090372842313e-05
  1.239999999999996e+00  2.469779569186428e+02  1.149027048419313e+02  1.244557167558323e+00  -1.926508782631519e+02  -2.162327952997094e+01  8.273215293408301e+00  3.266866558498022e-05  -2.326063482573136e-05  -4.244163378790508e-05
  1.244999999999995e+00  2.284125937491152e+02  8.934738719642299e+01  1.210083288122235e+00  -1.859956124470824e+02  -2.098780986312730e+01  6.470342462319551e+00  3.077930213648074e-05  -2.082990762286608e-05  -4.440449145607475e-05
  1.249999999999995e+00  2.054839990511278e+02  6.732151075566098e+01  -2.250801381418071e+00  -1.790170681998206e+02  -1.653661730077022e+01  2.566314942345779e+00  2.874611454609263e-05  -1.755942030501315e-05  -4.578557136056609e-05
  1.254999999999995e+00  1.830563642159745e+02  4.019725601313512e+01  -2.914426666147606e+00  -1.708235847697718e+02  -1.484493442381324e+01  5.035218100449823e-01  2.668417209606766e-05  -1.500019628742891e-05  -4.697882883760990e-05
  1.259999999999995e+00  1.594667523160340e+02  1.341172619489642e+01  -3.845860330929470e+00  -1.621591316076969e+02  -1.283337545710281e+01  -1.872540841032772e+00  2.452700600047106e-05  -1.229959334644227e-05  -4.778609023560963e-05
  1.264999999999995e+00  1.328790386981182e+02  -8.830790084826990e+00  -6.365002615053626e+00  -1.534839464229600e+02  -9.631933938944897e+00  -4.817209691078740e+00  2.251751507322054e-05  -9.231318541355951e-06  -4.777596026722639e-05
  1.269999999999995e+00  1.067499534160827e+02  -3.628495971159687e+01  -7.714058110732646e+00  -1.433814718673737e+02  -6.741160185621573e+00  -7.294499361846579e+00  2.035370812357172e-05  -6.631884516591218e-06  -4.782269073078311e-05
  1.274999999999995e+00  7.991486185727680e+01  -5.696266117434752e+01  -7.930372573944010e+00  -1.338508495719154e+02  -5.060892899734754e+00  -9.228816858409695e+00  1.846652763306255e-05  -3.917861434494144e-06  -4.694632498560225e-05
  1.279999999999995e+00  5.227448434945016e+01  -8.389125337798778e+01  -1.076599218876619e+01  -1.227773910592422e+02  -1.946942462078501e+00  -1.176992598227602e+01  1.635084808851785e-05  -1.385508066015735e-06  -4.615476612553766e-05
  1.284999999999995e+00  2.449160553142396e+01  -1.103677924024898e+02  -1.282431996392183e+01  -1.110098602244139e+02  1.831968143549448e+00  -1.440686824959569e+01  1.431291692161886e-05  9.621468048407918e-07  -4.510684454710561e-05
  1.289999999999994e+00  -1.873595641013411e+00  -1.287115489503376e+02  -1.172883760614342e+01  -1.003489118972286e+02  1.966117622180918e+00  -1.515247417814866e+01  1.269069537442884e-05  3.110221732955762e-06  -4.300974843625325e-05
  1.294999999999994e+00  -2.967033913380194e+01  -1.537523453308380e+02  -1.514813713698496e+01  -8.781775568374543e+01  5.728925657477253e+00  -1.768477590884769e+01  1.083071734029423e-05  5.229971842104273e-06  -4.120145677591632e-05
  1.299999999999994e+00  -5.379792146723598e+01  -1.692299466476817e+02  -1.225674444263607e+01  -7.674174866579207e+01  4.506999709297832e+00  -1.745481409656236e+01  9.436814447321466e-06  6.913379362190708e-06  -3.842027842810380e-05
  1.304999999999994e+00  -8.047076723261164e+01  -1.925729634554772e+02  -1.530456910867948e+01  -6.340711004093340e+01  8.607730951465177e+00  -1.978597403501268e+01  7.865336335586308e-06  8.576906267274412e-06  -3.605311929063534e-05
  1.309999999999994e+00  -1.064168597235723e+02  -2.146192020297536e+02  -1.921485652437633e+01  -4.982338187246808e+01  1.268660722401639e+01  -2.209147336021972e+01  6.432231189615783e-06  1.010276615972151e-05  -3.338569148306327e-05
  1.314999999999994e+00  -1.262206913707648e+02  -2.255115444370497e+02  -1.498994245471264e+01  -3.839924150012631e+01  1.011295761981643e+01  -2.077620282912506e+01  5.442712355121147e-06  1.113256368753154e-05  -2.975270339351885e-05
  1.319999999999994e+00  -1.497372749510824e+02  -2.450750270538926e+02  -1.841460097799137e+01  -2.438495058474201e+01  1.430159710149588e+01  -2.279300745673298e+01  4.372721119194302e-06  1.215263007659837e-05  -2.665065137355567e-05
  1.324999999999994e+00  -1.651285292348556e+02  -2.519138368817727e+02  -1.279256256161214e+01  -1.309469931917177e+01  1.087092511390120e+01  -2.075848061812822e+01  3.643220727961724e-06  1.279285227208724e-05  -2.265401797662717e-05
  1.329999999999994e+00  -1.856690572407778e+02  -2.684113396807414e+02  -1.715006968472297e+01  1.028851976481427e+00  1.467094449485752e+01  -2.245274958810072e+01  2.927592330856590e-06  1.342792357477309e-05  -1.910363339187624e-05
  1.334999999999994e+00  -1.963129940158707e+02  -2.712289545618555e+02  -1.069781023874254e+01  1.203318155245196e+01  1.067625708580901e+01  -1.984454227996163e+01  2.457753092029892e-06  1.374189619655965e-05  -1.485968544587342e-05
  1.339999999999993e+00  -2.128794963221950e+02  -2.841800939484374e+02  -1.423153411233366e+01  2.602901270835298e+01  1.439731490849376e+01  -2.124721018263490e+01  2.127090614833832e-06  1.392162633147295e-05  -1.108577191042408e-05
  1.344999999999993e+00  -2.278523563485199e+02  -2.956812822538614e+02  -1.862264280629567e+01  4.000955610397858e+01  1.794815650450467e+01  -2.244944153904502e+01  1.993865764314782e-06  1.391018050766863e-05  -7.175969634773584e-06
  1.349999999999993e+00  -2.309680809353339e+02  -2.922254641927815e+02  -1.143946919237829e+01  5.025842901663388e+01  1.340929578062611e+01  -1.931515811149877e+01  1.927410002860810e-06  1.383605282334832e-05  -2.722008835939116e-06
  1.354999999999993e+00  -2.413589343862282e+02  -2.998126565688660e+02  -1.501173527120025e+01  6.371853233960053e+01  1.675272427865189e+01  -2.023050129202181e+01  2.152689616658614e-06  1.345958891868235e-05  1.278077167319126e-06
  1.359999999999993e+00  -2.391634507303081e+02  -2.922068817524745e+02  -7.643857833032017e+00  7.323842823298730e+01  1.216490295171474e+01  -1.690250682068265e+01  2.294491607008929e-06  1.326445115778760e-05  5.676990883842771e-06
  1.364999999999993e+00  -2.451452898018473e+02  -2.960915124243542e+02  -1.159134649765926e+01  8.611763582969402e+01  1.512147161408271e+01  -1.750600236468286e+01  2.832476176579910e-06  1.262539220718508e-05  9.756494562527171e-06
  1.369999999999993e+00  -2.489340554096800e+02  -2.982009765414031e+02  -1.512220962166180e+01  9.855532777074993e+01  1.798575296804987e+01  -1.793624928612595e+01  3.535031488042038e-06  1.184033598671023e-05  1.378749799059237e-05
  1.374999999999993e+00  -2.390336699104546e+02  -2.844521795666603e+02  -7.513701730789830e+00  1.067134240931484e+02  1.339007433391457e+01  -1.454252653406742e+01  3.954415905283320e-06  1.155680336734673e-05  1.800920072458557e-05
  1.379999999999993e+00  -2.383853266578856e+02  -2.829440004713470e+02  -1.119458274625268e+01  1.183133437865879e+02  1.591413634027104e+01  -1.471015258995470e+01  4.891196214645015e-06  1.061505203750349e-05  2.198740039272344e-05
  1.384999999999992e+00  -2.239610233977225e+02  -2.658642203942586e+02  -4.029875142094093e+00  1.254915118132217e+02  1.167781536899027e+01  -1.144347499807525e+01  5.420874819425064e-06  1.039504443310946e-05  2.594393267973279e-05
  1.389999999999992e+00  -2.187100660212118e+02  -2.604111958055252e+02  -6.955744634159707e+00  1.358336193970144e+02  1.389303990066774e+01  -1.149209529802463e+01  6.517932168092086e-06  9.415748405214834e-06  2.975135256877022e-05
  1.394999999999992e+00  -2.118542897956631e+02  -2.538889966577418e+02  -1.032862862638065e+01  1.457740921384143e+02  1.596875436120460e+01  -1.131473528364155e+01  7.696581561268590e-06  8.372250698001709e-06  3.348794696225309e-05
  1.399999999999992e+00  -1.912696013759854e+02  -2.319146203682179e+02  -3.376393710901155e+00  1.512350706707868e+02  1.208012266660984e+01  -8.353148610694848e+00  8.305950506458968e-06  8.336708345592258e-06  3.700468095206919e-05
  1.404999999999992e+00  -1.803856801399271e+02  -2.218418523283535e+02  -6.079147811040731e+00  1.597175173838829e+02  1.384563725949950e+01  -8.143999624923177e+00  9.524564439813960e-06  7.399030521867214e-06  4.049842459520075e-05
  1.409999999999992e+00  -1.570047566894918e+02  -1.978972624918144e+02  -9.223090631527109e-02  1.640901613190646e+02  1.044141372956486e+01  -5.520312022530602e+00  1.011969482221649e-05  7.561179652910466e-06  4.364032673365942e-05
  1.414999999999992e+00  -1.429330040508707e+02  -1.851840067204891e+02  -2.575972153044462e+00  1.713715502289337e+02  1.205801033954372e+01  -5.232045190803435e+00  1.131467113315515e-05  6.728574911548298e-06  4.686134053185253e-05
  1.419999999999992e+00  -1.275088995327421e+02  -1.712738796534317e+02  -5.025143620926307e+00  1.777926483710603e+02  1.341845789501089e+01  -4.899716980357495e+00  1.246811351840668e-05  6.012716546648511e-06  4.994715140508176e-05
  1.424999999999992e+00  -1.007516713442802e+02  -1.445280987242895e+02  3.922044507510209e-01  1.803814807719933e+02  1.048086902330196e+01  -2.761088230846420e+00  1.292792720046682e-05  6.526534945733295e-06  5.251714827960105e-05
  1.429999999999992e+00  -8.305015181863811e+01  -1.286194680588368e+02  -1.771365660789392e+00  1.855478855235962e+02  1.173345976501207e+01  -2.429965719763023e+00  1.394215519335896e-05  6.006910114163665e-06  5.527274610284118e-05
  1.434999999999991e+00  -5.566660608821896e+01  -1.014944573732239e+02  2.566508255304243e+00  1.871148165594039e+02  9.295260566311578e+00  -6.678374202593772e-01  1.426585349206411e-05  6.757782657091095e-06  5.743330716023452e-05
  1.439999999999991e+00  -3.621085666964628e+01  -8.366539253683052e+01  7.693571428053504e-01  1.907085522904200e+02  1.025896352632070e+01  -4.699549792537940e-01  1.505571647319375e-05  6.569820412880205e-06  5.983641453485770e-05
  1.444999999999991e+00  -1.635542991826000e+01  -6.556101773628454e+01  -1.109406352951817e+00  1.937432125429318e+02  1.117989046249739e+01  -2.202419674776303e-01  1.572331149647720e-05  6.479516452149965e-06  6.206716535391098e-05
  1.449999999999991e+00  1.118528353202249e+01  -3.800500851521301e+01  2.516456339763411e+00  1.937191784983650e+02  9.142086549191813e+00  1.088990872121346e+00  1.573362446172870e-05  7.620442163665690e-06  6.362064799150413e-05
  1.454999999999991e+00  3.171493893711086e+01  -1.875609714007615e+01  9.235243976714067e-01  1.952568245659901e+02  9.795644893521146e+00  1.168409008024348e+00  1.608833137857455e-05  7.901223007860646e-06  6.546824363212785e-05
  1.459999999999991e+00  5.768695861272314e+01  7.559246801794746e+00  3.405971059207571e+00  1.944210708839141e+02  8.135466710273198e+00  2.188391992681571e+00  1.587826506832433e-05  9.241620870631471e-06  6.664651062810726e-05
  1.464999999999991e+00  7.806995854006919e+01  2.714921074138851e+01  2.205588824997568e+00  1.948606247211265e+02  8.695332062813309e+00  2.197206840320267e+00  1.590028981804569e-05  9.805166692366958e-06  6.807667366083453e-05
  1.469999999999991e+00  9.817563910209211e+01  4.680039779642483e+01  7.830418291939188e-01  1.945033171108257e+02  9.055102557174607e+00  2.099049054977778e+00  1.571541250168201e-05  1.057843422985738e-05  6.933128014289810e-05
  1.474999999999991e+00  1.214124320530242e+02  7.141292619215351e+01  2.653224191790031e+00  1.924740524832912e+02  7.663126245880329e+00  2.856063593015586e+00  1.509024077554422e-05  1.223282701540526e-05  6.993071973033858e-05
  1.479999999999990e+00  1.404251228610699e+02  9.076760123413543e+01  1.633583119581456e+00  1.911735402140688e+02  7.891472020965518e+00  2.692328232380626e+00  1.453471793163169e-05  1.327666512984853e-05  7.075302267556765e-05
  1.484999999999990e+00  1.605136250190650e+02  1.130586609424224e+02  2.643391946466967e+00  1.886155464439943e+02  6.800455209193545e+00  3.317113362639495e+00  1.364643493667422e-05  1.504728792784890e-05  7.102497834118762e-05
  1.489999999999990e+00  1.778895560100090e+02  1.317872550919539e+02  1.727946014912916e+00  1.862443905204848e+02  6.754469067450485e+00  3.049714649694990e+00  1.269586501471282e-05  1.640241829620995e-05  7.144680027053619e-05
  1.494999999999990e+00  1.943227629308535e+02  1.500889236446820e+02  8.861201305980284e-01  1.834865421490158e+02  6.634890788062954e+00  2.740199088972503e+00  1.153732444271512e-05  1.787019242989253e-05  7.165369067813251e-05
  1.499999999999990e+00  2.096657297216216e+02  1.691824028506611e+02  1.518983254963171e+00  1.802355169785155e+02  5.704880670576579e+00  3.336487560853924e+00  1.021988968084824e-05  1.981115182779821e-05  7.141695794238748e-05
  1.504999999999990e+00  2.237952719374589e+02  1.863502575794393e+02  7.773327981258413e-01  1.766362893929824e+02  5.312530781602559e+00  2.991162302503711e+00  8.677883507756147e-06  2.152275619038029e-05  7.123638978958137e-05
  1.509999999999990e+00  2.350406862458545e+02  2.024218080575468e+02  6.754977606699414e-01  1.731843576164183e+02  4.652249614658201e+00  3.568534272364023e+00  7.108584940928796e-06  2.347506081431256e-05  7.074632035539848e-05
  1.514999999999990e+00  2.466231102413844e+02  2.183335149421008e+02  5.477349097340608e-01  1.691132992612583e+02  4.016115606398789e+00  3.303660574134766e+00  5.224610824172253e-06  2.532990968004980e-05  7.015286385507700e-05
  1.519999999999990e+00  2.568064694732025e+02  2.334792379822278e+02  3.505941217611523e-02  1.646156130231868e+02  3.244261432273183e+00  2.980754322575865e+00  3.139782194635487e-06  2.728848687583293e-05  6.940426845843586e-05
  1.524999999999989e+00  2.624313772818667e+02  2.456960691307625e+02  -2.227119073548481e-01  1.609613079138656e+02  2.724187371008101e+00  3.686183624035443e+00  1.201963474695960e-06  2.924843785848167e-05  6.850172799087502e-05
  1.529999999999989e+00  2.698134948439464e+02  2.594357958510650e+02  -1.524899299893084e-02  1.562000040950118e+02  1.667522528822327e+00  3.520743005505792e+00  -1.170949376032867e-06  3.127225738676707e-05  6.737487186267060e-05
  1.534999999999989e+00  2.713041145887865e+02  2.686620896013441e+02  -8.408200268897665e-01  1.525997218466758e+02  1.457185740457836e+00  4.232941405816528e+00  -3.319807417810113e-06  3.315729567364382e-05  6.627764063108414e-05
  1.539999999999989e+00  2.757003976907729e+02  2.806992860694641e+02  -5.473912392840614e-01  1.475239876566452e+02  1.230493109237707e-01  4.220851714377200e+00  -5.953363145112261e-06  3.522402913432317e-05  6.486894143172521e-05
  1.544999999999989e+00  2.787851736022512e+02  2.922357339737816e+02  1.119057319738457e-01  1.423747132474189e+02  -1.371502795731609e+00  4.286768702351556e+00  -8.713588792170963e-06  3.728720950231141e-05  6.328054396521493e-05
  1.549999999999989e+00  2.749081353024339e+02  2.978004910197703e+02  -8.110059970665003e-01  1.389470503697639e+02  -1.380983497728888e+00  5.126121624566964e+00  -1.112130669692748e-05  3.903615050197002e-05  6.187539089846980e-05
  1.554999999999989e+00  2.751366937376201e+02  3.077380028722725e+02  -5.267299541309575e-02  1.336600752875235e+02  -3.143434175209268e+00  5.420039475009938e+00  -1.406594989251256e-05  4.105847630280759e-05  6.006700330438134e-05
  1.559999999999989e+00  2.676889487075142e+02  3.107529729332200e+02  -1.658543202745876e+00  1.304669396314208e+02  -2.776569325753482e+00  6.156351107918749e+00  -1.661378145020103e-05  4.266585689041442e-05  5.852745997053102e-05
  1.564999999999989e+00  2.655236258334400e+02  3.196576292056774e+02  1.119860369819215e-01  1.252739870890507e+02  -4.826135182207323e+00  6.744436334514186e+00  -1.967497836137273e-05  4.457290387567718e-05  5.645295672860677e-05
  1.569999999999989e+00  2.620593898345581e+02  3.278953577820310e+02  1.449570809708768e+00  1.199897212107660e+02  -7.009537173469655e+00  7.450361892549306e+00  -2.280264874442438e-05  4.643428742421566e-05  5.433444678029449e-05
  1.574999999999988e+00  2.504541364470691e+02  3.282009515337114e+02  -3.825469026051438e-01  1.171660052643914e+02  -6.337418022364068e+00  8.148505614070631e+00  -2.547499973155952e-05  4.779972091071487e-05  5.257593913693309e-05
  1.579999999999988e+00  2.450785753811324e+02  3.357844724643671e+02  2.029018897241872e+00  1.120689594718920e+02  -8.773208328435150e+00  9.172327404371948e+00  -2.863436293758811e-05  4.947817783445668e-05  5.024297787000414e-05
  1.584999999999988e+00  2.311604196472805e+02  3.345504405931510e+02  -5.037851789460028e-01  1.095100685775434e+02  -7.667699442488424e+00  9.592759902892222e+00  -3.136688118070007e-05  5.066298333081045e-05  4.837599543806197e-05
  1.589999999999988e+00  2.239571411993828e+02  3.413433882906223e+02  1.830978122429584e+00  1.045186308010021e+02  -1.029122017937241e+01  1.087391551421631e+01  -3.452015665567015e-05  5.215104381380347e-05  4.596446653507589e-05
  1.594999999999988e+00  2.162764522881792e+02  3.483092542073192e+02  4.918655333837424e+00  9.962207952548509e+01  -1.305366083322192e+01  1.236844553957577e+01  -3.764679002874002e-05  5.351293357984337e-05  4.345018291430613e-05
  1.599999999999988e+00  2.001044850510920e+02  3.458695609123271e+02  1.942292357815986e+00  9.744795184133260e+01  -1.154271799084138e+01  1.248768033894870e+01  -4.035856567974538e-05  5.438534812323310e-05  4.141822507438728e-05
  1.604999999999988e+00  1.912957438711576e+02  3.525932559923251e+02  4.878060367627360e+00  9.269156414370985e+01  -1.443748430882870e+01  1.421175851028080e+01  -4.339977711322357e-05  5.551427936766690e-05  3.886601131249799e-05
  1.609999999999988e+00  1.743186325171475e+02  3.498143914572559e+02  1.131627994306530e+00  9.074130105946470e+01  -1.250065438285571e+01  1.387731720061762e+01  -4.607393744560088e-05  5.617901072975294e-05  3.673861026633357e-05
  1.614999999999988e+00  1.652404187239182e+02  3.571053303748922e+02  5.032916416397269e+00  8.619921503271304e+01  -1.546248454076122e+01  1.580905043778568e+01  -4.896954612293671e-05  5.702077609010770e-05  3.404756322537559e-05
  1.619999999999987e+00  1.559622205490224e+02  3.645987970391521e+02  8.522012533643798e+00  8.169197319428329e+01  -1.852507450924750e+01  1.791847634367059e+01  -5.177988129116477e-05  5.773794401133223e-05  3.139471529358034e-05
  1.624999999999987e+00  1.389829326009380e+02  3.623680323963879e+02  4.186628845942082e+00  8.001634403946230e+01  -1.613249354108160e+01  1.703891148914080e+01  -5.428131168358886e-05  5.804203650304878e-05  2.911669385053196e-05
  1.629999999999987e+00  1.301703959659153e+02  3.709261877586440e+02  8.479672315207479e+00  7.569404825185853e+01  -1.916495629380534e+01  1.926642039438357e+01  -5.687717985633208e-05  5.844756786741234e-05  2.634006187993940e-05
  1.634999999999987e+00  1.141025629445208e+02  3.696846380482789e+02  3.599479662293790e+00  7.411894818206932e+01  -1.641464834722248e+01  1.785034184918639e+01  -5.923452406520838e-05  5.852008869585193e-05  2.395663995150290e-05
  1.639999999999987e+00  1.058812348310142e+02  3.792575163622834e+02  7.397778115100238e+00  6.992779901029547e+01  -1.939777209713224e+01  2.010978805310152e+01  -6.158678191011069e-05  5.863982609259883e-05  2.117278380338103e-05
  1.644999999999987e+00  9.842607474006228e+01  3.897946133400631e+02  1.191022497792876e+01  6.579049351342995e+01  -2.236933254918392e+01  2.249427139181110e+01  -6.378459657839447e-05  5.858934274872638e-05  1.831694237021666e-05
  1.649999999999987e+00  8.452114103085896e+01  3.906836077520967e+02  6.464263273624799e+00  6.434172980367363e+01  -1.919346211865114e+01  2.041819434091727e+01  -6.581139616868359e-05  5.826158730782680e-05  1.577805722223785e-05
  1.654999999999987e+00  7.833048821534615e+01  4.026521074961809e+02  1.039229913888114e+01  6.032361922155641e+01  -2.202930767764607e+01  2.272734780747883e+01  -6.770851727504662e-05  5.791776071059316e-05  1.290623858586970e-05
  1.659999999999987e+00  6.676007020284007e+01  4.055542482906508e+02  4.768516527323508e+00  5.889212888640517e+01  -1.864130151875982e+01  2.019934236685268e+01  -6.947438396771946e-05  5.732825245737209e-05  1.025491835911088e-05
  1.664999999999986e+00  6.245986315306636e+01  4.193507173493031e+02  8.927254884203627e+00  5.494470260400654e+01  -2.123096539037316e+01  2.234830670469835e+01  -7.103021313539867e-05  5.666000647127221e-05  7.269443217118440e-06
  1.669999999999986e+00  5.370855449372537e+01  4.245699865469787e+02  3.362613153990367e+00  5.348814197960682e+01  -1.773292791741688e+01  1.946017678771253e+01  -7.248533485750177e-05  5.579745963561217e-05  4.512452102464583e-06
  1.674999999999986e+00  5.131709641475434e+01  4.400772545669880e+02  6.839074061256736e+00  4.967140336965618e+01  -2.008752030925561e+01  2.142299740518406e+01  -7.367645520957119e-05  5.483058933267921e-05  1.497274906261929e-06
  1.679999999999986e+00  5.016886303802696e+01  4.566300525885085e+02  1.065788071047639e+01  4.584945037905688e+01  -2.232639487509455e+01  2.332724662483143e+01  -7.466097935564096e-05  5.371349728610497e-05  -1.580234137916927e-06
  1.684999999999986e+00  4.563675554165699e+01  4.651304290839831e+02  4.970245180776502e+00  4.440222351930835e+01  -1.861519778321913e+01  1.998834713157564e+01  -7.556857389278282e-05  5.240172846344118e-05  -4.472381037298822e-06
  1.689999999999986e+00  4.666422985067305e+01  4.833525496718025e+02  8.098830990535413e+00  4.074422267922943e+01  -2.055510818356485e+01  2.161941031105368e+01  -7.615019671864897e-05  5.099169797220852e-05  -7.585321631521922e-06
  1.694999999999986e+00  4.557271482148077e+01  4.943838343049228e+02  2.997862389268660e+00  3.926779163931380e+01  -1.692046400477946e+01  1.820949655843009e+01  -7.664549220034310e-05  4.938131775451888e-05  -1.056264358008851e-05
  1.699999999999986e+00  4.889860624906055e+01  5.141086825781778e+02  5.724192616759974e+00  3.564874823476391e+01  -1.851795040408546e+01  1.946953384779595e+01  -7.680231760652721e-05  4.768297262959382e-05  -1.374359894078153e-05
  1.704999999999986e+00  5.339278189854181e+01  5.346113441689635e+02  8.346365453999205e+00  3.220216550586368e+01  -1.996835780359544e+01  2.062520067948494e+01  -7.673524455306149e-05  4.585977960335316e-05  -1.693873038011282e-05
  1.709999999999986e+00  5.674687738917520e+01  5.485092202641507e+02  3.472784798378861e+00  3.077246534730511e+01  -1.631923054683448e+01  1.708553070542255e+01  -7.656813669981532e-05  4.379269129250472e-05  -1.998103555250662e-05
  1.714999999999985e+00  6.333785976299242e+01  5.700100329825431e+02  5.495432101494456e+00  2.739385714273629e+01  -1.742015454477947e+01  1.781817213850517e+01  -7.606095883434744e-05  4.171171361166664e-05  -2.320738302543372e-05
  1.719999999999985e+00  6.987793371394177e+01  5.858137286045469e+02  1.475065453374160e+00  2.597751562714570e+01  -1.405666898635899e+01  1.451637122202769e+01  -7.541464465465659e-05  3.935243879441963e-05  -2.626081254312371e-05
  1.724999999999985e+00  7.837002881506906e+01  6.080100413339528e+02  3.002133393422302e+00  2.293185654696657e+01  -1.479876276497242e+01  1.492953660969812e+01  -7.445753741875735e-05  3.700986597395142e-05  -2.948507647018075e-05
  1.729999999999985e+00  8.770267610887869e+01  6.303240952723924e+02  4.266490975108784e+00  1.990221096144733e+01  -1.538901856162071e+01  1.506676206446189e+01  -7.327976357999073e-05  3.459364377816032e-05  -3.270491201076569e-05
  1.734999999999985e+00  9.777648581456094e+01  6.475476927895694e+02  7.634029503750946e-01  1.865469695394090e+01  -1.222669268991542e+01  1.200998537429900e+01  -7.192125255391762e-05  3.181684478901809e-05  -3.570198083908997e-05
  1.739999999999985e+00  1.085051530509086e+02  6.697819873509152e+02  1.623495173642577e+00  1.605657548796720e+01  -1.247200565810771e+01  1.184005322959249e+01  -7.029648432375327e-05  2.916666192097574e-05  -3.887721909080322e-05
  1.744999999999985e+00  1.208516008417716e+02  6.877462971282969e+02  -7.109319612993850e-01  1.491332210721075e+01  -9.717523443143977e+00  9.303290355264410e+00  -6.845646080814595e-05  2.613832820643974e-05  -4.181256547521883e-05
  1.749999999999985e+00  1.323912871768324e+02  7.091149311047712e+02  -7.271041072041357e-01  1.251611628132250e+01  -9.726100663762834e+00  8.753913792179695e+00  -6.640421851444083e-05  2.332886961099363e-05  -4.487070620296322e-05
  1.754999999999985e+00  1.443749551493731e+02  7.300586512504871e+02  -5.189696556342116e-01  1.049346639603771e+01  -9.517784029428533e+00  8.022237548278520e+00  -6.414270084858427e-05  2.043452964327186e-05  -4.791312811323812e-05
  1.759999999999984e+00  1.584531212670058e+02  7.472912086838681e+02  -2.182866286917495e+00  9.660525758227998e+00  -7.142200249655387e+00  6.034321485601660e+00  -6.163157330130777e-05  1.708926335418406e-05  -5.064838490123505e-05
  1.764999999999984e+00  1.705237983000732e+02  7.664728929241443e+02  -2.816962838156271e+00  7.903486841130129e+00  -6.751206793111709e+00  4.985826920854759e+00  -5.897719068090002e-05  1.408794118977031e-05  -5.350942210533770e-05
  1.769999999999984e+00  1.853267801764527e+02  7.827941723657979e+02  -3.438409683954194e+00  7.261407447815344e+00  -4.884437180116822e+00  3.640853344532703e+00  -5.604763183805747e-05  1.058362177175254e-05  -5.608690156359227e-05
  1.774999999999984e+00  1.971743880170648e+02  7.998401768790591e+02  -4.136868144173008e+00  6.118596107665132e+00  -4.240949948915865e+00  2.452670698564277e+00  -5.302069899825550e-05  7.444666866554291e-06  -5.878416130425196e-05
  1.779999999999984e+00  2.086349048970654e+02  8.154779168276199e+02  -5.263533775773221e+00  5.107465011431680e+00  -3.518788661139574e+00  1.004380097539496e+00  -4.983438796410823e-05  4.325097715895061e-06  -6.136331417273140e-05
  1.784999999999984e+00  2.229760095721903e+02  8.287511605679472e+02  -5.200838413001296e+00  4.872038499823432e+00  -2.131584525612258e+00  3.508502506469922e-01  -4.637334663418422e-05  6.605276047685849e-07  -6.362425976057488e-05
  1.789999999999984e+00  2.334445252355812e+02  8.413828940225090e+02  -6.325588641836320e+00  4.516295137406391e+00  -1.215543490670016e+00  -1.152252809926055e+00  -4.287365717488489e-05  -2.544230176882802e-06  -6.599086044343007e-05
  1.794999999999984e+00  2.470125807284897e+02  8.522791126155117e+02  -5.302467775199810e+00  4.495001385054667e+00  -3.133182965543410e-01  -1.200253923371201e+00  -3.913122325083741e-05  -6.243837433235006e-06  -6.805307396361073e-05
  1.799999999999984e+00  2.558629269523992e+02  8.612682495380069e+02  -7.068669772458548e+00  4.498339561373490e+00  6.420825389834710e-01  -2.810706639497166e+00  -3.537762125778820e-05  -9.420929838014670e-06  -7.012096704954279e-05
  1.804999999999984e+00  2.639399526599162e+02  8.683958350997477e+02  -8.499866866245979e+00  4.956940731018384e+00  1.761031122037030e+00  -4.491205130071532e+00  -3.151236586505339e-05  -1.261194910617922e-05  -7.210134928376962e-05
  1.809999999999983e+00  2.750608154216335e+02  8.743319267725891e+02  -6.920998944499376e+00  5.334567093624688e+00  2.169116927409480e+00  -3.903531423867278e+00  -2.746206741000601e-05  -1.628170906460231e-05  -7.380053854545765e-05
  1.814999999999983e+00  2.810081856844687e+02  8.773063188026604e+02  -8.825961122961910e+00  6.147713033343812e+00  3.301118528310860e+00  -5.598087560067161e+00  -2.342581861266184e-05  -1.939148199641041e-05  -7.546895181966427e-05
  1.819999999999983e+00  2.900793405483359e+02  8.797321662213268e+02  -6.556930164087650e+00  6.720438734621418e+00  3.271539198877430e+00  -4.596152417431778e+00  -1.926856426153666e-05  -2.296396590740860e-05  -7.697181134738212e-05
  1.824999999999983e+00  2.937362485496535e+02  8.783660277868690e+02  -8.372160525801458e+00  8.107361438376801e+00  4.499003143571907e+00  -6.172508493735915e+00  -1.511829285784516e-05  -2.602082480362921e-05  -7.839271393807374e-05
  1.829999999999983e+00  2.961559789340320e+02  8.747337395709351e+02  -1.031643468999111e+01  9.671702503107328e+00  5.768681959060338e+00  -7.819797273191694e+00  -1.093202840306790e-05  -2.899212512311844e-05  -7.966172982612832e-05
  1.834999999999983e+00  3.015344446457162e+02  8.711454496419672e+02  -7.635119308828909e+00  1.052624681742737e+01  5.306628234255050e+00  -6.397212679532575e+00  -6.738551003261645e-06  -3.235171536557186e-05  -8.085330513387888e-05
  1.839999999999983e+00  3.013787144584416e+02  8.629333411943080e+02  -9.540188298140832e+00  1.257108510733469e+01  6.642936298698852e+00  -7.874796292850447e+00  -2.535553614174904e-06  -3.521792216186524e-05  -8.189484661209847e-05
  1.844999999999983e+00  3.041252361305991e+02  8.554027147370950e+02  -6.393142047470314e+00  1.350816836152056e+01  5.832802102220251e+00  -6.301662764112038e+00  1.571525816026926e-06  -3.836350027487547e-05  -8.295141941763525e-05
  1.849999999999983e+00  3.013562726816720e+02  8.427025329116206e+02  -8.434669376547134e+00  1.579473663978130e+01  7.182444306505545e+00  -7.667952465561129e+00  5.723542996497914e-06  -4.104367552488882e-05  -8.375197132766956e-05
  1.854999999999982e+00  2.972605728165396e+02  8.276248625490479e+02  -1.040326572550653e+01  1.835563371338965e+01  8.624458069170403e+00  -8.961584972981191e+00  9.835897382982968e-06  -4.366347191219958e-05  -8.447234579014303e-05
  1.859999999999982e+00  2.960321824101643e+02  8.140136588940449e+02  -6.968517984941493e+00  1.938085659932438e+01  7.468243384157941e+00  -7.256006320169602e+00  1.370679766486627e-05  -4.645496184137003e-05  -8.534715699465723e-05
  1.864999999999982e+00  2.894456041773725e+02  7.946625941851893e+02  -8.981152204428300e+00  2.209823775209206e+01  8.947981352355407e+00  -8.412468658235314e+00  1.767228471761556e-05  -4.886037157458890e-05  -8.588608612980387e-05
  1.869999999999982e+00  2.856696939913867e+02  7.773447720113996e+02  -5.143730075247865e+00  2.310404071581420e+01  7.525444348107999e+00  -6.800787431358991e+00  2.129092553396005e-05  -5.137068275944154e-05  -8.673141626273739e-05
  1.874999999999982e+00  2.766388862597288e+02  7.537198711213898e+02  -7.328826782605217e+00  2.598583476536791e+01  9.053361546266078e+00  -7.790600059320827e+00  2.504117407625093e-05  -5.357249123358579e-05  -8.716088253330124e-05
  1.879999999999982e+00  2.665300074765010e+02  7.281664086566220e+02  -9.384628496440696e+00  2.895666083314374e+01  1.067889264970972e+01  -8.716181920271486e+00  2.868487655478748e-05  -5.566929425369577e-05  -8.752859254832760e-05
  1.884999999999982e+00  2.593844111234424e+02  7.055658253683291e+02  -5.289188518875394e+00  2.984889772791912e+01  8.986045363420770e+00  -7.231620049316627e+00  3.183879328802440e-05  -5.774823659457555e-05  -8.835381081965755e-05
  1.889999999999982e+00  2.471363907261444e+02  6.761495031869813e+02  -7.604846274045850e+00  3.284584240039909e+01  1.066303265089686e+01  -8.020267986432067e+00  3.518201055535769e-05  -5.961886744148946e-05  -8.867594870601071e-05
  1.894999999999982e+00  2.380156555609203e+02  6.505046748996622e+02  -3.224925806063768e+00  3.360622539519360e+01  8.735084888856903e+00  -6.784935904633078e+00  3.796332432055137e-05  -6.138927694465451e-05  -8.955339849418448e-05
  1.899999999999981e+00  2.240977862986948e+02  6.179177344058040e+02  -5.433456744703570e+00  3.657308871817465e+01  1.051258459061687e+01  -7.486302622547860e+00  4.096537171390506e-05  -6.301476443717569e-05  -8.985666982032720e-05
  1.904999999999981e+00  2.091932801946778e+02  5.834704161698908e+02  -7.967147358519354e+00  3.952468177800714e+01  1.235555363571656e+01  -8.111478651145665e+00  4.379191926977636e-05  -6.454194021060713e-05  -9.015805516344571e-05
  1.909999999999981e+00  1.978154170258860e+02  5.538502382080882e+02  -3.279458734002598e+00  4.003827117684348e+01  1.019058390339113e+01  -7.153904614024513e+00  4.595740514846958e-05  -6.586528827349814e-05  -9.114099633730027e-05
  1.914999999999981e+00  1.816555795057767e+02  5.167993248590517e+02  -5.741663304765378e+00  4.289960857374989e+01  1.213775840151547e+01  -7.730374824153747e+00  4.838212671210323e-05  -6.714655312587758e-05  -9.146711121650731e-05
  1.919999999999981e+00  1.691249342929424e+02  4.850863467956712e+02  -6.965176862966156e-01  4.325826750180428e+01  9.772992196824466e+00  -7.048406589503694e+00  5.011755948732321e-05  -6.817916272536233e-05  -9.256174373374147e-05
  1.924999999999981e+00  1.517759125120938e+02  4.454484997080262e+02  -3.533660867306953e+00  4.591281353720088e+01  1.174500381846887e+01  -7.613397100616998e+00  5.210173218363386e-05  -6.921179007651098e-05  -9.293737487378544e-05
  1.929999999999981e+00  1.339507595954449e+02  4.047840950964477e+02  -6.355537574660559e+00  4.856812835677487e+01  1.384476725734510e+01  -8.136741309010013e+00  5.387833126752056e-05  -7.014995071634402e-05  -9.332692820448248e-05
  1.934999999999981e+00  1.203014190911838e+02  3.705205443200238e+02  -9.566460294455860e-01  4.866306830345494e+01  1.124167166062524e+01  -7.742473689957222e+00  5.493785121817063e-05  -7.075845336605362e-05  -9.456135469588611e-05
  1.939999999999981e+00  1.016837517893479e+02  3.278816318143716e+02  -4.104931658722286e+00  5.106305202951528e+01  1.334590224035680e+01  -8.307870181737474e+00  5.624424224443041e-05  -7.144923685075434e-05  -9.501016399479711e-05
  1.944999999999981e+00  8.751165600923390e+01  2.923629753028498e+02  1.539033572612699e+00  5.104221742386132e+01  1.054534645889101e+01  -8.107122539947746e+00  5.687889258045727e-05  -7.179315842556895e-05  -9.632213465871407e-05
  1.949999999999980e+00  6.847103835751351e+01  2.484515049824535e+02  -1.563843749728946e+00  5.333956271549759e+01  1.270185244666506e+01  -8.710674390850523e+00  5.771574463211400e-05  -7.225168554644910e-05  -9.680967667280523e-05
  1.954999999999980e+00  4.903576175235546e+01  2.036560205334215e+02  -5.038577345807989e+00  5.546769122988601e+01  1.488439986426464e+01  -9.346047951873878e+00  5.832059463496312e-05  -7.260727239130393e-05  -9.730737578417741e-05
  1.959999999999980e+00  3.453182852140811e+01  1.668700605144386e+02  9.638015245810415e-01  5.529475904824034e+01  1.184485958187445e+01  -9.320193859428084e+00  5.830767927488696e-05  -7.255929535142109e-05  -9.868319212320756e-05
  1.964999999999980e+00  1.485714597000126e+01  1.212810308638008e+02  -2.525113015856002e+00  5.735805760223723e+01  1.402107179571898e+01  -1.001796938178685e+01  5.844626451546277e-05  -7.268816579296191e-05  -9.917550504777031e-05
  1.969999999999980e+00  1.640806186477548e-01  8.394961971043118e+01  3.572190866529763e+00  5.719088553775991e+01  1.084991551146734e+01  -1.003539015922615e+01  5.806124736742887e-05  -7.240010503877230e-05  -1.005426847969879e-04
  1.974999999999980e+00  -1.966510350473969e+01  3.775711604448493e+01  5.499435798385481e-02  5.902774341013841e+01  1.292580849662700e+01  -1.083583495931931e+01  5.774454019964561e-05  -7.228629968585827e-05  -1.010071902319169e-04
  1.979999999999980e+00  -3.973084773322485e+01  -8.739178181219422e+00  -3.758280846001397e+00  6.090753255351208e+01  1.503361699696106e+01  -1.166560994484100e+01  5.720963502136178e-05  -7.208985166385909e-05  -1.014209367616105e-04
  1.984999999999980e+00  -5.449960022460760e+01  -4.631593146647607e+01  2.553017538630239e+00  6.078767541023371e+01  1.166321303178628e+01  -1.167909521123710e+01  5.627669207838242e-05  -7.142684374246347e-05  -1.026807013117439e-04
  1.989999999999980e+00  -7.455215364520997e+01  -9.282747296922372e+01  -1.084038049132386e+00  6.248541059018283e+01  1.362275545393307e+01  -1.261149113789032e+01  5.532156524084411e-05  -7.098716585110004e-05  -1.030006880447499e-04
  1.994999999999979e+00  -8.954218948612910e+01  -1.304065352258967e+02  5.055626076887056e+00  6.251851553857839e+01  1.022133362021185e+01  -1.252438994335617e+01  5.410589000975260e-05  -7.008801395416200e-05  -1.041097547896029e-04
  1.999999999999979e+00  -1.097370812806881e+02  -1.767386657994596e+02  1.340668714105095e+00  6.431846782393835e+01  1.203228928925714e+01  -1.348551642795666e+01  5.276843768993531e-05  -6.942951798351245e-05  -1.042576318638095e-04
