TITLE = "Temporal Signal for receiver number 00004"
VARIABLES = "Time","s_xx","s_yy","s_zz","s_xy","s_yz","s_xz","v1","v2","v3"
# x1       2.000000000000e+03
# x2       -7.866025403784e+03
# x3       -1.162435565298e+04
# cell-global-id 14538
  0.000000000000000e+00  0.000000000000000e+00  0.000000000000000e+00  0.000000000000000e+00  0.000000000000000e+00  0.000000000000000e+00  0.000000000000000e+00  0.000000000000000e+00  0.000000000000000e+00  0.000000000000000e+00
  5.000000000000000e-03  0.000000000000000e+00  0.000000000000000e+00  0.000000000000000e+00  0.000000000000000e+00  0.000000000000000e+00  0.000000000000000e+00  0.000000000000000e+00  0.000000000000000e+00  0.000000000000000e+00
  1.000000000000000e-02  1.646094794640967e-03  8.178861209079106e-03  5.333146109689298e-03  -1.929859451211472e-03  3.417004479363185e-03  -1.557345570891454e-03  -3.411707296306187e-10  5.616408902927488e-10  3.720981585310515e-10
  1.500000000000000e-02  1.398891001349484e-01  4.476216704506650e-02  4.868841584214969e-02  -6.262813454544454e-02  1.133331555630061e-02  -2.928842770286810e-02  -6.162925364286378e-09  5.157643939244219e-09  1.594079117939786e-09
  2.000000000000000e-02  -2.439149936817138e+00  -2.059717954464209e+00  -2.373469022191167e+00  8.792431781863744e-01  -7.870857094228992e-01  1.232615312707534e+00  2.028058473745504e-07  -1.233908390245836e-07  -1.675618434114007e-07
  2.500000000000000e-02  2.111869718310283e+00  1.920966706727298e+00  7.245034652391370e-01  -3.822915416096627e-01  3.173377321511651e-01  1.555530903958965e-02  -1.383833788492346e-07  9.102945740227035e-08  4.244050620686174e-08
  3.000000000000000e-02  1.056160774134277e+01  6.946808585320862e+00  7.477033843874508e+00  -2.233791649418071e+00  1.825811356206175e+00  -3.380579101995845e+00  -7.578234379664725e-07  3.327274435739719e-07  4.977221406844346e-07
  3.500000000000000e-02  8.909483505536389e+00  2.358479381661685e+00  5.107963911437073e+00  -6.127521527429262e-02  -7.241118721315799e-02  -3.659430050904255e+00  -5.978225601774940e-07  2.510323692145455e-08  3.072175254176232e-07
  4.000000000000000e-02  -1.028806034523633e+01  -7.900760254938388e+00  -1.146463966818548e+01  5.715873026648682e+00  -3.414414173349650e+00  2.964279658295627e+00  8.449913634885267e-07  -3.905072450379762e-07  -8.415180435962172e-07
  4.500000000000000e-02  -1.764295212518994e+01  -5.008306127296932e+00  -2.006125457049476e+01  5.434266450778083e+00  -2.965657764589777e+00  5.461844959910079e+00  1.413177836905255e-06  -3.574165422870758e-08  -1.322694879685462e-06
  5.000000000000000e-02  -1.065165884504125e+01  1.072733016520091e+01  -1.181503451415889e+01  3.414729872977127e-01  1.222489960400544e+00  1.483734144144601e+00  8.681962487557503e-07  8.519049547857616e-07  -5.997416353308771e-07
  5.499999999999999e-02  1.472766369676358e+00  1.624215629139373e+01  2.066026379447931e+00  -2.624400713510409e+00  1.166053323051047e+00  -2.347222885544765e+00  4.449163646126880e-09  8.770837103463109e-07  4.061456382988934e-07
  5.999999999999999e-02  4.025483227303693e+00  2.184713628372795e+00  1.150674086866434e+01  5.538272489503725e-01  -3.935294531099470e+00  -5.286739548755642e+00  -2.703367294485804e-07  -4.888736045644685e-07  1.158954517879106e-06
  6.499999999999999e-02  8.590580516697049e-01  -1.936869929069156e+01  1.374518754350180e+01  5.366160175905614e+00  -8.074510113415656e+00  -2.897354619058391e+00  -1.387045437380873e-08  -1.884645828557894e-06  1.296769928135383e-06
  6.999999999999999e-02  -6.325012149919821e-01  -2.704253673697161e+01  1.401014020171379e+01  6.673843593889427e+00  -5.185822793375506e+00  -1.795186340889028e+00  6.455473325783979e-08  -2.158946332728428e-06  1.222107628407890e-06
  7.500000000000000e-02  1.011581096925675e+01  -1.403771509706048e+01  1.549486860778423e+01  -2.647010070672118e+00  5.730730302816117e+00  -2.438735735857810e+00  -5.975140670317922e-07  -7.406920389461083e-07  1.150765849051858e-06
  8.000000000000000e-02  2.094143394904098e+01  7.360152484384386e+00  1.149388259125449e+01  -1.507895173509382e+01  1.582465470126413e+01  -5.475378588539499e+00  -1.466124436468574e-06  1.107538110416969e-06  6.701801817420685e-07
  8.500000000000001e-02  2.439168052929437e+01  2.066222364405074e+01  1.715871625062248e+00  -2.468932936173345e+01  1.894501992192109e+01  -9.249602648243291e+00  -2.108376802831567e-06  2.351424468861779e-06  2.148774274176468e-10
  9.000000000000001e-02  7.869389714834756e+00  1.954684638815615e+01  -1.781292746707602e+01  -2.840657326489829e+01  1.295101182571284e+01  -6.665478549473054e+00  -1.789942697912582e-06  2.804573294175431e-06  -1.646170526647009e-06
  9.500000000000001e-02  -1.875468897291210e+01  9.747851021075192e+00  -3.742914074783938e+01  -2.957181578978928e+01  4.474949856440628e+00  1.721010220826164e+00  -8.424253503573386e-07  3.006422275645556e-06  -3.321293828266413e-06
  1.000000000000000e-01  -4.211659053466099e+01  -7.866757758956351e-01  -5.095687599180130e+01  -3.083207045658686e+01  -4.805566650688331e+00  7.627144349112099e+00  -2.473247624146520e-07  3.181673523704811e-06  -4.525605392703106e-06
  1.050000000000000e-01  -3.696645303224546e+01  3.452297205461413e+00  -4.510564239220701e+01  -3.796449620095973e+01  -6.687845171591388e+00  4.193239647607884e+00  -1.027657200169560e-06  3.901992196681580e-06  -3.917365770795566e-06
  1.100000000000000e-01  2.072654592951034e+00  2.015682786489277e+01  -2.057964227502184e+01  -4.626125210541217e+01  -3.862290503083456e+00  -6.964237004254561e+00  -3.124777736052720e-06  4.477426491424908e-06  -1.731535802876558e-06
  1.150000000000000e-01  6.694289673220034e+01  4.474447401641827e+01  2.456537435819430e+01  -4.910749186429007e+01  3.390413609893993e+00  -3.065544836791269e+01  -6.015026791706495e-06  3.880400306188825e-06  2.752994213851189e-06
  1.200000000000000e-01  1.104107758125233e+02  4.779221267027012e+01  6.195970740477875e+01  -2.951288790287410e+01  3.557349710094732e+00  -4.639884321113612e+01  -6.585477004436817e-06  2.440232423658089e-07  6.995708073003661e-06
  1.250000000000000e-01  1.060965937394268e+02  2.562989440109546e+01  8.019301559719202e+01  7.986984394218187e+00  -5.199884985167123e+00  -4.664482053554812e+01  -4.143956596600632e-06  -5.148795403164819e-06  9.495308922937766e-06
  1.300000000000000e-01  1.016293530359018e+01  -4.824798927439156e+01  4.405936104951540e+01  8.183644693391533e+01  -3.272916688563308e+01  -1.468907473727053e+01  4.566921640540676e-06  -1.463445069136028e-05  8.053714245523676e-06
  1.350000000000000e-01  -9.700876382135270e+01  -1.036920339741462e+02  -2.292391889640605e+00  1.398712748214229e+02  -5.884310419741632e+01  2.342496944409039e+01  1.287423893962666e-05  -2.121193673981898e-05  4.894241815308908e-06
  1.400000000000000e-01  -2.161926162839983e+02  -1.486019878993005e+02  -7.088632900528819e+01  1.979739693914997e+02  -8.905820203530527e+01  7.323537334760347e+01  2.145340499498096e-05  -2.631283450760918e-05  -1.366091932524990e-06
  1.450000000000000e-01  -2.432397405298962e+02  -1.050751924919825e+02  -9.971931761353201e+01  2.074523586364894e+02  -9.792273556477922e+01  9.850051829600025e+01  2.281825950706645e-05  -2.360252349376341e-05  -6.734898514900804e-06
  1.500000000000000e-01  -8.678285437374021e+01  6.705166552047757e+01  -4.423282663167466e+01  1.322932234347923e+02  -7.320914976655368e+01  7.800705901666110e+01  1.112450066186050e-05  -1.042127793469802e-05  -7.356389656487100e-06
  1.550000000000001e-01  1.349226030525500e+02  3.059660899018530e+02  4.762711023096482e+01  2.790891607480875e+01  -2.356878104070393e+01  3.177089347397391e+01  -5.725439933228459e-06  8.947958462908232e-06  -6.457923341650456e-06
  1.600000000000001e-01  4.003680530867278e+02  5.769142808886903e+02  1.621410343110208e+02  -1.044481565470665e+02  4.599653088815420e+01  -3.229376173001310e+01  -2.615136392993291e-05  3.228720133493054e-05  -3.149156582962248e-06
  1.650000000000001e-01  6.785017818920481e+02  7.811555256741789e+02  2.631760676149530e+02  -2.352584691849586e+02  1.148239249580577e+02  -1.026195983438244e+02  -4.755387805134652e-05  5.214779988825076e-05  1.956660546463602e-06
  1.700000000000001e-01  7.769192992999408e+02  8.682602902860505e+02  2.759034045606659e+02  -3.170419734866229e+02  1.802798482021565e+02  -1.410179820528993e+02  -5.776829819625205e-05  6.670042988582497e-05  4.503180144685994e-06
  1.750000000000001e-01  7.911059234936829e+02  7.659274448195664e+02  2.213936808892174e+02  -3.401242526370283e+02  2.345049057824323e+02  -1.752290774927928e+02  -6.203383268743548e-05  6.875756410484611e-05  7.697060645442860e-06
  1.800000000000001e-01  5.977755971154712e+02  5.004769433761727e+02  6.120490634223093e+01  -3.067927311283587e+02  2.876928996120151e+02  -1.660889977044957e+02  -5.296916459858650e-05  6.262744437950845e-05  7.925287492987825e-06
  1.850000000000001e-01  3.101498169354156e+02  6.750542848780492e+01  -1.528698648343499e+02  -2.251274207347520e+02  3.509686532052324e+02  -1.476061801773039e+02  -3.742747961839293e-05  4.607649648350207e-05  8.772657721290427e-06
  1.900000000000001e-01  1.407270464976352e+01  -5.694771489169868e+02  -3.736932778983358e+02  -6.168489611351752e+01  4.403227301115708e+02  -1.830059009242522e+02  -2.038389136861384e-05  1.369645208514301e-05  1.574137686899235e-05
  1.950000000000001e-01  -3.786428734471244e+02  -1.344203007916393e+03  -6.287041032527791e+02  1.365077235256600e+02  5.561541916614027e+02  -1.994563395179638e+02  2.762092722495825e-06  -2.691689530272456e-05  2.252313622398312e-05
  2.000000000000001e-01  -8.323801224679082e+02  -2.336617576459975e+03  -9.076930607397172e+02  4.225754601246207e+02  6.950993985918240e+02  -2.427031267266977e+02  3.043463305662084e-05  -8.441847917899294e-05  3.238896563710676e-05
  2.050000000000001e-01  -1.405228217828192e+03  -3.693775029603914e+03  -1.249118268935057e+03  9.000088798430456e+02  8.323797859433269e+02  -3.577501852448144e+02  6.801777633842857e-05  -1.707281115365800e-04  4.689118813190033e-05
  2.100000000000001e-01  -2.197982276920121e+03  -5.368358603347438e+03  -1.716590774812644e+03  1.507992369137828e+03  9.526641820048969e+02  -4.344930902355049e+02  1.206027250788063e-04  -2.801738845403242e-04  5.636800351029755e-05
  2.150000000000001e-01  -3.260304268460669e+03  -7.544617235463998e+03  -2.329842146362831e+03  2.402721397635020e+03  1.027156782900577e+03  -5.597595328016500e+02  1.950249013435456e-04  -4.276753905943561e-04  6.590637586542905e-05
  2.200000000000001e-01  -4.670295838651672e+03  -1.016470107860115e+04  -3.165074184116086e+03  3.501404588014914e+03  1.046190665111159e+03  -6.156149362050269e+02  2.941396351518134e-04  -6.063965662823373e-04  6.526659382911913e-05
  2.250000000000001e-01  -6.453884316559197e+03  -1.329174508197838e+04  -4.212378651646410e+03  4.877412174052790e+03  1.005238806330698e+03  -6.453928855650317e+02  4.220330220971558e-04  -8.207424538821438e-04  5.782065287240426e-05
  2.300000000000001e-01  -8.583048728875157e+03  -1.689148300736591e+04  -5.384399583524471e+03  6.583168960563948e+03  9.150814860195063e+02  -6.993238861646139e+02  5.792294404452931e-04  -1.068034311350632e-03  4.882297810850297e-05
  2.350000000000001e-01  -1.113361520264555e+04  -2.093503699125583e+04  -6.778607645960355e+03  8.517309941975951e+03  7.751824212321891e+02  -6.646112670044986e+02  7.680761971515303e-04  -1.342721156820987e-03  2.922606399517139e-05
  2.400000000000001e-01  -1.404686943690450e+04  -2.536618456751654e+04  -8.276878141327441e+03  1.072415879185889e+04  6.073186847600715e+02  -6.047496525394967e+02  9.867346359459200e-04  -1.641384091854801e-03  6.768383880733348e-06
  2.450000000000001e-01  -1.722945922807396e+04  -3.007482676262284e+04  -9.711855929401518e+03  1.324111146856296e+04  4.349389830080605e+02  -5.914139483219997e+02  1.230424321991090e-03  -1.958265972251889e-03  -1.036179982134357e-05
  2.500000000000001e-01  -2.080703352972642e+04  -3.512395044335342e+04  -1.125560217061455e+04  1.598827753987071e+04  2.477911865548672e+02  -5.073160392931525e+02  1.504903511203815e-03  -2.294244097622935e-03  -3.273673226899849e-05
  2.550000000000001e-01  -2.465689471878080e+04  -4.042174052402483e+04  -1.268143326420215e+04  1.906861782296780e+04  4.358902426775366e+01  -4.786267043025753e+02  1.804922104402774e-03  -2.648651632896886e-03  -4.904786466756586e-05
  2.600000000000001e-01  -2.891347419692339e+04  -4.606250710224685e+04  -1.420806122570578e+04  2.241660858901040e+04  -1.949723025541164e+02  -3.604971821706571e+02  2.138228596259797e-03  -3.024595118769738e-03  -7.302047520594277e-05
  2.650000000000001e-01  -3.350324490994686e+04  -5.200588771313200e+04  -1.570812580804366e+04  2.609814928055870e+04  -4.798994220931136e+02  -2.133213726683418e+02  2.502002615707590e-03  -3.422959257629060e-03  -9.919857800372990e-05
  2.700000000000001e-01  -3.835564874660286e+04  -5.821322824209408e+04  -1.701045246011096e+04  3.018209749662037e+04  -8.218485707096031e+02  -1.238524245783246e+02  2.891357926397008e-03  -3.844117958467172e-03  -1.192410500390182e-04
  2.750000000000001e-01  -4.358173676726377e+04  -6.475677514028284e+04  -1.835343704327136e+04  3.458823772192891e+04  -1.214391186361810e+03  7.682144572901008e+01  3.312767460976189e-03  -4.288834370606610e-03  -1.494508591994256e-04
  2.800000000000001e-01  -4.918355532470570e+04  -7.165660553720336e+04  -1.962551621325462e+04  3.939568683737493e+04  -1.677512595136085e+03  3.264908566185279e+02  3.766645444440363e-03  -4.760556520976900e-03  -1.847165075206229e-04
  2.850000000000001e-01  -5.521710501814722e+04  -7.903420228873561e+04  -2.077524786000193e+04  4.474406892604889e+04  -2.282295086734769e+03  5.837381862913212e+02  4.255733245305759e-03  -5.271053951730933e-03  -2.234049833675617e-04
  2.900000000000001e-01  -6.182053581580642e+04  -8.690938325264008e+04  -2.204563181584804e+04  5.050146849894520e+04  -2.983146688057064e+03  1.023656426329479e+03  4.790184619545096e-03  -5.814990024194579e-03  -2.823207834802287e-04
  2.950000000000002e-01  -6.898113348321791e+04  -9.542144941563641e+04  -2.326493474369226e+04  5.689912189978726e+04  -3.883157998060392e+03  1.523283325074155e+03  5.367641824080942e-03  -6.407971929231091e-03  -3.519891028518332e-04
  3.000000000000002e-01  -7.683266217861640e+04  -1.045426629478727e+05  -2.464677209332295e+04  6.377921786612306e+04  -4.900454112340113e+03  2.228993298747426e+03  5.997981105384062e-03  -7.039711265124289e-03  -4.471110761600477e-04
  3.050000000000002e-01  -8.540410028172302e+04  -1.143462753678425e+05  -2.610309199327411e+04  7.126680574622682e+04  -6.083909441668729e+03  3.064520951511675e+03  6.681029409355836e-03  -7.717084045522384e-03  -5.609435774068961e-04
  3.100000000000002e-01  -9.453858488547563e+04  -1.247955439778804e+05  -2.739010610369422e+04  7.944804864174302e+04  -7.460857352657371e+03  3.910272966767548e+03  7.404107902353214e-03  -8.443575880114972e-03  -6.780435338394532e-04
  3.150000000000002e-01  -1.045205515078713e+05  -1.358375772545605e+05  -2.877956846607997e+04  8.810255196940509e+04  -8.899347330269060e+03  4.913898284263797e+03  8.186177583948660e-03  -9.200833545636977e-03  -8.137564206761125e-04
  3.200000000000002e-01  -1.151531416781610e+05  -1.474433564217582e+05  -3.004114534078230e+04  9.728884354500393e+04  -1.041241577670890e+04  5.979680450873886e+03  9.012985302930978e-03  -9.992678731638220e-03  -9.568508289210729e-04
  3.250000000000002e-01  -1.264240431401512e+05  -1.599745936760893e+05  -3.122398468589758e+04  1.072932094456711e+05  -1.220658312373834e+04  7.120080423285674e+03  9.883187489256078e-03  -1.085627841524497e-02  -1.113979499307727e-03
  3.300000000000002e-01  -1.387564129544604e+05  -1.734172943065908e+05  -3.266357706530749e+04  1.179082905662889e+05  -1.413977828711428e+04  8.520378588505717e+03  1.082599962171140e-02  -1.177728840023136e-02  -1.305997187660876e-03
  3.350000000000002e-01  -1.518915092927823e+05  -1.882140200074882e+05  -3.422733851632060e+04  1.296085471207871e+05  -1.654503612060108e+04  1.006638487505779e+04  1.182557982489609e-02  -1.280635085389409e-02  -1.525098787944707e-03
  3.400000000000002e-01  -1.663053041062832e+05  -2.042787621160675e+05  -3.624632430194513e+04  1.421673527358302e+05  -1.926541381742257e+04  1.192787787357517e+04  1.291370512228601e-02  -1.392353609087914e-02  -1.792117321826420e-03
  3.450000000000002e-01  -1.817626688731791e+05  -2.216457708127120e+05  -3.854156284458782e+04  1.557149648839135e+05  -2.240698175507118e+04  1.398868698720645e+04  1.407529041960302e-02  -1.513716597633330e-02  -2.096394630706520e-03
  3.500000000000002e-01  -1.979577777444267e+05  -2.401854547912526e+05  -4.080903465601856e+04  1.703091819103467e+05  -2.596415838784701e+04  1.613546636701920e+04  1.529168163893389e-02  -1.644461234822542e-02  -2.419377330397232e-03
  3.550000000000002e-01  -2.158489354063492e+05  -2.599969038976236e+05  -4.356186393157289e+04  1.857638133453901e+05  -2.976969652576810e+04  1.861691475025227e+04  1.662531946710976e-02  -1.783044093284446e-02  -2.791235857997540e-03
  3.600000000000002e-01  -2.351912661133507e+05  -2.810963051721650e+05  -4.647615344984885e+04  2.022166098241817e+05  -3.380359695479926e+04  2.135897196896809e+04  1.806024513356483e-02  -1.930300412863929e-02  -3.194293544806864e-03
  3.650000000000002e-01  -2.556936011613408e+05  -3.039313929730790e+05  -4.943429001754842e+04  2.201262387156585e+05  -3.828033207256738e+04  2.427891610164587e+04  1.957668590809776e-02  -2.090822981853246e-02  -3.616447513366699e-03
  3.700000000000002e-01  -2.784983060794408e+05  -3.287314432179795e+05  -5.305310158714968e+04  2.392674329075940e+05  -4.304504546864041e+04  2.777490731738260e+04  2.125848528437767e-02  -2.263137849172528e-02  -4.104183030807715e-03
  3.750000000000002e-01  -3.027971557133324e+05  -3.560227244287246e+05  -5.704308907690278e+04  2.603331281243449e+05  -4.850788276657714e+04  3.148519827873162e+04  2.305324502849690e-02  -2.454386590134893e-02  -4.618290433315408e-03
  3.800000000000002e-01  -3.295183066639820e+05  -3.859618330335388e+05  -6.220080179620707e+04  2.830501779083145e+05  -5.466107189181963e+04  3.595562346872007e+04  2.503491283355913e-02  -2.662713165322275e-02  -5.222838715986762e-03
  3.850000000000002e-01  -3.578657770931593e+05  -4.185342954788274e+05  -6.815966216340019e+04  3.077854392759722e+05  -6.172416268856365e+04  4.095962600795150e+04  2.715365206106666e-02  -2.891723153848701e-02  -5.894085200103578e-03
  3.900000000000002e-01  -3.873538990612314e+05  -4.531807894316440e+05  -7.395606372137017e+04  3.345246907698344e+05  -6.940841376225142e+04  4.599916030965379e+04  2.936287789170424e-02  -3.138684550127238e-02  -6.570526360734939e-03
  3.950000000000002e-01  -4.189162994683967e+05  -4.902974937394388e+05  -8.055014268621255e+04  3.632950014328850e+05  -7.783547295593363e+04  5.209273561077845e+04  3.174372900430539e-02  -3.403173797999952e-02  -7.355295470891565e-03
  4.000000000000002e-01  -4.526969915169597e+05  -5.297427544569753e+05  -8.716341774198564e+04  3.942213164095543e+05  -8.666415398938402e+04  5.876313485789535e+04  3.429908447383417e-02  -3.684126812806078e-02  -8.177740967307386e-03
  4.050000000000002e-01  -4.896298686754195e+05  -5.725801472916167e+05  -9.382322930550096e+04  4.278260782766251e+05  -9.592704670553729e+04  6.530215468943142e+04  3.708776381713093e-02  -3.989396554475387e-02  -8.982747860174990e-03
  4.100000000000003e-01  -5.304518799722987e+05  -6.191491717102927e+05  -1.016473973676057e+05  4.641577976341166e+05  -1.058200539964432e+05  7.292006461710292e+04  4.018145274792819e-02  -4.317673857955177e-02  -9.874919572261854e-03
  4.150000000000003e-01  -5.751947832473413e+05  -6.708286143844660e+05  -1.105544744872013e+05  5.038751846608954e+05  -1.167115414861288e+05  8.038127445856191e+04  4.357540071800708e-02  -4.683422713411058e-02  -1.079902211897669e-02
  4.200000000000003e-01  -6.258502923197346e+05  -7.284101602789556e+05  -1.226719956765267e+05  5.472572279477933e+05  -1.290565400907752e+05  8.975335158691043e+04  4.742403937163053e-02  -5.086200998384908e-02  -1.193119806671789e-02
  4.250000000000003e-01  -6.819980751871762e+05  -7.924272857395536e+05  -1.377814998040096e+05  5.947867174633130e+05  -1.431693643490521e+05  1.005610290155567e+05  5.167687586405029e-02  -5.533902537115794e-02  -1.325839281210242e-02
  4.300000000000003e-01  -7.389299242334613e+05  -8.601480093026601e+05  -1.522360242143107e+05  6.451668755929881e+05  -1.581250342982551e+05  1.108283559241119e+05  5.603600967519854e-02  -6.011086412567967e-02  -1.457498570818606e-02
  4.350000000000003e-01  -8.009851040863942e+05  -9.330894072302982e+05  -1.691577528628484e+05  6.993566433060068e+05  -1.740852787416065e+05  1.233281715638054e+05  6.071267090798495e-02  -6.517020284129600e-02  -1.611145758171321e-02
  4.400000000000003e-01  -8.651368971031356e+05  -1.009107569998612e+06  -1.854669372919640e+05  7.560605358112410e+05  -1.899024753905787e+05  1.362151211231980e+05  6.548284936502245e-02  -7.038386595458029e-02  -1.767992637170723e-02
  4.450000000000003e-01  -9.313977485254538e+05  -1.090387654588290e+06  -2.000314404288417e+05  8.165430075879239e+05  -2.056715809385727e+05  1.476235622470083e+05  7.042123057896245e-02  -7.600743087701964e-02  -1.910128155595951e-02
  4.500000000000003e-01  -1.008538582700815e+06  -1.179233730646478e+06  -2.177331178204704e+05  8.820123345341344e+05  -2.217367278135607e+05  1.613022037233876e+05  7.596020343954080e-02  -8.208359287647682e-02  -2.070990481482769e-02
  4.550000000000003e-01  -1.095077681913519e+06  -1.281199979808251e+06  -2.374461769447499e+05  9.555556100089061e+05  -2.392751484464814e+05  1.740462680321097e+05  8.216168540802325e-02  -8.916376476024351e-02  -2.227292277708525e-02
  4.600000000000003e-01  -1.199024802108860e+06  -1.396383390222986e+06  -2.635979564149673e+05  1.036535343365475e+06  -2.579985954029572e+05  1.893949160720991e+05  8.940555121696646e-02  -9.712513758383862e-02  -2.414986434865764e-02
  4.650000000000003e-01  -1.319259701670330e+06  -1.529450015934435e+06  -2.965137761561697e+05  1.127382568676694e+06  -2.793960852604379e+05  2.063031367820078e+05  9.772109111929733e-02  -1.063750848794570e-01  -2.635221669832016e-02
  4.700000000000003e-01  -1.450749997614798e+06  -1.683058911490786e+06  -3.339391460141008e+05  1.231043270683390e+06  -3.045014025666761e+05  2.235529722926716e+05  1.068719200847470e-01  -1.171556394900646e-01  -2.870286702066086e-02
  4.750000000000003e-01  -1.603442238754484e+06  -1.856793679672871e+06  -3.811199827293810e+05  1.346570048180816e+06  -3.338739773708644e+05  2.455844061037690e+05  1.175100323769943e-01  -1.294018587346203e-01  -3.170351644317895e-02
  4.800000000000003e-01  -1.772443369311310e+06  -2.051531297498388e+06  -4.349175177690695e+05  1.476575829584217e+06  -3.677874664450670e+05  2.708524876274116e+05  1.294674257315868e-01  -1.432297239181435e-01  -3.507564627659716e-02
  4.850000000000003e-01  -1.941963509186198e+06  -2.257503018354152e+06  -4.854075394023424e+05  1.616984425032882e+06  -4.025281464392235e+05  2.953108809107011e+05  1.416573789313305e-01  -1.578745576944104e-01  -3.819849963712160e-02
  4.900000000000003e-01  -2.135785546388723e+06  -2.484083855945111e+06  -5.462906004432739e+05  1.772650824058415e+06  -4.417930732545271e+05  3.256694498883287e+05  1.558439746897613e-01  -1.740237040329048e-01  -4.199516060394064e-02
  4.950000000000003e-01  -2.321168895390993e+06  -2.711905828765192e+06  -5.983696604050887e+05  1.933299062265591e+06  -4.785804254257279e+05  3.528528109485622e+05  1.696882356480320e-01  -1.901765916525185e-01  -4.522880538559756e-02
  5.000000000000003e-01  -2.532443028514151e+06  -2.957712418119353e+06  -6.589348142937481e+05  2.110490552115613e+06  -5.188402245545440e+05  3.850319066342327e+05  1.857834416483131e-01  -2.076974024840421e-01  -4.890963151274798e-02
  5.050000000000003e-01  -2.749575760472826e+06  -3.208974728744939e+06  -7.151792833834289e+05  2.298066344702630e+06  -5.583010309359455e+05  4.161113025924416e+05  2.026526693155825e-01  -2.256913458605160e-01  -5.216781288187072e-02
  5.100000000000003e-01  -2.947333820494695e+06  -3.449794106379219e+06  -7.564213125249313e+05  2.482394284995162e+06  -5.916277161170871e+05  4.405828608949100e+05  2.184521331272598e-01  -2.426871469420784e-01  -5.448935458314385e-02
  5.150000000000003e-01  -3.166893385555262e+06  -3.707082863574848e+06  -8.007925884773850e+05  2.686679972752942e+06  -6.291171198425003e+05  4.666233091880557e+05  2.362640203537619e-01  -2.613649712203520e-01  -5.678857465383102e-02
  5.200000000000004e-01  -3.381051951247194e+06  -3.965209735742111e+06  -8.370065532973314e+05  2.899344577347950e+06  -6.663277712063290e+05  4.887509526081905e+05  2.540256705366211e-01  -2.804277155078437e-01  -5.860470682363696e-02
  5.250000000000004e-01  -3.570805539891355e+06  -4.203234163837911e+06  -8.570256280224075e+05  3.101340029247007e+06  -6.942000778317127e+05  5.038592921744602e+05  2.703797612240911e-01  -2.976253430101068e-01  -5.975965502007653e-02
  5.300000000000004e-01  -3.771908944049540e+06  -4.456487298826875e+06  -8.751084315741414e+05  3.328927487186606e+06  -7.295108240196799e+05  5.195785110227696e+05  2.877231210273570e-01  -3.170480657232992e-01  -6.092155147926410e-02
  5.350000000000004e-01  -3.956125516807368e+06  -4.687986222306008e+06  -8.792074836956050e+05  3.541692699153291e+06  -7.535817098864333e+05  5.293870520596766e+05  3.039293476664334e-01  -3.342410275615757e-01  -6.164156164907001e-02
  5.400000000000004e-01  -4.148700016707565e+06  -4.940358920911852e+06  -8.799536162786760e+05  3.783618428089262e+06  -7.889727380358570e+05  5.410132007540952e+05  3.205679116239742e-01  -3.543356844657718e-01  -6.255647421768597e-02
  5.450000000000004e-01  -4.335047575689016e+06  -5.198067068063103e+06  -8.720981468273005e+05  4.030651216482580e+06  -8.263819043559955e+05  5.508207772240237e+05  3.364566998354795e-01  -3.751123036382262e-01  -6.347675263889671e-02
  5.500000000000004e-01  -4.527860456563443e+06  -5.440284744431068e+06  -8.612743500866647e+05  4.258468460161125e+06  -8.509396570847618e+05  5.573548419382549e+05  3.528535381294745e-01  -3.936634832704038e-01  -6.451970003493648e-02
  5.550000000000004e-01  -4.713149728617235e+06  -5.714020638522390e+06  -8.416013093459279e+05  4.512751547658699e+06  -8.901443195288589e+05  5.661527562387792e+05  3.682603850959094e-01  -4.157772794979339e-01  -6.579566579941618e-02
  5.600000000000004e-01  -4.893155233733161e+06  -5.989199867518533e+06  -8.101230054579159e+05  4.767920245572766e+06  -9.254586583563414e+05  5.757842804781517e+05  3.832172035065499e-01  -4.378407217875649e-01  -6.699714687281723e-02
  5.650000000000004e-01  -5.105765023610742e+06  -6.234051851168046e+06  -7.813154423991300e+05  5.006793597854053e+06  -9.384787871107135e+05  5.824888386067696e+05  4.006032868230125e-01  -4.564546618409727e-01  -6.811897807038471e-02
  5.700000000000004e-01  -5.290184276388614e+06  -6.488969690250576e+06  -7.189709535179678e+05  5.265180844583454e+06  -9.516399425234904e+05  5.916202409165931e+05  4.151751388241018e-01  -4.765661892106383e-01  -6.822531169505242e-02
  5.750000000000004e-01  -5.530670953876078e+06  -6.728545869294717e+06  -6.751650314081471e+05  5.511227356988125e+06  -9.463426939086026e+05  5.954824088948384e+05  4.330248038235490e-01  -4.941568688003876e-01  -6.866981298066017e-02
  5.800000000000004e-01  -5.734115622361484e+06  -6.981348960413849e+06  -5.911796986089137e+05  5.766490788265490e+06  -9.387300308426705e+05  5.962978195739158e+05  4.469384038073116e-01  -5.129789651195562e-01  -6.759554785345710e-02
  5.850000000000004e-01  -5.947791808494215e+06  -7.245540516837506e+06  -5.010465588207600e+05  6.013926013621602e+06  -9.237697039063476e+05  5.906998345902995e+05  4.606751769336262e-01  -5.311470549240316e-01  -6.596671870054271e-02
  5.900000000000004e-01  -6.227161515285638e+06  -7.537515961085764e+06  -4.511914258296853e+05  6.271733844132509e+06  -9.067108952949636e+05  5.840335726911252e+05  4.799006403308967e-01  -5.499888867179622e-01  -6.531645929176499e-02
  5.950000000000004e-01  -6.446305251184700e+06  -7.832216902953346e+06  -3.459294936426700e+05  6.517619007921865e+06  -8.792830221136450e+05  5.702439148688002e+05  4.947972267917238e-01  -5.672926203919876e-01  -6.221564860182648e-02
  6.000000000000004e-01  -6.661108156589755e+06  -8.130742733846303e+06  -2.259523570200559e+05  6.760045821534725e+06  -8.408897163662176e+05  5.546063687250124e+05  5.103891507326487e-01  -5.830167312810270e-01  -5.831496357845727e-02
  6.050000000000004e-01  -6.928596296135273e+06  -8.485637092192762e+06  -1.563005879463618e+05  7.039463623652527e+06  -8.160753727012920e+05  5.482390039805035e+05  5.306835317267180e-01  -6.028674880247152e-01  -5.627226185992388e-02
  6.100000000000004e-01  -7.116513048795130e+06  -8.810497950904964e+06  -8.505505605312967e+03  7.280573032029982e+06  -7.698858385988383e+05  5.344493369509153e+05  5.456844865083482e-01  -6.181841482913093e-01  -5.202966275263097e-02
  6.150000000000004e-01  -7.354424983750605e+06  -9.235448514390714e+06  6.998844989241315e+04  7.569597302705809e+06  -7.604989161263617e+05  5.388113863037985e+05  5.643013635870996e-01  -6.416523281607782e-01  -5.151391284053706e-02
  6.200000000000004e-01  -7.500019911104318e+06  -9.629981975699099e+06  2.333234183357607e+05  7.800929899215707e+06  -7.354006170217249e+05  5.353899780952508e+05  5.764636012487808e-01  -6.601996851317563e-01  -5.000441320259922e-02
  6.250000000000004e-01  -7.625768903202109e+06  -1.006934537878223e+07  4.016230037303838e+05  8.025004326742479e+06  -7.288485301959177e+05  5.431289965318512e+05  5.870988870848466e-01  -6.808855247299146e-01  -5.097743186013593e-02
  6.300000000000004e-01  -7.756816165325288e+06  -1.062324809926530e+07  5.100932062776774e+05  8.308111628724744e+06  -7.733380278739954e+05  5.804142513815266e+05  5.985185146774997e-01  -7.118140187829954e-01  -5.613017620835173e-02
  6.350000000000005e-01  -7.801479818172826e+06  -1.112755601254339e+07  7.164924273365025e+05  8.522242220084837e+06  -8.012986661442602e+05  6.224041544775307e+05  6.035026771312922e-01  -7.358942891974271e-01  -6.166887046416473e-02
  6.400000000000005e-01  -7.814457409478355e+06  -1.165817086512426e+07  9.406000403543136e+05  8.733150779282050e+06  -8.490776893455730e+05  6.875128452906493e+05  6.053140492779908e-01  -7.618935212814687e-01  -7.023500341923099e-02
  6.450000000000005e-01  -7.802920809387220e+06  -1.229127322688761e+07  1.107734930193408e+06  8.987607913909672e+06  -9.531619156999177e+05  7.811052391860025e+05  6.042781901344078e-01  -7.982571436709139e-01  -8.375546791047335e-02
  6.500000000000005e-01  -7.743086400354858e+06  -1.287439409575851e+07  1.361420863133018e+06  9.173541071819147e+06  -1.050076762869274e+06  8.910458259093404e+05  5.973123720624088e-01  -8.285326905247760e-01  -9.943478305963972e-02
  6.550000000000005e-01  -7.648009481725341e+06  -1.354959078507963e+07  1.555567400071856e+06  9.393872462868709e+06  -1.202421565438238e+06  1.028258782664789e+06  5.873989387244767e-01  -8.684992711028028e-01  -1.205257095015733e-01
  6.600000000000005e-01  -7.523335359397359e+06  -1.417142628376650e+07  1.830915703888953e+06  9.548985894651979e+06  -1.346327555437712e+06  1.183745478876159e+06  5.724539429255600e-01  -9.018697794949662e-01  -1.439684232272710e-01
  6.650000000000005e-01  -7.372585996694197e+06  -1.480674092418181e+07  2.106587357085231e+06  9.697177102531521e+06  -1.513803331293460e+06  1.362514341512126e+06  5.548333950977259e-01  -9.366806510998471e-01  -1.716548960747057e-01
  6.700000000000005e-01  -7.164730601200398e+06  -1.548814698129012e+07  2.318931420153500e+06  9.857812319499748e+06  -1.726423890134152e+06  1.558558475578595e+06  5.349681108104826e-01  -9.775275101759132e-01  -2.044116447776634e-01
  6.750000000000005e-01  -6.947279012691122e+06  -1.611592884411403e+07  2.582275018814545e+06  9.976872503908008e+06  -1.940539937805455e+06  1.777237628597970e+06  5.134240774605100e-01  -1.013171855097272e+00  -2.403492359619960e-01
  6.800000000000005e-01  -6.696142895916615e+06  -1.673874133711543e+07  2.825047626709808e+06  1.008744497507275e+07  -2.182350496498661e+06  2.015512874689423e+06  4.909202634494420e-01  -1.049690655463316e+00  -2.805182545044971e-01
  6.850000000000005e-01  -6.409411014415100e+06  -1.739680613468025e+07  2.993574585759005e+06  1.017580794753889e+07  -2.462848555049375e+06  2.249773853548687e+06  4.666818367438219e-01  -1.089992697522272e+00  -3.235880730489732e-01
  6.900000000000005e-01  -6.134542753721916e+06  -1.806598125135126e+07  3.140160270320785e+06  1.023899256568625e+07  -2.779646106946350e+06  2.508869583193508e+06  4.421843469983758e-01  -1.130341862271786e+00  -3.723875085953048e-01
  6.950000000000005e-01  -5.835999048205828e+06  -1.874840513483009e+07  3.232367177450499e+06  1.027046948568403e+07  -3.114496080049819e+06  2.750861735143807e+06  4.165931374896122e-01  -1.171305008717751e+00  -4.197644952023250e-01
  7.000000000000005e-01  -5.553805641989444e+06  -1.945660903784443e+07  3.290345711129920e+06  1.028583630057435e+07  -3.488519822726625e+06  3.022488341652622e+06  3.914641824861599e-01  -1.212329275000389e+00  -4.715290726749560e-01
  7.050000000000005e-01  -5.267843780338979e+06  -2.015676885170897e+07  3.323394092220074e+06  1.028747717352039e+07  -3.875643284185303e+06  3.300034804860706e+06  3.659641188074507e-01  -1.251422080642494e+00  -5.220413775878204e-01
  7.100000000000005e-01  -4.977838944122391e+06  -2.076475861128681e+07  3.365532230110666e+06  1.024952213532798e+07  -4.218989125951090e+06  3.542525122601005e+06  3.398286465713233e-01  -1.281625339415644e+00  -5.628844797720380e-01
  7.150000000000005e-01  -4.719468132373149e+06  -2.141708111698417e+07  3.360439852598523e+06  1.022630654729084e+07  -4.604716013460459e+06  3.821257924320457e+06  3.148505878664112e-01  -1.313458576513756e+00  -6.074575720059716e-01
  7.200000000000005e-01  -4.485478260907353e+06  -2.204554269832036e+07  3.337665361654362e+06  1.019500823498534e+07  -4.983505236122397e+06  4.092528254734157e+06  2.895768168996074e-01  -1.341458159408521e+00  -6.482917352633116e-01
  7.250000000000005e-01  -4.283192965899290e+06  -2.255860491559046e+07  3.325577047997787e+06  1.011048856904380e+07  -5.294909731929665e+06  4.310278612428077e+06  2.639717417289783e-01  -1.357928817130608e+00  -6.774544348971570e-01
  7.300000000000005e-01  -4.120049787497067e+06  -2.312718466582409e+07  3.266950195599275e+06  1.004995619679284e+07  -5.643774682414740e+06  4.551234543702800e+06  2.392122144452504e-01  -1.377364570163295e+00  -7.102831729575356e-01
  7.350000000000005e-01  -3.979996803187155e+06  -2.356565291632717e+07  3.223852819108235e+06  9.929842296342049e+06  -5.916663040980585e+06  4.732200971499155e+06  2.145295627497601e-01  -1.384710118640197e+00  -7.313831268771325e-01
  7.400000000000005e-01  -3.874499083112172e+06  -2.405446820411479e+07  3.141644126355100e+06  9.833997954995872e+06  -6.221078831700882e+06  4.928137424906331e+06  1.917995887653942e-01  -1.395551685073707e+00  -7.563660406599788e-01
  7.450000000000006e-01  -3.774629429669568e+06  -2.448591579453801e+07  3.063180782108246e+06  9.714492642048076e+06  -6.496787913720138e+06  5.096309088102646e+06  1.709325956789869e-01  -1.401425403702589e+00  -7.768127021736231e-01
  7.500000000000006e-01  -3.671035286166199e+06  -2.479203828270887e+07  2.996382659072836e+06  9.546743808838546e+06  -6.704671532099168e+06  5.218766319003480e+06  1.528994308608077e-01  -1.396758300016930e+00  -7.866559343286793e-01
  7.550000000000006e-01  -3.566351283795816e+06  -2.511364182162933e+07  2.926440975550440e+06  9.394819483597865e+06  -6.927268371761620e+06  5.346420501597370e+06  1.382146828458320e-01  -1.394169786021028e+00  -7.986963368396336e-01
  7.600000000000006e-01  -3.457198020152470e+06  -2.538041567189040e+07  2.864682218044720e+06  9.222224242488394e+06  -7.121046449667329e+06  5.452581257628955e+06  1.261060586888285e-01  -1.387610209544872e+00  -8.063079309152296e-01
  7.650000000000006e-01  -3.362312205456214e+06  -2.557564173779177e+07  2.785499946063730e+06  9.018037343468994e+06  -7.269621132001259e+06  5.529437222127922e+06  1.160142096984637e-01  -1.374653156720446e+00  -8.058934459769198e-01
  7.700000000000006e-01  -3.278741127116079e+06  -2.579285770078186e+07  2.704083652396284e+06  8.817460491102614e+06  -7.427916185046703e+06  5.602010584176805e+06  1.075036974891266e-01  -1.364913155296897e+00  -8.076298240035332e-01
  7.750000000000006e-01  -3.223102622083980e+06  -2.595454827971894e+07  2.601001953584646e+06  8.592152380313974e+06  -7.545364981847597e+06  5.651122765163670e+06  1.000706172457331e-01  -1.349647357091470e+00  -8.021722790627851e-01
  7.800000000000006e-01  -3.184243795779009e+06  -2.614622826554261e+07  2.492819657092367e+06  8.373413981246341e+06  -7.673727727392714e+06  5.693373518332438e+06  9.321907887402661e-02  -1.338990762927217e+00  -7.991210643962968e-01
  7.850000000000006e-01  -3.166448960160351e+06  -2.632319725060531e+07  2.374870923371962e+06  8.149308425761540e+06  -7.783917684496664e+06  5.720642199880611e+06  8.683401885175727e-02  -1.327321969706345e+00  -7.935840909944389e-01
  7.900000000000006e-01  -3.180861277835715e+06  -2.645494152288707e+07  2.244323579945607e+06  7.923228043930906e+06  -7.856741401916451e+06  5.735040815836317e+06  8.148007672998159e-02  -1.310316852348856e+00  -7.816145334122689e-01
  7.950000000000006e-01  -3.202883751389328e+06  -2.660860336157222e+07  2.113936737774951e+06  7.709128006325947e+06  -7.934869215753322e+06  5.741931851144807e+06  7.603361374817330e-02  -1.297516309573141e+00  -7.721136030572224e-01
  8.000000000000006e-01  -3.242615557838679e+06  -2.674904773130640e+07  1.979313699302315e+06  7.506981529674082e+06  -7.995712528319970e+06  5.742812778967138e+06  7.125408341941238e-02  -1.283598078987562e+00  -7.608445794957613e-01
  8.050000000000006e-01  -3.303532485699236e+06  -2.684723511268274e+07  1.842829802350880e+06  7.316859380462610e+06  -8.025983103128088e+06  5.737440202253662e+06  6.756921811330621e-02  -1.264711108205782e+00  -7.441191350951173e-01
  8.100000000000006e-01  -3.358308851332232e+06  -2.694723311960051e+07  1.715809985447732e+06  7.148622672669130e+06  -8.055042295449237e+06  5.733151043388822e+06  6.404190106465781e-02  -1.249086077471896e+00  -7.301574165594622e-01
  8.150000000000006e-01  -3.429149599961120e+06  -2.701315961084421e+07  1.585490096915438e+06  6.994070458618580e+06  -8.061425116915731e+06  5.725176824194123e+06  6.152529348714418e-02  -1.229285480494333e+00  -7.115776427098474e-01
  8.200000000000006e-01  -3.487655207475119e+06  -2.707677379427094e+07  1.467628831861128e+06  6.865438047466991e+06  -8.066208977987173e+06  5.723054833320693e+06  5.906224182153223e-02  -1.212843351159572e+00  -6.961312424218286e-01
  8.250000000000006e-01  -3.547493449752613e+06  -2.712121097875826e+07  1.353666708157869e+06  6.753677625011522e+06  -8.060134297458452e+06  5.722054115554545e+06  5.722861907985435e-02  -1.196387175861473e+00  -6.802740065369073e-01
  8.300000000000006e-01  -3.613658271121779e+06  -2.715561294867430e+07  1.230026013831191e+06  6.645638143480239e+06  -8.047171096842388e+06  5.716044036433044e+06  5.534466542186407e-02  -1.178197534868014e+00  -6.613992721677407e-01
  8.350000000000006e-01  -3.676128039909353e+06  -2.719065880668406e+07  1.116515453894092e+06  6.554784870923822e+06  -8.033342379294980e+06  5.713475149716048e+06  5.351080384262073e-02  -1.163795283815648e+00  -6.460694354269990e-01
  8.400000000000006e-01  -3.742777637794009e+06  -2.723055332273725e+07  9.991584576048729e+05  6.468311833974250e+06  -8.019818422615919e+06  5.707321551755584e+06  5.177096225674399e-02  -1.151215272991252e+00  -6.314766858566937e-01
  8.450000000000006e-01  -3.806373230955796e+06  -2.727669673305684e+07  8.697886782754638e+05  6.375287426143319e+06  -8.008205696319639e+06  5.695831979669534e+06  4.917654843678614e-02  -1.138124420433891e+00  -6.149923054866731e-01
  8.500000000000006e-01  -3.875969312424671e+06  -2.733117531793173e+07  7.517025092485246e+05  6.289301313401381e+06  -7.996938632370091e+06  5.680603365002477e+06  4.663222036940366e-02  -1.128943612003462e+00  -6.021016409833946e-01
  8.550000000000006e-01  -3.936188697087672e+06  -2.738961913097116e+07  6.217089082749005e+05  6.197077236352185e+06  -7.987578487143007e+06  5.661722121331865e+06  4.307167877673480e-02  -1.119039185238937e+00  -5.877236055478510e-01
  8.600000000000007e-01  -4.003612630661092e+06  -2.745475117109661e+07  5.104418080184656e+05  6.105746586047386e+06  -7.976384846397814e+06  5.633847728522146e+06  3.927076071680204e-02  -1.112317443659025e+00  -5.767096632304882e-01
  8.650000000000007e-01  -4.067284637630804e+06  -2.751968029809641e+07  4.049444542146007e+05  6.011577782155475e+06  -7.964469168240692e+06  5.598966350452648e+06  3.491242995978238e-02  -1.106292150631996e+00  -5.665697903198018e-01
  8.700000000000007e-01  -4.109864321356828e+06  -2.758059270701732e+07  2.901797931254646e+05  5.920287516281546e+06  -7.953610386080856e+06  5.567861453435841e+06  3.001677321095012e-02  -1.098810544436278e+00  -5.551958347663000e-01
  8.750000000000007e-01  -4.153818563021189e+06  -2.764147383493444e+07  1.999086845374623e+05  5.827619027628966e+06  -7.941146337657064e+06  5.524657134818807e+06  2.535298263280088e-02  -1.093109950003267e+00  -5.467282592796853e-01
  8.800000000000007e-01  -4.187089622444002e+06  -2.770280284444410e+07  1.128405960216865e+05  5.737710475581431e+06  -7.932102358090489e+06  5.479174139613469e+06  2.087425353796483e-02  -1.087572271392232e+00  -5.391777868453160e-01
  8.850000000000007e-01  -4.203116731142857e+06  -2.777120218843705e+07  5.795781007731670e+03  5.658798193556262e+06  -7.929153612099212e+06  5.443255663754471e+06  1.617405507341005e-02  -1.081317327787964e+00  -5.308260076692982e-01
  8.900000000000007e-01  -4.216857062487007e+06  -2.784702953223050e+07  -8.153970785086916e+04  5.577437426336247e+06  -7.932183424880765e+06  5.397236062204872e+06  1.242535675442533e-02  -1.076519749933639e+00  -5.251005867490114e-01
  8.950000000000007e-01  -4.219654676235538e+06  -2.793303275561186e+07  -1.934205966762613e+05  5.507850969305048e+06  -7.941731057873401e+06  5.361245280193194e+06  8.126356191969329e-03  -1.071355741570786e+00  -5.184389974129224e-01
  9.000000000000007e-01  -4.222198765473264e+06  -2.803182765761256e+07  -2.856230248856664e+05  5.436556090210890e+06  -7.960814099227548e+06  5.319074865857406e+06  4.929262493503424e-03  -1.067443107738559e+00  -5.138842844722231e-01
  9.050000000000007e-01  -4.223153425453985e+06  -2.814344418498448e+07  -3.819793092572809e+05  5.371058196772654e+06  -7.988780506979834e+06  5.280684714206961e+06  1.897295300641311e-03  -1.064037827821487e+00  -5.096929773806278e-01
  9.100000000000007e-01  -4.226357808338633e+06  -2.825824203901888e+07  -4.967066567379493e+05  5.308804573908560e+06  -8.017184648479915e+06  5.245999896617188e+06  -3.300674860753814e-03  -1.059724491384150e+00  -5.040772958107373e-01
  9.150000000000007e-01  -4.246290557813550e+06  -2.839257114298794e+07  -5.989916215990471e+05  5.248181072272504e+06  -8.058520518172698e+06  5.209520138439598e+06  -7.873591784057743e-03  -1.056856004812952e+00  -5.004078480035954e-01
  9.200000000000007e-01  -4.276806265003034e+06  -2.852961623993952e+07  -7.024013265063770e+05  5.189183208525470e+06  -8.104285330543001e+06  5.173482725213330e+06  -1.328887312897368e-02  -1.053916902530708e+00  -4.968517114872876e-01
  9.250000000000007e-01  -4.302580595293052e+06  -2.864792947530032e+07  -8.091463997923911e+05  5.125024305820266e+06  -8.144449777090918e+06  5.136705294540691e+06  -2.068476130017612e-02  -1.049325210194175e+00  -4.916523425368158e-01
  9.300000000000007e-01  -4.347100906858041e+06  -2.876814686884945e+07  -9.029870260141424e+05  5.065546258633371e+06  -8.193403176073709e+06  5.099128338901451e+06  -2.718618621075935e-02  -1.045673096944050e+00  -4.882789687716863e-01
  9.350000000000007e-01  -4.372669990487183e+06  -2.886434450616242e+07  -9.964494607621977e+05  5.000543811459665e+06  -8.237587169987964e+06  5.063848651323610e+06  -3.426341350392047e-02  -1.040780038399276e+00  -4.833104497966059e-01
  9.400000000000007e-01  -4.407560838817084e+06  -2.895069104480852e+07  -1.070630015727783e+06  4.940386316503798e+06  -8.286096430530282e+06  5.028698829828075e+06  -3.978706446160177e-02  -1.036529707870306e+00  -4.797776122855439e-01
  9.450000000000007e-01  -4.433078242355200e+06  -2.901847766041918e+07  -1.135911257113759e+06  4.879102202364706e+06  -8.333462652286661e+06  4.994176402290875e+06  -4.441252444407501e-02  -1.032269667959505e+00  -4.763590181319712e-01
  9.500000000000007e-01  -4.439300672582261e+06  -2.907946755406895e+07  -1.215045182062749e+06  4.812825468030981e+06  -8.383329220477981e+06  4.963670603108320e+06  -4.874482297207981e-02  -1.028073250498008e+00  -4.723255724784539e-01
  9.550000000000007e-01  -4.451555856937467e+06  -2.912647817936932e+07  -1.274264953091077e+06  4.745797179874972e+06  -8.432951983536307e+06  4.928306446784813e+06  -5.153608147816920e-02  -1.024767231649024e+00  -4.699186645342466e-01
  9.600000000000007e-01  -4.461663408107678e+06  -2.917065202745685e+07  -1.336791082231973e+06  4.674691521379807e+06  -8.484713182075340e+06  4.890320975268872e+06  -5.377512612674575e-02  -1.022325631481283e+00  -4.685569631775467e-01
  9.650000000000007e-01  -4.469971995286524e+06  -2.922795327796114e+07  -1.431730143806504e+06  4.600618908115146e+06  -8.542055025694305e+06  4.856275386764900e+06  -5.667623586484754e-02  -1.020267093964527e+00  -4.670682781990585e-01
  9.700000000000008e-01  -4.484977671777139e+06  -2.927602335018311e+07  -1.506253773083787e+06  4.522599225230249e+06  -8.597994021324217e+06  4.813967047941401e+06  -5.884449485367926e-02  -1.018999083901593e+00  -4.674379031075354e-01
  9.750000000000008e-01  -4.504890420195661e+06  -2.934119773085092e+07  -1.618136463230941e+06  4.445697792027415e+06  -8.656894209474918e+06  4.776471855161262e+06  -6.222841877530864e-02  -1.017642817347632e+00  -4.672551482679419e-01
  9.800000000000008e-01  -4.531158432110754e+06  -2.940200557089456e+07  -1.708298076446589e+06  4.364350482403385e+06  -8.713949402580129e+06  4.728245153031182e+06  -6.522279504385130e-02  -1.016770239346711e+00  -4.686648657422093e-01
  9.850000000000008e-01  -4.562052894284942e+06  -2.947115740452235e+07  -1.808477526242178e+06  4.284130030798915e+06  -8.771785060240984e+06  4.678558115499386e+06  -6.840846144898705e-02  -1.015885847881383e+00  -4.699872261420751e-01
  9.900000000000008e-01  -4.586391068820863e+06  -2.954715645608149e+07  -1.934606188302165e+06  4.211215377323453e+06  -8.825339128059365e+06  4.637213968484762e+06  -7.220167148410166e-02  -1.013730482366864e+00  -4.693504546521059e-01
  9.950000000000008e-01  -4.608083314596252e+06  -2.961659695904100e+07  -2.039832538772993e+06  4.140735736591993e+06  -8.876471389356792e+06  4.588543546447269e+06  -7.446936777415872e-02  -1.011226853887892e+00  -4.690458004907297e-01
  1.000000000000001e+00  -4.620947814718226e+06  -2.968014423604383e+07  -2.146030479083977e+06  4.079253714125100e+06  -8.923403476044822e+06  4.543885932685749e+06  -7.570595335599568e-02  -1.007533098578685e+00  -4.674463325556346e-01
  1.005000000000001e+00  -4.614718723451045e+06  -2.973786764609090e+07  -2.265135901570267e+06  4.030963319731026e+06  -8.961952353509191e+06  4.512733182262131e+06  -7.727961317154036e-02  -1.002006998267433e+00  -4.632244091188961e-01
  1.010000000000000e+00  -4.605435501849074e+06  -2.978400456283224e+07  -2.372483932850414e+06  3.989077667615940e+06  -8.997974077876506e+06  4.481112486019086e+06  -7.705053313379588e-02  -9.960119522088486e-01  -4.586792846846369e-01
  1.015000000000000e+00  -4.590579209746833e+06  -2.983343638819847e+07  -2.495666627030112e+06  3.958668270164640e+06  -9.030373956477990e+06  4.461153178202350e+06  -7.811188695274762e-02  -9.893218352299450e-01  -4.523386859356974e-01
  1.020000000000000e+00  -4.585287433876731e+06  -2.987551544526370e+07  -2.616062841355992e+06  3.931796785196546e+06  -9.060465918123940e+06  4.441104820797443e+06  -7.818400457417518e-02  -9.827271633750453e-01  -4.459534133008760e-01
  1.025000000000000e+00  -4.590638800009811e+06  -2.992052408929234e+07  -2.748425043685599e+06  3.907216911607997e+06  -9.089920942709330e+06  4.425533410186804e+06  -7.901481637990238e-02  -9.768483990294201e-01  -4.391300011200256e-01
  1.030000000000000e+00  -4.615039955625748e+06  -2.998229470462323e+07  -2.898511405527509e+06  3.884396957737974e+06  -9.119196398839124e+06  4.413750345540667e+06  -8.295137326957389e-02  -9.718324922398746e-01  -4.319014460546495e-01
  1.035000000000000e+00  -4.668662106181492e+06  -3.004858085160715e+07  -3.056261915162730e+06  3.856216291927913e+06  -9.148735373327021e+06  4.399222926838319e+06  -8.724793060996422e-02  -9.681330392876784e-01  -4.253538795496449e-01
  1.040000000000000e+00  -4.743917237959234e+06  -3.012540826123830e+07  -3.223621093120239e+06  3.821517045914050e+06  -9.179213936156206e+06  4.383400767640759e+06  -9.312853543503309e-02  -9.659460528649548e-01  -4.191752533252660e-01
  1.045000000000000e+00  -4.832803381984480e+06  -3.021288893451542e+07  -3.397675185206954e+06  3.784575311671770e+06  -9.207971205112854e+06  4.369890350193931e+06  -1.014189383740963e-01  -9.646293747486616e-01  -4.131896188124679e-01
  1.050000000000000e+00  -4.940155476651659e+06  -3.030315290670801e+07  -3.570917838300226e+06  3.739855968082624e+06  -9.237187111702772e+06  4.351214920582779e+06  -1.093679650152611e-01  -9.642102831780707e-01  -4.077358143889838e-01
  1.054999999999999e+00  -5.037622056059814e+06  -3.039022989535379e+07  -3.741071089661078e+06  3.696724538739724e+06  -9.263625485146046e+06  4.339155530416037e+06  -1.177234080664847e-01  -9.640671656566041e-01  -4.023376441360949e-01
  1.059999999999999e+00  -5.133214366117553e+06  -3.047018432980671e+07  -3.897262275775251e+06  3.648723174608275e+06  -9.288766565394329e+06  4.321770284590094e+06  -1.243589529317955e-01  -9.637235220703058e-01  -3.968082952348912e-01
  1.064999999999999e+00  -5.213160607020406e+06  -3.053901058301686e+07  -4.040050390531402e+06  3.604190616243146e+06  -9.310853610513777e+06  4.306390273513594e+06  -1.296198565089999e-01  -9.625895088011963e-01  -3.908573429582096e-01
  1.069999999999999e+00  -5.262560806633441e+06  -3.059617781020841e+07  -4.176887375162205e+06  3.567346472173887e+06  -9.332227187045431e+06  4.301778961171671e+06  -1.337635860772371e-01  -9.613098030547885e-01  -3.850968124296428e-01
  1.074999999999999e+00  -5.297524631525963e+06  -3.063431122116383e+07  -4.288989941117262e+06  3.530508941103966e+06  -9.348784444306495e+06  4.290637558627089e+06  -1.355626540997715e-01  -9.584842736683724e-01  -3.783176543754196e-01
  1.079999999999999e+00  -5.313780040370323e+06  -3.065693297743141e+07  -4.387952176769562e+06  3.498542060959555e+06  -9.361985558473373e+06  4.280983838861855e+06  -1.360501283548386e-01  -9.546202095966224e-01  -3.710987593560216e-01
  1.084999999999999e+00  -5.307380166655014e+06  -3.067770906610022e+07  -4.493197021942370e+06  3.474151092003693e+06  -9.379225665781170e+06  4.279484343219843e+06  -1.363592923929037e-01  -9.512950845216630e-01  -3.647425012330268e-01
  1.089999999999999e+00  -5.300408802670334e+06  -3.067907509288660e+07  -4.576429914041108e+06  3.447077007710133e+06  -9.388389215000167e+06  4.268274767574785e+06  -1.355347602229443e-01  -9.462563808995343e-01  -3.572539290564314e-01
  1.094999999999999e+00  -5.286619075371941e+06  -3.069134756818323e+07  -4.678926443414786e+06  3.428010924991449e+06  -9.404111963935049e+06  4.262937655114099e+06  -1.354809519366084e-01  -9.422983092549054e-01  -3.511026097109454e-01
  1.099999999999999e+00  -5.284595649982480e+06  -3.069010126610446e+07  -4.763112498651478e+06  3.402298815452739e+06  -9.410800689623320e+06  4.245533904255200e+06  -1.352950650032098e-01  -9.366247719477346e-01  -3.438845799010947e-01
  1.104999999999998e+00  -5.290054012444286e+06  -3.069130990708068e+07  -4.852571580808096e+06  3.375004857556809e+06  -9.417204707442928e+06  4.224465624880027e+06  -1.357341631828825e-01  -9.309971784635774e-01  -3.370223752637856e-01
  1.109999999999998e+00  -5.303441509647434e+06  -3.071369681504819e+07  -4.969129321113690e+06  3.354732282939893e+06  -9.430092744106235e+06  4.205573486715670e+06  -1.373040962933564e-01  -9.267151257013096e-01  -3.315314983967963e-01
  1.114999999999998e+00  -5.331792628670726e+06  -3.072971811319381e+07  -5.073646981554359e+06  3.323309485574351e+06  -9.436578166235827e+06  4.174375418408668e+06  -1.392266706212891e-01  -9.209667556982490e-01  -3.253286702901086e-01
  1.119999999999998e+00  -5.367048522420549e+06  -3.075418199949477e+07  -5.187865169762000e+06  3.288712194718454e+06  -9.445051851556879e+06  4.138766968329776e+06  -1.414921282259119e-01  -9.154324177766241e-01  -3.196210843080898e-01
  1.124999999999998e+00  -5.411286528692370e+06  -3.079957730039915e+07  -5.326073032530692e+06  3.260209744592262e+06  -9.457807415069530e+06  4.104404112076507e+06  -1.442568967580052e-01  -9.112429102083694e-01  -3.148459467094274e-01
  1.129999999999998e+00  -5.458079675117521e+06  -3.084257164342064e+07  -5.456864232238263e+06  3.219299904230890e+06  -9.470070273660630e+06  4.060015507842428e+06  -1.469366445271694e-01  -9.058293248061832e-01  -3.097572964129925e-01
  1.134999999999998e+00  -5.509130931545093e+06  -3.090130367985313e+07  -5.605948927748731e+06  3.185255224186963e+06  -9.484821384724248e+06  4.018861143674655e+06  -1.494953265724236e-01  -9.017601780730808e-01  -3.051857387638744e-01
  1.139999999999998e+00  -5.551700180537743e+06  -3.095575142851551e+07  -5.745439715775741e+06  3.138361371868089e+06  -9.501082309737705e+06  3.969513722670815e+06  -1.515055379570979e-01  -8.964880763536591e-01  -3.003770435911289e-01
  1.144999999999998e+00  -5.591821954178583e+06  -3.101461224978560e+07  -5.888057829317775e+06  3.091879830670991e+06  -9.519446610090556e+06  3.921372898741260e+06  -1.529540081544755e-01  -8.911091997348060e-01  -2.954537671018964e-01
  1.149999999999997e+00  -5.628789326535766e+06  -3.107592301752479e+07  -6.033109073177372e+06  3.054738573239936e+06  -9.535327310250571e+06  3.880507134793073e+06  -1.540341907333045e-01  -8.864156757688318e-01  -2.903054783649466e-01
  1.154999999999997e+00  -5.654524753022817e+06  -3.112773263769946e+07  -6.165425121096326e+06  3.010034631349847e+06  -9.552477263619611e+06  3.838053050241401e+06  -1.538634879508662e-01  -8.803897135498322e-01  -2.847859047658300e-01
  1.159999999999997e+00  -5.677444389706956e+06  -3.117359390908906e+07  -6.291122000593262e+06  2.969687075717341e+06  -9.568030932027588e+06  3.801453230475215e+06  -1.529111450189969e-01  -8.738727857855331e-01  -2.788326670111886e-01
  1.164999999999997e+00  -5.695954546353116e+06  -3.121425320455708e+07  -6.412445930662263e+06  2.939209865113156e+06  -9.579559236506462e+06  3.773526088470161e+06  -1.520442385050246e-01  -8.677456749663162e-01  -2.729082813838960e-01
  1.169999999999997e+00  -5.715303476626364e+06  -3.124394934576394e+07  -6.521707530108563e+06  2.904625675797630e+06  -9.591009252730740e+06  3.745818488993118e+06  -1.499342838983302e-01  -8.605919745295346e-01  -2.668809958538236e-01
  1.174999999999997e+00  -5.735841869014015e+06  -3.127356732723430e+07  -6.632822334428604e+06  2.878307338910920e+06  -9.601680838508597e+06  3.725181182168808e+06  -1.485172066104913e-01  -8.542035705539341e-01  -2.615959649787946e-01
  1.179999999999997e+00  -5.766048294673692e+06  -3.129544690288072e+07  -6.733380955686943e+06  2.847133003960272e+06  -9.612474098466614e+06  3.702019765285471e+06  -1.461931714545169e-01  -8.471749116097688e-01  -2.565732978711243e-01
  1.184999999999997e+00  -5.804036435130944e+06  -3.131564827807874e+07  -6.832091108265637e+06  2.816083316034352e+06  -9.624186259900175e+06  3.678445981502427e+06  -1.439206635796263e-01  -8.407160394764093e-01  -2.525134965681708e-01
  1.189999999999997e+00  -5.843199473728930e+06  -3.134448995323806e+07  -6.941841970779468e+06  2.787595513758875e+06  -9.641193094894890e+06  3.657856974296667e+06  -1.425412026199002e-01  -8.356212125627215e-01  -2.501766587364108e-01
  1.194999999999997e+00  -5.894110360565589e+06  -3.136812460141439e+07  -7.040577621501074e+06  2.752699346999967e+06  -9.658812984759156e+06  3.630219761628815e+06  -1.404502089262027e-01  -8.304823312457897e-01  -2.484144863316708e-01
  1.199999999999996e+00  -5.948188280427935e+06  -3.139401009174370e+07  -7.138994023075188e+06  2.714747604557242e+06  -9.679872350387648e+06  3.599359874176311e+06  -1.383568813377666e-01  -8.261724268791582e-01  -2.478320520803783e-01
  1.204999999999996e+00  -5.998966923099582e+06  -3.143405279876186e+07  -7.253308621208671e+06  2.678560344712371e+06  -9.709813812858002e+06  3.571846833449835e+06  -1.367593698297195e-01  -8.233859416246564e-01  -2.490351769130780e-01
  1.209999999999996e+00  -6.054821620182963e+06  -3.146791766583986e+07  -7.350059417658478e+06  2.634633823506791e+06  -9.738472775470480e+06  3.535506920768205e+06  -1.344698896530854e-01  -8.203448915910966e-01  -2.502850806078723e-01
  1.214999999999996e+00  -6.105749654903704e+06  -3.151456433187687e+07  -7.463489297907380e+06  2.595948517542563e+06  -9.775651517986152e+06  3.505043438464988e+06  -1.323520163712806e-01  -8.186947556654223e-01  -2.530589050691006e-01
  1.219999999999996e+00  -6.156702664027118e+06  -3.155154201920291e+07  -7.552673938232572e+06  2.548144599641742e+06  -9.808998900437381e+06  3.465309697714636e+06  -1.295614868180328e-01  -8.162709297469466e-01  -2.552659243960760e-01
  1.224999999999996e+00  -6.206392124778100e+06  -3.159048997054484e+07  -7.638684959150037e+06  2.501179530345808e+06  -9.844251733401936e+06  3.425856893531256e+06  -1.265852068679901e-01  -8.136807726182043e-01  -2.575958207779682e-01
  1.229999999999996e+00  -6.254311305529982e+06  -3.163650263995945e+07  -7.739297008491691e+06  2.464803478396859e+06  -9.884718212616965e+06  3.394355121773853e+06  -1.238496751744879e-01  -8.118559509840110e-01  -2.609546365389585e-01
  1.234999999999996e+00  -6.302645409875997e+06  -3.167269414374619e+07  -7.816040938639619e+06  2.420845701188261e+06  -9.921117456817765e+06  3.355969771852400e+06  -1.205809163440222e-01  -8.085625071102536e-01  -2.631349478662620e-01
  1.239999999999996e+00  -6.357668345804824e+06  -3.171294210314760e+07  -7.894152648394573e+06  2.380876525415303e+06  -9.959140592692949e+06  3.319045417498699e+06  -1.175512068382596e-01  -8.048048474634586e-01  -2.652915291286790e-01
  1.244999999999995e+00  -6.419174278027822e+06  -3.176032539017604e+07  -7.987383753883614e+06  2.351375876847948e+06  -1.000000254811947e+07  3.288020730825033e+06  -1.153507893865399e-01  -8.017954114554715e-01  -2.684076668937950e-01
  1.249999999999995e+00  -6.487028957531009e+06  -3.180663355664863e+07  -8.066412789643404e+06  2.314607595647657e+06  -1.004081677828299e+07  3.252202831168232e+06  -1.129181698567548e-01  -7.975550657562531e-01  -2.705094151233602e-01
  1.254999999999995e+00  -6.563776799754855e+06  -3.185911762370181e+07  -8.161313164857721e+06  2.287531795223056e+06  -1.008273969307349e+07  3.221318996007514e+06  -1.116040336057009e-01  -7.939179247620657e-01  -2.735650075650972e-01
  1.259999999999995e+00  -6.647742740319997e+06  -3.191506631683889e+07  -8.243647874764252e+06  2.252991045684671e+06  -1.012599654399382e+07  3.186366037631250e+06  -1.101790513490770e-01  -7.891683402246817e-01  -2.758205507275123e-01
  1.264999999999995e+00  -6.734410826887351e+06  -3.197318323968129e+07  -8.325620347042050e+06  2.218381081943685e+06  -1.017065344119007e+07  3.153949609794723e+06  -1.088862886973751e-01  -7.844114412680800e-01  -2.781319404074868e-01
  1.269999999999995e+00  -6.819683423384162e+06  -3.202935919761948e+07  -8.416469625990095e+06  2.189908995771169e+06  -1.021238378973448e+07  3.126331593796887e+06  -1.082374039888040e-01  -7.799541298766235e-01  -2.808430476514619e-01
  1.274999999999995e+00  -6.906041298312971e+06  -3.208997184981867e+07  -8.491127572095951e+06  2.155198942387651e+06  -1.025561183642681e+07  3.098977347144201e+06  -1.069084807071950e-01  -7.746967236190755e-01  -2.828424209544160e-01
  1.279999999999995e+00  -6.985870215580677e+06  -3.214828814681959e+07  -8.558672574477401e+06  2.119998653714245e+06  -1.029712328244236e+07  3.076118291936512e+06  -1.050435658055331e-01  -7.692535925017200e-01  -2.844545826519562e-01
  1.284999999999995e+00  -7.054134199235543e+06  -3.219733319638557e+07  -8.632571350185441e+06  2.089800365682092e+06  -1.033266942996132e+07  3.059443212376355e+06  -1.032351895137257e-01  -7.637785041981970e-01  -2.858960352938779e-01
  1.289999999999994e+00  -7.118749671452909e+06  -3.225003798478511e+07  -8.685748988162022e+06  2.054475168262848e+06  -1.036857993061554e+07  3.044928333652455e+06  -1.002164847550880e-01  -7.575231137648076e-01  -2.864999419375903e-01
  1.294999999999994e+00  -7.169963724363125e+06  -3.228788269494195e+07  -8.748809528247090e+06  2.023524745994531e+06  -1.039789715380615e+07  3.037052914684726e+06  -9.736129157835684e-02  -7.510963160039695e-01  -2.869002235138836e-01
  1.299999999999994e+00  -7.217582256744221e+06  -3.232794720649241e+07  -8.789823063021179e+06  1.986452631149853e+06  -1.042689416604858e+07  3.029353448421389e+06  -9.330591752084860e-02  -7.438610330681671e-01  -2.865163830187848e-01
  1.304999999999994e+00  -7.262386451736503e+06  -3.236328456859912e+07  -8.830016629891148e+06  1.948145390001765e+06  -1.045289482268505e+07  3.023551402153395e+06  -8.919728504508245e-02  -7.360494494011720e-01  -2.857741804895650e-01
  1.309999999999994e+00  -7.305620598494183e+06  -3.239075706749572e+07  -8.892740221497171e+06  1.911378225101113e+06  -1.047568035056939e+07  3.021015525148752e+06  -8.644493287112030e-02  -7.287180698394806e-01  -2.856194021726262e-01
  1.314999999999994e+00  -7.358336333106254e+06  -3.243134480201497e+07  -8.945755127334200e+06  1.864231798095279e+06  -1.050175031966138e+07  3.013443814255311e+06  -8.318931393028034e-02  -7.212624317106051e-01  -2.852107960204339e-01
  1.319999999999994e+00  -7.424189967383970e+06  -3.248174004906369e+07  -9.013359484557681e+06  1.811746700808008e+06  -1.053038049856189e+07  3.003528581917834e+06  -8.089669225355589e-02  -7.143244997163356e-01  -2.852161203197086e-01
  1.324999999999994e+00  -7.496566885757862e+06  -3.252691095801958e+07  -9.106313010641349e+06  1.757804774299603e+06  -1.055747693316033e+07  2.993647510861168e+06  -8.064603123279322e-02  -7.082365925110594e-01  -2.862138301806583e-01
  1.329999999999994e+00  -7.583457180148259e+06  -3.258297635110643e+07  -9.194860313244328e+06  1.693837225345455e+06  -1.058818966422339e+07  2.976571569678758e+06  -7.999159500685529e-02  -7.019643847339687e-01  -2.868158597342451e-01
  1.334999999999994e+00  -7.676385990792936e+06  -3.263344106862120e+07  -9.305135541813357e+06  1.630120681596524e+06  -1.061723689228202e+07  2.960606057930795e+06  -8.123323845647130e-02  -6.964492628259091e-01  -2.881660575083246e-01
  1.339999999999993e+00  -7.782904971731436e+06  -3.269363609841522e+07  -9.409544044534709e+06  1.558250588731586e+06  -1.064862146668703e+07  2.937863854926865e+06  -8.192219484459737e-02  -6.906679903177080e-01  -2.886286043018858e-01
  1.344999999999993e+00  -7.892400999334863e+06  -3.275179522773335e+07  -9.516787055759819e+06  1.482636700267306e+06  -1.067836915245255e+07  2.913598062206940e+06  -8.283393710298580e-02  -6.852009922172065e-01  -2.886636858172762e-01
  1.349999999999993e+00  -7.996060553315926e+06  -3.280364287659699e+07  -9.632833315297168e+06  1.413469602103696e+06  -1.070528863866212e+07  2.895414853020831e+06  -8.440682292075685e-02  -6.805075164323598e-01  -2.890308999516287e-01
  1.354999999999993e+00  -8.100914786557896e+06  -3.285521631897838e+07  -9.732377822023960e+06  1.338481069419646e+06  -1.072917685934751e+07  2.873741624300011e+06  -8.491849009636372e-02  -6.749478805210463e-01  -2.874507775930025e-01
  1.359999999999993e+00  -8.195193325900840e+06  -3.289597172457526e+07  -9.821211091679258e+06  1.265373615638680e+06  -1.074765416648236e+07  2.855012174668401e+06  -8.474801886798834e-02  -6.690153051396480e-01  -2.848156204347539e-01
  1.364999999999993e+00  -8.274923116930310e+06  -3.292550445769510e+07  -9.912853618994933e+06  1.207229687190692e+06  -1.076224528494268e+07  2.846300397057609e+06  -8.441220175699479e-02  -6.633488257904443e-01  -2.826986394677022e-01
  1.369999999999993e+00  -8.348673574409385e+06  -3.294644466980313e+07  -9.979652440698145e+06  1.145545254346387e+06  -1.077039835464760e+07  2.835471175713473e+06  -8.282147592528698e-02  -6.559564185194178e-01  -2.781443158320714e-01
  1.374999999999993e+00  -8.411801646409320e+06  -3.296026867655648e+07  -1.005706836583451e+07  1.101458792508383e+06  -1.077776191403679e+07  2.834764728433008e+06  -8.106579433703374e-02  -6.492720295708799e-01  -2.750062091429757e-01
  1.379999999999993e+00  -8.472338831995053e+06  -3.297206083913635e+07  -1.011289347315839e+07  1.051879194977483e+06  -1.078150654650302e+07  2.829233178124410e+06  -7.817278849956642e-02  -6.412706516570994e-01  -2.698653968451745e-01
  1.384999999999992e+00  -8.533284669196706e+06  -3.298353306171659e+07  -1.016985761993576e+07  1.010863653314533e+06  -1.078564664152466e+07  2.826089934326557e+06  -7.491648459387271e-02  -6.328150546802527e-01  -2.647955022591518e-01
  1.389999999999992e+00  -8.591450654047774e+06  -3.298736893296216e+07  -1.024419421740198e+07  9.873383395084925e+05  -1.079110526202280e+07  2.828946868811913e+06  -7.212165910457306e-02  -6.251942149078357e-01  -2.620542511942603e-01
  1.394999999999992e+00  -8.655062947990661e+06  -3.299135613316204e+07  -1.030533510204397e+07  9.598516762077522e+05  -1.079675464829492e+07  2.825379898780621e+06  -6.842722064805472e-02  -6.161816348427182e-01  -2.578039187911452e-01
  1.399999999999992e+00  -8.727390313018844e+06  -3.299551529054631e+07  -1.037467515563849e+07  9.403358047235726e+05  -1.080470096224955e+07  2.821551024442027e+06  -6.501700050667274e-02  -6.069730274889034e-01  -2.542422324730564e-01
  1.404999999999992e+00  -8.802951484823564e+06  -3.299877492448844e+07  -1.046187376561767e+07  9.322227880580470e+05  -1.081655731886707e+07  2.819059077293225e+06  -6.276192945503047e-02  -5.995987557644552e-01  -2.534735359773252e-01
  1.409999999999992e+00  -8.890162909716429e+06  -3.300719643390116e+07  -1.054519123971017e+07  9.193833062285236e+05  -1.083183432923879e+07  2.811159182818103e+06  -6.002860172658635e-02  -5.914638279013423e-01  -2.515719472462477e-01
  1.414999999999992e+00  -8.981253221917707e+06  -3.302048596390961e+07  -1.064432676523889e+07  9.149457807179414e+05  -1.085261199486916e+07  2.803572637022449e+06  -5.854284287729537e-02  -5.857621490555792e-01  -2.524823925537346e-01
  1.419999999999992e+00  -9.083705321444582e+06  -3.304180757986231e+07  -1.074177674126828e+07  9.039915492236450e+05  -1.087715546746296e+07  2.790372071006268e+06  -5.675380211253504e-02  -5.794741134338210e-01  -2.522652607216885e-01
  1.424999999999992e+00  -9.185601182041036e+06  -3.306526377330881e+07  -1.084299012545104e+07  8.913500168954473e+05  -1.090607635177231e+07  2.775665956654644e+06  -5.507317824186272e-02  -5.743420925697482e-01  -2.527260966595023e-01
  1.429999999999992e+00  -9.279214225667262e+06  -3.308832806091251e+07  -1.094552173794028e+07  8.833642090668102e+05  -1.093802569789023e+07  2.760471003420499e+06  -5.409329350321461e-02  -5.716460062806009e-01  -2.553882248289325e-01
  1.434999999999991e+00  -9.373118130510364e+06  -3.311259749569285e+07  -1.104356331682883e+07  8.672519570286069e+05  -1.097156013900574e+07  2.741604186739773e+06  -5.264973180895468e-02  -5.680487684417134e-01  -2.567207872822590e-01
  1.439999999999991e+00  -9.455319371215215e+06  -3.313092500391004e+07  -1.113526393725942e+07  8.480377832341959e+05  -1.100591117342865e+07  2.722003647663070e+06  -5.106756042104915e-02  -5.650563062206800e-01  -2.581930181051662e-01
  1.444999999999991e+00  -9.523328812198337e+06  -3.314654171226406e+07  -1.121970744684636e+07  8.322287720587861e+05  -1.104126628723091e+07  2.703039577747311e+06  -4.992621907834767e-02  -5.644387091482803e-01  -2.613667970468638e-01
  1.449999999999991e+00  -9.586773744716538e+06  -3.315744881633218e+07  -1.129694469693798e+07  8.067640505156588e+05  -1.107513174476285e+07  2.681127370609191e+06  -4.854013370156863e-02  -5.623217510345286e-01  -2.629434599092817e-01
  1.454999999999991e+00  -9.637324794482596e+06  -3.316990552801009e+07  -1.136929410737059e+07  7.850171835205004e+05  -1.111146374182606e+07  2.662421793135679e+06  -4.731958126717528e-02  -5.630648147319088e-01  -2.661738608173744e-01
  1.459999999999991e+00  -9.683703901505910e+06  -3.317881400484610e+07  -1.143494993689765e+07  7.515239658632843e+05  -1.114582197687921e+07  2.640367044671790e+06  -4.604329993988530e-02  -5.622071262923960e-01  -2.676855568101832e-01
  1.464999999999991e+00  -9.725211667390844e+06  -3.319079567134326e+07  -1.149794721926464e+07  7.152853045586159e+05  -1.118060807975071e+07  2.618821429576519e+06  -4.494416830573530e-02  -5.620038975616711e-01  -2.691609983347132e-01
  1.469999999999991e+00  -9.760451644881919e+06  -3.321225947092318e+07  -1.156349154575771e+07  6.856727374019925e+05  -1.121986734735812e+07  2.603379455073731e+06  -4.357340962328681e-02  -5.648952731127196e-01  -2.722491512172813e-01
  1.474999999999991e+00  -9.794532937317971e+06  -3.323637264154350e+07  -1.162673772935887e+07  6.451145950830260e+05  -1.125789874410738e+07  2.584711933869002e+06  -4.231430221298680e-02  -5.661901423113122e-01  -2.735516052686868e-01
  1.479999999999990e+00  -9.827824585505469e+06  -3.327157218110352e+07  -1.169431450454952e+07  6.045631450358061e+05  -1.129913631959695e+07  2.568694909332348e+06  -4.090617497807864e-02  -5.683378907415737e-01  -2.748226126082773e-01
  1.484999999999990e+00  -9.860409425461465e+06  -3.331628955548954e+07  -1.176833160728757e+07  5.729546328829563e+05  -1.134392220002292e+07  2.559359671214418e+06  -3.901624544634857e-02  -5.730210108332436e-01  -2.774028934403028e-01
  1.489999999999990e+00  -9.892471992618332e+06  -3.336909833689170e+07  -1.184416105771311e+07  5.339150386763647e+05  -1.138969028638476e+07  2.548297849269110e+06  -3.721683148048844e-02  -5.761030170303602e-01  -2.782260975054697e-01
  1.494999999999990e+00  -9.926239651854863e+06  -3.342456479081493e+07  -1.192369673592678e+07  5.044384010141362e+05  -1.143527765585908e+07  2.542863087917607e+06  -3.505478801803159e-02  -5.809004350701000e-01  -2.798981731230525e-01
  1.499999999999990e+00  -9.959599053613210e+06  -3.348851835051706e+07  -1.200673233268459e+07  4.696281707229104e+05  -1.148272927320667e+07  2.536272700152432e+06  -3.307242534887470e-02  -5.838753501240691e-01  -2.797373446050681e-01
  1.504999999999990e+00  -9.994801945468590e+06  -3.355599240689687e+07  -1.209374339752137e+07  4.379789645657886e+05  -1.153024068088345e+07  2.531747758930917e+06  -3.104864322564297e-02  -5.866062886684855e-01  -2.790267927039255e-01
  1.509999999999990e+00  -1.003442000472157e+07  -3.361700019827215e+07  -1.217754368250289e+07  4.135764585584084e+05  -1.157240598306756e+07  2.529007442158976e+06  -2.913086218436833e-02  -5.900671284081894e-01  -2.787878899732721e-01
  1.514999999999990e+00  -1.007523385082168e+07  -3.368615438255978e+07  -1.226889597554537e+07  3.871052240982680e+05  -1.161769062691641e+07  2.526733488857239e+06  -2.747246535927737e-02  -5.917521086528537e-01  -2.768459805779933e-01
  1.519999999999990e+00  -1.011785691375650e+07  -3.375356427701046e+07  -1.236147494031244e+07  3.635617029366525e+05  -1.166122863495209e+07  2.525566703554264e+06  -2.599437422985854e-02  -5.929424000477967e-01  -2.743850090247006e-01
  1.524999999999989e+00  -1.016279430643557e+07  -3.380991230562126e+07  -1.244480271036903e+07  3.463124629503561e+05  -1.169753344497415e+07  2.524818646198144e+06  -2.475604309426550e-02  -5.944920986677198e-01  -2.725192556960330e-01
  1.529999999999989e+00  -1.020711705037828e+07  -3.387213316032398e+07  -1.253738124161882e+07  3.295797589863999e+05  -1.173751127542241e+07  2.526342175762415e+06  -2.376134475761826e-02  -5.945705282925648e-01  -2.692498620489234e-01
  1.534999999999989e+00  -1.024990107314521e+07  -3.392214727947921e+07  -1.261812157891797e+07  3.193549879499325e+05  -1.177043165913769e+07  2.528556111651979e+06  -2.279217943277507e-02  -5.950196999230138e-01  -2.667534383880617e-01
  1.539999999999989e+00  -1.028814314004328e+07  -3.397586113997754e+07  -1.270767804841134e+07  3.105264471361873e+05  -1.180703993284920e+07  2.533881531183754e+06  -2.186191608109132e-02  -5.943224868638798e-01  -2.631228033740137e-01
  1.544999999999989e+00  -1.032348460947904e+07  -3.402608734883522e+07  -1.279520510805379e+07  3.070506458804650e+05  -1.184203864375699e+07  2.541728783771886e+06  -2.101267192661393e-02  -5.932238359806434e-01  -2.593383724527368e-01
  1.549999999999989e+00  -1.035483850798438e+07  -3.406780982454598e+07  -1.287220604353862e+07  3.106936612038910e+05  -1.187224630712947e+07  2.551362754772406e+06  -1.995633621267965e-02  -5.926625719518644e-01  -2.566802314522511e-01
  1.554999999999989e+00  -1.037973759401925e+07  -3.411274657734352e+07  -1.295591722230339e+07  3.160881205296803e+05  -1.190566731392330e+07  2.563812155491398e+06  -1.888494126824640e-02  -5.912781678934552e-01  -2.530490877051749e-01
  1.559999999999989e+00  -1.040190716462973e+07  -3.415851515343671e+07  -1.303821698351261e+07  3.264134076279313e+05  -1.193866076764799e+07  2.578159445019972e+06  -1.789902809502570e-02  -5.896623317378239e-01  -2.494706068855480e-01
  1.564999999999989e+00  -1.042228765002623e+07  -3.419913514948557e+07  -1.311225549768293e+07  3.431112214430909e+05  -1.196815472034082e+07  2.594131318363809e+06  -1.671459251649941e-02  -5.886868230055891e-01  -2.472651706490852e-01
  1.569999999999989e+00  -1.043652916432041e+07  -3.424486702009397e+07  -1.319066724272986e+07  3.596965617863361e+05  -1.200030041532719e+07  2.610628611094372e+06  -1.557716329365840e-02  -5.869545792651708e-01  -2.440288713412730e-01
  1.574999999999988e+00  -1.045409661553413e+07  -3.428656654959606e+07  -1.326189362021588e+07  3.821407650480293e+05  -1.202883654462383e+07  2.627724446713110e+06  -1.453261024807477e-02  -5.856897907252504e-01  -2.422032147712338e-01
  1.579999999999988e+00  -1.047043080712081e+07  -3.433770876578674e+07  -1.333952295224950e+07  4.041545750911339e+05  -1.206027456707365e+07  2.643864808370557e+06  -1.374607813406856e-02  -5.835278432237867e-01  -2.392960181408753e-01
  1.584999999999988e+00  -1.048713750792650e+07  -3.438941420703109e+07  -1.341612035091714e+07  4.260449705484375e+05  -1.209096419258587e+07  2.658113902986953e+06  -1.298012429233818e-02  -5.813535787222701e-01  -2.365928238186341e-01
  1.589999999999988e+00  -1.051409394686905e+07  -3.443659333407738e+07  -1.348762874368037e+07  4.506561304172931e+05  -1.211845555790486e+07  2.670448890311256e+06  -1.253417437434916e-02  -5.798614628640256e-01  -2.355684154869077e-01
  1.594999999999988e+00  -1.054478230426922e+07  -3.449680458597705e+07  -1.356951786194714e+07  4.724561781312326e+05  -1.214904978310641e+07  2.679166334757952e+06  -1.237882029584912e-02  -5.775859262219707e-01  -2.334587845095958e-01
  1.599999999999988e+00  -1.058063226243529e+07  -3.455952943852852e+07  -1.365409361050053e+07  4.915254072018745e+05  -1.217964606270184e+07  2.684137868462354e+06  -1.228792013783351e-02  -5.755611356003884e-01  -2.317029305675163e-01
  1.604999999999988e+00  -1.062964298107170e+07  -3.461740130212375e+07  -1.373459125881701e+07  5.104892255803245e+05  -1.220809303492203e+07  2.685413746739860e+06  -1.245516244504307e-02  -5.746091105223226e-01  -2.317863453245720e-01
  1.609999999999988e+00  -1.068338627651757e+07  -3.469197706923821e+07  -1.382992951451011e+07  5.251359313775547e+05  -1.224019932585003e+07  2.682163732239707e+06  -1.286506812342064e-02  -5.731245872874581e-01  -2.308828518377038e-01
  1.614999999999988e+00  -1.074549350404750e+07  -3.475741719807260e+07  -1.391774229506671e+07  5.376673543727531e+05  -1.226972014817122e+07  2.674874908634195e+06  -1.320076927093248e-02  -5.728540994578621e-01  -2.316891617992697e-01
  1.619999999999987e+00  -1.080501917489595e+07  -3.483533037031851e+07  -1.401759187355977e+07  5.467300482811187e+05  -1.230154324227251e+07  2.664874544366591e+06  -1.344864454998901e-02  -5.719365517044275e-01  -2.313379909982619e-01
  1.624999999999987e+00  -1.086435705559674e+07  -3.490917799635056e+07  -1.411497927139341e+07  5.556922488998976e+05  -1.233010618737910e+07  2.652955811354535e+06  -1.365235432632479e-02  -5.707334595851006e-01  -2.309765692711497e-01
  1.629999999999987e+00  -1.092862114011228e+07  -3.497002622868361e+07  -1.420174814230938e+07  5.627355207460056e+05  -1.235591075773405e+07  2.638363767153136e+06  -1.365409698006251e-02  -5.707548066312137e-01  -2.321348959888865e-01
  1.634999999999987e+00  -1.098452676208580e+07  -3.503277449430311e+07  -1.429299363156131e+07  5.683348849066182e+05  -1.237885992610441e+07  2.622874572683293e+06  -1.388349009261992e-02  -5.694485998131178e-01  -2.319323948189439e-01
  1.639999999999987e+00  -1.103935647587120e+07  -3.508944524226401e+07  -1.438047589799389e+07  5.687705911730231e+05  -1.239867949197864e+07  2.604140101256881e+06  -1.444674175032293e-02  -5.683750233367775e-01  -2.319992760668457e-01
  1.644999999999987e+00  -1.109615072926096e+07  -3.513854683366493e+07  -1.445853198422011e+07  5.628874672852284e+05  -1.241931227592645e+07  2.583292064085775e+06  -1.454732226872314e-02  -5.693814903876818e-01  -2.337012557400339e-01
  1.649999999999987e+00  -1.114011442942763e+07  -3.518808567057876e+07  -1.453794674513356e+07  5.502814015504214e+05  -1.243665437896029e+07  2.560395284451649e+06  -1.507957037875947e-02  -5.692870178676861e-01  -2.342102454477126e-01
  1.654999999999987e+00  -1.118024357588403e+07  -3.522869496238354e+07  -1.460587907368962e+07  5.322321772485683e+05  -1.245509790997130e+07  2.537447246988343e+06  -1.448776768245628e-02  -5.711426593964715e-01  -2.360073092526913e-01
  1.659999999999987e+00  -1.120279833187093e+07  -3.527131727742622e+07  -1.467498379454759e+07  5.072030616666659e+05  -1.247259368839413e+07  2.513901747331844e+06  -1.412210706667570e-02  -5.719394090283892e-01  -2.366118967997436e-01
  1.664999999999986e+00  -1.121405563248386e+07  -3.531240081212530e+07  -1.473963252300069e+07  4.779211889948489e+05  -1.249112738430669e+07  2.491203166753951e+06  -1.315568192870651e-02  -5.729569264424057e-01  -2.372114593380392e-01
  1.669999999999986e+00  -1.122484180994066e+07  -3.534424939052130e+07  -1.479699798207899e+07  4.473183801790605e+05  -1.251057298550029e+07  2.468659703360843e+06  -1.097657614003616e-02  -5.752519055690630e-01  -2.387648334993648e-01
  1.674999999999986e+00  -1.122089488372979e+07  -3.538403324745478e+07  -1.485967398476374e+07  4.121950945408596e+05  -1.253262508485065e+07  2.447320700350610e+06  -9.057943578821330e-03  -5.765598388205709e-01  -2.393974167332655e-01
  1.679999999999986e+00  -1.121595688663814e+07  -3.542675224215916e+07  -1.492559558302271e+07  3.757728679028677e+05  -1.255726840668394e+07  2.426645896045764e+06  -6.929906526944191e-03  -5.779561777448754e-01  -2.401763146602609e-01
  1.684999999999986e+00  -1.122245829620724e+07  -3.546180719136713e+07  -1.499054127243996e+07  3.400068827285855e+05  -1.258142866529805e+07  2.404169558064062e+06  -4.295367173036029e-03  -5.801059968087316e-01  -2.417134311704433e-01
  1.689999999999986e+00  -1.122467811070691e+07  -3.551177616491234e+07  -1.506852970061371e+07  3.026637402720495e+05  -1.261142800251364e+07  2.384644609479878e+06  -2.333342025742140e-03  -5.816341739297576e-01  -2.427524321088420e-01
  1.694999999999986e+00  -1.124118497229169e+07  -3.555269849960559e+07  -1.514414001601814e+07  2.668797925377533e+05  -1.263871525104155e+07  2.363406158431453e+06  -1.278929621139284e-04  -5.835157010051097e-01  -2.441664870139127e-01
  1.699999999999986e+00  -1.125503293262032e+07  -3.561069664744080e+07  -1.523539122364617e+07  2.323617051346040e+05  -1.267356462580471e+07  2.347406181255918e+06  1.280071844840408e-03  -5.849924467200076e-01  -2.452134656307783e-01
  1.704999999999986e+00  -1.127335444811309e+07  -3.567063967042451e+07  -1.533124924457877e+07  2.003166620123259e+05  -1.271010967810153e+07  2.334251505362265e+06  2.378875863421432e-03  -5.863719676533942e-01  -2.460786431640273e-01
  1.709999999999986e+00  -1.129927789870422e+07  -3.571644255751588e+07  -1.541713246675324e+07  1.720685612825984e+05  -1.274083567660922e+07  2.321454315222420e+06  3.640264019871256e-03  -5.876421687782813e-01  -2.466680345503580e-01
  1.714999999999985e+00  -1.131733559872251e+07  -3.577565035610570e+07  -1.551505880189554e+07  1.481047417493814e+05  -1.277864311403516e+07  2.316420229619018e+06  4.183117123889915e-03  -5.885099392189939e-01  -2.466913420417316e-01
  1.719999999999985e+00  -1.133326517312531e+07  -3.583253587734593e+07  -1.561101256787792e+07  1.290784974417015e+05  -1.281592677823130e+07  2.315732301421939e+06  4.356960656425331e-03  -5.889623009311600e-01  -2.460661637205744e-01
  1.724999999999985e+00  -1.135154315106334e+07  -3.587372712940486e+07  -1.569275281954196e+07  1.157151425280736e+05  -1.284583982371253e+07  2.316359004306947e+06  4.443531501439844e-03  -5.891248170449095e-01  -2.450272423078738e-01
  1.729999999999985e+00  -1.135955762913910e+07  -3.592559789620609e+07  -1.578255919719162e+07  1.078904950072214e+05  -1.288120004080642e+07  2.324466709919670e+06  3.870406970966410e-03  -5.888174179522879e-01  -2.431808772835054e-01
  1.734999999999985e+00  -1.137244461784513e+07  -3.596310622978224e+07  -1.585916869954984e+07  1.056301307919892e+05  -1.290862223735002e+07  2.332704420265655e+06  2.859848037952245e-03  -5.881258785254900e-01  -2.411360784763595e-01
  1.739999999999985e+00  -1.138103699471469e+07  -3.601359028574006e+07  -1.594503222048157e+07  1.100674601835091e+05  -1.294089563619111e+07  2.347522714848003e+06  1.203320426649348e-03  -5.869796177962128e-01  -2.382797276773533e-01
  1.744999999999985e+00  -1.139101795088580e+07  -3.606219854889113e+07  -1.602784571653114e+07  1.188764824530975e+05  -1.297048310815715e+07  2.363644310512674e+06  -7.943533839583760e-04  -5.854906825649168e-01  -2.350083672581887e-01
  1.749999999999985e+00  -1.141449680244052e+07  -3.610069186201289e+07  -1.610428574088809e+07  1.328400279054687e+05  -1.299284431388141e+07  2.378385747097232e+06  -3.299007607054889e-03  -5.837916003281709e-01  -2.322763891703095e-01
  1.754999999999985e+00  -1.144162120495350e+07  -3.615222208615475e+07  -1.618866492867920e+07  1.518254060115750e+05  -1.301760456620074e+07  2.395779113208972e+06  -6.074051030300394e-03  -5.816169049244503e-01  -2.286737604250275e-01
  1.759999999999984e+00  -1.147687793007527e+07  -3.620244913744947e+07  -1.627191137097179e+07  1.736288573039118e+05  -1.303873331209374e+07  2.411799291862154e+06  -8.884655441113720e-03  -5.791884051887336e-01  -2.249898168246441e-01
  1.764999999999984e+00  -1.152861492675470e+07  -3.624372461589912e+07  -1.635309753984123e+07  1.991071324078092e+05  -1.305373912028785e+07  2.425301710010806e+06  -1.180084949094654e-02  -5.767914392570536e-01  -2.223983434104575e-01
  1.769999999999984e+00  -1.158466870733919e+07  -3.629461196649160e+07  -1.643778888851095e+07  2.273619446812006e+05  -1.306868913988065e+07  2.437998446907994e+06  -1.458668157706262e-02  -5.738632091147515e-01  -2.187878059186383e-01
  1.774999999999984e+00  -1.164996279345589e+07  -3.633330246966983e+07  -1.651835272381027e+07  2.561600628039769e+05  -1.307812423435035e+07  2.447130043497739e+06  -1.715448198734875e-02  -5.711543081678604e-01  -2.164104156004051e-01
  1.779999999999984e+00  -1.171429923446379e+07  -3.637849751819119e+07  -1.659932777453025e+07  2.864394931749069e+05  -1.308710290737931e+07  2.454396442616291e+06  -1.942209394287124e-02  -5.680828451783912e-01  -2.129722104829857e-01
  1.784999999999984e+00  -1.177867567394216e+07  -3.642013500232034e+07  -1.667704774068896e+07  3.167310500019614e+05  -1.309355469785587e+07  2.458754226722567e+06  -2.157676566801024e-02  -5.648781866731780e-01  -2.095942310347670e-01
  1.789999999999984e+00  -1.184100683560534e+07  -3.644920217934766e+07  -1.674946758943111e+07  3.441105818538108e+05  -1.309764772493597e+07  2.459392186081191e+06  -2.347999491539862e-02  -5.622681420975817e-01  -2.075549968632391e-01
  1.794999999999984e+00  -1.189388038874215e+07  -3.648252692760327e+07  -1.681961119124060e+07  3.707997482352235e+05  -1.310205521848080e+07  2.458102636313763e+06  -2.529164538500216e-02  -5.594275159297802e-01  -2.045698514215059e-01
  1.799999999999984e+00  -1.193851528192359e+07  -3.651315527960017e+07  -1.688651212796681e+07  3.944644452129023e+05  -1.310689374130278e+07  2.454673758622292e+06  -2.708076301292901e-02  -5.568548839269936e-01  -2.018777185907604e-01
  1.804999999999984e+00  -1.197722253127488e+07  -3.653541695729285e+07  -1.694913246223352e+07  4.115882930167692e+05  -1.311290717361134e+07  2.447904923944611e+06  -2.872021879888249e-02  -5.552897424311444e-01  -2.006622225629400e-01
  1.809999999999983e+00  -1.200664430727377e+07  -3.656699663859524e+07  -1.701316009100652e+07  4.268171845526707e+05  -1.312203294666794e+07  2.441056150310544e+06  -3.031213901889272e-02  -5.539108180441853e-01  -1.989591497975387e-01
  1.814999999999983e+00  -1.203248817395267e+07  -3.659295393767969e+07  -1.707341654206257e+07  4.330277598310694e+05  -1.313336661585757e+07  2.430887798300399e+06  -3.179111609297689e-02  -5.535549647201323e-01  -1.986817051988319e-01
  1.819999999999983e+00  -1.205582792760111e+07  -3.663581189298338e+07  -1.714062948285640e+07  4.383564878501729e+05  -1.315063747132464e+07  2.422843570480073e+06  -3.301014314296780e-02  -5.538166774538261e-01  -1.982296632040960e-01
  1.824999999999983e+00  -1.207816365087856e+07  -3.668508020885826e+07  -1.720992992133633e+07  4.383464756237147e+05  -1.317192088576340e+07  2.414267888825912e+06  -3.392102800249897e-02  -5.548290964219740e-01  -1.984424265621667e-01
  1.829999999999983e+00  -1.210462588746430e+07  -3.672919196852124e+07  -1.727512468754306e+07  4.288142975222170e+05  -1.319491040214678e+07  2.402216266489995e+06  -3.456237135547861e-02  -5.566174865426959e-01  -1.997514453397220e-01
  1.834999999999983e+00  -1.213244889053033e+07  -3.678949552882172e+07  -1.734800238601198e+07  4.187159807770638e+05  -1.322337260759888e+07  2.392876207741413e+06  -3.480550495380897e-02  -5.588263512802643e-01  -2.008521092602860e-01
  1.839999999999983e+00  -1.216363858973100e+07  -3.685465938584905e+07  -1.742184440500125e+07  4.028397128727076e+05  -1.325429540603596e+07  2.382123891169428e+06  -3.482379228494815e-02  -5.614185356367145e-01  -2.022099512567597e-01
  1.844999999999983e+00  -1.220116421811439e+07  -3.691456376746176e+07  -1.748867281617794e+07  3.782800628324981e+05  -1.328492425725438e+07  2.367264288049542e+06  -3.461043800449726e-02  -5.645739209370425e-01  -2.040592560836512e-01
  1.849999999999983e+00  -1.223695021124505e+07  -3.698726877021071e+07  -1.756116741757186e+07  3.520776430904555e+05  -1.331892309558978e+07  2.353703775597461e+06  -3.420826888794328e-02  -5.677555735817500e-01  -2.053116069138607e-01
  1.854999999999982e+00  -1.227351354493944e+07  -3.705028050533405e+07  -1.762183508715098e+07  3.182135116313229e+05  -1.334972933029332e+07  2.335965216134647e+06  -3.362467474751631e-02  -5.710042901154051e-01  -2.065763142559918e-01
  1.859999999999982e+00  -1.230478090774263e+07  -3.712442255112138e+07  -1.768820639880972e+07  2.840105215621500e+05  -1.338343761727488e+07  2.320064527464197e+06  -3.292902142089082e-02  -5.740283385692485e-01  -2.070610471020980e-01
  1.864999999999982e+00  -1.232954884358609e+07  -3.719533096651884e+07  -1.774989589921616e+07  2.458319677566343e+05  -1.341579018532728e+07  2.303291766005827e+06  -3.212251017154678e-02  -5.767616400214909e-01  -2.070548556672457e-01
  1.869999999999982e+00  -1.235035109168117e+07  -3.725211508223431e+07  -1.779809241638541e+07  2.038721145909712e+05  -1.344303398268107e+07  2.284330668173256e+06  -3.106555196556032e-02  -5.791611321206173e-01  -2.068849653637985e-01
  1.874999999999982e+00  -1.236202286736779e+07  -3.731631294085243e+07  -1.785314377598580e+07  1.628969744849358e+05  -1.347269709721837e+07  2.268841000931392e+06  -2.998959098600309e-02  -5.810628783944742e-01  -2.060198958338226e-01
  1.879999999999982e+00  -1.236665630000395e+07  -3.737498084532718e+07  -1.790543365742282e+07  1.210990241809839e+05  -1.350058271127742e+07  2.254466805844920e+06  -2.878536013327491e-02  -5.825111135539434e-01  -2.048924800133375e-01
  1.884999999999982e+00  -1.237054137966635e+07  -3.741998864840267e+07  -1.794864255551044e+07  7.984627749753006e+04  -1.352353705021085e+07  2.239890581688020e+06  -2.725365717710993e-02  -5.836238383821415e-01  -2.039472519736971e-01
  1.889999999999982e+00  -1.236750528841517e+07  -3.747161933262828e+07  -1.800166548808242e+07  4.151994234610048e+04  -1.354952484448376e+07  2.229991544557964e+06  -2.580046712295198e-02  -5.842678254875643e-01  -2.026754114503739e-01
  1.894999999999982e+00  -1.236660989338950e+07  -3.751061163484220e+07  -1.804823066989650e+07  5.035183821258264e+03  -1.357084337096191e+07  2.219810327999213e+06  -2.407596428008683e-02  -5.846922652745851e-01  -2.018565627404376e-01
  1.899999999999981e+00  -1.236142958870024e+07  -3.755700934291276e+07  -1.810648180366573e+07  -2.709901609616720e+04  -1.359606856410343e+07  2.214276177581429e+06  -2.253455711761319e-02  -5.848553101933219e-01  -2.009217678306274e-01
  1.904999999999981e+00  -1.235648492794843e+07  -3.760170666268232e+07  -1.816788915623794e+07  -5.547192607293640e+04  -1.362122993695149e+07  2.210539763647829e+06  -2.109782278632228e-02  -5.847567441539302e-01  -2.001780459403016e-01
  1.909999999999981e+00  -1.235772617681459e+07  -3.763745481089128e+07  -1.822610869042400e+07  -8.038877096690248e+04  -1.364282311526601e+07  2.206007910957776e+06  -1.958551016944438e-02  -5.847053890332859e-01  -2.001308200302179e-01
  1.914999999999981e+00  -1.235582342589220e+07  -3.768041297002552e+07  -1.829511513342977e+07  -1.005474240796960e+05  -1.366850197258870e+07  2.204849008469851e+06  -1.851761167599540e-02  -5.844359527967760e-01  -1.999384876561047e-01
  1.919999999999981e+00  -1.235579220206990e+07  -3.772305682818328e+07  -1.836710826247302e+07  -1.165208174474324e+05  -1.369434484046076e+07  2.204463619950853e+06  -1.774006581215781e-02  -5.840279391722135e-01  -1.999560546034968e-01
  1.924999999999981e+00  -1.236412570022063e+07  -3.775927929817829e+07  -1.843671633560647e+07  -1.293496486542071e+05  -1.371706254597224e+07  2.202789948952075e+06  -1.697253796824649e-02  -5.838391063829479e-01  -2.007120035132226e-01
  1.929999999999981e+00  -1.236992998066194e+07  -3.780203368389117e+07  -1.851462830016312e+07  -1.375233228766397e+05  -1.374331707895463e+07  2.203826142078284e+06  -1.669721521159426e-02  -5.834243321983851e-01  -2.011566611218410e-01
  1.934999999999981e+00  -1.238482965387484e+07  -3.783915282014428e+07  -1.858914655881208e+07  -1.435221326953463e+05  -1.376610921846339e+07  2.203480844762478e+06  -1.636844451683810e-02  -5.832279053947808e-01  -2.022376009219699e-01
  1.939999999999981e+00  -1.239850591190134e+07  -3.788310829957353e+07  -1.867132615511758e+07  -1.444245441860594e+05  -1.379216786858498e+07  2.206211754105393e+06  -1.639873544745327e-02  -5.828099171869742e-01  -2.028935763205864e-01
  1.944999999999981e+00  -1.241581652460043e+07  -3.792603596364453e+07  -1.875365435427405e+07  -1.427303780348431e+05  -1.381740368978703e+07  2.209568243324120e+06  -1.650824008719744e-02  -5.824023998231626e-01  -2.035139676434275e-01
  1.949999999999980e+00  -1.244351508176077e+07  -3.796397957082720e+07  -1.883180476165656e+07  -1.400224224579490e+05  -1.383887816984590e+07  2.211972387678226e+06  -1.636570420135356e-02  -5.823315665351460e-01  -2.045946122165001e-01
  1.954999999999980e+00  -1.246880855479870e+07  -3.800545374456650e+07  -1.891389324180347e+07  -1.332824979710984e+05  -1.386185963737283e+07  2.216704761720764e+06  -1.649689771972049e-02  -5.818808760440656e-01  -2.049507943866939e-01
  1.959999999999980e+00  -1.249670465605239e+07  -3.804310424450752e+07  -1.899330323880192e+07  -1.253865900511892e+05  -1.388263585928092e+07  2.221492792802881e+06  -1.668223741367231e-02  -5.813137631153917e-01  -2.049720781168139e-01
  1.964999999999980e+00  -1.253371550636106e+07  -3.807516402214815e+07  -1.906720172043042e+07  -1.180680459123058e+05  -1.389933991862052e+07  2.224758910910208e+06  -1.673177727311923e-02  -5.811505553180558e-01  -2.052939603908628e-01
  1.969999999999980e+00  -1.256664377518317e+07  -3.810665221464483e+07  -1.914203206514896e+07  -1.091754928060083e+05  -1.391552935356518e+07  2.228321738841408e+06  -1.724584666703290e-02  -5.803874957320848e-01  -2.046746803829718e-01
  1.974999999999980e+00  -1.260666995191368e+07  -3.813247760613617e+07  -1.921039906382734e+07  -1.024432950717101e+05  -1.392789623191089e+07  2.229859523198741e+06  -1.779439458642150e-02  -5.801165946689754e-01  -2.042970768393457e-01
  1.979999999999980e+00  -1.264337395089988e+07  -3.815750652479258e+07  -1.928087794082034e+07  -9.532756956746502e+04  -1.393978807601576e+07  2.231609557120784e+06  -1.885013536350587e-02  -5.792470819169672e-01  -2.029825802891516e-01
  1.984999999999980e+00  -1.268154104022478e+07  -3.818001382946423e+07  -1.934965123595124e+07  -8.971861796450833e+04  -1.394929290960773e+07  2.231857207302174e+06  -2.015703839865899e-02  -5.782925842563997e-01  -2.014249854912644e-01
  1.989999999999980e+00  -1.272666291017596e+07  -3.819983777281217e+07  -1.941483399069822e+07  -8.592033205244609e+04  -1.395677611882815e+07  2.231107236239627e+06  -2.143763821751528e-02  -5.779567618479754e-01  -2.003015963162119e-01
  1.994999999999979e+00  -1.277014509049352e+07  -3.822063178990334e+07  -1.948480357133065e+07  -8.261383429591476e+04  -1.396425834783751e+07  2.231185302961711e+06  -2.298338143434175e-02  -5.770509106899390e-01  -1.983923655890841e-01
  1.999999999999979e+00  -1.281679904199564e+07  -3.824169190001730e+07  -1.955631550221813e+07  -8.035753453389696e+04  -1.397079854913370e+07  2.231206682693207e+06  -2.450696743193276e-02  -5.761823781288812e-01  -1.964328585732221e-01
