TITLE = "Temporal Signal for receiver number 00006"
VARIABLES = "Time","s_xx","s_yy","s_zz","s_xy","s_yz","s_xz","v1","v2","v3"
# x1       -3.000000000000e+03
# x2       -1.000000000000e+03
# x3       -7.500000000000e+03
# cell-global-id 789
  0.000000000000000e+00  0.000000000000000e+00  0.000000000000000e+00  0.000000000000000e+00  0.000000000000000e+00  0.000000000000000e+00  0.000000000000000e+00  0.000000000000000e+00  0.000000000000000e+00  0.000000000000000e+00
  5.000000000000000e-03  0.000000000000000e+00  0.000000000000000e+00  0.000000000000000e+00  0.000000000000000e+00  0.000000000000000e+00  0.000000000000000e+00  0.000000000000000e+00  0.000000000000000e+00  0.000000000000000e+00
  1.000000000000000e-02  5.095911702090326e-13  1.512480213260164e-13  1.221046728554308e-14  -3.281566508225537e-12  9.607606048045841e-13  1.839321904515021e-13  -7.024563169214091e-19  3.983489129081285e-20  9.629943225835242e-20
  1.500000000000000e-02  -6.467573117517744e-13  -6.977978698782160e-13  -8.176560671059628e-13  -7.694997784696048e-12  1.810430031553643e-12  2.559846311723259e-12  -1.427833463986159e-18  2.308276933339503e-20  1.643798013956296e-19
  2.000000000000000e-02  -2.225188895945571e-12  -1.725437473172126e-12  -1.757321002259241e-12  -9.931889567692009e-12  1.914749037966374e-12  5.729432313706058e-12  -1.711382485863275e-18  -4.198725695464656e-20  1.589462858645820e-19
  2.500000000000000e-02  -2.354899095296085e-12  -1.915202701327719e-12  -2.095654533831269e-12  -7.607848940406840e-12  1.811768639491154e-12  7.063193281165069e-12  -1.500717810111572e-18  -7.667758343902408e-20  1.410613909491484e-19
  3.000000000000000e-02  -1.694912789522416e-12  -1.648456528714453e-12  -2.362554160095893e-12  -4.053849021595299e-12  1.189515023581956e-12  7.752715488052545e-12  -9.239005428839942e-19  -1.318848873825876e-19  1.237631635974516e-19
  3.500000000000000e-02  4.975017254021758e-13  -1.962751969589879e-13  -1.862798861430887e-12  2.298745404148132e-12  1.877398262280135e-13  6.227054524784804e-12  3.248170754707865e-20  -1.323565502180013e-19  9.427026157721009e-20
  4.000000000000000e-02  3.202699125802394e-12  1.837650612078097e-12  -8.688961252406201e-13  1.021968750576512e-11  -1.094456708444084e-12  2.945894640706176e-12  1.177736421714031e-18  -7.934647582158688e-20  2.624547156826849e-20
  4.500000000000000e-02  3.907347175677809e-12  3.013031846645749e-12  -5.520981394516634e-13  1.497026216057593e-11  -2.030587602014228e-12  2.511646574883190e-13  1.885601944382358e-18  -3.732857449189421e-20  -3.670177440983790e-20
  5.000000000000000e-02  5.261199724076711e-12  4.806651759267919e-12  5.256071546326571e-13  2.143316972450451e-11  -3.591058289667254e-12  -3.940806101431547e-12  2.867376418065197e-18  8.470901705401639e-20  -1.868097169792514e-19
  5.499999999999999e-02  5.227946866837485e-12  5.711990627137839e-12  1.163315319889502e-12  2.595959080673405e-11  -4.894370094777440e-12  -7.639260039162764e-12  3.560323808954705e-18  2.008261993544462e-19  -3.461152985162402e-19
  5.999999999999999e-02  4.052655022422362e-12  5.688496293279418e-12  1.460301773347592e-12  2.768221636909266e-11  -5.747422696502846e-12  -1.024269501420957e-11  3.854745288041548e-18  2.852027686702521e-19  -4.808148867239154e-19
  6.499999999999999e-02  3.659491369869009e-12  5.524849187494983e-12  2.310374416287670e-12  2.346920287825041e-11  -6.228861956794398e-12  -1.084745300471936e-11  3.541859885187983e-18  3.453777151730279e-19  -5.621415408413633e-19
  6.999999999999999e-02  1.995509029988195e-12  4.084582395568810e-12  2.635222897410081e-12  1.948499387743876e-11  -6.012709324271642e-12  -1.116957331041650e-11  3.079350556304268e-18  3.373513001164027e-19  -6.041977940279389e-19
  7.500000000000000e-02  2.552552248045711e-13  2.049330576608188e-12  3.012647968520888e-12  1.275905118880451e-11  -5.143366797169751e-12  -1.031871985927448e-11  2.250587206462825e-18  2.679296053364272e-19  -5.745131533932562e-19
  8.000000000000000e-02  -1.323830537714145e-12  -3.640434553694687e-13  3.404196406976333e-12  3.865048041509088e-12  -3.686658396960198e-12  -8.606064552492565e-12  1.142589917254685e-18  1.484936189238547e-19  -4.760785781207873e-19
  8.500000000000001e-02  -9.780041699006030e-13  -2.665604052161239e-12  3.897666985157006e-12  -6.127190183579999e-12  -2.189217335608758e-12  -6.852134133424494e-12  6.218810786268673e-20  3.062220697416783e-20  -3.653526060115696e-19
  9.000000000000001e-02  -2.102685034617520e-12  -5.332895222120852e-12  3.751454534087053e-12  -1.639027390744042e-11  9.678091319558736e-14  -4.446717559568731e-12  -1.252650826916119e-18  -1.362183599281645e-19  -1.724965737516876e-19
  9.500000000000001e-02  -2.639223139033703e-12  -7.610496046837314e-12  3.341753202145384e-12  -2.669191628837009e-11  2.556770507901844e-12  -1.840975981614588e-12  -2.592203121738033e-18  -2.917701954233928e-19  4.672584507683573e-20
  1.000000000000000e-01  -2.365046031941871e-12  -9.251569196540480e-12  2.697895490851399e-12  -3.639166367926706e-11  4.991520901744347e-12  8.772858010480633e-13  -3.892373203064967e-18  -4.152134720998373e-19  2.685526646522580e-19
  1.050000000000000e-01  -1.064830597273881e-12  -1.006188844781482e-11  1.932324085102152e-12  -4.495844276938817e-11  7.193404461578634e-12  3.688417344371211e-12  -5.108296414530682e-18  -4.917978649162164e-19  4.700397957571454e-19
  1.100000000000000e-01  7.214474060734423e-13  -1.012951373643089e-11  1.224491116609796e-12  -4.897013666311730e-11  8.739789539405734e-12  5.748631470883670e-12  -5.710532391839154e-18  -5.240029551820414e-19  6.056557390490692e-19
  1.150000000000000e-01  4.264126095068302e-12  -8.840726404884338e-12  8.006291526056510e-13  -5.399053646151657e-11  1.003753382386438e-11  8.903674472358680e-12  -6.659157757057672e-18  -4.830472498533465e-19  7.216889782250258e-19
  1.200000000000000e-01  1.006753182056014e-11  -6.227507520649797e-12  9.468865998846159e-13  -5.756190925614403e-11  1.059502491743913e-11  1.255375201436895e-11  -7.570178298030122e-18  -3.657843380386476e-19  7.674716986540901e-19
  1.250000000000000e-01  1.945123569953518e-11  -1.942972034298549e-12  2.077431928373750e-12  -6.033564983878059e-11  1.022555842152638e-11  1.721303281978246e-11  -8.595742493177917e-18  -1.547884616304651e-19  7.289328334552311e-19
  1.300000000000000e-01  2.802988048855039e-11  2.843711808728953e-12  3.847795735171857e-12  -5.767291750643601e-11  9.531052573646745e-12  2.167281497561281e-11  -8.666646269456150e-18  5.616173513873676e-20  6.342851255270687e-19
  1.350000000000000e-01  5.120036257627073e-11  1.308564957668562e-11  9.371180457641193e-12  -6.282843948685843e-11  6.714565045264929e-12  3.153481604697105e-11  -1.055293695358761e-17  6.199944295986113e-19  3.274527146025452e-19
  1.400000000000000e-01  9.388970887097543e-11  3.147510540664975e-11  2.101557841105084e-11  -7.604741318508154e-11  7.341337393511590e-13  4.885795270407798e-11  -1.420952196154214e-17  1.690780210876952e-18  -2.897911595216366e-19
  1.450000000000000e-01  1.761231769160660e-10  6.730013136913568e-11  4.562716935232513e-11  -1.076927091201868e-10  -1.230077501996981e-11  8.129430082686014e-11  -2.155534222139265e-17  3.904893045836303e-18  -1.531754115226522e-18
  1.500000000000000e-01  2.603501642411765e-10  1.084308782292643e-10  7.613455075777463e-11  -1.412617782964172e-10  -2.606241202695884e-11  1.229075811618321e-10  -2.697664002693961e-17  6.318129737690757e-18  -3.117302850573623e-18
  1.550000000000001e-01  5.212849394761961e-10  2.436853362653255e-10  1.735742949235165e-10  -2.701545897452621e-10  -8.029813391334331e-11  2.338298620497023e-10  -5.042029084740781e-17  1.535320326921370e-17  -8.116516251381262e-18
  1.600000000000001e-01  1.092396492344819e-09  5.701300734571177e-10  4.084160957361941e-10  -5.695317400357755e-10  -2.251424029753899e-10  4.738066440914486e-10  -1.014310438362278e-16  3.837999208095314e-17  -2.011133292943970e-17
  1.650000000000001e-01  2.423505313125239e-09  1.397225395208708e-09  1.003186462077046e-09  -1.286741719170136e-09  -6.288249147213056e-10  1.020940836755851e-09  -2.170914193423238e-16  9.977190998070034e-17  -5.032129815569313e-17
  1.700000000000001e-01  3.764323955776789e-09  2.524095635189171e-09  1.788024676392085e-09  -2.261354178912049e-09  -1.161710357499170e-09  1.824579162685238e-09  -3.343193051971890e-16  1.791447142932868e-16  -9.338878782674920e-17
  1.750000000000001e-01  9.203305515713318e-09  6.893655890751163e-09  4.848285711706126e-09  -5.749867385646887e-09  -3.451241560047641e-09  4.429983531403248e-09  -8.067595734695471e-16  5.132861413500859e-16  -2.549057377472867e-16
  1.800000000000001e-01  2.443518392701916e-08  1.971785607483664e-08  1.384728768778934e-08  -1.550039732680339e-08  -1.055086238577141e-08  1.150942545343996e-08  -2.088758510233231e-15  1.527763384869869e-15  -7.254917970752550e-16
  1.850000000000001e-01  7.082881360975851e-08  5.902909559350478e-08  4.162289444664213e-08  -4.431063810988916e-08  -3.324139417376929e-08  3.202000908882811e-08  -5.850301365771165e-15  4.726019700749534e-15  -2.161377134970539e-15
  1.900000000000001e-01  2.232996214098161e-07  1.845515333490470e-07  1.312345823157719e-07  -1.339190438964152e-07  -1.078553070854099e-07  9.514339534151784e-08  -1.773816301520900e-14  1.516875333669027e-14  -6.741176886288801e-15
  1.950000000000001e-01  3.693696927235559e-07  3.749299119602504e-07  2.578484042665141e-07  -2.749579363689253e-07  -2.180738148605809e-07  2.013352106287865e-07  -3.166047554411551e-14  3.021452868836472e-14  -1.361399910546018e-14
  2.000000000000001e-01  1.276035617971812e-06  1.253327232464596e-06  8.689338680240697e-07  -8.950712342723006e-07  -7.433977170353471e-07  6.521018756071941e-07  -1.058035464963043e-13  1.028062985582811e-13  -4.537617421639989e-14
  2.050000000000001e-01  4.649202791890937e-06  4.318774353380693e-06  3.023842484648566e-06  -3.021192771707499e-06  -2.591152812659846e-06  2.205224719614275e-06  -3.724009941628987e-13  3.588830420644417e-13  -1.564710098877098e-13
  2.100000000000001e-01  1.760243067747723e-05  1.527341884835276e-05  1.080793548896137e-05  -1.051203574111689e-05  -9.208375024273350e-06  7.724189141598047e-06  -1.363787335844483e-12  1.280694699791485e-12  -5.556824692006022e-13
  2.150000000000001e-01  2.980322859058626e-05  3.124728815777778e-05  2.150527864687963e-05  -2.228704604075524e-05  -1.903993641774908e-05  1.694867880272097e-05  -2.507850766110871e-12  2.588609908238218e-12  -1.114959855749969e-12
  2.200000000000001e-01  1.172285322146500e-04  1.141858169518251e-04  7.932797614478307e-05  -8.000070582142535e-05  -6.962314225767293e-05  6.137335873549725e-05  -9.543819352315448e-12  9.524582626542671e-12  -4.092100480377543e-12
  2.250000000000001e-01  4.681273664138155e-04  4.236750062338451e-04  2.970020535497146e-04  -2.920721781154988e-04  -2.576514200317546e-04  2.262255664560109e-04  -3.696228019400236e-11  3.549299038480752e-11  -1.528807963676087e-11
  2.300000000000001e-01  1.887534771182788e-03  1.591590543518921e-03  1.125175826782679e-03  -1.081347212016958e-03  -9.626004511868950e-04  8.454078846298661e-04  -1.449014564380080e-10  1.336194995200197e-10  -5.794827222345767e-11
  2.350000000000001e-01  3.224730247289723e-03  3.203308175192419e-03  2.222533742884527e-03  -2.291620581636165e-03  -1.997148342251223e-03  1.853461658200964e-03  -2.664107943899793e-10  2.687535928016680e-10  -1.132725219967134e-10
  2.400000000000001e-01  1.313608421207181e-02  1.217570840048598e-02  8.505514150746811e-03  -8.554119491147646e-03  -7.554002233690836e-03  6.974334659214864e-03  -1.055322382752671e-09  1.024124917585118e-09  -4.343116226123829e-10
  2.450000000000001e-01  5.351953655402952e-02  4.652288651085510e-02  3.269534790933959e-02  -3.213090885404714e-02  -2.867227609421944e-02  2.636772118012013e-02  -4.190460968987270e-09  3.916414099762810e-09  -1.676255956922354e-09
  2.500000000000001e-01  2.172618899361518e-01  1.781017041097911e-01  1.258254899442219e-01  -1.210935118887172e-01  -1.088860931937903e-01  9.977832515274968e-02  -1.661143012214568e-08  1.498486755656118e-08  -6.487758731318795e-09
  2.550000000000001e-01  3.679274579628434e-01  3.481620706786720e-01  2.435768713133978e-01  -2.524962734846488e-01  -2.234863054069939e-01  2.153503316198837e-01  -3.003533662971124e-08  2.959179120976833e-08  -1.220747652863857e-08
  2.600000000000001e-01  1.451772834018110e+00  1.308525640105198e+00  9.181393864132140e-01  -9.331317492604173e-01  -8.378248955450929e-01  7.935026354343275e-01  -1.160202770348170e-07  1.114115196861638e-07  -4.628940507429639e-08
  2.650000000000001e-01  5.272911900948612e+00  4.647293880255260e+00  3.264188995694526e+00  -3.286984758865706e+00  -3.004137677483401e+00  2.732939877739199e+00  -4.150172791857616e-07  3.978656807839389e-07  -1.649548697717413e-07
  2.700000000000001e-01  1.514617934497764e+01  1.396209801277340e+01  9.791974516770368e+00  -1.003979211056823e+01  -9.505735943043847e+00  7.706607580283727e+00  -1.192656140301406e-06  1.222501465839473e-06  -4.891606347442525e-07
  2.750000000000001e-01  1.931955707483078e+01  2.333383885722608e+01  1.640409330875356e+01  -1.853715388623317e+01  -1.683360789552027e+01  1.367244790196486e+01  -1.686487603375598e-06  2.057228598261191e-06  -7.786243458324400e-07
  2.800000000000001e-01  2.703365560563003e+01  4.818382100812257e+01  3.447998065332793e+01  -4.137302944197310e+01  -3.838186038048020e+01  2.234608666662519e+01  -2.721892889029390e-06  4.426667438434251e-06  -1.612155265033848e-06
  2.850000000000001e-01  1.029521161223546e+01  7.268368911237339e+01  5.272597981263381e+01  -7.300061968821859e+01  -6.804079834520525e+01  1.647762818815237e+01  -2.572969669611246e-06  7.348755246997432e-06  -2.436433280398229e-06
  2.900000000000001e-01  -5.319210459930488e+01  7.410597394401613e+01  4.505331844755376e+01  -1.043615921377425e+02  -9.607803294371338e+01  -2.806854783267645e+01  1.134037077740196e-07  9.631849421706451e-06  -1.878569804743722e-06
  2.950000000000002e-01  -1.979626291790939e+02  2.226931617517862e+01  -3.615561803851729e+01  -1.170943308551518e+02  -1.104770443351726e+02  -1.424162860091157e+02  8.134767625594129e-06  9.581445408762731e-06  2.740019600568434e-06
  3.000000000000002e-01  -3.818474979284115e+02  -7.796228356092540e+01  -1.493685226435807e+02  -7.780010037158313e+01  -1.074910117094978e+02  -2.411795156717902e+02  1.858816149863842e-05  5.844414751063373e-06  6.869611838196623e-06
  3.050000000000002e-01  -8.369859786785412e+02  -2.769968247953479e+02  -4.608827848243802e+02  4.026055814961694e+01  -9.909959417325193e+01  -5.406887706049442e+02  4.989910734993025e-05  -1.542548708762796e-06  2.177885087303203e-05
  3.100000000000002e-01  -1.374555528012452e+03  -4.051864263453483e+02  -8.089650077820612e+02  1.858956509074653e+02  -1.303117649798079e+02  -8.975180285590116e+02  9.008899669873716e-05  -4.627009842815981e-06  3.670616335314558e-05
  3.150000000000002e-01  -1.738900726598695e+03  -2.840254777373930e+02  -1.021251839707014e+03  2.659192397717929e+02  -2.476233516391794e+02  -1.187599240308105e+03  1.197648411034247e-04  6.811409267950102e-06  4.100248402967878e-05
  3.200000000000002e-01  -1.720471989456020e+03  1.363722267531101e+02  -9.940954934557702e+02  2.541863412112971e+02  -3.974470707432777e+02  -1.290132264164989e+03  1.145375278622086e-04  3.021691398627909e-05  2.625404606090761e-05
  3.250000000000002e-01  -8.962111957407373e+02  9.783987492588059e+02  -6.378237634092969e+02  -8.388762657545453e+01  -6.455238989439165e+02  -1.118781951775120e+03  5.584150413723073e-05  7.704763387948572e-05  -2.952530200215576e-06
  3.300000000000002e-01  8.761045877218108e+02  1.926575770610735e+03  -3.114803667310830e+01  -6.816033626650271e+02  -8.147935044670584e+02  -5.211533792093595e+02  -8.063888867295176e-05  1.230519724961604e-04  -4.508392036478757e-05
  3.350000000000002e-01  3.516009809307160e+03  2.542434405898127e+03  5.872257167282709e+02  -1.416831955357157e+03  -7.171262492543630e+02  5.045248554754289e+02  -2.918761777882135e-04  1.357404180586753e-04  -8.384307112888447e-05
  3.400000000000002e-01  6.097941678446499e+03  2.525093171498637e+03  8.835138182371637e+02  -2.119450772363185e+03  -3.336467777348511e+02  1.461299672593145e+03  -4.888248763644540e-04  9.668830160366795e-05  -8.333434283120239e-05
  3.450000000000002e-01  9.672095486709599e+03  1.404274606683436e+03  9.464009099624711e+02  -2.668520237288571e+03  6.370282708805152e+02  3.088294986057349e+03  -7.727180471465513e-04  -2.435911901420950e-05  -7.067330520371081e-05
  3.500000000000002e-01  1.333662725960789e+04  -8.849613623961521e+02  5.846707068090295e+02  -2.752254637090375e+03  2.206730512622791e+03  4.897358632097928e+03  -1.050306453525652e-03  -2.430634416311261e-04  -2.403448856660793e-05
  3.550000000000002e-01  1.693513317150845e+04  -4.035311776608241e+03  -1.434746212242613e+01  -2.212652633084612e+03  4.296834673082083e+03  6.782933491940866e+03  -1.284699751106663e-03  -5.436609289092766e-04  4.856636077799921e-05
  3.600000000000002e-01  1.969162320731829e+04  -6.788651697559400e+03  -2.054331995807362e+02  -1.689366558019981e+03  5.865588769638769e+03  8.305950787689379e+03  -1.384612293476294e-03  -7.447678631461224e-04  1.168258613204537e-04
  3.650000000000002e-01  2.316727892374883e+04  -9.696362450613928e+03  -2.025116636121203e+02  -5.373165944495003e+01  8.269537736198929e+03  1.019682466492542e+04  -1.485488747322884e-03  -1.051612397688591e-03  1.731121037072445e-04
  3.700000000000002e-01  2.672119889888815e+04  -1.127073365363841e+04  6.582919917980757e+02  2.181821189744929e+03  1.055771502195752e+04  1.195883719181482e+04  -1.481832816126653e-03  -1.294990202725061e-03  2.020408735588145e-04
  3.750000000000002e-01  3.050605602873511e+04  -1.079039128782162e+04  2.663531356091173e+03  4.904670533159901e+03  1.252021802918125e+04  1.354406303064535e+04  -1.364051585185744e-03  -1.417513891992075e-03  1.945161272815443e-04
  3.800000000000002e-01  3.461343651086188e+04  -7.836631844517894e+03  5.896265018324392e+03  8.000421550566097e+03  1.403455663160826e+04  1.490713691045204e+04  -1.129423644205701e-03  -1.378798351540712e-03  1.506955301982974e-04
  3.850000000000002e-01  3.743202513687297e+04  -2.329006150495094e+03  9.699157340677646e+03  9.468974367564353e+03  1.372085679068390e+04  1.580356430154305e+04  -9.355994351559157e-04  -9.805335356997914e-04  -2.594596202587514e-05
  3.900000000000002e-01  4.110145928366337e+04  4.640441188547150e+03  1.400129765011065e+04  1.300163228141244e+04  1.445142277109152e+04  1.641157493928593e+04  -5.046521622613276e-04  -6.812006052446245e-04  -8.958516451412113e-05
  3.950000000000002e-01  4.434237620549786e+04  1.286258198590140e+04  1.831791095944789e+04  1.680779146815720e+04  1.497413111051855e+04  1.664510722411779e+04  4.009879616866926e-05  -2.798476838103485e-04  -1.271777067438312e-04
  4.000000000000002e-01  4.675224402894350e+04  2.137047325137915e+04  2.205150929051169e+04  2.081264679204082e+04  1.545943222961348e+04  1.655684728901428e+04  6.693529862382865e-04  1.697758471395047e-04  -1.257644264531736e-04
  4.050000000000002e-01  4.470921890675969e+04  2.871302693908428e+04  2.313482451968282e+04  2.291054068237710e+04  1.444701761092542e+04  1.533700989823503e+04  1.013980302503406e-03  7.081500373699252e-04  -2.582974510764785e-04
  4.100000000000003e-01  4.355394481612905e+04  3.430570474891541e+04  2.378074896273951e+04  2.754318731059374e+04  1.534596273432352e+04  1.436179508778884e+04  1.785061807602985e-03  9.645722558726699e-04  -1.065166703011949e-04
  4.150000000000003e-01  4.096018555560268e+04  3.758168495330476e+04  2.302029405486750e+04  3.246680433139161e+04  1.648212800400561e+04  1.321689434602638e+04  2.595174548227668e-03  1.097512887110597e-03  8.244519079212765e-05
  4.200000000000003e-01  3.748800204533597e+04  3.844701639556425e+04  2.119282123871016e+04  3.759754902540946e+04  1.777246629002726e+04  1.195272463236046e+04  3.405356793917496e-03  1.091389356296276e-03  2.808830660330614e-04
  4.250000000000003e-01  2.886496864193457e+04  3.692432896883583e+04  1.617295898354721e+04  4.146237480993837e+04  1.761799072620905e+04  8.385942986757518e+03  3.663467822373524e-03  9.706796535326603e-04  3.229644675873059e-04
  4.300000000000003e-01  2.509797941003738e+04  3.337337272228378e+04  1.295393543453712e+04  4.657560837944555e+04  1.916137536164680e+04  6.710693529460146e+03  4.367019068042420e-03  6.272522807905100e-04  5.718381797950093e-04
  4.350000000000003e-01  2.316628844888076e+04  2.893814674103558e+04  1.014767529924757e+04  5.057206437778470e+04  2.045492851109164e+04  5.412329711507613e+03  4.832373109088599e-03  2.278209347254828e-04  7.535785453387929e-04
  4.400000000000003e-01  2.387503941904385e+04  2.476100338925785e+04  8.173845252513329e+03  5.271094588925693e+04  2.124125740334837e+04  4.676513570514533e+03  4.951426529084564e-03  -1.553344360404976e-04  8.483128697060447e-04
  4.450000000000003e-01  2.034529406515390e+04  2.221630378410060e+04  3.722794963875151e+03  5.340881871675244e+04  2.088565514388830e+04  7.964381474620390e+02  4.276147557811649e-03  -4.457125608888229e-04  8.546386565908399e-04
  4.500000000000003e-01  2.683905784802988e+04  2.151063848364008e+04  3.468698339421813e+03  5.104115163018281e+04  2.078915747239016e+04  7.379327243153335e+02  3.743803334965833e-03  -6.155178455307983e-04  8.958955925473472e-04
  4.550000000000003e-01  3.701282085560539e+04  2.499286017191034e+04  4.715481430057615e+03  4.544661656918043e+04  1.962349752435003e+04  1.110256001837706e+03  2.764168807741255e-03  -4.861565438500389e-04  8.368525475577293e-04
  4.600000000000003e-01  5.071359444086699e+04  3.399884326843875e+04  7.738746435976512e+03  3.655229428345258e+04  1.719325126182930e+04  1.726261963113724e+03  1.386381542954840e-03  3.489404828584029e-05  6.820876228761054e-04
  4.650000000000003e-01  6.789867909347070e+04  4.981423246463052e+04  1.295797747933558e+04  2.439270247914628e+04  1.342917766423414e+04  2.357781986940154e+03  -3.207899707563276e-04  1.034945119552557e-03  4.473450421395238e-04
  4.700000000000003e-01  8.001246321452319e+04  7.192996172549594e+04  1.630130437619823e+04  1.423521959511916e+04  1.163469686520767e+04  -2.142399829725939e+03  -2.108711949641802e-03  2.435772508502562e-03  5.218013980699387e-04
  4.750000000000003e-01  1.045645539320388e+05  1.041933607827937e+05  2.677040364881873e+04  -3.507509769784108e+03  6.646997528784914e+03  -2.264522809961996e+03  -4.179595628128197e-03  4.554278740572014e-03  2.620225080214012e-04
  4.800000000000003e-01  1.338458479696069e+05  1.473603072909201e+05  4.091463150800978e+04  -2.508828144893753e+04  7.190383751851566e+02  -2.604459280147208e+03  -6.552472121818345e-03  7.414017604677711e-03  -4.374301041003679e-05
  4.850000000000003e-01  1.682013346140669e+05  2.026955680431284e+05  5.890648650441002e+04  -5.115992816647134e+04  -5.915981858423299e+03  -3.022306937501512e+03  -9.287072980729692e-03  1.109384247667346e-02  -3.672461716907371e-04
  4.900000000000003e-01  1.981448094292293e+05  2.685571931809478e+05  7.530377899657805e+04  -7.382845850796632e+04  -7.118387027728438e+03  -8.163643227097763e+03  -1.189405741475868e-02  1.546296238100994e-02  -1.650185733465628e-04
  4.950000000000003e-01  2.427208288957733e+05  3.513927041294360e+05  1.009300254105152e+05  -1.097307705170214e+05  -1.369717506368438e+04  -8.206260218178400e+03  -1.538711187532804e-02  2.095634129109710e-02  -4.902952059407442e-04
  5.000000000000003e-01  2.928495649516848e+05  4.508264333032062e+05  1.309092051939018e+05  -1.520563779196792e+05  -2.071540348188795e+04  -7.827502176989839e+03  -1.940493937116907e-02  2.754371640802807e-02  -8.350196798189993e-04
  5.050000000000003e-01  3.480673778666444e+05  5.683749020192999e+05  1.650459555129397e+05  -2.012178751691392e+05  -2.815910140576112e+04  -6.995062599840191e+03  -2.393497383055954e-02  3.531934777119748e-02  -1.191588209726415e-03
  5.100000000000003e-01  3.974509073814842e+05  7.000881865179755e+05  1.976006721980165e+05  -2.454722621653424e+05  -2.773279333399899e+04  -9.367004614229721e+03  -2.781421037902758e-02  4.410673499517362e-02  -9.023471342920274e-04
  5.150000000000003e-01  4.605598228512640e+05  8.569786751980820e+05  2.392976063254291e+05  -3.080731532736633e+05  -3.528857987591094e+04  -7.054663818344798e+03  -3.316578993134169e-02  5.442256728918625e-02  -1.342975584055847e-03
  5.200000000000004e-01  5.267536068809971e+05  1.036365370382544e+06  2.843624112914658e+05  -3.781051721051947e+05  -4.354397337410601e+04  -4.238092007209052e+03  -3.889976691909491e-02  6.617688905714078e-02  -1.792400366262156e-03
  5.250000000000004e-01  5.951637685993469e+05  1.238876139291163e+06  3.319868078459637e+05  -4.552686309484478e+05  -5.238229702855083e+04  -1.489417685952940e+03  -4.490080256917447e-02  7.940534713605477e-02  -2.208559987485035e-03
  5.300000000000004e-01  6.555065920361276e+05  1.455534863979717e+06  3.779728545506199e+05  -5.253131566838805e+05  -5.142794513354226e+04  -1.031921322667057e+03  -4.949877393394552e-02  9.374848232130413e-02  -1.992413880229058e-03
  5.350000000000004e-01  7.260665327272328e+05  1.703618111432227e+06  4.294521927029119e+05  -6.150312763250255e+05  -6.040508031823834e+04  9.922457825689784e+02  -5.581446619793100e-02  1.098073585571818e-01  -2.467871247638130e-03
  5.400000000000004e-01  7.962777040405716e+05  1.974359656091342e+06  4.816433485538030e+05  -7.105988239975508e+05  -6.953399490669585e+04  1.776152376205267e+03  -6.209596651240754e-02  1.272647887004946e-01  -2.854108679108160e-03
  5.450000000000004e-01  8.650928426304690e+05  2.266528233162500e+06  5.338187846993004e+05  -8.118463650454053e+05  -7.832937467083863e+04  1.194583675408580e+03  -6.828549432664605e-02  1.460303662752970e-01  -3.119193652609287e-03
  5.500000000000004e-01  9.251322324726729e+05  2.569027115229894e+06  5.856465579620813e+05  -9.062719012427888e+05  -7.613872634767705e+04  9.802980578393762e+02  -7.300190270951643e-02  1.656666209817262e-01  -3.020337581634636e-03
  5.550000000000004e-01  9.916707808388923e+05  2.902429910141559e+06  6.388809856894939e+05  -1.020557627417414e+06  -8.366348897394532e+04  -3.276814101658631e+02  -7.952601789711532e-02  1.868008764070226e-01  -3.316444784110568e-03
  5.600000000000004e-01  1.055698272976572e+06  3.255093734789247e+06  6.916416631089319e+05  -1.142343361650214e+06  -9.034387486846748e+04  -2.060995407922632e+03  -8.623438742240382e-02  2.090522013236242e-01  -3.520620540252961e-03
  5.650000000000004e-01  1.116208690881322e+06  3.626209589490043e+06  7.435118309585137e+05  -1.272133067550515e+06  -9.618778525602432e+04  -4.124725178026870e+03  -9.319472952918799e-02  2.323619203464353e-01  -3.657890610774478e-03
  5.700000000000004e-01  1.172347668518204e+06  4.014791678844492e+06  7.939449255950021e+05  -1.410236851807151e+06  -1.013114523182274e+05  -6.518368989605355e+03  -1.004242010345208e-01  2.566526429997731e-01  -3.742004284002729e-03
  5.750000000000004e-01  1.229344973184916e+06  4.412498181161724e+06  8.475192317737403e+05  -1.547963348824971e+06  -9.818783802490812e+04  -2.569719670390731e+03  -1.073283969693303e-01  2.814470688694629e-01  -4.125630954414855e-03
  5.800000000000004e-01  1.281025128806178e+06  4.834227648460893e+06  8.960893113980289e+05  -1.705362627065018e+06  -1.034212718942998e+05  -3.683132812921911e+03  -1.157315112723469e-01  3.074000068455521e-01  -4.315785077228219e-03
  5.850000000000004e-01  1.328648430488384e+06  5.268106973387327e+06  9.405728116502479e+05  -1.872559200886462e+06  -1.077847571817045e+05  -5.137915910040385e+03  -1.246358982816318e-01  3.339465922797492e-01  -4.360947384739483e-03
  5.900000000000004e-01  1.373084843467191e+06  5.711711596209141e+06  9.796930592540851e+05  -2.050068795433887e+06  -1.109106180213934e+05  -7.007794838928530e+03  -1.341908508523476e-01  3.609035082245349e-01  -4.235494338983404e-03
  5.950000000000004e-01  1.429374047523715e+06  6.156627522744689e+06  1.021581477990627e+06  -2.233524819205591e+06  -1.093665827336163e+05  3.396154191706789e+02  -1.445301619531397e-01  3.877284982231388e-01  -4.628788204369918e-03
  6.000000000000004e-01  1.475036474442920e+06  6.614837257764123e+06  1.051417785071483e+06  -2.434573252477068e+06  -1.125509974920813e+05  -3.184722173976518e+02  -1.563254569197941e-01  4.150766444311814e-01  -4.475868126506441e-03
  6.050000000000004e-01  1.520735564488661e+06  7.074366411950265e+06  1.072852153120535e+06  -2.646531323676007e+06  -1.146510302792562e+05  -1.731366267948111e+03  -1.690728813813787e-01  4.422008085022089e-01  -4.188726643019029e-03
  6.100000000000004e-01  1.567498240292742e+06  7.531323796604532e+06  1.085073643918019e+06  -2.868986177234511e+06  -1.156147940522280e+05  -4.008946219039649e+03  -1.828005277203880e-01  4.687894598397030e-01  -3.764970853039714e-03
  6.150000000000004e-01  1.633537951085422e+06  7.977024770681758e+06  1.102207465621229e+06  -3.101049857793126e+06  -1.175270085506155e+05  4.116072476421706e+03  -1.981626853739766e-01  4.944632685373638e-01  -4.187298364745930e-03
  6.200000000000004e-01  1.688601036457162e+06  8.421730454182765e+06  1.099803582138869e+06  -3.345206322088852e+06  -1.191138971816376e+05  1.707483703077235e+03  -2.144754458182692e-01  5.194725930252481e-01  -3.799130578513530e-03
  6.250000000000004e-01  1.747420423476383e+06  8.854126928022718e+06  1.088239172020328e+06  -3.598162408609534e+06  -1.198446534371773e+05  -1.544545534127163e+03  -2.317918537559681e-01  5.432057456485673e-01  -3.250781479252826e-03
  6.300000000000004e-01  1.811071904836128e+06  9.271480670749774e+06  1.068101050006434e+06  -3.859004387573668e+06  -1.196432331078443e+05  -5.405428480775708e+03  -2.501096647362390e-01  5.654624334082820e-01  -2.537353364436663e-03
  6.350000000000005e-01  1.898006794025490e+06  9.669191722854028e+06  1.052754303481663e+06  -4.131290190311120e+06  -1.229733449253512e+05  -4.766018455025070e+02  -2.707192538838710e-01  5.863544233238953e-01  -2.972931629264447e-03
  6.400000000000005e-01  1.978517545534370e+06  1.005578382809601e+07  1.021198033161247e+06  -4.407951911893716e+06  -1.231071272665286e+05  -3.988993332117736e+03  -2.914285397860836e-01  6.056444025799678e-01  -2.229560957283168e-03
  6.450000000000005e-01  2.067644201290630e+06  1.042338789810601e+07  9.846716627546498e+05  -4.689942774148116e+06  -1.223322428766695e+05  -7.122481683529712e+03  -3.130633092732053e-01  6.231941196847942e-01  -1.378374687559767e-03
  6.500000000000005e-01  2.166924926378787e+06  1.077190082800959e+07  9.448129279922376e+05  -4.976303799109284e+06  -1.206098730103884e+05  -9.656501712513767e+03  -3.356442798248788e-01  6.390089385712990e-01  -4.970732552695424e-04
  6.550000000000005e-01  2.277809337365547e+06  1.110136136252622e+07  9.025863172085561e+05  -5.266127271612667e+06  -1.178245202116242e+05  -1.157827850854352e+04  -3.591923585436597e-01  6.530921623573671e-01  3.593748144809404e-04
  6.600000000000005e-01  2.422657897815093e+06  1.141640802749076e+07  8.671021747696253e+05  -5.573060443406737e+06  -1.228885011347281e+05  -6.902231433467045e+03  -3.857895824336599e-01  6.662863672868319e-01  -1.464216992334840e-04
  6.650000000000005e-01  2.561312619489809e+06  1.170930277800164e+07  8.213285506040982e+05  -5.871402012574161e+06  -1.199211965571277e+05  -6.956235638471832e+03  -4.115291243340574e-01  6.771399905359400e-01  6.208780008101685e-04
  6.700000000000005e-01  2.711759124714833e+06  1.198047125462366e+07  7.716832079242814e+05  -6.171588917857805e+06  -1.153964276633886e+05  -6.108447086647816e+03  -4.383234366676259e-01  6.860750333520110e-01  1.410653977144223e-03
  6.750000000000005e-01  2.873572604622902e+06  1.222934974393923e+07  7.182353035182904e+05  -6.473265760680749e+06  -1.095104530549603e+05  -3.853979896723385e+03  -4.662189291679303e-01  6.930543589235046e-01  2.229938329388387e-03
  6.800000000000005e-01  3.067602524880592e+06  1.246402980875750e+07  6.682549717301680e+05  -6.796253192882112e+06  -1.134853056125217e+05  3.382088853146924e+03  -4.970058119179279e-01  6.992731269042033e-01  2.003301318410780e-03
  6.850000000000005e-01  3.251364196026261e+06  1.267145789193738e+07  6.098093269123577e+05  -7.102096087394665e+06  -1.070677376156492e+05  9.163247386841093e+03  -5.269322313963344e-01  7.028166869857128e-01  2.936524546317613e-03
  6.900000000000005e-01  3.443236484556001e+06  1.285688150144518e+07  5.491328445260742e+05  -7.407026264803499e+06  -9.927309612278148e+04  1.609863109297309e+04  -5.577447752853868e-01  7.045458514497260e-01  3.954348100253501e-03
  6.950000000000005e-01  3.643906475410008e+06  1.302142233062500e+07  4.873883400610504e+05  -7.709999681923247e+06  -8.997523506974705e+04  2.335048218658793e+04  -5.893044103674108e-01  7.045707993050024e-01  5.029218585704019e-03
  7.000000000000005e-01  3.871449273459663e+06  1.317570258507596e+07  4.274968757797063e+05  -8.029807950110462e+06  -9.101946957371086e+04  3.037352696568060e+04  -6.222590706405913e-01  7.041850435787889e-01  5.411182936975284e-03
  7.050000000000005e-01  4.088198499867094e+06  1.330250671271891e+07  3.652448992850168e+05  -8.324914560915535e+06  -8.033087519580597e+04  3.570557208754734e+04  -6.543348306028848e-01  7.013048422998391e-01  6.583796665129393e-03
  7.100000000000005e-01  4.312476074746536e+06  1.341052062551683e+07  3.040002403468297e+05  -8.613122082133973e+06  -6.867828922352447e+04  3.962920373495408e+04  -6.863551732346950e-01  6.969364970893535e-01  7.671421910790250e-03
  7.150000000000005e-01  4.543717519101878e+06  1.350079710590809e+07  2.446137816336752e+05  -8.893233956553008e+06  -5.680703916422435e+04  4.239771658368743e+04  -7.180734904341571e-01  6.912028985823462e-01  8.568885566886821e-03
  7.200000000000005e-01  4.786616737787881e+06  1.358437420514106e+07  1.844021640592832e+05  -9.178951531230375e+06  -5.614426058577391e+04  4.180848840219289e+04  -7.492863024637169e-01  6.853024924113368e-01  9.032735500750988e-03
  7.250000000000005e-01  5.024678844242881e+06  1.364246279301483e+07  1.277626949456695e+05  -9.437442546217956e+06  -4.527462176553789e+04  4.160775014516677e+04  -7.793635982943339e-01  6.773320949332676e-01  9.580483239467676e-03
  7.300000000000005e-01  5.266562453213865e+06  1.368568601491089e+07  7.407072515318156e+04  -9.683400429910945e+06  -3.526222610148265e+04  4.120792598468478e+04  -8.083317353763847e-01  6.683705553872343e-01  9.786732606159516e-03
  7.350000000000005e-01  5.511477038908414e+06  1.371559857371687e+07  2.412512443109824e+04  -9.916032415076533e+06  -2.647603290279088e+04  4.117169435212027e+04  -8.360300092692226e-01  6.586097327585173e-01  9.613025782847274e-03
  7.400000000000005e-01  5.758130544481379e+06  1.373357567609427e+07  -2.162906858072531e+04  -1.013501485729922e+07  -1.921151161269981e+04  4.197909571885818e+04  -8.623745530194513e-01  6.482215781309812e-01  9.032288021171800e-03
  7.450000000000006e-01  5.995856185888616e+06  1.374879282502616e+07  -7.261467332553612e+04  -1.034695822130564e+07  -1.949591460338068e+04  3.554468748252020e+04  -8.868201626858203e-01  6.378069461221548e-01  8.865361436272390e-03
  7.500000000000006e-01  6.237299976550036e+06  1.374372552107223e+07  -1.143083911685025e+05  -1.053522540686575e+07  -1.364240061414185e+04  3.667712647651359e+04  -9.098561059607986e-01  6.262812239236392e-01  7.897075655817045e-03
  7.550000000000006e-01  6.476671245933225e+06  1.372997909560862e+07  -1.527681815666618e+05  -1.070865679462433e+07  -9.476792682998899e+03  3.928525421473551e+04  -9.312130215088674e-01  6.144587770324712e-01  6.603745520120686e-03
  7.600000000000006e-01  6.713622242577945e+06  1.370900626603681e+07  -1.885193277613790e+05  -1.086743383751994e+07  -7.028159557278170e+03  4.293671968870186e+04  -9.509193699642544e-01  6.024676515882748e-01  5.048849967899074e-03
  7.650000000000006e-01  6.934054733963537e+06  1.368807071657445e+07  -2.307986584531149e+05  -1.101374329002480e+07  -7.408622197246616e+03  3.827365867727104e+04  -9.684191946486690e-01  5.902053284028836e-01  4.586020835916198e-03
  7.700000000000006e-01  7.160050654257699e+06  1.365146171763093e+07  -2.664617564999940e+05  -1.114216112525147e+07  -4.984327476848938e+03  4.128614371333713e+04  -9.845403195993321e-01  5.777197003164497e-01  3.139565905727130e-03
  7.750000000000006e-01  7.381704508881436e+06  1.360991688086119e+07  -3.004997010089746e+05  -1.125752682074618e+07  -3.551392022938081e+03  4.420118842428600e+04  -9.990917856372640e-01  5.652587869177769e-01  1.684234120638753e-03
  7.800000000000006e-01  7.597823068212210e+06  1.356454902594465e+07  -3.326639203483724e+05  -1.136036833063274e+07  -3.068704073123997e+03  4.698459769470619e+04  -1.011997250565624e+00  5.529225692385924e-01  2.885546724256446e-04
  7.850000000000006e-01  7.791953647644844e+06  1.352111420000048e+07  -3.700133626710410e+05  -1.144647189738351e+07  -4.491206491751873e+02  4.397101855127160e+04  -1.022075150314375e+00  5.401349694806877e-01  3.599996850392441e-04
  7.900000000000006e-01  7.989440560758074e+06  1.346691567212163e+07  -4.015358337851168e+05  -1.152119108864175e+07  1.564937788469992e+03  4.565506143369061e+04  -1.030879899304599e+00  5.279361732198724e-01  -5.557510484088693e-04
  7.950000000000006e-01  8.178423348261694e+06  1.341246328510961e+07  -4.295251862153402e+05  -1.158353139463183e+07  2.805083821278713e+03  4.776642427055784e+04  -1.037681640707069e+00  5.161268987398324e-01  -1.389254551005251e-03
  8.000000000000006e-01  8.358328639101446e+06  1.335862674701007e+07  -4.535894191935587e+05  -1.163384440295345e+07  3.322035533955738e+03  5.027024295875182e+04  -1.042469260916338e+00  5.047272158009127e-01  -2.130497429929429e-03
  8.050000000000006e-01  8.515677611960839e+06  1.330571519168766e+07  -4.813897492372222e+05  -1.166433614853586e+07  9.360459998287241e+03  4.806300383757697e+04  -1.044483521333035e+00  4.926740318879933e-01  -1.600744470209159e-03
  8.100000000000006e-01  8.674986607525734e+06  1.325013859870639e+07  -5.004472431737803e+05  -1.168973556265219e+07  1.080559196638113e+04  4.902098564044914e+04  -1.045308486908292e+00  4.817358767526649e-01  -2.090138661123035e-03
  8.150000000000006e-01  8.827380603899734e+06  1.319745958039462e+07  -5.147130209509930e+05  -1.170511842261700e+07  1.111033975655465e+04  4.921976408551778e+04  -1.044453336139265e+00  4.712147358537181e-01  -2.573982844894354e-03
  8.200000000000006e-01  8.973227704115318e+06  1.314790968108990e+07  -5.247050222520223e+05  -1.171089045196937e+07  1.034772948641162e+04  4.826210840172684e+04  -1.041975325100233e+00  4.610888324251602e-01  -3.036312461822032e-03
  8.250000000000006e-01  9.100344944122909e+06  1.309745163684957e+07  -5.359366410258540e+05  -1.169782317168171e+07  1.544921894695032e+04  4.436499693507722e+04  -1.037256985448699e+00  4.503174629113392e-01  -2.756431852946044e-03
  8.300000000000006e-01  9.231005344460277e+06  1.305092077868414e+07  -5.399670441619884e+05  -1.168507089872450e+07  1.398422519097999e+04  4.115724913086565e+04  -1.031742687139431e+00  4.407383382443860e-01  -3.226334569749052e-03
  8.350000000000006e-01  9.355475994275155e+06  1.300825603647237e+07  -5.407002474789236e+05  -1.166526717816779e+07  1.117008612122707e+04  3.743806286789944e+04  -1.024964176957165e+00  4.315699627951737e-01  -3.733546210659188e-03
  8.400000000000006e-01  9.473177773306670e+06  1.296898197429493e+07  -5.394114481025096e+05  -1.163897875697241e+07  7.219885141319762e+03  3.340756413147564e+04  -1.016998437317292e+00  4.227840999934503e-01  -4.254280006797667e-03
  8.450000000000006e-01  9.583406164565476e+06  1.293220771094827e+07  -5.376503542779736e+05  -1.160682318836653e+07  2.479286962621094e+03  2.937534985232834e+04  -1.007952570439458e+00  4.143178760238919e-01  -4.746204840227642e-03
  8.500000000000006e-01  9.677332210631918e+06  1.288986865822994e+07  -5.370287933309366e+05  -1.155970123353594e+07  2.952444365401089e+03  2.491625155787867e+04  -9.976093989165897e-01  4.051285488002508e-01  -4.980756787056479e-03
  8.550000000000006e-01  9.772680830759313e+06  1.285475471633457e+07  -5.369575036068585e+05  -1.151776369089043e+07  -2.390992093738962e+03  2.172539705246924e+04  -9.869070572722717e-01  3.970077408628720e-01  -5.362107131254379e-03
  8.600000000000007e-01  9.860636380903512e+06  1.282006853393028e+07  -5.392593060051167e+05  -1.147210957118283e+07  -7.695286703577467e+03  1.933038355328533e+04  -9.755677640066378e-01  3.890088432186525e-01  -5.578947799208911e-03
  8.650000000000007e-01  9.941471951122105e+06  1.278489425167342e+07  -5.445025755941361e+05  -1.142310170779929e+07  -1.253973544895104e+04  1.763926875964318e+04  -9.637237995659989e-01  3.810363744383193e-01  -5.588068313509550e-03
  8.700000000000007e-01  1.001196824200874e+07  1.274366755728484e+07  -5.496123934368112e+05  -1.136411126049118e+07  -1.361835056534696e+04  1.603370974948382e+04  -9.514281989442669e-01  3.724152524672337e-01  -5.424169635722864e-03
  8.750000000000007e-01  1.008136043880607e+07  1.270625611892386e+07  -5.598462719697944e+05  -1.131039973651586e+07  -1.710571048392425e+04  1.591639284227531e+04  -9.390288030870166e-01  3.642979820405383e-01  -5.020975500869205e-03
  8.800000000000007e-01  1.014551244437210e+07  1.266707365914063e+07  -5.721589430620314e+05  -1.125467206835280e+07  -1.950358338942386e+04  1.629619388414296e+04  -9.264743347572206e-01  3.560205470754201e-01  -4.370609894642225e-03
  8.850000000000007e-01  1.020486580980053e+07  1.262581305864475e+07  -5.857187236337591e+05  -1.119724367616274e+07  -2.064840045061454e+04  1.702110166731056e+04  -9.138497280638463e-01  3.475282345560790e-01  -3.481166792220574e-03
  8.900000000000007e-01  1.025903146489732e+07  1.258094792640387e+07  -5.972690905659469e+05  -1.113526258645752e+07  -1.942249689805041e+04  1.900906302373764e+04  -9.012889021467437e-01  3.386930660893238e-01  -2.585957683557865e-03
  8.950000000000007e-01  1.031134175866605e+07  1.253711769920456e+07  -6.102419965286058e+05  -1.107651609336761e+07  -1.869334696157512e+04  2.102183114455437e+04  -8.887918919797685e-01  3.298646086328365e-01  -1.438179211172345e-03
  9.000000000000007e-01  1.036004334500845e+07  1.249194556847055e+07  -6.216721081333392e+05  -1.101700654527514e+07  -1.705791075119447e+04  2.322645273565792e+04  -8.763955870878652e-01  3.208545637104443e-01  -2.148779061652969e-04
  9.050000000000007e-01  1.040534910018067e+07  1.244594134704850e+07  -6.308112471206557e+05  -1.095688581234373e+07  -1.478760431983137e+04  2.557826226617827e+04  -8.641175562234222e-01  3.117112029279074e-01  1.002019066351690e-03
  9.100000000000007e-01  1.044934786151645e+07  1.240085478383588e+07  -6.371660816940069e+05  -1.089573195219689e+07  -1.180146689688906e+04  2.992231121583724e+04  -8.519968142980063e-01  3.027748156980089e-01  1.840001818492685e-03
  9.150000000000007e-01  1.049014194632508e+07  1.235648452765215e+07  -6.396260114488375e+05  -1.083512885651563e+07  -9.643441460010392e+03  3.264814440792085e+04  -8.399804379497610e-01  2.936816785454140e-01  2.749708013193371e-03
  9.200000000000007e-01  1.052825032614416e+07  1.231349723061270e+07  -6.383490627818677e+05  -1.077367553678093e+07  -7.848399457365285e+03  3.499506748332310e+04  -8.280332488748526e-01  2.846842144377571e-01  3.448820577001849e-03
  9.250000000000007e-01  1.056380636498780e+07  1.227261666106198e+07  -6.332806946444496e+05  -1.071117544848754e+07  -6.671861760521865e+03  3.674567537962475e+04  -8.161173615906068e-01  2.758589474700201e-01  3.896552084560886e-03
  9.300000000000007e-01  1.059690200828416e+07  1.223441217220243e+07  -6.246047117003944e+05  -1.064744652434673e+07  -6.293595679016220e+03  3.769802717161445e+04  -8.041966213371795e-01  2.672681865823041e-01  4.076410983505955e-03
  9.350000000000007e-01  1.063199506223920e+07  1.220004748356969e+07  -6.138616794415213e+05  -1.058364683465063e+07  -6.378452458955595e+03  3.994540023250244e+04  -7.923131306881617e-01  2.592843881277455e-01  3.763587399681397e-03
  9.400000000000007e-01  1.066091519829270e+07  1.216788056416784e+07  -5.989213744411420e+05  -1.051757974854644e+07  -8.095086172561988e+03  3.919383323285848e+04  -7.804013485773752e-01  2.512538699453015e-01  3.451857673895346e-03
  9.450000000000007e-01  1.068699689244249e+07  1.213831854733050e+07  -5.822649215597525e+05  -1.045015732603126e+07  -1.068917486897749e+04  3.737179442221082e+04  -7.684389399432705e-01  2.434917338992700e-01  2.955834080761004e-03
  9.500000000000007e-01  1.071014217957993e+07  1.211084218131037e+07  -5.648136046253925e+05  -1.038156360874458e+07  -1.406923742434921e+04  3.455655085167674e+04  -7.564330709250925e-01  2.359680331846672e-01  2.327751110916776e-03
  9.550000000000007e-01  1.073395232845499e+07  1.208334151341093e+07  -5.485612678210706e+05  -1.031367333463121e+07  -1.753566628831190e+04  3.279141027365535e+04  -7.444932336983523e-01  2.288293951079957e-01  1.476037607622275e-03
  9.600000000000007e-01  1.075128038769234e+07  1.205817042570897e+07  -5.312303065589705e+05  -1.024398783361565e+07  -2.251950317046534e+04  2.868842824655572e+04  -7.325605582045643e-01  2.216499188896854e-01  7.227614874217772e-04
  9.650000000000007e-01  1.076536910724065e+07  1.203280435898513e+07  -5.156667657681446e+05  -1.017421630089753e+07  -2.786205138470731e+04  2.414505821933537e+04  -7.206610974833487e-01  2.145608485997402e-01  -7.779461566291338e-06
  9.700000000000008e-01  1.077626529247535e+07  1.200643061628559e+07  -5.025040630498464e+05  -1.010489475286790e+07  -3.337788167149587e+04  1.949430170261476e+04  -7.088469843745973e-01  2.075106515803104e-01  -6.729384657115758e-04
  9.750000000000008e-01  1.078628252006168e+07  1.197690939289569e+07  -4.915620678946681e+05  -1.003799359702711e+07  -3.863936431489768e+04  1.623239443174135e+04  -6.973242224253037e-01  2.006101432531100e-01  -1.370843427118122e-03
  9.800000000000008e-01  1.079145128441864e+07  1.194770621435262e+07  -4.825921854100804e+05  -9.971393808472719e+06  -4.445736135884616e+04  1.237353727005177e+04  -6.859146214198325e-01  1.935604488917168e-01  -1.865386676832584e-03
  9.850000000000008e-01  1.079420425791260e+07  1.191618033015766e+07  -4.761443947607324e+05  -9.906819278966608e+06  -4.993316077639471e+04  9.346561040119101e+03  -6.747355732224745e-01  1.864618412277758e-01  -2.235652251888427e-03
  9.900000000000008e-01  1.079520086048900e+07  1.188234917813561e+07  -4.716034747802247e+05  -9.844679821659103e+06  -5.493919499470809e+04  7.403902171626079e+03  -6.638275421665962e-01  1.793137929975979e-01  -2.486432763244731e-03
  9.950000000000008e-01  1.079624174418832e+07  1.184642342058444e+07  -4.659996612613368e+05  -9.785570355082156e+06  -5.956196207441881e+04  6.409177470819451e+03  -6.533683618274286e-01  1.723212200692960e-01  -2.757896731244878e-03
  1.000000000000001e+00  1.079585534774981e+07  1.180974876809958e+07  -4.630719152971024e+05  -9.728812939417923e+06  -6.356294837952607e+04  7.055215906380378e+03  -6.429653134280470e-01  1.650318836284934e-01  -2.765277788798875e-03
  1.005000000000001e+00  1.079674885221527e+07  1.177155272349383e+07  -4.564871052180385e+05  -9.674784448406324e+06  -6.693619435759775e+04  7.838995754038808e+03  -6.330891111370480e-01  1.580564555411928e-01  -2.869106954190062e-03
  1.010000000000000e+00  1.079867116959989e+07  1.173288579498724e+07  -4.502474070427899e+05  -9.623422164493734e+06  -6.927047498075862e+04  1.003652291668150e+04  -6.233250082180315e-01  1.509650869443386e-01  -2.810158694230606e-03
  1.015000000000000e+00  1.080228323836065e+07  1.169406112889206e+07  -4.418614292580532e+05  -9.574674165550817e+06  -7.067271781441188e+04  1.306772256186895e+04  -6.138296608394613e-01  1.439630470996227e-01  -2.704858906700444e-03
  1.020000000000000e+00  1.080775475645835e+07  1.165552838402371e+07  -4.307553849808548e+05  -9.528313619358605e+06  -7.118015826805717e+04  1.666401206880008e+04  -6.045730974649293e-01  1.370817846755747e-01  -2.573148161979857e-03
  1.025000000000000e+00  1.081495969936543e+07  1.161739407032317e+07  -4.152228688527010e+05  -9.483357057978850e+06  -7.089677963538552e+04  1.984914064104441e+04  -5.956371148282139e-01  1.304948607431038e-01  -2.522092275682210e-03
  1.030000000000000e+00  1.082415873727764e+07  1.158037319041019e+07  -3.979102376399048e+05  -9.440948812731883e+06  -6.969676584619016e+04  2.377192407500252e+04  -5.867268669695953e-01  1.239172135698497e-01  -2.371319634343600e-03
  1.035000000000000e+00  1.083470381527117e+07  1.154444232483338e+07  -3.773397050271849e+05  -9.400123744201548e+06  -6.776886148069822e+04  2.739959683873782e+04  -5.779468351855520e-01  1.175131800854361e-01  -2.212901669369056e-03
  1.040000000000000e+00  1.084601075790489e+07  1.150957498901821e+07  -3.537540265932381e+05  -9.360702362018529e+06  -6.520293958619458e+04  3.055621802529666e+04  -5.692789067017793e-01  1.112799738183661e-01  -2.039146147428914e-03
  1.045000000000000e+00  1.085681794239897e+07  1.147366683041719e+07  -3.283126418057964e+05  -9.321974652057827e+06  -6.165342259405833e+04  3.291526199321012e+04  -5.607944997861275e-01  1.052629440417244e-01  -1.918862125286255e-03
  1.050000000000000e+00  1.086792993048166e+07  1.144044880444185e+07  -3.000747863602868e+05  -9.285276875657475e+06  -5.816896900894667e+04  3.495501798464228e+04  -5.523247024908805e-01  9.933004773549460e-02  -1.703897436818081e-03
  1.054999999999999e+00  1.087803805500094e+07  1.140789611957227e+07  -2.699695076734253e+05  -9.249855571000680e+06  -5.446349033249590e+04  3.625054422359535e+04  -5.439519287808081e-01  9.353816077226904e-02  -1.467466664183067e-03
  1.059999999999999e+00  1.088669868496095e+07  1.137574898749679e+07  -2.385022558244551e+05  -9.215752198224969e+06  -5.064836316389823e+04  3.678446225921527e+04  -5.356694801103401e-01  8.787197896255688e-02  -1.214850052736541e-03
  1.064999999999999e+00  1.089256827844516e+07  1.134106983301001e+07  -2.081204179253153e+05  -9.182928924367445e+06  -4.616094504069215e+04  3.650910748866299e+04  -5.275263433713450e-01  8.229173382611932e-02  -1.005426295200958e-03
  1.069999999999999e+00  1.089763642536644e+07  1.130923402369447e+07  -1.753357511022292e+05  -9.152126338475401e+06  -4.255475361331811e+04  3.591831707125501e+04  -5.194681603851551e-01  7.681734555911732e-02  -7.256079524730164e-04
  1.074999999999999e+00  1.090052208049017e+07  1.127698141240383e+07  -1.425954867962215e+05  -9.123108985273572e+06  -3.908285559941806e+04  3.492321385929289e+04  -5.115342246842051e-01  7.141342440519818e-02  -4.322380856033607e-04
  1.079999999999999e+00  1.090120108401242e+07  1.124403282977212e+07  -1.102467620898126e+05  -9.096083234477187e+06  -3.579693522758014e+04  3.373209021704168e+04  -5.037473807980090e-01  6.606166764394719e-02  -1.253551802551446e-04
  1.084999999999999e+00  1.089853679678362e+07  1.120867596447659e+07  -7.978533672473766e+04  -9.071202417324658e+06  -3.257902995058145e+04  3.230048414585411e+04  -4.961601791017879e-01  6.072785401703992e-02  1.343575427647894e-04
  1.089999999999999e+00  1.089550609776739e+07  1.117457558820318e+07  -4.816850029469880e+04  -9.048709452965558e+06  -3.017711803633588e+04  3.143990707796574e+04  -4.887570217744117e-01  5.547249035042760e-02  4.439779138207631e-04
  1.094999999999999e+00  1.089068488496241e+07  1.113944994579468e+07  -1.725623669215717e+04  -9.028524179329814e+06  -2.818216564484208e+04  3.093998112873990e+04  -4.815591305424188e-01  5.026091786256479e-02  7.439959344044720e-04
  1.099999999999999e+00  1.088426433285181e+07  1.110335824562672e+07  1.295500725492008e+04  -9.010609317861777e+06  -2.666769828906553e+04  3.091046721146227e+04  -4.745748162993085e-01  4.510656424831359e-02  1.017934620763577e-03
  1.104999999999998e+00  1.087640885731230e+07  1.106641291584750e+07  4.245624933984737e+04  -8.994804660409665e+06  -2.568283546983792e+04  3.139167674375687e+04  -4.678018456625823e-01  4.002624760254769e-02  1.250326197671377e-03
  1.109999999999998e+00  1.086683620422582e+07  1.102930478563225e+07  7.129173394001475e+04  -8.980274065305483e+06  -2.543503920418673e+04  3.181598571992332e+04  -4.611776555497360e-01  3.502677533044783e-02  1.409462483256099e-03
  1.114999999999998e+00  1.085681213733254e+07  1.099134877599072e+07  9.953660309901755e+04  -8.967714966463385e+06  -2.556124145767535e+04  3.313482401736800e+04  -4.547589370492806e-01  3.012902716939507e-02  1.556295531540811e-03
  1.119999999999998e+00  1.084551844879371e+07  1.095277154363055e+07  1.268323121164605e+05  -8.956205366493946e+06  -2.614389180949976e+04  3.466768924181403e+04  -4.484848159324449e-01  2.533413370730642e-02  1.651454688162349e-03
  1.124999999999998e+00  1.083298923584511e+07  1.091364853641265e+07  1.531287400116161e+05  -8.945297648942823e+06  -2.714168445792010e+04  3.624229650192416e+04  -4.423222351192121e-01  2.064341503349924e-02  1.699569574527024e-03
  1.129999999999998e+00  1.081974990021590e+07  1.087496336142949e+07  1.790734801364834e+05  -8.934166103414267e+06  -2.850087461541414e+04  3.702753351886356e+04  -4.361608405799822e-01  1.602749163213813e-02  1.751787954954317e-03
  1.134999999999998e+00  1.080498131965768e+07  1.083465352446724e+07  2.033254245610173e+05  -8.923383041922566e+06  -3.004433394284343e+04  3.812328701754893e+04  -4.301352876165237e-01  1.152826732897617e-02  1.751040062179022e-03
  1.139999999999998e+00  1.078900240592521e+07  1.079364409321313e+07  2.264515255885108e+05  -8.912154892738454e+06  -3.174958388175822e+04  3.874456505542321e+04  -4.241420300689870e-01  7.119660923007146e-03  1.731764079776315e-03
  1.144999999999998e+00  1.077190011661998e+07  1.075185702893492e+07  2.484717359738522e+05  -8.900302330981478e+06  -3.350807403639446e+04  3.878625492325998e+04  -4.181685105381334e-01  2.795080022745690e-03  1.708391905178617e-03
  1.149999999999997e+00  1.075422307359473e+07  1.070940062297931e+07  2.698327454207020e+05  -8.887871803606950e+06  -3.492705202725966e+04  3.772865791090234e+04  -4.122374264238075e-01  -1.495794496837128e-03  1.779507388672458e-03
  1.154999999999997e+00  1.073491824942990e+07  1.066554845620878e+07  2.896640984061251e+05  -8.874770706363555e+06  -3.645644382458694e+04  3.660242017509627e+04  -4.063516832537582e-01  -5.670062393098156e-03  1.788975170323018e-03
  1.159999999999997e+00  1.071477411986676e+07  1.062072774428606e+07  3.086137205535620e+05  -8.861081010516627e+06  -3.779047022104496e+04  3.494736826782994e+04  -4.005253464170281e-01  -9.770573661872917e-03  1.825653127795553e-03
  1.164999999999997e+00  1.069391750093544e+07  1.057493595858504e+07  3.268206063153557e+05  -8.846954238752196e+06  -3.889945446582313e+04  3.287571992460221e+04  -3.947943613845771e-01  -1.379741321090891e-02  1.893901066063012e-03
  1.169999999999997e+00  1.067242360198151e+07  1.052744272516480e+07  3.439910003184547e+05  -8.833032679944374e+06  -3.950150979216769e+04  3.033908365681654e+04  -3.892792258286762e-01  -1.780788910609310e-02  2.036664271436370e-03
  1.174999999999997e+00  1.065057801124288e+07  1.047969536545708e+07  3.609372976669831e+05  -8.818798835307563e+06  -4.028590134741214e+04  2.800554646175749e+04  -3.838613888647833e-01  -2.167483353665704e-02  2.119275853324362e-03
  1.179999999999997e+00  1.062859319461383e+07  1.043116543150670e+07  3.774342330649613e+05  -8.804828851489983e+06  -4.098546704836601e+04  2.576884121673652e+04  -3.786610578880768e-01  -2.545627167338565e-02  2.196453294936276e-03
  1.184999999999997e+00  1.060669792831832e+07  1.038190429045189e+07  3.934841535968616e+05  -8.791390048248595e+06  -4.168434791238770e+04  2.382162602964476e+04  -3.737166431830750e-01  -2.914924024256034e-02  2.248950837438461e-03
  1.189999999999997e+00  1.058521125013120e+07  1.033197010995452e+07  4.090743346941792e+05  -8.778741420225497e+06  -4.245960054006172e+04  2.233748786840033e+04  -3.690556587479618e-01  -3.275042442837209e-02  2.257893533653184e-03
  1.194999999999997e+00  1.056532671665514e+07  1.028079319127577e+07  4.237152440777029e+05  -8.767799389089044e+06  -4.312833035943720e+04  2.131583847379577e+04  -3.646681365009642e-01  -3.628468382949256e-02  2.150779383884109e-03
  1.199999999999996e+00  1.054636925156032e+07  1.023008177680866e+07  4.387281061906315e+05  -8.757391330587883e+06  -4.421230417395967e+04  2.106767069207536e+04  -3.605874481724299e-01  -3.966422833154557e-02  2.010936129965747e-03
  1.204999999999996e+00  1.052926077733997e+07  1.017906949406204e+07  4.534542932554071e+05  -8.748295497942381e+06  -4.542697515816539e+04  2.149781878328952e+04  -3.568042638318751e-01  -4.293256123893534e-02  1.804851367996776e-03
  1.209999999999996e+00  1.051453285115935e+07  1.012791891156402e+07  4.679954490816158e+05  -8.740608415532822e+06  -4.671706023198821e+04  2.256138615534088e+04  -3.533008420443973e-01  -4.608223703280843e-02  1.536815048884450e-03
  1.214999999999996e+00  1.050403878898318e+07  1.007687176638320e+07  4.825355127781356e+05  -8.735008215310352e+06  -4.777694196248619e+04  2.414251907077592e+04  -3.499789774444697e-01  -4.908989299126852e-02  1.121222917833930e-03
  1.219999999999996e+00  1.049523181518910e+07  1.002614643575594e+07  4.971563337657849e+05  -8.730156935896287e+06  -4.902132492363406e+04  2.622636354397375e+04  -3.469729515679933e-01  -5.195565699894561e-02  7.596184270493892e-04
  1.224999999999996e+00  1.048955657704185e+07  9.975736827574318e+06  5.117405896657711e+05  -8.726736726458032e+06  -5.007044071539080e+04  2.860077861971804e+04  -3.441700364187130e-01  -5.468237143357944e-02  3.879181081030746e-04
  1.229999999999996e+00  1.048693423583475e+07  9.925775393876875e+06  5.262414447131348e+05  -8.724716504671237e+06  -5.083324859851750e+04  3.112799150214774e+04  -3.415372978903143e-01  -5.726282355383152e-02  2.673707211925893e-05
  1.234999999999996e+00  1.048796822435076e+07  9.876743579119109e+06  5.404699869878908e+05  -8.724440753529906e+06  -5.119582308040709e+04  3.401662166047886e+04  -3.390185652169831e-01  -5.962432572281434e-02  -4.157806148567443e-04
  1.239999999999996e+00  1.049017520350308e+07  9.827972248063447e+06  5.542139564006036e+05  -8.724976131472617e+06  -5.130590227369485e+04  3.659687019737072e+04  -3.366516714706528e-01  -6.188003443102043e-02  -6.972152224766123e-04
  1.244999999999995e+00  1.049412388257286e+07  9.779862220946291e+06  5.671954571409744e+05  -8.726770169083430e+06  -5.100017112135732e+04  3.901103171932177e+04  -3.343553870193797e-01  -6.397342743474624e-02  -9.166568362452141e-04
  1.249999999999995e+00  1.049918588892400e+07  9.732478237378238e+06  5.791140692766233e+05  -8.729766049841540e+06  -5.029083168277482e+04  4.118179495917221e+04  -3.321003016520428e-01  -6.589701132576527e-02  -1.068200038554262e-03
  1.254999999999995e+00  1.050508615588429e+07  9.686409171613626e+06  5.895021741958879e+05  -8.734214121231683e+06  -4.944490423578187e+04  4.364056632275627e+04  -3.299117010839121e-01  -6.755081798554782e-02  -1.230708567331263e-03
  1.259999999999995e+00  1.051039221005151e+07  9.640736243686005e+06  5.985366091870787e+05  -8.739484265027169e+06  -4.815621363227994e+04  4.520528837948386e+04  -3.276761485672852e-01  -6.912198057594078e-02  -1.228248746277314e-03
  1.264999999999995e+00  1.051505636424901e+07  9.596079472135710e+06  6.058485064134578e+05  -8.745864966268206e+06  -4.664165525821916e+04  4.635809220483564e+04  -3.254112967277648e-01  -7.051209395951986e-02  -1.168504846026784e-03
  1.269999999999995e+00  1.051864156941704e+07  9.552576108949499e+06  6.113874178716008e+05  -8.753345664092541e+06  -4.500055714578179e+04  4.707865366891237e+04  -3.231068538383813e-01  -7.171842739660483e-02  -1.064280208873352e-03
  1.274999999999995e+00  1.052097554670087e+07  9.510919615423175e+06  6.154135297765533e+05  -8.762361316000616e+06  -4.368572529944528e+04  4.805058619330098e+04  -3.208367267414742e-01  -7.265886250274919e-02  -9.329679803884838e-04
  1.279999999999995e+00  1.052140274901784e+07  9.470231503589861e+06  6.178432683072535e+05  -8.772100436524250e+06  -4.212481781157694e+04  4.789900647048205e+04  -3.184429379684047e-01  -7.350973813689420e-02  -7.612415737947041e-04
  1.284999999999995e+00  1.052003945484299e+07  9.431165372010684e+06  6.189762034546739e+05  -8.783003305120131e+06  -4.070951760329853e+04  4.735383633300954e+04  -3.160143504396398e-01  -7.417951576995464e-02  -5.889446452256545e-04
  1.289999999999994e+00  1.051683805121770e+07  9.393845953114759e+06  6.191034635707230e+05  -8.795116778767042e+06  -3.949968165469951e+04  4.648340766919140e+04  -3.135647204148367e-01  -7.467269052641010e-02  -4.269366200626806e-04
  1.294999999999994e+00  1.051180462273763e+07  9.358372266372934e+06  6.185283581708410e+05  -8.808484593613544e+06  -3.852921629875329e+04  4.536331983818157e+04  -3.111103181427166e-01  -7.499646604364724e-02  -2.837810878425806e-04
  1.299999999999994e+00  1.050420344712723e+07  9.325267651058944e+06  6.182095794007905e+05  -8.823318565588649e+06  -3.817109617392812e+04  4.441787614177811e+04  -3.086797423139458e-01  -7.514967415936977e-02  -1.023416306840874e-04
  1.304999999999994e+00  1.049539323803416e+07  9.293668264396861e+06  6.171443032299445e+05  -8.839165729508925e+06  -3.770731896033257e+04  4.289558391613091e+04  -3.062393100361133e-01  -7.518243457008861e-02  -1.096743753582467e-05
  1.309999999999994e+00  1.048494488098556e+07  9.263974743152842e+06  6.161345419159633e+05  -8.856305385911068e+06  -3.744125133755579e+04  4.132564193908883e+04  -3.038343959016787e-01  -7.508418650623735e-02  5.040139149060700e-05
  1.314999999999994e+00  1.047293031391327e+07  9.236130110800054e+06  6.153689727660377e+05  -8.874706016326839e+06  -3.733179496913862e+04  3.975743606137324e+04  -3.014682770049543e-01  -7.487431056265986e-02  8.611030820655713e-05
  1.319999999999994e+00  1.045818082887004e+07  9.210172068790032e+06  6.157334181016316e+05  -8.894101313465614e+06  -3.759745181586601e+04  3.824985710956001e+04  -2.990686625403512e-01  -7.462012338932554e-02  1.570841364519522e-04
  1.324999999999994e+00  1.044325326487464e+07  9.185638577991588e+06  6.157940470054884e+05  -8.914759601279564e+06  -3.763925785681186e+04  3.671799401240839e+04  -2.967425141379171e-01  -7.425521641562950e-02  1.462618200227123e-04
  1.329999999999994e+00  1.042702974173255e+07  9.162533956965124e+06  6.163632807498605e+05  -8.936440598980356e+06  -3.769459036761591e+04  3.531437535987894e+04  -2.944224838148332e-01  -7.384157683900039e-02  1.265109574877620e-04
  1.334999999999994e+00  1.040956052429740e+07  9.140678294070113e+06  6.174548830612199e+05  -8.959015266780717e+06  -3.773152870343210e+04  3.407287996702095e+04  -2.920848638368613e-01  -7.340155294918471e-02  1.037180277101509e-04
  1.339999999999993e+00  1.039010722954036e+07  9.119605875482757e+06  6.193968431945773e+05  -8.981999350011112e+06  -3.771478658136743e+04  3.272702285971113e+04  -2.896474073085649e-01  -7.301263175063524e-02  9.477563153865847e-05
  1.344999999999993e+00  1.037062161891342e+07  9.099549932665516e+06  6.212534806995123e+05  -9.005982130360629e+06  -3.754813268537111e+04  3.182411666117670e+04  -2.872385293603973e-01  -7.256973007324227e-02  7.089773900307656e-05
  1.349999999999993e+00  1.035013809310530e+07  9.080133967374189e+06  6.234555840813806e+05  -9.030466957220482e+06  -3.727696441588545e+04  3.114947141867238e+04  -2.847719738304541e-01  -7.215382133511808e-02  6.024063488312713e-05
  1.354999999999993e+00  1.032875194219188e+07  9.061188038133325e+06  6.259229851832198e+05  -9.055337726134220e+06  -3.689443590696073e+04  3.069525581991303e+04  -2.822485469411062e-01  -7.177685688402766e-02  6.419362142498153e-05
  1.359999999999993e+00  1.030697974075912e+07  9.042062130666435e+06  6.283142438498286e+05  -9.080257409845822e+06  -3.613237899631821e+04  2.990771561842798e+04  -2.797123097032865e-01  -7.146622037996452e-02  5.978675196418472e-05
  1.364999999999993e+00  1.028463609715434e+07  9.023610001341650e+06  6.308924333038921e+05  -9.105690749043804e+06  -3.550335170841680e+04  2.981121461094813e+04  -2.771482110703311e-01  -7.117374365834003e-02  9.367403483122104e-05
  1.369999999999993e+00  1.026192817675555e+07  9.005334819771674e+06  6.335269636808332e+05  -9.131292096610591e+06  -3.484127527401395e+04  2.986709338767343e+04  -2.745850582738569e-01  -7.093090063023653e-02  1.412285769441417e-04
  1.374999999999993e+00  1.023911423464856e+07  8.987216236689696e+06  6.361647137217626e+05  -9.157033934822325e+06  -3.420162856348443e+04  3.003462090255341e+04  -2.720578398585802e-01  -7.073063514088643e-02  1.986167998535809e-04
  1.379999999999993e+00  1.021648225188201e+07  8.969266940898532e+06  6.387665669263697e+05  -9.182909899044575e+06  -3.364299697922148e+04  3.026875864917656e+04  -2.696050140993744e-01  -7.056250361050938e-02  2.628438008873053e-04
  1.384999999999992e+00  1.019565536015002e+07  8.951008219827473e+06  6.404998840821385e+05  -9.208806810544847e+06  -3.271233754687660e+04  2.983162850899455e+04  -2.673498179578355e-01  -7.040082086791159e-02  3.147974140195625e-04
  1.389999999999992e+00  1.017418761459838e+07  8.933521745281249e+06  6.429879641906900e+05  -9.234957690051802e+06  -3.243522808133915e+04  3.003032056098196e+04  -2.651418401929258e-01  -7.026870077786503e-02  3.992608117919178e-04
  1.394999999999992e+00  1.015363718507953e+07  8.916376437543212e+06  6.455234275543655e+05  -9.261278819423879e+06  -3.239478664321096e+04  3.014612454762854e+04  -2.631016779306937e-01  -7.013339798621693e-02  4.839590256786012e-04
  1.399999999999992e+00  1.013425240517899e+07  8.899630379109157e+06  6.481645217595669e+05  -9.287801756591342e+06  -3.261441254712357e+04  3.012855074400448e+04  -2.612510669717255e-01  -6.998214687919523e-02  5.658857246109157e-04
  1.404999999999992e+00  1.011695418529534e+07  8.883010058663024e+06  6.500937789161600e+05  -9.314344642643979e+06  -3.261796792038062e+04  2.926076890157660e+04  -2.596313876232572e-01  -6.979216332246094e-02  6.228613343578510e-04
  1.409999999999992e+00  1.010008145352524e+07  8.867176606619896e+06  6.531320142360027e+05  -9.341218574176457e+06  -3.336489833450367e+04  2.883037932106996e+04  -2.581549232264211e-01  -6.959355787300583e-02  6.940553492101627e-04
  1.414999999999992e+00  1.008477860488310e+07  8.851801629423622e+06  6.564235838368443e+05  -9.368292230129909e+06  -3.434339378695466e+04  2.811757422993641e+04  -2.568732100061996e-01  -6.935237475808294e-02  7.453891840651411e-04
  1.419999999999992e+00  1.007106718874051e+07  8.836838381960263e+06  6.599418400577597e+05  -9.395520906501539e+06  -3.550010842328924e+04  2.706977531461504e+04  -2.557705904115999e-01  -6.906395770186030e-02  7.717413234917394e-04
  1.424999999999992e+00  1.005866864803334e+07  8.822208087313810e+06  6.628372049052395e+05  -9.422558548874646e+06  -3.648264052381107e+04  2.533022860650261e+04  -2.547642171171398e-01  -6.872512568130584e-02  7.544343089932199e-04
  1.429999999999992e+00  1.004763643538942e+07  8.807946967608554e+06  6.666713453202869e+05  -9.449803663283017e+06  -3.788384901924500e+04  2.362467875093987e+04  -2.539224541651524e-01  -6.834375942497314e-02  7.222343527406056e-04
  1.434999999999991e+00  1.003784084086177e+07  8.793879251361961e+06  6.704186205097042e+05  -9.476942581928188e+06  -3.929083977020650e+04  2.152996566913709e+04  -2.531887934866271e-01  -6.790824132170334e-02  6.537805583662163e-04
  1.439999999999991e+00  1.002901166788748e+07  8.779910406979525e+06  6.738862152781333e+05  -9.503859370143948e+06  -4.064465835840361e+04  1.906152936372569e+04  -2.525377558730759e-01  -6.742182575347827e-02  5.509358045627243e-04
  1.444999999999991e+00  1.001996388559694e+07  8.766149375570804e+06  6.764842211207892e+05  -9.530293186761705e+06  -4.187916849043097e+04  1.658333324123884e+04  -2.518374408401046e-01  -6.689465750357720e-02  4.169655015576021e-04
  1.449999999999991e+00  1.001192546067218e+07  8.752172974147588e+06  6.789375791245502e+05  -9.556494360889236e+06  -4.308780535207394e+04  1.371388280034925e+04  -2.512993193753709e-01  -6.632322383688954e-02  2.606568183614758e-04
  1.454999999999991e+00  1.000387164502630e+07  8.738046774964899e+06  6.804623654064558e+05  -9.582250148008598e+06  -4.412724885768191e+04  1.071333623052240e+04  -2.508099731139725e-01  -6.571845855122957e-02  8.822016949921208e-05
  1.459999999999991e+00  9.995458374224221e+06  8.723704561533272e+06  6.808462926382666e+05  -9.607527226439968e+06  -4.497148332980299e+04  7.706693746839202e+03  -2.503672091632839e-01  -6.509008196813405e-02  -8.887118450590129e-05
  1.464999999999991e+00  9.986381313134085e+06  8.709098454245456e+06  6.799088817081723e+05  -9.632320363196582e+06  -4.560307404856785e+04  4.824937025170664e+03  -2.499734571717875e-01  -6.444735440106597e-02  -2.580098231573527e-04
  1.469999999999991e+00  9.975397657712646e+06  8.694424372380715e+06  6.780324367749646e+05  -9.656764616253968e+06  -4.625237503989160e+04  2.983975093192747e+03  -2.495393936801968e-01  -6.380157971142934e-02  -3.979288132637596e-04
  1.474999999999991e+00  9.964562479494497e+06  8.679333984863531e+06  6.743454020665690e+05  -9.680783897157179e+06  -4.648061781437031e+04  7.244739936540827e+02  -2.492694354702126e-01  -6.314903497978598e-02  -5.214325245351109e-04
  1.479999999999990e+00  9.952744219027855e+06  8.664043683110822e+06  6.691495193878881e+05  -9.704463387746710e+06  -4.648010747890537e+04  -1.137504668872899e+03  -2.490545186010001e-01  -6.250074697525923e-02  -6.045338543721477e-04
  1.484999999999990e+00  9.940020486647466e+06  8.648654225562489e+06  6.625515391384310e+05  -9.727870839262251e+06  -4.626858244678505e+04  -2.548769010967893e+03  -2.488887519408841e-01  -6.185942010871105e-02  -6.399603322625206e-04
  1.489999999999990e+00  9.926007005064707e+06  8.633381684178863e+06  6.557586192784850e+05  -9.751289975625455e+06  -4.611371379398939e+04  -2.847086050017435e+03  -2.487047978116914e-01  -6.123949522728171e-02  -6.231106144265708e-04
  1.494999999999990e+00  9.912232320419557e+06  8.618220290045202e+06  6.470358687502303e+05  -9.774414711654872e+06  -4.557051714771622e+04  -3.360907548327492e+03  -2.486266089344608e-01  -6.060849960727011e-02  -5.660057328914557e-04
  1.499999999999990e+00  9.898216824056130e+06  8.603386303060103e+06  6.376408762645947e+05  -9.797442806574263e+06  -4.490965609004538e+04  -3.398237372894297e+03  -2.485596907725876e-01  -5.998041779816055e-02  -4.603438987202075e-04
  1.504999999999990e+00  9.884217666107859e+06  8.589016981352244e+06  6.279305380415539e+05  -9.820410142720502e+06  -4.417059352341006e+04  -2.963102255734793e+03  -2.484893292777254e-01  -5.935172969174484e-02  -3.126625976625961e-04
  1.509999999999990e+00  9.870485780788947e+06  8.575025944352914e+06  6.189718423662626e+05  -9.843515655699383e+06  -4.350887130676284e+04  -1.899401159478251e+03  -2.484288578114585e-01  -5.874937312898363e-02  -1.437276599873859e-04
  1.514999999999990e+00  9.857343435861845e+06  8.561822858131010e+06  6.095230884250699e+05  -9.866405449496727e+06  -4.272955840808003e+04  -7.277381675990466e+02  -2.483441202670690e-01  -5.810772366049267e-02  5.405243314736341e-05
  1.519999999999990e+00  9.844703962483032e+06  8.549249549043234e+06  6.007224901208882e+05  -9.889214643688835e+06  -4.198562672597481e+04  8.162086333556338e+02  -2.482294930634936e-01  -5.745901885372675e-02  2.651374132431531e-04
  1.524999999999989e+00  9.832590723134499e+06  8.537276199454332e+06  5.928099878413808e+05  -9.911911065960784e+06  -4.131275402975103e+04  2.673137725843536e+03  -2.480877226971558e-01  -5.680446845868024e-02  4.769915215606386e-04
  1.529999999999989e+00  9.821783804765183e+06  8.525501849785792e+06  5.858977326354252e+05  -9.934654198864892e+06  -4.073262985386540e+04  4.397691274555792e+03  -2.480282494544348e-01  -5.618202438121432e-02  6.599368774989443e-04
  1.534999999999989e+00  9.810836818432471e+06  8.514512295343990e+06  5.800426990853400e+05  -9.957047580832312e+06  -4.031311060203846e+04  6.520302977554259e+03  -2.478617986767410e-01  -5.552302166885726e-02  8.390782813429746e-04
  1.539999999999989e+00  9.800209036678810e+06  8.503860703468813e+06  5.753821484769279e+05  -9.979219309835972e+06  -4.006087813189373e+04  8.703091243594812e+03  -2.476929062954638e-01  -5.487484359659621e-02  9.868036206396387e-04
  1.544999999999989e+00  9.789813297319405e+06  8.493444621074878e+06  5.718823558896955e+05  -1.000114862944113e+07  -4.000134334056778e+04  1.084639209636715e+04  -2.475360433590235e-01  -5.424567553080676e-02  1.093399035528705e-03
  1.549999999999989e+00  9.780902169971023e+06  8.482926736576857e+06  5.687965739567723e+05  -1.002319413759264e+07  -4.006988000951405e+04  1.225874496537834e+04  -2.475103203705615e-01  -5.365347996512948e-02  1.147998786949031e-03
  1.554999999999989e+00  9.770814011274004e+06  8.472720982864603e+06  5.672131268622273e+05  -1.004470790445374e+07  -4.044007238735639e+04  1.409683404988685e+04  -2.474030732222663e-01  -5.307490533042249e-02  1.166943601474831e-03
  1.559999999999989e+00  9.760734935605954e+06  8.462488912630480e+06  5.663897552789357e+05  -1.006601451530900e+07  -4.100685290665794e+04  1.571507650607230e+04  -2.473421131955744e-01  -5.253518884020342e-02  1.135538217683854e-03
  1.564999999999989e+00  9.750661836817071e+06  8.452173332520710e+06  5.661166299126492e+05  -1.008716044899733e+07  -4.174387382799817e+04  1.708909130838029e+04  -2.473352028894213e-01  -5.203709490348905e-02  1.057065786038795e-03
  1.569999999999989e+00  9.740602632349739e+06  8.441728303590702e+06  5.661651931681563e+05  -1.010820393604983e+07  -4.260962899405772e+04  1.821941848792211e+04  -2.473869866953018e-01  -5.158110171471156e-02  9.389292870818816e-04
  1.574999999999988e+00  9.731399466154121e+06  8.431174506238077e+06  5.657071370590186e+05  -1.012967120498250e+07  -4.356670596174303e+04  1.878153347632632e+04  -2.475410291724905e-01  -5.112324546372620e-02  8.169266240288750e-04
  1.579999999999988e+00  9.721176194936847e+06  8.420475397277296e+06  5.658255147507843e+05  -1.015066176776148e+07  -4.455945883705688e+04  1.956784869051664e+04  -2.477043393548100e-01  -5.073397682058041e-02  6.526855840498996e-04
  1.584999999999988e+00  9.711003173599066e+06  8.409632590563012e+06  5.656512474830886e+05  -1.017170958868298e+07  -4.550900650957122e+04  2.019142134074237e+04  -2.479252668662184e-01  -5.037824255375571e-02  4.799713579408886e-04
  1.589999999999988e+00  9.700924331836643e+06  8.398669343789134e+06  5.650213806481109e+05  -1.019286306749630e+07  -4.635632981188360e+04  2.068434949452545e+04  -2.481953538189101e-01  -5.005057201133425e-02  3.116803807598417e-04
  1.594999999999988e+00  9.691025106348321e+06  8.387931875502378e+06  5.637250509306219e+05  -1.021435603442089e+07  -4.716994909152971e+04  2.100437807230247e+04  -2.484973403638795e-01  -4.967876687091186e-02  1.732106330992886e-04
  1.599999999999988e+00  9.681083854090072e+06  8.376968718064136e+06  5.620085287484447e+05  -1.023570705917411e+07  -4.767910059385859e+04  2.134675993230838e+04  -2.488248902214759e-01  -4.938580260883004e-02  3.764796181218790e-05
  1.604999999999988e+00  9.671397249007162e+06  8.366035442785113e+06  5.595918051587410e+05  -1.025720690870927e+07  -4.794781764866756e+04  2.158775451500767e+04  -2.491589255208660e-01  -4.910318922608951e-02  -6.695790615568416e-05
  1.609999999999988e+00  9.661978409075536e+06  8.355175765939065e+06  5.564564687807906e+05  -1.027884052963042e+07  -4.795473969847957e+04  2.171264137881542e+04  -2.494822920836997e-01  -4.882331563910227e-02  -1.362285316944754e-04
  1.614999999999988e+00  9.652264787542811e+06  8.344810291062486e+06  5.528536568610559e+05  -1.030045523963431e+07  -4.778293254027471e+04  2.190423291300299e+04  -2.497536501298948e-01  -4.848690000431972e-02  -1.791725087069279e-04
  1.619999999999987e+00  9.643207686423868e+06  8.334257659237614e+06  5.483850005206445e+05  -1.032218837467800e+07  -4.722030073540415e+04  2.178720921358509e+04  -2.500097140893606e-01  -4.820054104859697e-02  -1.834442237626519e-04
  1.624999999999987e+00  9.634295773014208e+06  8.323853119836077e+06  5.432581392125726e+05  -1.034395639032869e+07  -4.639803864317174e+04  2.148174876654219e+04  -2.502154696775571e-01  -4.790015657656670e-02  -1.553529689167973e-04
  1.629999999999987e+00  9.625432762726456e+06  8.313626002850152e+06  5.375471614003109e+05  -1.036572128047490e+07  -4.534819909850663e+04  2.097311381866367e+04  -2.503657772880434e-01  -4.758135441114225e-02  -1.010826731081035e-04
  1.634999999999987e+00  9.615731535346366e+06  8.303826670180624e+06  5.315356455109565e+05  -1.038715861794630e+07  -4.402739907865784e+04  2.065512856756442e+04  -2.504213456912136e-01  -4.722503450051697e-02  -6.353516279711053e-05
  1.639999999999987e+00  9.606648990971638e+06  8.293993136026159e+06  5.249205023586886e+05  -1.040876099952599e+07  -4.257956148653571e+04  1.976549497523464e+04  -2.504495351814753e-01  -4.687454529700679e-02  1.360611010845473e-05
  1.644999999999987e+00  9.597370098407609e+06  8.284405368989816e+06  5.180530564951395e+05  -1.043026640374861e+07  -4.103029587440495e+04  1.870623379407253e+04  -2.504213180300796e-01  -4.650054458403406e-02  9.008599127840807e-05
  1.649999999999987e+00  9.587861257528782e+06  8.275107741443162e+06  5.110911475166860e+05  -1.045165132027696e+07  -3.942304983854646e+04  1.752661636374894e+04  -2.503398137726073e-01  -4.610224440597983e-02  1.540699534587886e-04
  1.654999999999987e+00  9.578121214631835e+06  8.266146007379822e+06  5.041989393199256e+05  -1.047289345293858e+07  -3.779444387918662e+04  1.628483520768772e+04  -2.502074770754886e-01  -4.567955083017902e-02  1.938292411856494e-04
  1.659999999999987e+00  9.567627283918792e+06  8.257452522765050e+06  4.974469538190867e+05  -1.049367501655993e+07  -3.589946284392192e+04  1.535385483819876e+04  -2.499628409994034e-01  -4.526641598956136e-02  1.693107557401502e-04
  1.664999999999986e+00  9.557630105042052e+06  8.249185113574479e+06  4.911269742151818e+05  -1.051455767247406e+07  -3.430334561320268e+04  1.411775706358538e+04  -2.497268977374924e-01  -4.481257700724660e-02  1.477341341596449e-04
  1.669999999999986e+00  9.547581628346078e+06  8.241372092983258e+06  4.853407402196386e+05  -1.053524849422370e+07  -3.278226731346033e+04  1.298771140018836e+04  -2.494455362853034e-01  -4.433934595101698e-02  8.320682777047881e-05
  1.674999999999986e+00  9.537554816814160e+06  8.234041445868962e+06  4.801912983203675e+05  -1.055573142812100e+07  -3.135433218614288e+04  1.200458845659493e+04  -2.491196169785468e-01  -4.385077660471961e-02  -2.464856653592725e-05
  1.679999999999986e+00  9.527643488604043e+06  8.226909159048577e+06  4.756584844698514e+05  -1.057585367700938e+07  -2.984934200696139e+04  1.136164414086453e+04  -2.486953136191145e-01  -4.340355727331911e-02  -1.566861588781978e-04
  1.684999999999986e+00  9.517961702959539e+06  8.220460389195286e+06  4.719519714278543e+05  -1.059590287017305e+07  -2.870828271101820e+04  1.071121142250722e+04  -2.482943557026059e-01  -4.290822646356177e-02  -3.152801826791777e-04
  1.689999999999986e+00  9.508461488490853e+06  8.214479799741235e+06  4.689613271992662e+05  -1.061573768780060e+07  -2.772196545796189e+04  1.026752665793116e+04  -2.478639992018946e-01  -4.241353121938683e-02  -4.934919294774416e-04
  1.694999999999986e+00  9.499163806662008e+06  8.208921932639428e+06  4.666262099272300e+05  -1.063536968572608e+07  -2.690294290828635e+04  1.003000818026002e+04  -2.474118856637396e-01  -4.192691749604639e-02  -6.751485662331135e-04
  1.699999999999986e+00  9.490521637640003e+06  8.203336223292778e+06  4.650439585924638e+05  -1.065477057958394e+07  -2.629053242450869e+04  1.000351880825181e+04  -2.469290164263467e-01  -4.149780669315101e-02  -7.941511882983277e-04
  1.704999999999986e+00  9.481647923101727e+06  8.198408807389402e+06  4.638632130505744e+05  -1.067404782940776e+07  -2.591547093324885e+04  1.010003177886361e+04  -2.464823888122779e-01  -4.104481939760729e-02  -9.311090884854423e-04
  1.709999999999986e+00  9.472931508919206e+06  8.193724443328176e+06  4.630931784878418e+05  -1.069319420221466e+07  -2.574987229118338e+04  1.035914639975490e+04  -2.460528699529660e-01  -4.061567120529357e-02  -1.026840326805320e-03
  1.714999999999985e+00  9.464327632164801e+06  8.189195323730589e+06  4.626499132804617e+05  -1.071223338111812e+07  -2.580421541973481e+04  1.075522664226355e+04  -2.456556223669362e-01  -4.021468693350465e-02  -1.068281355243034e-03
  1.719999999999985e+00  9.456105145613685e+06  8.184315690607740e+06  4.627620704742011e+05  -1.073108988394637e+07  -2.622157973582149e+04  1.103982741061455e+04  -2.453284652060914e-01  -3.986510451592353e-02  -1.024711177810627e-03
  1.724999999999985e+00  9.447405080886383e+06  8.179858041319681e+06  4.627844925545217e+05  -1.074995900630942e+07  -2.675710117396584e+04  1.155218696727303e+04  -2.450544532872188e-01  -3.952237024425635e-02  -9.628807101378014e-04
  1.729999999999985e+00  9.438541272458980e+06  8.175303299826612e+06  4.629447704036614e+05  -1.076876975432806e+07  -2.751686204698070e+04  1.210459820823066e+04  -2.448553552817165e-01  -3.921346258270163e-02  -8.451478469591170e-04
  1.734999999999985e+00  9.429387378300263e+06  8.170563496868099e+06  4.632169220790513e+05  -1.078751632784315e+07  -2.849915270713220e+04  1.266444497264959e+04  -2.447423202123939e-01  -3.893998023541010e-02  -6.809383332404066e-04
  1.739999999999985e+00  9.419806253051879e+06  8.165558619388729e+06  4.635816085055490e+05  -1.080618404040660e+07  -2.969559682961345e+04  1.320120676957169e+04  -2.447226991035398e-01  -3.870329615674833e-02  -4.848533116075058e-04
  1.744999999999985e+00  9.409445444294188e+06  8.159905495696313e+06  4.637470708333410e+05  -1.082469894091826e+07  -3.105652008429380e+04  1.321347009163808e+04  -2.448304223435639e-01  -3.849979700466783e-02  -3.172230421304358e-04
  1.749999999999985e+00  9.398575825529391e+06  8.154257302034245e+06  4.640595403643783e+05  -1.084321533975998e+07  -3.256724438515689e+04  1.361768243246812e+04  -2.449892021437277e-01  -3.833221815183074e-02  -1.164316879431896e-04
  1.754999999999985e+00  9.386964322588515e+06  8.148188168850057e+06  4.643589729485338e+05  -1.086158526298067e+07  -3.419980263546040e+04  1.395701279050575e+04  -2.452254292692081e-01  -3.820324711696377e-02  7.022984958600891e-05
  1.759999999999984e+00  9.374559697285797e+06  8.141676617748437e+06  4.645934405472986e+05  -1.087976997476149e+07  -3.590274177320783e+04  1.422771670750247e+04  -2.455228929568015e-01  -3.811243905464599e-02  2.278189415219045e-04
  1.764999999999984e+00  9.361135179989373e+06  8.134685181851332e+06  4.639740935088802e+05  -1.089791772754143e+07  -3.740003574694813e+04  1.406110821764859e+04  -2.458597995587973e-01  -3.803753195284446e-02  3.040974100995142e-04
  1.769999999999984e+00  9.347347138514841e+06  8.127455379730063e+06  4.638829638572565e+05  -1.091572627998395e+07  -3.905154278325664e+04  1.430817221439308e+04  -2.461987449156401e-01  -3.800623717480501e-02  3.872087458603251e-04
  1.774999999999984e+00  9.332977691708699e+06  8.119871711629527e+06  4.635751675234906e+05  -1.093323595184293e+07  -4.058746396491391e+04  1.455444021063414e+04  -2.465232765611127e-01  -3.800165900654458e-02  4.243519028576174e-04
  1.779999999999984e+00  9.318195255067145e+06  8.112013538755337e+06  4.629947779698801e+05  -1.095041760783334e+07  -4.193986346908486e+04  1.483022186208112e+04  -2.468038321093181e-01  -3.801623527706248e-02  4.159159555884453e-04
  1.784999999999984e+00  9.303513962719211e+06  8.104349218247238e+06  4.617344323044358e+05  -1.096768573489809e+07  -4.292507119315947e+04  1.517243147712978e+04  -2.469894334873979e-01  -3.800286165757674e-02  3.679340887474698e-04
  1.789999999999984e+00  9.288768584398262e+06  8.096374068180010e+06  4.607430924445968e+05  -1.098420149770059e+07  -4.383182397411763e+04  1.572708780919503e+04  -2.471064465766550e-01  -3.801637059756902e-02  2.985891923744369e-04
  1.794999999999984e+00  9.274324868977213e+06  8.088462754598416e+06  4.594972277545221e+05  -1.100032905253933e+07  -4.444346822011956e+04  1.641415457779919e+04  -2.471138607305335e-01  -3.801668765209904e-02  2.007408553059358e-04
  1.799999999999984e+00  9.260450241906669e+06  8.080747681822068e+06  4.580548940299173e+05  -1.101607915270194e+07  -4.475732008280376e+04  1.726296140163712e+04  -2.470000794030296e-01  -3.799061973285883e-02  8.314278851200199e-05
  1.804999999999984e+00  9.247983951542314e+06  8.073844564286912e+06  4.567604619091374e+05  -1.103190488899167e+07  -4.491541548721022e+04  1.858193969215645e+04  -2.467612371699678e-01  -3.787818771005309e-02  -8.816213451134971e-06
  1.809999999999983e+00  9.235909042491790e+06  8.066846290792153e+06  4.552709378273205e+05  -1.104693151183663e+07  -4.476671667872042e+04  1.983479702316663e+04  -2.464228371037628e-01  -3.776035046066554e-02  -1.394765624145183e-04
  1.814999999999983e+00  9.224959447164744e+06  8.060318211346698e+06  4.538032955004050e+05  -1.106166673268647e+07  -4.441170245299613e+04  2.126003070912683e+04  -2.459812152530107e-01  -3.758320964969272e-02  -2.719650273668657e-04
  1.819999999999983e+00  9.215243897143798e+06  8.054311112374298e+06  4.524359973276522e+05  -1.107617162315153e+07  -4.391213154057285e+04  2.284800821248605e+04  -2.454570036194673e-01  -3.733737880886996e-02  -4.010756525659359e-04
  1.824999999999983e+00  9.206942980811052e+06  8.049088782986243e+06  4.515493871738128e+05  -1.109066425248816e+07  -4.357313547480248e+04  2.479275639385208e+04  -2.449142766764673e-01  -3.698203808027623e-02  -4.943313430729189e-04
  1.829999999999983e+00  9.199518291842157e+06  8.044068047986825e+06  4.503950848814279e+05  -1.110481040826475e+07  -4.297666892277247e+04  2.654451030764933e+04  -2.443103778543576e-01  -3.659262618507942e-02  -6.176220309066161e-04
  1.834999999999983e+00  9.193229644919747e+06  8.039532122837732e+06  4.493586993196297e+05  -1.111891888639023e+07  -4.242251118500746e+04  2.832300958851417e+04  -2.436997199712620e-01  -3.612530357585012e-02  -7.314524189903139e-04
  1.839999999999983e+00  9.187937332685901e+06  8.035422531786826e+06  4.483907456248440e+05  -1.113304615669753e+07  -4.197488407531911e+04  3.006170474505427e+04  -2.431076606931321e-01  -3.558107459590612e-02  -8.339933771529234e-04
  1.844999999999983e+00  9.183447707765920e+06  8.031659902397472e+06  4.474069592763011e+05  -1.114723446418379e+07  -4.168837599949645e+04  3.168294045145070e+04  -2.425543525156565e-01  -3.496433571813961e-02  -9.238774798379602e-04
  1.849999999999983e+00  9.178815150397738e+06  8.028002195524232e+06  4.461791323591996e+05  -1.116127273189027e+07  -4.166200379417087e+04  3.305587689570168e+04  -2.420733246009192e-01  -3.430335634957214e-02  -1.022609818113188e-03
  1.854999999999982e+00  9.175083659379879e+06  8.024573168216835e+06  4.447670411706630e+05  -1.117557849290418e+07  -4.173999660013335e+04  3.417552637145010e+04  -2.416111747696923e-01  -3.358360116560857e-02  -1.090943224100205e-03
  1.859999999999982e+00  9.171444062102620e+06  8.021180938154906e+06  4.430344432626680e+05  -1.118997671439834e+07  -4.205791462067275e+04  3.497667197514779e+04  -2.412028869256978e-01  -3.281988217365883e-02  -1.140322884043263e-03
  1.864999999999982e+00  9.167634262463497e+06  8.017709479857433e+06  4.408781750569544e+05  -1.120443838321953e+07  -4.261131266820013e+04  3.541409143080761e+04  -2.408412893491594e-01  -3.202571330079900e-02  -1.170008341742296e-03
  1.869999999999982e+00  9.162673501708759e+06  8.013767054500938e+06  4.380087100769000e+05  -1.121863930385612e+07  -4.319785083588609e+04  3.545944206215213e+04  -2.404906706981036e-01  -3.127183184267061e-02  -1.220293620198769e-03
  1.874999999999982e+00  9.157915042274058e+06  8.009819424527123e+06  4.348780780914229e+05  -1.123309548585353e+07  -4.409049390978346e+04  3.518084486874888e+04  -2.401688589520873e-01  -3.046994724150268e-02  -1.202218964658841e-03
  1.879999999999982e+00  9.152414123594571e+06  8.005515142273417e+06  4.312312735931943e+05  -1.124747119109288e+07  -4.511876690136232e+04  3.457208280902694e+04  -2.398531476617188e-01  -2.967926513544300e-02  -1.159433376553849e-03
  1.884999999999982e+00  9.146039741609095e+06  8.000789077361746e+06  4.270957434388461e+05  -1.126170220842882e+07  -4.621954915655547e+04  3.368936283490705e+04  -2.395281431152851e-01  -2.891501308252571e-02  -1.091654627486814e-03
  1.889999999999982e+00  9.138569693492172e+06  7.995414588160180e+06  4.226149643504861e+05  -1.127564608835257e+07  -4.704258103986730e+04  3.279903425226900e+04  -2.391346719021968e-01  -2.825662393407025e-02  -1.010481893721131e-03
  1.894999999999982e+00  9.130482143772537e+06  7.989820338280105e+06  4.179090483322777e+05  -1.128947470193963e+07  -4.810091478742322e+04  3.166432327112673e+04  -2.387569340000547e-01  -2.758273326213632e-02  -8.774407456415978e-04
  1.899999999999981e+00  9.121451495231567e+06  7.983777174981367e+06  4.130305149448207e+05  -1.130301169821991e+07  -4.904380773507478e+04  3.051241614860980e+04  -2.383478112605818e-01  -2.697047275515866e-02  -7.194427045917255e-04
  1.904999999999981e+00  9.111537100526096e+06  7.977322621885389e+06  4.081325478258894e+05  -1.131622436248875e+07  -4.981130063791225e+04  2.943503212451141e+04  -2.379066624219340e-01  -2.643037536809368e-02  -5.379161424617928e-04
  1.909999999999981e+00  9.101428232773263e+06  7.970535706501317e+06  4.038078230809824e+05  -1.132927731748898e+07  -5.021012208449264e+04  2.877891385601593e+04  -2.373984135400833e-01  -2.601036360906681e-02  -3.072619184730469e-04
  1.914999999999981e+00  9.090260171545647e+06  7.963536482452186e+06  3.994444173990160e+05  -1.134186992593582e+07  -5.057491525353611e+04  2.806570522380646e+04  -2.369189483717668e-01  -2.562076637359651e-02  -8.231743943754105e-05
  1.919999999999981e+00  9.078587147180252e+06  7.956364930732449e+06  3.955042749700731e+05  -1.135412888940962e+07  -5.067633414027810e+04  2.760099671670748e+04  -2.364303892759772e-01  -2.531832620395133e-02  1.508220485085348e-04
  1.924999999999981e+00  9.066591423182895e+06  7.949125601234461e+06  3.921194213481194e+05  -1.136607553899880e+07  -5.051222950890129e+04  2.740871101667638e+04  -2.359433168517556e-01  -2.510446317742641e-02  3.862179694185284e-04
  1.929999999999981e+00  9.054464895303138e+06  7.941925546750695e+06  3.893889783450846e+05  -1.137774285218876e+07  -5.009498044043882e+04  2.749006063428376e+04  -2.354692594717759e-01  -2.497771875814182e-02  6.172973909427315e-04
  1.934999999999981e+00  9.043318740465522e+06  7.935025826807814e+06  3.876891757756614e+05  -1.138953078403082e+07  -4.958327511095011e+04  2.789047956975232e+04  -2.350216090055080e-01  -2.490989014283907e-02  8.658672588196946e-04
  1.939999999999981e+00  9.031448539561104e+06  7.928208971364240e+06  3.862724796793779e+05  -1.140077305371192e+07  -4.879575553649433e+04  2.837503372661570e+04  -2.346196690300827e-01  -2.492687911100988e-02  1.057442860777741e-03
  1.944999999999981e+00  9.019920188362468e+06  7.921680445855013e+06  3.855174334440251e+05  -1.141184442641818e+07  -4.784266294425376e+04  2.902243165807905e+04  -2.342607883148459e-01  -2.501479339231649e-02  1.223370909146821e-03
  1.949999999999980e+00  9.008857128229287e+06  7.915492981972200e+06  3.853492161202174e+05  -1.142278262084211e+07  -4.676621487991539e+04  2.977422328692041e+04  -2.339523813482305e-01  -2.516450000881242e-02  1.358958236369532e-03
  1.954999999999980e+00  8.998928752143160e+06  7.909759313314429e+06  3.854883051182578e+05  -1.143384675868853e+07  -4.583044016758499e+04  3.039701586993636e+04  -2.337210601911226e-01  -2.530790177789639e-02  1.452049305612890e-03
  1.959999999999980e+00  8.988871443516931e+06  7.904280374545323e+06  3.859555167639027e+05  -1.144452684788235e+07  -4.465151463715920e+04  3.111144657621081e+04  -2.335304195282681e-01  -2.554170032110878e-02  1.502287939082785e-03
  1.964999999999980e+00  8.979406430692527e+06  7.899148680794033e+06  3.865560927477789e+05  -1.145510777534775e+07  -4.346386668916803e+04  3.174636309382993e+04  -2.333954581697669e-01  -2.580748556563115e-02  1.513432721068352e-03
  1.969999999999980e+00  8.970518177199181e+06  7.894334713737115e+06  3.870885918407896e+05  -1.146558594837163e+07  -4.230430624313444e+04  3.224560120589756e+04  -2.333143174953650e-01  -2.609294566631915e-02  1.483346799839377e-03
  1.974999999999980e+00  8.962166012268731e+06  7.889705122385226e+06  3.867765550628977e+05  -1.147588497738385e+07  -4.135743543857358e+04  3.224987763475066e+04  -2.333035942842273e-01  -2.631890992533809e-02  1.370254544738397e-03
  1.979999999999980e+00  8.954092697819740e+06  7.885319993675444e+06  3.864959881913111e+05  -1.148599470258914e+07  -4.031485077232755e+04  3.233054002428283e+04  -2.333135946606733e-01  -2.660977870948597e-02  1.253570305230415e-03
  1.984999999999980e+00  8.946390135680361e+06  7.881100255757298e+06  3.855867147047318e+05  -1.149591714191603e+07  -3.936873081098192e+04  3.217346249420102e+04  -2.333599955379678e-01  -2.688759820449898e-02  1.099254672799515e-03
  1.989999999999980e+00  8.938960893039424e+06  7.877003218410350e+06  3.839042789408149e+05  -1.150561470540739e+07  -3.854009232116040e+04  3.176506624091238e+04  -2.334368901090784e-01  -2.714058662926323e-02  9.094267992288124e-04
  1.994999999999979e+00  8.931273845163943e+06  7.872746944540054e+06  3.807558437363870e+05  -1.151474493680745e+07  -3.783403641971593e+04  3.080732520913064e+04  -2.335436673711691e-01  -2.730768634650356e-02  6.548524493312387e-04
  1.999999999999979e+00  8.924006017562322e+06  7.868758648557284e+06  3.773269610734966e+05  -1.152381524343893e+07  -3.722826369460103e+04  2.992763416143452e+04  -2.336570107049764e-01  -2.749255560017662e-02  4.183623670750726e-04
