TITLE = "Temporal Signal for receiver number 00002"
VARIABLES = "Time","s_xx","s_yy","s_zz","s_xy","s_yz","s_xz","v1","v2","v3"
# x1       -5.588697944753e+03
# x2       4.916132806299e+02
# x3       -9.746026934671e+03
# cell-global-id 54806
  0.000000000000000e+00  0.000000000000000e+00  0.000000000000000e+00  0.000000000000000e+00  0.000000000000000e+00  0.000000000000000e+00  0.000000000000000e+00  0.000000000000000e+00  0.000000000000000e+00  0.000000000000000e+00
  5.000000000000000e-03  0.000000000000000e+00  0.000000000000000e+00  0.000000000000000e+00  0.000000000000000e+00  0.000000000000000e+00  0.000000000000000e+00  0.000000000000000e+00  0.000000000000000e+00  0.000000000000000e+00
  1.000000000000000e-02  0.000000000000000e+00  0.000000000000000e+00  0.000000000000000e+00  0.000000000000000e+00  0.000000000000000e+00  0.000000000000000e+00  0.000000000000000e+00  0.000000000000000e+00  0.000000000000000e+00
  1.500000000000000e-02  0.000000000000000e+00  0.000000000000000e+00  0.000000000000000e+00  0.000000000000000e+00  0.000000000000000e+00  0.000000000000000e+00  0.000000000000000e+00  0.000000000000000e+00  0.000000000000000e+00
  2.000000000000000e-02  0.000000000000000e+00  0.000000000000000e+00  0.000000000000000e+00  0.000000000000000e+00  0.000000000000000e+00  0.000000000000000e+00  0.000000000000000e+00  0.000000000000000e+00  0.000000000000000e+00
  2.500000000000000e-02  0.000000000000000e+00  0.000000000000000e+00  0.000000000000000e+00  0.000000000000000e+00  0.000000000000000e+00  0.000000000000000e+00  0.000000000000000e+00  0.000000000000000e+00  0.000000000000000e+00
  3.000000000000000e-02  0.000000000000000e+00  0.000000000000000e+00  0.000000000000000e+00  0.000000000000000e+00  0.000000000000000e+00  0.000000000000000e+00  0.000000000000000e+00  0.000000000000000e+00  0.000000000000000e+00
  3.500000000000000e-02  0.000000000000000e+00  0.000000000000000e+00  0.000000000000000e+00  0.000000000000000e+00  0.000000000000000e+00  0.000000000000000e+00  0.000000000000000e+00  0.000000000000000e+00  0.000000000000000e+00
  4.000000000000000e-02  0.000000000000000e+00  0.000000000000000e+00  0.000000000000000e+00  0.000000000000000e+00  0.000000000000000e+00  0.000000000000000e+00  0.000000000000000e+00  0.000000000000000e+00  0.000000000000000e+00
  4.500000000000000e-02  0.000000000000000e+00  0.000000000000000e+00  0.000000000000000e+00  0.000000000000000e+00  0.000000000000000e+00  0.000000000000000e+00  0.000000000000000e+00  0.000000000000000e+00  0.000000000000000e+00
  5.000000000000000e-02  3.825673322004140e-47  4.069473309019945e-47  5.405852957565639e-47  -1.527225700802372e-47  1.972890076897509e-47  -1.931447140898184e-47  1.419197876148749e-54  -1.301630756276995e-54  -1.880555565491745e-54
  5.499999999999999e-02  -2.659833744133550e-42  -2.745507465239913e-42  -6.343584578426604e-42  6.564756316161111e-43  -2.070697196807819e-42  1.131953055726123e-42  -6.024301559007654e-50  7.827160713302836e-50  2.088969856424942e-49
  5.999999999999999e-02  3.301819865438784e-39  4.281469068258850e-39  6.034591076621419e-39  -1.980981519045817e-39  3.523616926237279e-39  -2.822054876911164e-39  1.676906433074476e-46  -1.632820632314549e-46  -2.048920178838902e-46
  6.499999999999999e-02  -1.933989158194347e-36  -2.018623819071227e-36  -4.262739413816043e-36  5.635313446565347e-37  -1.614436325047114e-36  9.638988606477984e-37  -5.150466195836015e-44  6.724884472055887e-44  1.408705001225541e-43
  6.999999999999999e-02  -8.971348485192266e-34  -8.591454390200127e-34  -1.916278236236581e-33  2.116889363195718e-34  -6.678748890666289e-34  5.793450735915654e-34  -2.684168576075724e-41  2.408360548426900e-41  6.900273979601671e-41
  7.500000000000000e-02  5.549100830650720e-35  4.449022033233736e-34  -6.240359093814261e-33  -1.205361901421813e-33  -1.138340860756972e-33  1.417300007932271e-33  2.931693882742562e-41  -4.498926034475421e-41  1.773551832632001e-40
  8.000000000000000e-02  1.657555666502830e-31  1.646710055680826e-31  5.453682585825923e-31  -1.151848455006931e-32  1.908530758897134e-31  -1.502493073166678e-31  4.003291046885261e-39  -3.756031775941963e-39  -1.873598239531585e-38
  8.500000000000001e-02  -4.351812416442637e-30  -4.454176441064411e-30  -1.142313024017296e-29  8.289464596153616e-31  -4.656818916597903e-30  3.483533495418306e-30  -1.182581061711141e-37  1.198488276514326e-37  4.122520314716630e-37
  9.000000000000001e-02  1.766447770740250e-29  1.654776372431101e-29  3.209379713053034e-29  -6.245066278473063e-30  1.706688846342995e-29  -1.148066583141739e-29  5.717592712918512e-37  -5.207991265652656e-37  -1.360853502667920e-36
  9.500000000000001e-02  -4.899982245091409e-29  -1.055608531129621e-29  7.912724297322300e-29  4.251191565561884e-29  -4.833219510537164e-31  1.736752410302990e-29  -3.081531558664349e-36  7.620302479216625e-37  2.125349936205397e-37
  1.000000000000000e-01  -7.559019415185724e-28  -1.138268739745346e-27  -3.364261568501324e-27  -3.621672202917454e-29  -1.406285979216637e-27  8.510821928656817e-28  -8.924967539154368e-36  2.932581326466348e-35  1.043107644661303e-34
  1.050000000000000e-01  1.061197378738018e-26  1.228507508757525e-26  3.130377626485402e-26  -1.815335139615312e-27  1.505563688873468e-26  -1.098088451679032e-26  2.948336236073242e-34  -3.324579756749999e-34  -1.150719975993479e-33
  1.100000000000000e-01  -2.089228928495257e-26  -1.579112063929265e-26  -3.784965381319250e-26  8.201416349532761e-27  -2.726040042334105e-26  2.464708052121417e-26  -9.866474237650835e-34  4.158733963012497e-34  2.137155867593489e-33
  1.150000000000000e-01  -2.556990382592652e-26  -7.220008491489403e-26  -2.058421810916708e-25  -2.047920626275468e-26  -6.033161981866717e-26  5.007925282230836e-27  1.720323423925204e-33  2.038254430617830e-33  3.773703846081461e-33
  1.200000000000000e-01  6.366299402113418e-25  8.213556627373678e-25  2.074617386591160e-24  -7.430612612602294e-26  9.880027221735001e-25  -6.679444949495017e-25  1.505590787957053e-32  -2.221333395864048e-32  -7.187151434179393e-32
  1.250000000000000e-01  -1.228846732173551e-24  -1.132526902050510e-24  -2.881893348459574e-24  4.225345996370937e-25  -2.021401739901407e-24  1.798419086102786e-24  -6.255441879716535e-32  2.807705889715531e-32  1.520588245306283e-31
  1.300000000000000e-01  -1.700021292847104e-24  -3.178234782474878e-24  -9.052849617991618e-24  -9.005305033797647e-25  -2.000313524888419e-24  -7.861019319270795e-25  9.167552196720486e-32  9.516642281607047e-32  1.416514325223020e-31
  1.350000000000000e-01  2.259365903934418e-23  2.804055726994070e-23  6.999683056839948e-23  -2.637580297427462e-24  3.284165395286216e-23  -2.169595635967892e-23  5.368526421212430e-31  -7.672642674789177e-31  -2.431189521468954e-30
  1.400000000000000e-01  -6.637981667901233e-23  -7.577526746823233e-23  -1.768400832734551e-22  1.809610925152686e-23  -1.012277427492830e-22  8.830886115975995e-23  -3.118402589929686e-30  2.100977270580257e-30  7.791825001496912e-30
  1.450000000000000e-01  -8.830778737100768e-23  -1.093589234386837e-22  -3.185842436995446e-22  -1.327518198321234e-23  -9.537126922038545e-23  1.505359999474787e-23  8.148736601827662e-31  3.158965425368879e-30  7.797173041992496e-30
  1.500000000000000e-01  4.484554822489581e-22  5.275124539569402e-22  1.286828964057313e-21  -7.160665307365232e-23  6.295968174067834e-22  -4.504706378438343e-22  1.361244220181816e-29  -1.455145848883642e-29  -4.806808121983793e-29
  1.550000000000001e-01  -5.887609933823074e-22  -7.243636864779284e-22  -1.489297973831724e-21  2.434475974555701e-22  -1.019083006974262e-21  1.021414342261009e-21  -4.214225177209426e-29  2.101524574811398e-29  7.849334265285061e-29
  1.600000000000001e-01  -1.985149070589128e-21  -2.225575018934328e-21  -6.091014459734088e-21  2.859900475708172e-23  -2.338327340463618e-21  1.100415474101094e-21  -2.451546548355585e-29  6.293797889503533e-29  1.918522631005353e-28
  1.650000000000001e-01  4.141075585157661e-21  5.020968803150747e-21  1.093358833624921e-20  -1.093584881402170e-21  6.175078372489163e-21  -5.179695956727771e-21  1.905494112917004e-28  -1.415858985359324e-28  -4.681071546801119e-28
  1.700000000000001e-01  1.464975288496383e-21  5.374586398764704e-22  4.889514478079797e-21  1.283836330552963e-21  -6.471726137344408e-22  3.303137145118565e-21  -2.235669556910358e-28  1.313047434575604e-30  3.341854842582585e-29
  1.750000000000001e-01  -1.961814854367810e-20  -2.269878318740159e-20  -4.959106020498368e-20  4.211810958183365e-21  -2.546793716650924e-20  1.969907201130659e-20  -5.634511641808153e-28  6.096998355689527e-28  1.852861492773383e-27
  1.800000000000001e-01  6.417981421911855e-21  1.284031447858815e-20  1.014673001440213e-20  -7.572086884869804e-21  1.792682773848551e-20  -2.441618244329717e-20  1.179900578133214e-27  -3.966352858384396e-28  -1.153259861591352e-27
  1.850000000000001e-01  5.687304689234010e-20  6.013969837497297e-20  1.517842068580654e-19  -4.775794799134297e-21  6.379929655131654e-20  -3.618507791653111e-20  7.231375782346587e-28  -1.610132558236614e-27  -5.009894854517409e-27
  1.900000000000001e-01  -9.091388199742472e-20  -1.254797847118950e-19  -2.266375708592274e-19  3.524959105497953e-20  -1.417503989084145e-19  1.333536158447375e-19  -5.403870428993356e-27  3.664015115812288e-27  1.018707920625957e-26
  1.950000000000001e-01  -1.365728726890645e-19  -1.300151350018478e-19  -3.936643551005384e-19  -8.218270420505708e-21  -1.303906101645601e-19  3.435875731885500e-20  5.707054251055402e-28  3.470832718524472e-27  1.152047020948341e-26
  2.000000000000001e-01  2.729797896541345e-19  3.580136583617730e-19  6.909406709829700e-19  -7.992453886779709e-20  3.900308019574574e-19  -3.269992025564295e-19  1.265901888360278e-26  -1.027298478139385e-26  -2.854201932159661e-26
  2.050000000000001e-01  7.497214732790236e-20  -3.285916766277029e-20  2.086355855923462e-19  7.947835232468578e-20  -2.890089643982379e-20  1.841702538838755e-19  -1.438075013710437e-26  2.322590542943977e-27  4.098390466173303e-28
  2.100000000000001e-01  -6.699739854934767e-19  -8.406352651935649e-19  -1.638376635955819e-18  1.856542691061830e-19  -9.528067309681737e-19  7.588427222886680e-19  -2.211057404438349e-26  2.269186917987648e-26  6.497032906920498e-26
  2.150000000000001e-01  -4.943478816971846e-20  2.253597547691184e-19  -2.910224834409137e-19  -2.379279587375953e-19  2.436331816246382e-19  -6.172839313569991e-19  3.909840485287254e-26  -9.216401883914853e-27  -9.776026926049637e-27
  2.200000000000001e-01  1.411950310374990e-18  1.722172825143926e-18  3.702908186281555e-18  -2.537471344086909e-19  1.909680744285849e-18  -1.265488802147976e-18  3.219423832149381e-26  -4.628934156649070e-26  -1.360441350722796e-25
  2.250000000000001e-01  -1.033921662196557e-18  -1.887278735305549e-18  -2.636187622250439e-18  7.238639401368411e-19  -1.993478242917945e-18  2.347499228665887e-18  -1.207237145571199e-25  6.154649456167052e-26  1.345307834817381e-25
  2.300000000000001e-01  -2.703531640480642e-18  -3.236963576580843e-18  -7.702984646208611e-18  2.309409386103636e-19  -3.444346147245653e-18  1.788898416015567e-18  -3.481734939724048e-26  8.416678996195999e-26  2.628385576448853e-25
  2.350000000000001e-01  2.540563592355820e-18  3.947737227985059e-18  6.336285201665582e-18  -1.340275501004438e-18  4.318815629924215e-18  -4.687666978161188e-18  2.335222098105344e-25  -1.308067968032757e-25  -2.961213225840158e-25
  2.400000000000001e-01  2.130454313722550e-18  2.446590739451506e-18  6.783605822880723e-18  2.988451039550173e-19  2.776423205383551e-18  -4.909918604687301e-19  -1.053403782457486e-25  -2.027455500893478e-26  -2.025986234274627e-25
  2.450000000000001e-01  -7.195855377128737e-18  -9.387360864838161e-18  -1.840303016517637e-17  2.613129762218186e-18  -1.027540476038845e-17  1.026829788138076e-17  -4.210281390809119e-25  2.662827581911399e-25  7.636694322800743e-25
  2.500000000000001e-01  -1.107040908013606e-18  -1.740232512006575e-18  -8.524110741531526e-18  -1.707888111244923e-18  -9.092650554429579e-19  -2.932177738865764e-18  3.239509988343861e-25  -7.676428173205742e-26  1.649628546118890e-25
  2.550000000000001e-01  1.549240157454274e-17  1.748077494554897e-17  4.186050580734976e-17  -3.216680928517138e-18  1.799639037280898e-17  -1.598302329919385e-17  6.142622751245670e-25  -4.537767376159421e-25  -1.574804538637230e-24
  2.600000000000001e-01  -1.749312147128073e-17  -1.784076617714542e-17  -3.302609802198399e-17  7.272226989925002e-18  -2.114185145462068e-17  2.221409050264848e-17  -1.267355141590639e-24  8.105857689131350e-25  1.515047317212838e-24
  2.650000000000001e-01  -3.340228139161172e-17  -3.390974390586308e-17  -9.687792386712801e-17  2.511610817628715e-18  -3.109814336305966e-17  2.225253646997463e-17  -7.332789645842755e-25  7.518105914222570e-25  3.340501541160773e-24
  2.700000000000001e-01  5.142775720948248e-17  5.085859983705742e-17  1.035685524692540e-16  -1.612780314364539e-17  5.858190322512781e-17  -5.334554190660889e-17  2.624108058533028e-24  -1.970202682220851e-24  -4.407364076961191e-24
  2.750000000000001e-01  4.566446027832575e-17  3.983477910883544e-17  1.449706859695524e-16  5.391342422819166e-18  2.283048166964781e-17  -1.286558383728460e-17  -6.322470955657634e-25  1.366455422028862e-25  -4.576160045497358e-24
  2.800000000000001e-01  -1.633169452002121e-16  -1.618181823255048e-16  -3.533243810746719e-16  4.222361520588466e-17  -1.722283542304925e-16  1.546342065550448e-16  -6.107582281043560e-24  4.740328663772673e-24  1.453448591631559e-23
  2.850000000000001e-01  -1.036547707400018e-16  -9.255800314993304e-17  -3.572291919541826e-16  -1.936518059923189e-17  -4.085860253781722e-17  -3.283838212956988e-21  2.603301978162646e-24  -4.413829332050980e-25  1.091214199443695e-23
  2.900000000000001e-01  3.706386680524185e-16  3.599992078716825e-16  8.274990768943998e-16  -7.884790866659389e-17  3.571589669467596e-16  -3.022772830547170e-16  1.179143951214170e-23  -9.802808052866812e-24  -3.268089035595258e-23
  2.950000000000002e-01  8.557297431608785e-17  5.759541270785696e-17  4.109136296288725e-16  7.247575937628310e-17  -8.736654632473085e-17  1.240589050664116e-16  -1.248458128401955e-23  6.912336326155181e-24  -1.067183550321202e-23
  3.000000000000002e-01  -7.799099642032029e-16  -7.337381869855837e-16  -1.749687322247126e-15  1.402063399285688e-16  -6.744987293872143e-16  5.537249768163663e-16  -2.260963991557288e-23  1.903175415056628e-23  6.660709721824390e-23
  3.050000000000002e-01  -3.086892362917052e-16  -2.898798117941396e-16  -1.250080083002427e-15  -1.268407219578701e-16  7.463415717831786e-17  -1.898300964997325e-16  2.244073832412979e-23  -1.085122730585708e-23  3.797956993535149e-23
  3.100000000000002e-01  1.677978602697349e-15  1.519641959250883e-15  3.712025836319907e-15  -2.704735164452365e-16  1.284802307872843e-15  -1.211588798464654e-15  4.324345675546580e-23  -2.838186402070173e-23  -1.449441533925524e-22
  3.150000000000002e-01  2.248585747740186e-16  2.507776741424181e-16  1.516585449531126e-15  3.371509506136577e-16  -6.190136505400300e-16  6.745641044286280e-16  -6.038597603440831e-23  3.523357630710801e-23  -4.201773025524753e-23
  3.200000000000002e-01  -3.094962134869313e-15  -2.664110225147019e-15  -6.973397354380051e-15  3.977861684963584e-16  -2.091343474900514e-15  1.979210200606175e-15  -7.743922845032536e-23  4.491065748523482e-23  2.621385891077574e-22
  3.250000000000002e-01  -8.616299894508304e-16  -1.098913873671151e-15  -4.238612381221667e-15  -6.076108940056200e-16  8.327129121051688e-16  -9.141709398825229e-16  1.011697639538587e-22  -6.518141206329685e-23  1.395658700844073e-22
  3.300000000000002e-01  5.766259973963811e-15  4.794739716039147e-15  1.347548199093892e-14  -5.287165583648348e-16  3.264393270319108e-15  -3.975406619054072e-15  1.244649747800343e-22  -1.617335028688742e-23  -5.348918632510655e-22
  3.350000000000002e-01  1.947708177855575e-15  2.768602630433266e-15  9.993647233117067e-15  1.326334097330981e-15  -1.201904406378089e-15  1.482244275038894e-15  -1.895136226460932e-22  1.422784321558888e-22  -3.529271232135876e-22
  3.400000000000002e-01  -1.057150699160596e-14  -8.725528122145468e-15  -2.655140284940905e-14  8.242569403614013e-16  -5.276112920597338e-15  6.548312392680372e-15  -2.285637248131099e-22  8.937581908405533e-24  1.016757797511603e-21
  3.450000000000002e-01  1.287752183519614e-15  -1.901058870031125e-15  -1.145441512800700e-14  -3.889427695724679e-15  4.350930066959285e-15  -5.215204845864036e-15  5.737530380864100e-22  -4.079780609542154e-22  4.235329092864163e-22
  3.500000000000002e-01  2.078147434665458e-14  1.756155105582426e-14  5.564432640480406e-14  -1.181284355476442e-15  8.434683349435003e-15  -1.468323988196999e-14  4.177366391702138e-22  2.025075508039045e-22  -2.269773464323946e-21
  3.550000000000002e-01  -9.697267237759579e-16  7.804033322798020e-15  3.626652927882384e-14  7.962440042661849e-15  -4.037512515954227e-15  8.227374571057366e-15  -1.146917374718990e-21  8.780255122497282e-22  -1.452551257221402e-21
  3.600000000000002e-01  -4.471832484023893e-14  -3.652420020709664e-14  -1.111523219618429e-13  5.528573404664636e-15  -1.438789046844259e-14  2.846946972803253e-14  -1.243056985167445e-21  -7.277061937979073e-23  4.300553876449149e-21
  3.650000000000002e-01  1.247049519156679e-14  -1.163941807510032e-14  -6.992055595960282e-14  -1.795902343188992e-14  4.190741938479555e-15  -1.724345981401963e-14  2.814942215261448e-21  -1.915219790385083e-21  2.990434349980370e-21
  3.700000000000002e-01  8.715471363102479e-14  6.149898935858725e-14  1.785159157513164e-13  -1.721427819712444e-14  1.442930407181803e-14  -5.276549491290628e-14  3.353282754460756e-21  -5.199273692574773e-22  -6.463859335183105e-21
  3.750000000000002e-01  1.720269514515839e-14  6.226653239509314e-14  2.348076066836176e-13  2.285029410280518e-14  1.576334737125880e-14  4.580876353256509e-15  -3.716993986516236e-21  2.991118710561022e-21  -9.719930220149240e-21
  3.800000000000002e-01  -1.655698236068692e-13  -9.615131803770360e-14  -2.784970036128504e-13  3.377197148433826e-14  1.586580064466866e-15  1.095369637645786e-13  -7.840869825744521e-21  4.509791898825690e-22  1.030553876371792e-20
  3.850000000000002e-01  -5.844417601407413e-14  -1.335257724815104e-13  -4.998752287471430e-13  -3.413210940101480e-14  -4.785790387995614e-14  3.554582499009483e-14  5.143954477809122e-21  -5.101996414757609e-21  2.099482819339410e-20
  3.900000000000002e-01  2.077347287595848e-13  3.502209336151259e-14  1.213084208729345e-13  -5.658555855407978e-14  -9.248626336810131e-14  -1.347313703249272e-13  1.462580661147544e-20  -1.531055583834070e-21  -2.610103632881273e-21
  3.950000000000002e-01  2.259459119814467e-13  2.556444844446168e-13  9.544476614612741e-13  1.971263040722280e-14  4.087459997668004e-14  -1.438111295673741e-13  7.019389501944660e-22  7.298237674245279e-21  -3.876809586842265e-20
  4.000000000000002e-01  -2.353780866236066e-13  1.020052106367560e-13  2.049508403058488e-13  6.866466300413713e-14  2.670907970643228e-13  1.393637686521784e-13  -2.355232977586094e-20  3.019808070221996e-22  -1.147845624362755e-20
  4.050000000000002e-01  -4.049778013150998e-13  -2.182187905171257e-13  -1.180133484460682e-12  -1.108666131232461e-14  1.498789410788873e-13  2.603477157527219e-13  -1.355193494060642e-20  -1.227383064720332e-20  4.650640505660497e-20
  4.100000000000003e-01  5.931375171112458e-14  -3.808750255207268e-13  -1.214835603574622e-12  -8.408838535652145e-14  -4.495365020917952e-13  3.139575998882359e-14  2.532853613589650e-20  -5.208678413059650e-21  5.408494902355775e-20
  4.150000000000003e-01  4.974259725568099e-13  -8.425342582312218e-14  1.241898106331033e-12  1.022178298830983e-13  -4.931620776795326e-13  -3.926300102227593e-13  2.660701522182128e-20  2.833995797984215e-20  -4.955395128643447e-20
  4.200000000000003e-01  1.840688001721905e-14  3.787103680114963e-13  2.210916437603508e-12  2.165492080966171e-13  4.505807503718066e-13  -2.754145039092289e-13  -2.760228439759599e-20  2.270158024840470e-20  -9.571757858555610e-20
  4.250000000000003e-01  -5.866675481185340e-13  5.669640121348148e-13  -4.342246915128462e-13  -1.363987462749436e-13  9.925393435257155e-13  2.958826296754849e-13  -4.341455126179719e-20  -3.306013070484744e-20  1.347036393940594e-20
  4.300000000000003e-01  -3.539811973384567e-14  4.437467299337526e-13  -3.138047237929748e-12  -6.265309664556936e-13  1.659986381425299e-13  4.800549728681468e-13  2.488261994138515e-20  -7.565992586608611e-20  1.372303582952334e-19
  4.350000000000003e-01  1.229992184968298e-12  -3.115308934068828e-13  8.096662552947351e-13  -1.406456728931074e-14  -6.443653352833935e-13  -5.107495839556102e-13  6.440823198222651e-20  1.581481356958414e-20  -3.143851166649564e-20
  4.400000000000003e-01  8.156902718243017e-13  -1.317502503040346e-12  5.592804372645384e-12  1.234606400890948e-12  -6.085900373802429e-13  -5.974941983103544e-13  -2.892112591242268e-20  1.280779570789249e-19  -2.280859977122976e-19
  4.450000000000003e-01  -3.290385606203830e-12  -2.598344380162546e-12  -1.781021331530739e-12  1.185366328498780e-12  -1.105664200745015e-12  1.068948918880388e-12  -1.366726093418707e-19  1.219227926022114e-19  5.422022966795823e-20
  4.500000000000003e-01  -4.375818082006889e-12  1.095504463717187e-13  -1.449043047656731e-11  -1.752930374485388e-12  -1.360781271530135e-12  1.748518493626348e-12  6.230309107048960e-20  -1.462296319749998e-19  5.699826990123828e-19
  4.550000000000003e-01  5.130378747686628e-12  6.164740541711782e-12  5.527923310705470e-13  -3.138300302728046e-12  4.227166160769143e-12  -3.270799849640446e-12  3.031549386953916e-19  -3.088605307278117e-19  -4.218927496019591e-20
  4.600000000000003e-01  1.515983359053337e-11  8.149663310665943e-12  3.421162171278530e-11  4.153707021019900e-13  7.823254820832197e-12  -4.691487013475135e-12  5.243525220372651e-20  -1.072554012571288e-19  -1.266485737204749e-18
  4.650000000000003e-01  3.690989873719492e-12  -2.223795636903937e-12  2.510302511103200e-11  3.365850829211783e-12  4.415325981368970e-13  3.628628337210876e-13  -3.591604623599585e-19  3.179082750662116e-19  -9.148460550982068e-19
  4.700000000000003e-01  -2.729643666947479e-11  -1.678678652132699e-11  -5.248350796935126e-11  1.290414063449002e-12  -1.858271043825815e-11  1.196072862920852e-11  -2.262708128725024e-19  4.155006296848348e-19  2.050493373597248e-18
  4.750000000000003e-01  -3.294443952228441e-11  -2.096585667271845e-11  -8.784559935762710e-11  2.651088239397018e-12  -1.780149294433254e-11  1.172496105530464e-11  -7.545950889752424e-20  3.242171656311471e-19  3.168020177627276e-18
  4.800000000000003e-01  1.286466242926438e-11  1.792879367910379e-12  8.624741565768682e-12  4.503990977738415e-12  9.744578266168187e-12  -4.126841811494659e-12  -1.121109216917435e-19  -2.217098847656963e-19  -4.230928822728990e-19
  4.850000000000003e-01  8.119917742197848e-11  7.407189097798191e-11  1.557842875511405e-10  -2.311746496345780e-11  4.587148475772482e-11  -3.941570081687929e-11  1.927844095104116e-18  -2.272090115113632e-18  -5.672845404230564e-18
  4.900000000000003e-01  3.313741628658456e-11  5.730900180484306e-11  1.046594317647472e-10  -2.926782508616739e-11  2.375857431242559e-11  -3.075435780096363e-11  2.396160750882004e-18  -1.123552037871781e-18  -4.323911681834182e-18
  4.950000000000003e-01  -8.511247414702283e-11  -8.468213219360286e-11  -5.351851461668414e-11  4.935566835206769e-11  -1.228123180809824e-11  4.069805422062675e-11  -4.143418549894797e-18  4.288005847705722e-18  9.212177088452149e-19
  5.000000000000003e-01  -8.357316823017892e-11  -1.912009427478191e-10  -2.011331260384805e-10  1.079708857187882e-10  -6.996173778644708e-11  1.070376204762903e-10  -1.025478867163034e-17  6.554854570880093e-18  9.566771790261224e-18
  5.050000000000003e-01  1.463036538617541e-10  1.215780422308664e-10  -3.578786962204197e-10  -1.580853570751864e-10  -1.890289263400471e-10  4.261181263733008e-11  1.194159045371479e-17  -1.148306909914254e-17  2.217555635392621e-17
  5.100000000000003e-01  -1.512660510620247e-11  2.889217432366571e-10  -4.599699908413094e-10  -3.371377007277179e-10  -1.660114767055180e-10  -1.382462429995375e-10  3.102857681432042e-17  -1.800681448091187e-17  1.545275745722059e-17
  5.150000000000003e-01  -3.618768486795101e-10  1.433301309081826e-10  1.137625881018401e-09  2.546003558549125e-10  6.810612147643372e-10  -2.900590462706139e-10  -1.082335176142555e-17  9.573438788474393e-18  -7.486319126394200e-17
  5.200000000000004e-01  1.276953853772422e-11  -5.458369050114978e-10  2.696038768800193e-09  1.073800121716411e-09  1.205529011744485e-09  -1.243741419565631e-10  -1.001374076150855e-16  5.635275153973368e-17  -1.190418373148251e-16
  5.250000000000004e-01  1.768034178938864e-09  -1.494848595611781e-10  -1.469525007746916e-09  -5.663600864803267e-10  -1.431363230662593e-09  7.527647035208841e-10  2.215795808783008e-18  -1.197455826368373e-17  1.548589151919278e-16
  5.300000000000004e-01  1.207307682035812e-09  3.052301762629508e-10  -8.348739301252188e-09  -2.771440355726666e-09  -4.296133788036172e-09  1.111330128431827e-09  2.190849371894347e-16  -1.103215124653631e-16  4.401007432320122e-16
  5.350000000000004e-01  -2.356089475847052e-09  1.083901383569453e-09  -4.673219982841944e-09  -1.351504007319404e-09  -1.200643072418667e-09  -2.459808930894153e-10  2.058366387189407e-16  -9.914235511532868e-17  7.916038427810692e-17
  5.400000000000004e-01  -6.665516568242060e-09  -1.160437647921290e-09  1.520443045643076e-08  6.234476508903504e-09  1.011489123784144e-08  -3.877320412452667e-09  -4.187029559436844e-16  2.221809088868260e-16  -1.001182266454183e-15
  5.450000000000004e-01  -3.660233409512066e-10  -2.412130142403834e-11  2.518741229205473e-08  7.075841712700947e-09  1.195695787039731e-08  -3.338912833833453e-09  -6.712380770728420e-16  2.890335127842542e-16  -1.140688173748244e-15
  5.500000000000004e-01  9.022304490551135e-09  -2.816501857278467e-09  -8.021209379647001e-09  -3.672826985330786e-09  -8.671993301119850e-09  5.335013562138620e-09  -1.720167959814764e-18  4.295077724337594e-17  9.103088839157622e-16
  5.550000000000004e-01  9.848122387622863e-09  -1.958340788843056e-09  -4.847896577007440e-08  -1.583801557527921e-08  -2.955577504895992e-08  1.235792211237675e-08  1.206178702122019e-15  -4.869642689450744e-16  2.900412015016677e-15
  5.600000000000004e-01  9.024631275556717e-09  1.903467252740183e-08  -1.495585932889347e-08  -1.334413719399594e-08  -6.531099954465471e-09  -3.459917738513565e-09  1.514604145174804e-15  -1.059403999004480e-15  7.775016842231897e-16
  5.650000000000004e-01  9.501971283270148e-09  3.300885370427759e-08  3.915924940527509e-08  2.133243359144776e-09  2.678388919386628e-08  -2.076044011398751e-08  4.951071268429107e-16  -8.625468302335352e-16  -3.029838526242189e-15
  5.700000000000004e-01  -3.759798467716810e-08  -5.058830696769743e-08  7.468164572167231e-08  5.650849254797343e-08  2.785998802163778e-08  7.904812068805843e-09  -3.681649213575594e-15  2.631902601538338e-15  -6.780768890254304e-15
  5.750000000000004e-01  -1.477768054979011e-07  -1.737085866145227e-07  1.338241034613619e-07  1.426843005912983e-07  5.273659106550301e-08  5.825514100076423e-08  -1.156805731585308e-14  7.349409139706057e-15  -7.505256797804819e-15
  5.800000000000004e-01  -8.580724509330204e-08  -3.008348306280706e-08  9.179933753621200e-08  1.308083569634212e-08  8.886348334634030e-08  -2.029169073397731e-08  -4.756793912447296e-15  1.453652072674654e-15  3.304932161793686e-15
  5.850000000000004e-01  3.880273896647994e-07  6.090335102462371e-07  -4.341780067526367e-07  -5.456426267634386e-07  -4.679327816904011e-08  -2.833297834991644e-07  3.660967653288209e-14  -2.382394826132778e-14  3.969758812264354e-14
  5.900000000000004e-01  5.561728322893823e-07  4.841376606118160e-07  -1.338543145752626e-06  -7.929088149264956e-07  -6.144117579522879e-07  -2.210160588107035e-07  6.484540911103381e-14  -2.254489143157434e-14  5.857366158392686e-14
  5.950000000000004e-01  -7.887405746293189e-07  -1.746980783610812e-06  -2.286934543125876e-07  1.025999510386362e-06  -6.149105354359393e-07  7.804956208503954e-07  -6.068016078913496e-14  6.391798249698188e-14  -5.417319307586590e-14
  6.000000000000004e-01  -1.543788636175554e-06  -2.411920305800045e-06  3.469325764806712e-06  3.099161647538771e-06  7.504555205688174e-07  1.651330275459397e-06  -2.225437333741289e-13  9.800286908223287e-14  -2.302411373119027e-13
  6.050000000000004e-01  -3.304833301046988e-07  3.467345705078263e-07  5.451998498914304e-06  2.198039374872929e-06  2.633355557579207e-06  5.196938048981910e-07  -1.851224983441915e-13  -8.036751755300231e-15  -2.273226340367697e-13
  6.100000000000004e-01  2.991178374281465e-06  6.043543686749966e-06  -3.777343366768993e-06  -5.471094935704681e-06  1.031874949583868e-06  -4.069276552338272e-06  3.870805611424081e-13  -2.548209100254194e-13  3.378245928171475e-13
  6.150000000000004e-01  3.330821143319523e-06  4.851458423608785e-06  -1.524539497481418e-05  -1.073351100178649e-05  -4.049581075023344e-06  -6.022884313082242e-06  8.061590588698597e-13  -2.236383507716360e-13  9.067853481493349e-13
  6.200000000000004e-01  6.250245017994736e-07  -3.059312245335211e-06  -1.195575873106293e-05  -4.506714293848138e-06  -8.085564374090665e-06  9.117015683224185e-07  4.099653668653358e-13  1.134288921607496e-13  6.151027432840039e-13
  6.250000000000004e-01  -6.302357464999877e-06  -1.903203978867418e-05  2.098262608328095e-05  1.945702619135862e-05  -1.001860295477089e-06  1.444415845252585e-05  -1.328700215152085e-12  7.952404040776625e-13  -1.391125467091348e-12
  6.300000000000004e-01  -1.231647918424910e-05  -2.224495307609679e-05  5.377625283024453e-05  3.806515254955283e-05  2.244946008450172e-05  1.107160937165458e-05  -2.690012242983596e-12  9.562557777422273e-13  -3.281047155099648e-12
  6.350000000000005e-01  -1.732868455819340e-06  1.062155093043961e-05  2.155001282338024e-05  6.660465775197109e-06  2.994250531071769e-05  -1.829946539293398e-05  -6.159188729300768e-13  -3.972118644815764e-13  -1.123043890479316e-12
  6.400000000000005e-01  4.493295280683612e-05  9.441761145818560e-05  -6.318692186936301e-05  -7.397241103123233e-05  -8.807672941400400e-06  -3.707810803626252e-05  4.959172111751211e-12  -3.901760961093668e-12  5.569780418955319e-12
  6.450000000000005e-01  6.178715562986052e-05  1.118565518419375e-04  -1.055681914608799e-04  -9.658343400895044e-05  -8.227802909182513e-05  1.366644174172954e-05  6.032523937368188e-12  -4.890208238482516e-12  7.618429450851371e-12
  6.500000000000005e-01  -6.046457134324496e-05  -8.229362534831459e-05  2.560802549700052e-05  5.755730983838414e-05  -8.191677458707275e-05  8.997580335646714e-05  -5.657908151694910e-12  3.074183816292029e-12  -3.124484600661304e-12
  6.550000000000005e-01  -2.385108687901643e-04  -3.602285230255112e-04  2.310427623116480e-04  2.069808680529148e-04  6.707539154383929e-05  1.531537231538445e-05  -1.825593665075852e-11  1.531282900513269e-11  -2.089333906949810e-11
  6.600000000000005e-01  -7.908708457079093e-05  6.173211438711503e-05  -2.111543685072170e-04  -2.180757842923652e-04  1.678608791861639e-04  -2.389851116678735e-04  9.805632218001454e-12  1.107664042045594e-12  4.945489578307323e-12
  6.650000000000005e-01  -2.294950880099737e-05  4.029319966744529e-04  -1.275941456375537e-03  -7.475158400405361e-04  -2.333937299655644e-04  -1.925126724545053e-04  4.833674834036150e-11  -7.729406775850637e-12  7.261321512330538e-11
  6.700000000000005e-01  -1.131190532808280e-04  2.767005449692982e-04  -1.051411687591856e-03  -4.565836071059388e-04  -3.673336579244098e-04  1.921967155957780e-04  3.110126395990406e-11  5.131074963333350e-12  6.892800832432978e-11
  6.750000000000005e-01  -5.203230682885005e-05  -8.478427135418115e-08  1.989515120189616e-03  8.734465171992263e-04  -2.806507689389101e-04  9.826123855027193e-04  -6.306936746831385e-11  1.005771873466175e-11  -8.367633403084403e-11
  6.800000000000005e-01  -9.605174859810638e-04  2.047185837151753e-04  4.735994227432440e-03  3.290567257894393e-03  1.712056398950370e-03  7.084555042070846e-04  -2.797695775634911e-10  -3.144030670792891e-11  -3.488155372123562e-10
  6.850000000000005e-01  -2.265463548339572e-03  -4.586599987253408e-04  -4.660080625389409e-03  2.783956321896802e-03  5.368858100666250e-03  -2.831312511456716e-03  -2.650359813272010e-10  -4.525128785119596e-11  -2.230545970227787e-10
  6.900000000000005e-01  2.645123361191686e-03  -4.550337889389458e-03  -2.208891542188606e-02  -3.991529347874685e-03  3.949540199508262e-03  -6.568856631767674e-03  4.291683127770062e-10  1.028838730331262e-10  6.480567109734122e-10
  6.950000000000005e-01  2.436509799499208e-02  6.293978635880893e-03  1.476975526943473e-02  -1.130128242210400e-02  -9.405024359112083e-03  3.578634662476882e-03  1.347315639735582e-09  -2.962894779369091e-10  3.714999198697177e-10
  7.000000000000005e-01  2.857770115679266e-02  7.275248299468901e-02  3.794915920693082e-02  -1.422268568682568e-02  3.387979079762012e-02  1.158755416800904e-02  8.494001034169853e-10  -2.804670548246303e-09  -1.060555123405934e-09
  7.050000000000005e-01  -2.353266561850269e-02  1.281813858952063e-01  -1.227427773877775e-01  -1.656200042631113e-02  1.425725428609716e-01  3.035758415301819e-02  -4.613729605638983e-10  -4.786860959844257e-09  3.610261249339790e-09
  7.100000000000005e-01  6.434013896950409e-03  3.544727348259591e-01  -3.592054497732427e-01  -3.801503180601717e-02  2.142873369521854e-01  2.261509133482073e-01  1.260482318753997e-09  -1.147843283255252e-08  2.337117827803452e-08
  7.150000000000005e-01  5.737376329382533e-02  1.599078753814601e-01  -1.925735644858724e-02  1.330430477344729e-01  -5.084488980468213e-02  5.883875498717849e-01  -4.414785281278513e-09  -2.634824521975893e-09  2.411070123678705e-08
  7.200000000000005e-01  -5.428433226958633e-04  -9.177925300239580e-01  1.013066855591914e+00  5.421819984154055e-01  -1.276620931718529e-01  6.524934228981875e-01  -2.193459612104958e-08  3.588990888008915e-08  -2.653189160710951e-08
  7.250000000000005e-01  4.671506006234442e-01  -1.039239059664646e+00  3.421583587872118e+00  6.760100161103650e-01  -2.757265059845298e-01  2.791364444901215e-01  -1.892241963716046e-08  4.496678775306849e-08  -1.188363824822836e-07
  7.300000000000005e-01  1.117884766854989e+00  7.725965728407633e-02  3.967984940354702e+00  -5.100888613603148e-01  -8.798967546689141e-01  -6.210179595763845e-01  7.614899711431623e-08  1.202601648968481e-08  -1.326897950012033e-07
  7.350000000000005e-01  3.412523997827441e-02  -2.696463131078116e+00  -3.242223719318505e+00  -2.888457841038019e+00  -2.530366872316253e+00  -8.816293384049039e-01  2.783851373284931e-07  1.287069163048062e-07  1.262239212811025e-07
  7.400000000000005e-01  -3.961173002324058e+00  -1.161073100186452e+01  -1.520182486424872e+01  -4.964945156793308e+00  -7.016928969516008e+00  4.894344031226248e-01  3.899916751612104e-07  3.896998738813041e-07  6.119295754217535e-07
  7.450000000000006e-01  -4.918546463378624e+00  -1.552263957008772e+01  -2.324838561163373e+01  -4.814201424201817e+00  -1.254070507572393e+01  3.732010866476445e+00  4.772793972476270e-07  5.780148233253475e-07  1.365026054235540e-06
  7.500000000000006e-01  5.454678185087523e-01  -8.124096913570471e-01  -1.081622070110108e+01  -7.724586712225577e-01  -1.508779555973301e+01  4.379831152162500e+00  2.260391535766111e-07  1.071187416326053e-07  1.578672121170732e-06
  7.550000000000006e-01  1.117849515689496e+01  3.165556162073215e+01  1.645909591863315e+01  4.445865615745152e+00  -9.549480762974556e+00  -4.532243273889094e-01  -2.267926443704951e-07  -9.784231511269828e-07  7.077505261799136e-07
  7.600000000000006e-01  1.853086360365717e+01  6.342829013719247e+01  4.121174437858855e+01  8.680303278645072e+00  9.584409631818959e+00  -1.103055172724251e+01  -9.428269017845853e-07  -2.106127390816896e-06  -1.293387693999910e-06
  7.650000000000006e-01  1.500379907308032e+01  6.315013932193833e+01  3.409122441124671e+01  6.807384266953818e+00  3.638007425150125e+01  -2.111459037674427e+01  -1.597843200670005e-06  -2.188842935100914e-06  -3.649354172317299e-06
  7.700000000000006e-01  -1.544865930984331e+00  1.796137633521185e+01  -2.062183502335930e+01  -3.472905174216111e-02  6.058656205634575e+01  -2.367228188303828e+01  -1.850720949104451e-06  -8.071812713454036e-07  -5.494529520609343e-06
  7.750000000000006e-01  -2.168193346843888e+01  -5.077497862897527e+01  -9.705707742550079e+01  -2.854398810453983e+00  8.218053901022718e+01  -1.299121135190491e+01  -1.265804759318589e-06  1.470427287513111e-06  -5.842511604350072e-06
  7.800000000000006e-01  -3.602178141889883e+01  -1.050808013529454e+02  -1.609926553352925e+02  -6.456878974411509e+00  8.190189249857198e+01  8.541199409431764e+00  -2.926847511006806e-08  2.900728842618076e-06  -5.563057743680233e-06
  7.850000000000006e-01  -1.943730247330234e+01  -9.198360833171760e+01  -1.449235387613669e+02  -1.043241902310899e+01  5.377901773035934e+01  3.402737735772572e+01  1.741850558074685e-06  2.172929176534492e-06  -3.378356722687121e-06
  7.900000000000006e-01  2.577482763464753e+01  -7.627191406750809e+00  -3.894984911278132e+01  -1.695151850591769e+01  -5.683695088175075e+00  3.996656063776715e+01  2.938203750064323e-06  -7.013966008768401e-07  1.103921806133947e-06
  7.950000000000006e-01  6.512685844796967e+01  9.512443600317739e+01  1.219178091570857e+02  -2.834493033956961e+01  -9.398978302986737e+01  7.100994666238930e+00  2.557044152253925e-06  -3.641688437219011e-06  7.302101849783240e-06
  8.000000000000006e-01  7.872309936762566e+01  1.400139587939603e+02  3.044291092972276e+02  -3.379053407154085e+01  -2.070102912476153e+02  -5.782824518972733e+01  1.947466988216280e-06  -4.106813667652847e-06  1.747897503691952e-05
  8.050000000000006e-01  3.240462934252237e+01  6.509791195364384e+01  4.474774359004853e+02  -2.761643570790285e+01  -2.940582626796208e+02  -1.192751215099813e+02  2.163139586939476e-06  8.401726724571576e-07  2.884086600756497e-05
  8.100000000000006e-01  -7.872912914601898e+01  -1.351610119082293e+02  4.358544746594948e+02  -2.772812946038064e+01  -3.485616801744938e+02  -1.407518151133655e+02  3.010547811467916e-06  7.901470570338365e-06  3.315129072627490e-05
  8.150000000000006e-01  -2.030573302175228e+02  -3.408655496602238e+02  2.987867209232965e+02  5.423610236044504e+00  -2.665614738814448e+02  -8.524241481188393e+01  5.778137778719561e-06  1.756659798597090e-05  3.066505815777894e-05
  8.200000000000006e-01  -2.885709785255430e+02  -4.225384314611539e+02  -4.590637485963616e+00  5.502797760477727e+01  -8.200059087041755e+01  2.705783703153037e+01  6.821440433561798e-06  2.110772100007719e-05  1.402573187824221e-05
  8.250000000000006e-01  -2.691530657992908e+02  -2.652098934698059e+02  -3.937170394872205e+02  1.225712934074713e+02  1.606691996488591e+02  1.453087824139513e+02  2.988091660524742e-06  1.256801349537459e-05  -1.495557838001479e-05
  8.300000000000006e-01  -6.351213586614031e+01  2.011445829654556e+02  -6.434797389880046e+02  2.343776826303536e+02  4.103599508858294e+02  2.199978620389366e+02  -4.139868771007485e-06  -5.709520115764935e-06  -4.275130030686159e-05
  8.350000000000006e-01  2.526652926017386e+02  8.209453548199494e+02  -7.329513055085706e+02  3.068616472564761e+02  5.756437838093073e+02  2.093894084768470e+02  -1.728023088684490e-05  -3.440023971466750e-05  -6.933616926807657e-05
  8.400000000000006e-01  6.327278594037090e+02  1.388335327078216e+03  -5.479572524359261e+02  3.159875693398728e+02  6.007204856615512e+02  1.078791217246165e+02  -3.077407760398267e-05  -6.254337123179544e-05  -8.089078406953818e-05
  8.450000000000006e-01  9.369459917723334e+02  1.668860771462972e+03  -1.252425553828421e+02  2.531343981899949e+02  5.459621742938133e+02  -2.939399099977234e+01  -3.473583578586030e-05  -7.064057263029033e-05  -7.111905612254881e-05
  8.500000000000006e-01  9.881759226940768e+02  1.321744911077711e+03  2.893337877876163e+02  2.016211575778157e+01  3.215335810418700e+02  -1.929683926918605e+02  -3.375240011429803e-05  -6.392654410833191e-05  -4.788709866233990e-05
  8.550000000000006e-01  6.928928022693556e+02  3.388569052642802e+02  5.669590410225032e+02  -3.097686467626241e+02  6.158819674190765e+01  -3.014959325362933e+02  -1.994970202139780e-05  -2.908819572570484e-05  -1.264461040285407e-05
  8.600000000000007e-01  4.307796847860057e+01  -1.120053245895816e+03  6.003643335440792e+02  -6.658241674710882e+02  -1.647833722858209e+02  -3.138909219719326e+02  5.781105021174127e-06  3.009449315556195e-05  2.726140072293844e-05
  8.650000000000007e-01  -9.180826818537880e+02  -2.821859822462579e+03  3.224235185688141e+02  -1.040223062629880e+03  -3.838101892634551e+02  -2.397292880338473e+02  3.165459376535242e-05  8.995509486646958e-05  5.804603307144762e-05
  8.700000000000007e-01  -1.793550138615222e+03  -4.037236903006547e+03  5.417476954517605e+01  -1.194689400897597e+03  -5.128279902425681e+02  -6.937675615197838e+01  6.200367337699381e-05  1.488432122405039e-04  8.962971957289344e-05
  8.750000000000007e-01  -2.362562968496951e+03  -4.384765281023029e+03  -6.959452220228830e+01  -1.117505696302516e+03  -5.921198325690538e+02  1.496704101495651e+02  8.436119677803258e-05  1.807312879477913e-04  1.134842060497976e-04
  8.800000000000007e-01  -2.452651219730826e+03  -3.714473991247447e+03  6.794270038676342e+00  -8.640233480189468e+02  -7.506905974313548e+02  3.369880971502504e+02  8.287848269009430e-05  1.587774162634723e-04  1.203462163805537e-04
  8.850000000000007e-01  -1.810261302615907e+03  -1.742960565300011e+03  4.987986332094503e+02  -2.805905810078083e+02  -7.512961663667717e+02  5.302985542126627e+02  7.330947228887690e-05  1.073406820492581e-04  1.218378443258665e-04
  8.900000000000007e-01  -6.145965179972125e+02  9.984682815897847e+02  1.122874189620308e+03  4.435324329246301e+02  -6.830001760364119e+02  6.673635035012775e+02  4.460476634395889e-05  1.781112006098486e-05  1.036881318912150e-04
  8.950000000000007e-01  8.758549838590376e+02  3.905370770191665e+03  1.566967117470151e+03  1.187890027698059e+03  -4.991768379662843e+02  7.363474709308790e+02  1.837252783380438e-07  -9.260494741408388e-05  6.012400850773946e-05
  9.000000000000007e-01  2.479321669804979e+03  6.569804479555542e+03  1.656108045965373e+03  1.965552098745022e+03  -6.641249276932972e+00  7.791302114450475e+02  -4.334369514715779e-05  -1.859630282401829e-04  2.270604923458795e-06
  9.050000000000007e-01  3.543785106426029e+03  7.907388733587560e+03  8.645702611776501e+02  2.419832503087451e+03  5.977282746131935e+02  7.290996034790491e+02  -9.159309766691279e-05  -2.622243981208181e-04  -8.985788434280285e-05
  9.100000000000007e-01  3.877534146749952e+03  7.678994041918860e+03  -8.113572533134716e+02  2.537073487542663e+03  1.324948980848566e+03  5.918608001954490e+02  -1.313959740115265e-04  -2.953539123565657e-04  -1.994113393522427e-04
  9.150000000000007e-01  3.637027087939788e+03  6.207033515348766e+03  -2.854153325248238e+03  2.468437061765308e+03  2.327369739609573e+03  4.536895325265314e+02  -1.357542322382997e-04  -2.510209336413430e-04  -2.853753042943195e-04
  9.200000000000007e-01  2.321311498249313e+03  2.950634784782068e+03  -5.509679556473980e+03  1.810420277389679e+03  2.874484827046199e+03  8.666509187081255e+01  -1.405495927505201e-04  -1.848447605102723e-04  -3.763366674554502e-04
  9.250000000000007e-01  4.897453663437123e+02  -1.052592116948215e+03  -7.815220685610175e+03  8.513262713187244e+02  3.010190591541338e+03  -4.308468527376164e+02  -1.261016276751196e-04  -8.409727789196349e-05  -4.234491801627282e-04
  9.300000000000007e-01  -1.400492508654204e+03  -4.921322886779814e+03  -9.000597175246037e+03  -2.577455058712499e+02  2.527328974105345e+03  -1.098225713928911e+03  -9.529023332297217e-05  2.873346433338450e-05  -4.023369738844312e-04
  9.350000000000007e-01  -2.805656257584336e+03  -7.747358252880951e+03  -8.257922286496016e+03  -1.354911940819021e+03  1.236537042232108e+03  -1.884979170237983e+03  -5.116734880290847e-05  1.267518026690759e-04  -2.943737907123001e-04
  9.400000000000007e-01  -3.291067753988646e+03  -8.519171703599170e+03  -5.238746001766983e+03  -2.241427681817749e+03  -1.098131184104690e+03  -2.842868375661703e+03  -1.830020777658596e-05  1.628858714210485e-04  -9.955378537826776e-05
  9.450000000000007e-01  -2.203443576249319e+03  -6.188232746305383e+03  6.369991138949870e+02  -2.611644392059971e+03  -4.401833627344952e+03  -3.871067791214973e+03  3.359362547666283e-06  1.165261301828918e-04  1.934984840573758e-04
  9.500000000000007e-01  5.212051300614315e+02  -4.375525002494801e+02  9.068980482124545e+03  -2.463916533448647e+03  -8.968893825241788e+03  -5.072590932935096e+03  -1.735800899381450e-05  -6.553907898096541e-05  5.429034116046015e-04
  9.550000000000007e-01  5.723313817144782e+03  1.012714688146469e+04  2.051509610630874e+04  -1.196687542449570e+03  -1.415436082536032e+04  -6.202206743528996e+03  -6.139789602451664e-05  -3.672160639235707e-04  9.868819927043042e-04
  9.600000000000007e-01  1.328543544530968e+04  2.550571882710604e+04  3.429577889220262e+04  1.185947734546929e+03  -2.005459065657317e+04  -7.354957669296416e+03  -1.529535151830271e-04  -8.227651391313874e-04  1.478352287549107e-03
  9.650000000000007e-01  2.315019648711701e+04  4.578169838551292e+04  4.980950413552012e+04  4.775173768815301e+03  -2.655638365028979e+04  -8.577788617106327e+03  -3.038237140719768e-04  -1.443939282323289e-03  1.989644833526029e-03
  9.700000000000008e-01  3.473959255185000e+04  7.041548994754572e+04  6.582728135507122e+04  9.376209819197229e+03  -3.396885106783812e+04  -1.013325910430555e+04  -5.504695401176321e-04  -2.268412093941232e-03  2.455474459565223e-03
  9.750000000000008e-01  4.874004959345563e+04  1.001263287330400e+05  8.299152098784865e+04  1.547275654155111e+04  -4.137652205200946e+04  -1.171502135127273e+04  -8.394063810983307e-04  -3.223210831588406e-03  2.943593070919400e-03
  9.800000000000008e-01  6.440029273535052e+04  1.339402881844740e+05  1.002382831464312e+05  2.268632656821066e+04  -4.925315500657339e+04  -1.363408998245600e+04  -1.202079630011133e-03  -4.336066183379305e-03  3.399497483568615e-03
  9.850000000000008e-01  8.132057819003719e+04  1.712074371479649e+05  1.170982704181298e+05  3.079642297585625e+04  -5.786473930187509e+04  -1.603626691387058e+04  -1.648191905379951e-03  -5.611187140068712e-03  3.811775765828903e-03
  9.900000000000008e-01  9.969967050776411e+04  2.117758859418060e+05  1.342834892701212e+05  3.980820441770284e+04  -6.692582356253279e+04  -1.882401286637236e+04  -2.134718884547294e-03  -6.985500015023854e-03  4.233485387534905e-03
  9.950000000000008e-01  1.191005687048599e+05  2.548325295989409e+05  1.517814939499709e+05  4.932637347516606e+04  -7.693798069662406e+04  -2.216674156004891e+04  -2.670524253708706e-03  -8.467762414945205e-03  4.661790963656357e-03
  1.000000000000001e+00  1.394130818874304e+05  2.999029189133073e+05  1.702060472286200e+05  5.908368037718683e+04  -8.812642099838502e+04  -2.610556723959833e+04  -3.240563978256810e-03  -1.003875838970979e-02  5.124846102566424e-03
  1.005000000000001e+00  1.608479296312108e+05  3.468512117787552e+05  1.906678604429533e+05  6.897768729088883e+04  -1.004441908668025e+05  -3.051251376887470e+04  -3.815221131230900e-03  -1.166348591706759e-02  5.681816658780658e-03
  1.010000000000000e+00  1.828628535156164e+05  3.947371998923238e+05  2.133755397700146e+05  7.843906143114518e+04  -1.144941482773626e+05  -3.561127538260126e+04  -4.396508636675430e-03  -1.334040590266743e-02  6.322888594402402e-03
  1.015000000000000e+00  2.055450846157834e+05  4.433206106485488e+05  2.391988307803031e+05  8.734773474112058e+04  -1.302611577841215e+05  -4.126894280100548e+04  -4.962667103450388e-03  -1.504074243370616e-02  7.096974184493245e-03
  1.020000000000000e+00  2.291438068508526e+05  4.926055053683234e+05  2.691603210150436e+05  9.574517110438694e+04  -1.474852105230557e+05  -4.723438859134956e+04  -5.476324538507329e-03  -1.671678138443598e-02  8.066339630683537e-03
  1.025000000000000e+00  2.528596286406215e+05  5.416592092856576e+05  3.026562511712303e+05  1.031146483734015e+05  -1.668574443957094e+05  -5.377105804373077e+04  -5.972981818497794e-03  -1.841010963676498e-02  9.173765763268676e-03
  1.030000000000000e+00  2.770035885715021e+05  5.908503740319572e+05  3.403954953939789e+05  1.096368772071848e+05  -1.880085892133164e+05  -6.058697855468078e+04  -6.424868385841409e-03  -2.009130181423955e-02  1.046037203194956e-02
  1.035000000000000e+00  3.015982590296204e+05  6.404174133898591e+05  3.824005777200273e+05  1.153657847754690e+05  -2.108485704639357e+05  -6.760936186007647e+04  -6.833033230518728e-03  -2.176625836023344e-02  1.192071819035489e-02
  1.040000000000000e+00  3.269174379712492e+05  6.910049039189545e+05  4.289235733723387e+05  1.205958630754638e+05  -2.349393211852279e+05  -7.473419500400979e+04  -7.186905707479515e-03  -2.342053086537053e-02  1.357323160704759e-02
  1.045000000000000e+00  3.524762184783117e+05  7.423975904002750e+05  4.785926307753217e+05  1.251991849635553e+05  -2.607837866426653e+05  -8.220414412287026e+04  -7.540991020985424e-03  -2.512578129686916e-02  1.533371034288361e-02
  1.050000000000000e+00  3.786155806905591e+05  7.953135830600944e+05  5.312626651083833e+05  1.296758992167390e+05  -2.878056677904974e+05  -8.989225003167009e+04  -7.886060792276583e-03  -2.686574071474328e-02  1.721525039837439e-02
  1.054999999999999e+00  4.053888951550787e+05  8.502957079908509e+05  5.861590523065758e+05  1.344011193996326e+05  -3.155007097908940e+05  -9.767907161781155e+04  -8.226500628732614e-03  -2.863865543908613e-02  1.918953920791092e-02
  1.059999999999999e+00  4.327453013920987e+05  9.074586731897014e+05  6.416723823546141e+05  1.396766693081676e+05  -3.438550114099205e+05  -1.055228023250180e+05  -8.599558246024035e-03  -3.050294101854292e-02  2.118253451601689e-02
  1.064999999999999e+00  4.609713153130089e+05  9.678034117145211e+05  6.966498707417594e+05  1.460667433491694e+05  -3.720754574763080e+05  -1.131671246677250e+05  -9.008434554204772e-03  -3.246311863720928e-02  2.314442652306368e-02
  1.069999999999999e+00  4.903462120818166e+05  1.032357354161631e+06  7.495610334596491e+05  1.540945026019450e+05  -3.996048816557605e+05  -1.204593613199806e+05  -9.478468727686089e-03  -3.456115154447155e-02  2.499611460480798e-02
  1.074999999999999e+00  5.211116133683091e+05  1.102225583599894e+06  7.986943168351700e+05  1.641412166233005e+05  -4.261213115092483e+05  -1.274225592947243e+05  -1.005923676569609e-02  -3.687114232848986e-02  2.663822661814023e-02
  1.079999999999999e+00  5.542205738952084e+05  1.179084459051759e+06  8.434873042848683e+05  1.771340382695018e+05  -4.509218042981343e+05  -1.338681926965966e+05  -1.075412363194671e-02  -3.941647415655165e-02  2.804176458636473e-02
  1.084999999999999e+00  5.901226071596784e+05  1.264106034587551e+06  8.828164392217213e+05  1.934195924659577e+05  -4.738503716382585e+05  -1.399402185499961e+05  -1.161101769355929e-02  -4.226728710697915e-02  2.913218288955497e-02
  1.089999999999999e+00  6.292719612239617e+05  1.358135820389073e+06  9.158084754628571e+05  2.132962527541225e+05  -4.949574229495644e+05  -1.458167438942512e+05  -1.267197693882151e-02  -4.547969219796786e-02  2.985720441183012e-02
  1.094999999999999e+00  6.722342086943639e+05  1.461766924127020e+06  9.422040565347098e+05  2.372689265933596e+05  -5.136756190005898e+05  -1.513830581572379e+05  -1.392429285805436e-02  -4.903950862299870e-02  3.021141561247725e-02
  1.099999999999999e+00  7.188669216554104e+05  1.574624794394979e+06  9.609479524718813e+05  2.653085230778265e+05  -5.301565401040008e+05  -1.567865712273891e+05  -1.539566080780140e-02  -5.296613072652134e-02  3.015289744458175e-02
  1.104999999999998e+00  7.688778965908854e+05  1.696075299636043e+06  9.711102666738968e+05  2.974726656508752e+05  -5.442785417347483e+05  -1.620207953539718e+05  -1.708577152226551e-02  -5.723737931913028e-02  2.965886841918253e-02
  1.109999999999998e+00  8.218245337078302e+05  1.825554082080266e+06  9.717975977575431e+05  3.339233101213229e+05  -5.557970764346386e+05  -1.670081672045313e+05  -1.897946039787386e-02  -6.180356638189733e-02  2.871593641589983e-02
  1.114999999999998e+00  8.771338413025045e+05  1.962067038861819e+06  9.622866141143189e+05  3.744549007774708e+05  -5.647865149086292e+05  -1.717564914616509e+05  -2.108418006803813e-02  -6.667177825324899e-02  2.730438476906620e-02
  1.119999999999998e+00  9.345366637273781e+05  2.105725306973552e+06  9.422891636412219e+05  4.192746009356401e+05  -5.711678290156136e+05  -1.762186917240948e+05  -2.338671588984307e-02  -7.181015688732961e-02  2.542676616527851e-02
  1.124999999999998e+00  9.938980382095022e+05  2.256858757817375e+06  9.119537414090268e+05  4.684692731687353e+05  -5.749925901155791e+05  -1.803722720294886e+05  -2.588584613400858e-02  -7.722537009774920e-02  2.308772947689192e-02
  1.129999999999998e+00  1.055634335887436e+06  2.416467109102988e+06  8.719539195849209e+05  5.221869380213437e+05  -5.765566037181468e+05  -1.843248023736767e+05  -2.858869229705601e-02  -8.294566014332078e-02  2.030719486713467e-02
  1.134999999999998e+00  1.120252351775298e+06  2.585811395244590e+06  8.232393976648477e+05  5.806387567759268e+05  -5.759246225004258e+05  -1.880736748210124e+05  -3.149628697342133e-02  -8.899466768786607e-02  1.710681287383837e-02
  1.139999999999998e+00  1.188303919700160e+06  2.765933430634765e+06  7.667307060404310e+05  6.439220159170592e+05  -5.732438424071933e+05  -1.916614137077803e+05  -3.461821544328279e-02  -9.540767072483987e-02  1.350215500308629e-02
  1.144999999999998e+00  1.259632899753941e+06  2.956607513836024e+06  7.025123333776268e+05  7.116610756939505e+05  -5.690617017933164e+05  -1.952748118040680e+05  -3.799936749053282e-02  -1.022599434051853e-01  9.455946706463570e-03
  1.149999999999997e+00  1.335456342254010e+06  3.159480437890850e+06  6.319105721248253e+05  7.845130406652021e+05  -5.624014132230155e+05  -1.986298217374478e+05  -4.157594730920212e-02  -1.094611040031524e-01  5.045951329509940e-03
  1.154999999999997e+00  1.415015552539317e+06  3.373015377556247e+06  5.542147158417648e+05  8.618782348260402e+05  -5.534595652728198e+05  -2.018276936470463e+05  -4.537735288369563e-02  -1.170417738116140e-01  2.207967131627687e-04
  1.159999999999997e+00  1.497166911692525e+06  3.595208162805198e+06  4.681931244932678e+05  9.431006821809738e+05  -5.424006046501967e+05  -2.050374502874391e+05  -4.942816869213560e-02  -1.250052140882400e-01  -5.077906915308166e-03
  1.164999999999997e+00  1.582035758577721e+06  3.825454892534544e+06  3.741421943315513e+05  1.028307313682936e+06  -5.279009253896746e+05  -2.078473832600321e+05  -5.363320817170132e-02  -1.331981286713489e-01  -1.078076053434951e-02
  1.169999999999997e+00  1.667777001449105e+06  4.060578062093501e+06  2.704025224478703e+05  1.116463889596984e+06  -5.102653010325879e+05  -2.104985755592068e+05  -5.801011797911123e-02  -1.416033817335692e-01  -1.694759401198687e-02
  1.174999999999997e+00  1.753096232848979e+06  4.298136672203127e+06  1.561535000991770e+05  1.206852846160705e+06  -4.893560508049409e+05  -2.130557796771579e+05  -6.252937009003233e-02  -1.501426380684414e-01  -2.357675257038463e-02
  1.179999999999997e+00  1.837232283667840e+06  4.536541789864412e+06  3.149581041954928e+04  1.299086709425356e+06  -4.647799559417639e+05  -2.154560290444139e+05  -6.713688319270157e-02  -1.587076092979262e-01  -3.060801014495444e-02
  1.184999999999997e+00  1.918619739775621e+06  4.772670233977075e+06  -1.041511905177548e+05  1.391948819319571e+06  -4.371639276136491e+05  -2.179464004145318e+05  -7.182294437871056e-02  -1.672655159787199e-01  -3.805972282570331e-02
  1.189999999999997e+00  1.996708415072181e+06  5.005270169837091e+06  -2.499632567448365e+05  1.484979417612667e+06  -4.066287384554067e+05  -2.205492714526948e+05  -7.654774177347183e-02  -1.757426105221100e-01  -4.586041570614040e-02
  1.194999999999997e+00  2.072057204097538e+06  5.234354959848545e+06  -4.035932687342890e+05  1.578232734300551e+06  -3.726259693975345e+05  -2.228897141641247e+05  -8.122186133733059e-02  -1.840190737702716e-01  -5.385734330935294e-02
  1.199999999999996e+00  2.142849585027493e+06  5.457037690517816e+06  -5.659082514765754e+05  1.670224511571980e+06  -3.370755134044915e+05  -2.256338571221136e+05  -8.592135072038247e-02  -1.921974230163354e-01  -6.215063866542429e-02
  1.204999999999996e+00  2.210108482701944e+06  5.674230048963012e+06  -7.343089400646279e+05  1.761259595848907e+06  -2.995016353569541e+05  -2.283481506592952e+05  -9.057153817005942e-02  -2.001950841396576e-01  -7.059929041167227e-02
  1.209999999999996e+00  2.274251092095658e+06  5.886209050203510e+06  -9.073203416405474e+05  1.851289773405286e+06  -2.600377853896614e+05  -2.308696508085787e+05  -9.515309333857698e-02  -2.080070704718751e-01  -7.915186122700768e-02
  1.214999999999996e+00  2.336251322150819e+06  6.094068384701545e+06  -1.082911425959402e+06  1.940662734336002e+06  -2.180569163658702e+05  -2.327783355079509e+05  -9.961781041937529e-02  -2.155883777439100e-01  -8.771996005756776e-02
  1.219999999999996e+00  2.395335516976053e+06  6.297258371960092e+06  -1.262421231333785e+06  2.028914808952138e+06  -1.749192106581973e+05  -2.345113127533917e+05  -1.040604322381667e-01  -2.230862833641040e-01  -9.643560611435892e-02
  1.224999999999996e+00  2.452693017116404e+06  6.497600163187914e+06  -1.444619244854038e+06  2.116820631008772e+06  -1.295375369429554e+05  -2.355974015959788e+05  -1.084409172417035e-01  -2.304607160135085e-01  -1.052404629441823e-01
  1.229999999999996e+00  2.508452630405812e+06  6.695902295055646e+06  -1.630060254773582e+06  2.204714509853255e+06  -8.145115112208540e+04  -2.360051604741218e+05  -1.127814112655997e-01  -2.377382126363507e-01  -1.141792858862424e-01
  1.234999999999996e+00  2.562964243179876e+06  6.893199757313685e+06  -1.819927632305566e+06  2.293158791338163e+06  -3.066516728054343e+04  -2.356968462997396e+05  -1.171273909604480e-01  -2.449947281035059e-01  -1.233250726571181e-01
  1.239999999999996e+00  2.616481094168599e+06  7.090548862946456e+06  -2.015325379776864e+06  2.382753787042707e+06  2.358566494699305e+04  -2.346237157213084e+05  -1.214971819499376e-01  -2.522414007298877e-01  -1.327265477570888e-01
  1.244999999999995e+00  2.669091588891202e+06  7.288745341502847e+06  -2.217812025277562e+06  2.474010584353727e+06  8.167584568666370e+04  -2.328513896161372e+05  -1.259275631347594e-01  -2.595195430413196e-01  -1.424571662102517e-01
  1.249999999999995e+00  2.720113845292767e+06  7.487736529806517e+06  -2.429897401718807e+06  2.566971144669082e+06  1.433857988391495e+05  -2.307916951442908e+05  -1.304954137560620e-01  -2.669171070407868e-01  -1.526478342689227e-01
  1.254999999999995e+00  2.771151081638885e+06  7.689544576938362e+06  -2.651001485354347e+06  2.662777669072259e+06  2.098549396187586e+05  -2.279757098479434e+05  -1.351486873975056e-01  -2.743754770422000e-01  -1.632365422865912e-01
  1.259999999999995e+00  2.821624650066258e+06  7.893847947038003e+06  -2.882935258247448e+06  2.761267821943922e+06  2.807272282412969e+05  -2.248367308003694e+05  -1.399446269856839e-01  -2.819578062069777e-01  -1.743166812593386e-01
  1.264999999999995e+00  2.870881150829223e+06  8.099966417128707e+06  -3.127307170227398e+06  2.862097339282436e+06  3.553127845974109e+05  -2.218257038215590e+05  -1.449444533603267e-01  -2.897372604218861e-01  -1.859724114091757e-01
  1.269999999999995e+00  2.920503594271601e+06  8.309228762212041e+06  -3.382014112382617e+06  2.965968947226242e+06  4.346142780508202e+05  -2.185013474397004e+05  -1.500446488214053e-01  -2.975817900471624e-01  -1.980613308289768e-01
  1.274999999999995e+00  2.969666988882168e+06  8.520285774255201e+06  -3.647656316163883e+06  3.072150628710167e+06  5.176780578981494e+05  -2.152955534484995e+05  -1.552856181464781e-01  -3.055374823496539e-01  -2.106253410523917e-01
  1.279999999999995e+00  3.018261622054952e+06  8.732322860603869e+06  -3.923270971591887e+06  3.180162319501800e+06  6.040419214108916e+05  -2.123053813495041e+05  -1.606457099220557e-01  -3.135745086302904e-01  -2.236178859653678e-01
  1.284999999999995e+00  3.065809180445842e+06  8.943885760384768e+06  -4.207960455295343e+06  3.289248575918827e+06  6.927554559195128e+05  -2.097350066286742e+05  -1.661240751538509e-01  -3.216934452060949e-01  -2.370050828528225e-01
  1.289999999999994e+00  3.112801640956658e+06  9.154724668356966e+06  -4.498631073142943e+06  3.399017111935705e+06  7.840148079111419e+05  -2.074534181673446e+05  -1.716190615362255e-01  -3.297516557825588e-01  -2.506259447713608e-01
  1.294999999999994e+00  3.158389958502448e+06  9.362755976701511e+06  -4.793783338715062e+06  3.508354369208579e+06  8.765476382361366e+05  -2.057856598983962e+05  -1.771292936196361e-01  -3.377433484108239e-01  -2.644230586173889e-01
  1.299999999999994e+00  3.202145486150715e+06  9.566140509625707e+06  -5.090797475815088e+06  3.616407067100705e+06  9.694231114465297e+05  -2.048789358716535e+05  -1.826114256707962e-01  -3.456079387255675e-01  -2.782698652101265e-01
  1.304999999999994e+00  3.243482724093905e+06  9.763342273626428e+06  -5.387040743363849e+06  3.722040881030108e+06  1.062052268345375e+06  -2.049264474028781e+05  -1.880008440527130e-01  -3.532395931630136e-01  -2.920374149576005e-01
  1.309999999999994e+00  3.281594211227874e+06  9.951971120137317e+06  -5.679933766129926e+06  3.824176454448809e+06  1.153376604837773e+06  -2.060791101673678e+05  -1.932550212330582e-01  -3.605763151612938e-01  -3.055973208809991e-01
  1.314999999999994e+00  3.315699624401964e+06  1.012994083204809e+07  -5.966926610293970e+06  3.921754860153108e+06  1.242649374580003e+06  -2.084139758962609e+05  -1.983151445836063e-01  -3.675310048923237e-01  -3.188185711226190e-01
  1.319999999999994e+00  3.345224523970731e+06  1.029548133825648e+07  -6.245184075549470e+06  4.014001524853955e+06  1.329512007567084e+06  -2.118327253139183e+05  -2.031012515650627e-01  -3.739967256707792e-01  -3.315519077326467e-01
  1.324999999999994e+00  3.368913675604238e+06  1.044658451768202e+07  -6.513601584783070e+06  4.099538662685213e+06  1.412973796416870e+06  -2.165906744024406e+05  -2.076048672768923e-01  -3.799504619272379e-01  -3.437493434370195e-01
  1.329999999999994e+00  3.386388920150533e+06  1.058217289790614e+07  -6.769785803576946e+06  4.177835917156385e+06  1.492844046076462e+06  -2.225464399490383e+05  -2.117604376332995e-01  -3.853159194590125e-01  -3.552918349729036e-01
  1.334999999999994e+00  3.397405357451069e+06  1.070160064044393e+07  -7.011539874120086e+06  4.248406624730874e+06  1.569068950691445e+06  -2.296016157644689e+05  -2.155158857112375e-01  -3.900417758188002e-01  -3.660758526823369e-01
  1.339999999999993e+00  3.401448511978730e+06  1.080431598855390e+07  -7.238146079844343e+06  4.310500884517937e+06  1.640830428306905e+06  -2.379201527366480e+05  -2.188833119613455e-01  -3.941491926629755e-01  -3.760912891778945e-01
  1.344999999999993e+00  3.398763368666372e+06  1.089044406455444e+07  -7.447753313096552e+06  4.363948153056518e+06  1.708212524894393e+06  -2.473885052772553e+05  -2.218256879241293e-01  -3.976147351575883e-01  -3.852595817873436e-01
  1.349999999999993e+00  3.389499426515554e+06  1.096004723578686e+07  -7.639325365636948e+06  4.408500587488145e+06  1.771070009947085e+06  -2.579859324363984e+05  -2.243345031467222e-01  -4.004446825791519e-01  -3.935461948501595e-01
  1.354999999999993e+00  3.373904529745716e+06  1.101320341205895e+07  -7.812080783853004e+06  4.444046461800001e+06  1.829488525516243e+06  -2.696684449122255e+05  -2.264001285629051e-01  -4.026378800290360e-01  -4.009172689892034e-01
  1.359999999999993e+00  3.351956241267890e+06  1.104967404865025e+07  -7.966310971746435e+06  4.470403705865386e+06  1.883183425612468e+06  -2.823858212912464e+05  -2.280355734888517e-01  -4.042131229500804e-01  -4.074034775171708e-01
  1.364999999999993e+00  3.323756280433550e+06  1.106918361176655e+07  -8.102151661887779e+06  4.487591282767858e+06  1.932409075314135e+06  -2.960429523361422e+05  -2.292357413141380e-01  -4.051627663810987e-01  -4.129994290526018e-01
  1.369999999999993e+00  3.289467050876560e+06  1.107170978678724e+07  -8.220131002426137e+06  4.495832014899537e+06  1.977568458492714e+06  -3.105161163205111e+05  -2.299911921420620e-01  -4.054612849568835e-01  -4.177063449021161e-01
  1.374999999999993e+00  3.248714585207039e+06  1.105641904174701e+07  -8.321468265265939e+06  4.494959690084625e+06  2.018371962656639e+06  -3.257579033130417e+05  -2.303317361697174e-01  -4.051476687112825e-01  -4.215918818130841e-01
  1.379999999999993e+00  3.201676198097402e+06  1.102351871738912e+07  -8.406963153274298e+06  4.485337657038062e+06  2.055168195507996e+06  -3.416831386773274e+05  -2.302548487403269e-01  -4.042078288076477e-01  -4.246682241461839e-01
  1.384999999999992e+00  3.148540026983966e+06  1.097336307715822e+07  -8.477446358623307e+06  4.467309130158130e+06  2.088068227980374e+06  -3.582421503983138e+05  -2.297721409495670e-01  -4.026552300473595e-01  -4.269652488196001e-01
  1.389999999999992e+00  3.089942440487739e+06  1.090708559498221e+07  -8.533318937358355e+06  4.441515676167855e+06  2.117526985380514e+06  -3.753086970592266e+05  -2.288819708769231e-01  -4.004912473090129e-01  -4.284828693294304e-01
  1.394999999999992e+00  3.025847218631381e+06  1.082492656052374e+07  -8.575550868447596e+06  4.408043118760314e+06  2.142736974543865e+06  -3.930747060322137e+05  -2.276449075651157e-01  -3.978111930326486e-01  -4.293100115342808e-01
  1.399999999999992e+00  2.957290810556673e+06  1.072884351956314e+07  -8.604163655774914e+06  4.367758637693129e+06  2.164119520290009e+06  -4.114363727014344e+05  -2.260660104386888e-01  -3.946343180586960e-01  -4.294451122959010e-01
  1.404999999999992e+00  2.885124890327171e+06  1.062048703653371e+07  -8.619387238179764e+06  4.321376449797365e+06  2.181918005466362e+06  -4.303325220778671e+05  -2.241708631748326e-01  -3.910156863548099e-01  -4.289101425280865e-01
  1.409999999999992e+00  2.809986605668713e+06  1.050142595230361e+07  -8.621599388026327e+06  4.269435747874870e+06  2.195615228438647e+06  -4.498869431002085e+05  -2.220073997848072e-01  -3.870325614000031e-01  -4.277762730641169e-01
  1.414999999999992e+00  2.732847158134175e+06  1.037359649288511e+07  -8.611065445883472e+06  4.212777293082337e+06  2.205671956342434e+06  -4.699779962479047e+05  -2.195968440881706e-01  -3.827320172290915e-01  -4.260670082792151e-01
  1.419999999999992e+00  2.654371406582728e+06  1.023856381887899e+07  -8.588377993424663e+06  4.152060023428439e+06  2.212255876831912e+06  -4.905716649794985e+05  -2.169726817991137e-01  -3.781715903980815e-01  -4.238333195147924e-01
  1.424999999999992e+00  2.574570516553209e+06  1.009703804403921e+07  -8.554985422983924e+06  4.087626839207575e+06  2.215296834794304e+06  -5.117971430073684e+05  -2.141935677182129e-01  -3.734384326494708e-01  -4.211643060623760e-01
  1.429999999999992e+00  2.494632374348625e+06  9.951302317414634e+06  -8.510773740423497e+06  4.020435239720542e+06  2.215456218111810e+06  -5.333790131800675e+05  -2.112412741834150e-01  -3.685042066592187e-01  -4.180572298360422e-01
  1.434999999999991e+00  2.414303720602948e+06  9.801601897739176e+06  -8.457378620755877e+06  3.950687254513206e+06  2.212808784412393e+06  -5.554279373092861e+05  -2.081630733669746e-01  -3.634293194489278e-01  -4.145888313225692e-01
  1.439999999999991e+00  2.333019477960245e+06  9.647787737944674e+06  -8.396708097722469e+06  3.878413583206624e+06  2.207064140646728e+06  -5.781928585939152e+05  -2.050134267889568e-01  -3.582782464958013e-01  -4.108513153464211e-01
  1.444999999999991e+00  2.251760283472948e+06  9.491432353721781e+06  -8.328353797218028e+06  3.804337190188217e+06  2.199280610589933e+06  -6.012643817037699e+05  -2.017410199632361e-01  -3.529637756409044e-01  -4.067855823022914e-01
  1.449999999999991e+00  2.169738390398543e+06  9.331782463850759e+06  -8.253958720586156e+06  3.728239745364392e+06  2.189077384234837e+06  -6.249050759778622e+05  -1.983904209110977e-01  -3.475334103021122e-01  -4.024594755307334e-01
  1.454999999999991e+00  2.086723834727631e+06  9.168613204072317e+06  -8.174138893342908e+06  3.650090891988003e+06  2.176433087114331e+06  -6.491533556655365e+05  -1.949649461287641e-01  -3.419789500555959e-01  -3.978803215149307e-01
  1.459999999999991e+00  2.002471221466455e+06  9.001490584308291e+06  -8.089326163187101e+06  3.569770916307144e+06  2.160937270941010e+06  -6.741203029533438e+05  -1.914691887631378e-01  -3.363054349307154e-01  -3.930600003178636e-01
  1.464999999999991e+00  1.917149387870899e+06  8.830419634438317e+06  -7.998854846879557e+06  3.487229383979860e+06  2.143251016206960e+06  -6.995468883149906e+05  -1.878652558381588e-01  -3.304449770269000e-01  -3.879257313245514e-01
  1.469999999999991e+00  1.830459902282961e+06  8.654670780671719e+06  -7.902642465002269e+06  3.402144609018216e+06  2.122790758171730e+06  -7.255472714672309e+05  -1.841546116124022e-01  -3.244085583663514e-01  -3.824772381254740e-01
  1.474999999999991e+00  1.742690462684312e+06  8.474083623484356e+06  -7.799635588118378e+06  3.314425136266384e+06  2.099334198882679e+06  -7.520252979397445e+05  -1.803046128081718e-01  -3.181672491968804e-01  -3.766670046618608e-01
  1.479999999999990e+00  1.653446598886870e+06  8.287997572958189e+06  -7.689465733710900e+06  3.223611642261532e+06  2.073023781886591e+06  -7.789179574812140e+05  -1.763117132157939e-01  -3.117109641911565e-01  -3.704638268508634e-01
  1.484999999999990e+00  1.562952944979700e+06  8.096226077455690e+06  -7.571034805579625e+06  3.129576502547790e+06  2.043574286315220e+06  -8.061439420355912e+05  -1.721495640317645e-01  -3.050246362348800e-01  -3.638301150543498e-01
  1.489999999999990e+00  1.471297993685771e+06  7.898598520447107e+06  -7.443484935254585e+06  3.032174257483670e+06  2.010955315077790e+06  -8.335965306194901e+05  -1.677992214770096e-01  -2.980947892845082e-01  -3.567322711835001e-01
  1.494999999999990e+00  1.378972094265024e+06  7.695407763881479e+06  -7.305557135952209e+06  2.931547451651437e+06  1.975406561066748e+06  -8.610634603951699e+05  -1.632203299691197e-01  -2.908804179751903e-01  -3.491143391354677e-01
  1.499999999999990e+00  1.285175788849635e+06  7.485897260717918e+06  -7.158033378653766e+06  2.827249173836742e+06  1.936635428629833e+06  -8.886556980979003e+05  -1.584572463655413e-01  -2.834426150926221e-01  -3.410245008356471e-01
  1.504999999999990e+00  1.190391001605531e+06  7.270604801133878e+06  -7.000245603125958e+06  2.719606435972157e+06  1.894954180455013e+06  -9.161796710382175e+05  -1.534824319010396e-01  -2.757547680131923e-01  -3.324337064303988e-01
  1.509999999999990e+00  1.095007427836770e+06  7.050163852078157e+06  -6.831974631884500e+06  2.608992895698370e+06  1.850868667257561e+06  -9.434697258475339e+05  -1.482763706589576e-01  -2.677962643636161e-01  -3.233259846386252e-01
  1.514999999999990e+00  9.984429760477684e+05  6.824355241205920e+06  -6.654679334911662e+06  2.495307520165217e+06  1.804098873331722e+06  -9.706217037679048e+05  -1.429017789894449e-01  -2.596538970074948e-01  -3.137914425755631e-01
  1.519999999999990e+00  9.012487939556220e+05  6.594248337618443e+06  -6.468612894540216e+06  2.379145336578237e+06  1.755275269901444e+06  -9.974688889173841e+05  -1.373480371842932e-01  -2.513196537011740e-01  -3.038392923581518e-01
  1.524999999999989e+00  8.036745279682396e+05  6.360728082322319e+06  -6.274709393525542e+06  2.260961529868345e+06  1.704810584645912e+06  -1.023942642655903e+06  -1.316366684349347e-01  -2.428284452141275e-01  -2.935236220538336e-01
  1.529999999999989e+00  7.061439920976777e+05  6.125010700835650e+06  -6.073939398472450e+06  2.141316726678715e+06  1.653406579821792e+06  -1.049967360787901e+06  -1.257832045893778e-01  -2.342088319998250e-01  -2.828973256172596e-01
  1.534999999999989e+00  6.088023327573786e+05  5.887912632265439e+06  -5.867693814274529e+06  2.020633954732456e+06  1.601017445125340e+06  -1.075523841217913e+06  -1.198420401356810e-01  -2.255411729142483e-01  -2.720664610900001e-01
  1.539999999999989e+00  5.122887261427237e+05  5.650979006855713e+06  -5.656943360668307e+06  1.899607185241311e+06  1.548431368876069e+06  -1.100518676860938e+06  -1.138292562823456e-01  -2.168557652866636e-01  -2.610931332452702e-01
  1.544999999999989e+00  4.170916500989905e+05  5.415555825598319e+06  -5.442991178383195e+06  1.778832010806947e+06  1.496273111296177e+06  -1.124913926404931e+06  -1.077780273172434e-01  -2.082054569448907e-01  -2.500619102477813e-01
  1.549999999999989e+00  3.237306478356015e+05  5.182827632671555e+06  -5.226738742605442e+06  1.658910306953972e+06  1.444656542337687e+06  -1.148622750835711e+06  -1.017244275042359e-01  -1.996413808799711e-01  -2.390594354335858e-01
  1.554999999999989e+00  2.327368636988654e+05  4.954074016595733e+06  -5.009385879038697e+06  1.540451544796570e+06  1.394169322552569e+06  -1.171601734006328e+06  -9.569741762110986e-02  -1.912054192954130e-01  -2.281602583227372e-01
  1.559999999999989e+00  1.445617951493891e+05  4.730311728085269e+06  -4.792041079609822e+06  1.424001740735921e+06  1.345117301147055e+06  -1.193807796836680e+06  -8.972823373283424e-02  -1.829374859859108e-01  -2.174360637796355e-01
  1.564999999999989e+00  5.951574949276710e+04  4.512232188165481e+06  -4.576093787005416e+06  1.310007681708732e+06  1.297647658084730e+06  -1.215242077701000e+06  -8.385339659885879e-02  -1.748828811764205e-01  -2.069588001632178e-01
  1.569999999999989e+00  -2.196178934786574e+04  4.300676477987815e+06  -4.362025841032420e+06  1.198991997150747e+06  1.251952930254756e+06  -1.235820716361368e+06  -7.808211918788725e-02  -1.670405641218365e-01  -1.967573774696082e-01
  1.574999999999988e+00  -9.975248349741966e+04  4.095924279078489e+06  -4.151155565345107e+06  1.091273524761532e+06  1.208055193387964e+06  -1.255571376842309e+06  -7.244225244752485e-02  -1.594378146897266e-01  -1.868760654880803e-01
  1.579999999999988e+00  -1.738222460748462e+05  3.898028881738259e+06  -3.944708121275009e+06  9.870858711549907e+05  1.165735570024046e+06  -1.274552219990798e+06  -6.695718606991607e-02  -1.520968626992483e-01  -1.773498915861399e-01
  1.584999999999988e+00  -2.440604190705533e+05  3.707280877071016e+06  -3.743077981201731e+06  8.867250730771321e+05  1.125200319399180e+06  -1.292717803163690e+06  -6.162194047043004e-02  -1.449896882562263e-01  -1.681637897490649e-01
  1.589999999999988e+00  -3.106305076941130e+05  3.523419094211078e+06  -3.547334585317401e+06  7.902715746644397e+05  1.086167740433309e+06  -1.310158632909385e+06  -5.645115102457769e-02  -1.381272294011133e-01  -1.593296399352176e-01
  1.594999999999988e+00  -3.736935329596246e+05  3.346236846504339e+06  -3.358152531019633e+06  6.977813367444533e+05  1.048475392275402e+06  -1.326941136484687e+06  -5.144672528283058e-02  -1.315018308262934e-01  -1.508385001883001e-01
  1.599999999999988e+00  -4.334765018829068e+05  3.175422807455368e+06  -3.176129791156120e+06  6.091944195255323e+05  1.011750648353639e+06  -1.343199317265986e+06  -4.660998567090247e-02  -1.251135680280760e-01  -1.426872209865478e-01
  1.604999999999988e+00  -4.901582261854665e+05  3.010845273999016e+06  -3.001456043179895e+06  5.245645602052298e+05  9.762880872572102e+05  -1.358890773903231e+06  -4.192818351334046e-02  -1.189282184051955e-01  -1.348299886605096e-01
  1.609999999999988e+00  -5.440242351281638e+05  2.852128564110781e+06  -2.834465032872593e+06  4.437317660600214e+05  9.417459289173095e+05  -1.374144975600490e+06  -3.739914249953743e-02  -1.129457982917231e-01  -1.272570087515196e-01
  1.614999999999988e+00  -5.953316008036665e+05  2.698987419741833e+06  -2.675215007574640e+06  3.665028792117232e+05  9.078302918051780e+05  -1.389076798544107e+06  -3.301533670508734e-02  -1.071587596317989e-01  -1.199542650618031e-01
  1.619999999999987e+00  -6.442852091383917e+05  2.551204064045052e+06  -2.523694679599957e+06  2.928444534819762e+05  8.748861858558735e+05  -1.403601101354539e+06  -2.876531737334938e-02  -1.015413220932428e-01  -1.128729851313744e-01
  1.624999999999987e+00  -6.911374178186747e+05  2.408474455852299e+06  -2.379775144787700e+06  2.225214930104301e+05  8.426477486501732e+05  -1.417795865280362e+06  -2.464213942894429e-02  -9.608769015095937e-02  -1.059991335977374e-01
  1.629999999999987e+00  -7.360993477896508e+05  2.270535711035072e+06  -2.243260148643525e+06  1.553608176441223e+05  8.110804075628783e+05  -1.431649664828176e+06  -2.063722432677447e-02  -9.078383325359245e-02  -9.930651100828966e-02
  1.634999999999987e+00  -7.793360024145845e+05  2.137154123971466e+06  -2.113852491852392e+06  9.115399532820017e+04  7.800094135455994e+05  -1.445157465117496e+06  -1.674056571724883e-02  -8.561245674180114e-02  -9.277632518111854e-02
  1.639999999999987e+00  -8.210567636525644e+05  2.007989920631074e+06  -1.991397488501363e+06  2.983309160211072e+04  7.497463319263298e+05  -1.458186238224548e+06  -1.294806452177243e-02  -8.056207884661047e-02  -8.636755907501641e-02
  1.644999999999987e+00  -8.614019812203734e+05  1.882771325907842e+06  -1.875561477241158e+06  -2.879307390631308e+04  7.200972839524421e+05  -1.470707405265640e+06  -9.251954492754259e-03  -7.561731382036498e-02  -8.006558597957660e-02
  1.649999999999987e+00  -9.004189362267064e+05  1.761278270109527e+06  -1.765984419080715e+06  -8.486372147217926e+04  6.909630384236183e+05  -1.482649581928545e+06  -5.642540876783065e-03  -7.075764344118045e-02  -7.385254528347988e-02
  1.654999999999987e+00  -9.383130634061588e+05  1.643112651175851e+06  -1.662484100912896e+06  -1.384381027521983e+05  6.625482217603892e+05  -1.493895241877015e+06  -2.121242512011256e-03  -6.598239473448654e-02  -6.770193453429084e-02
  1.659999999999987e+00  -9.750791179898026e+05  1.528087126629600e+06  -1.564681987881126e+06  -1.896242085190064e+05  6.347318043989241e+05  -1.504386286099410e+06  1.319653383970511e-03  -6.127600144751244e-02  -6.160518639510139e-02
  1.664999999999986e+00  -1.010719554291394e+06  1.416007466005375e+06  -1.472243127320002e+06  -2.384850350040999e+05  6.075276081135581e+05  -1.514051355890750e+06  4.684161586705090e-03  -5.663118537673806e-02  -5.555325087764917e-02
  1.669999999999986e+00  -1.045073478811204e+06  1.306841002472925e+06  -1.384741757605723e+06  -2.850501793559231e+05  5.810123030618171e+05  -1.522815214346790e+06  7.980564306443977e-03  -5.203709045566141e-02  -4.953877534316702e-02
  1.674999999999986e+00  -1.078319862634157e+06  1.200297918822940e+06  -1.301994108272527e+06  -3.293873099058595e+05  5.551545786742599e+05  -1.530669647255338e+06  1.120075130578966e-02  -4.750921507640467e-02  -4.356822340287777e-02
  1.679999999999986e+00  -1.110249868463309e+06  1.096480320184496e+06  -1.223588348571819e+06  -3.715086549281161e+05  5.300164274617010e+05  -1.537582213204926e+06  1.435100652137892e-02  -4.304340843288325e-02  -3.764530277336779e-02
  1.684999999999986e+00  -1.140646760624314e+06  9.955298620092383e+05  -1.149176376499028e+06  -4.113979337989510e+05  5.057825344176608e+05  -1.543513231253804e+06  1.743633182553954e-02  -3.864084185912918e-02  -3.177106267326106e-02
  1.689999999999986e+00  -1.169668548239616e+06  8.973087649800555e+05  -1.078636247788074e+06  -4.491458385527962e+05  4.822398558684638e+05  -1.548548135971624e+06  2.044562887338749e-02  -3.432234560878780e-02  -2.597167809546181e-02
  1.694999999999986e+00  -1.197118990195659e+06  8.020248130655545e+05  -1.011739940993490e+06  -4.847313576802708e+05  4.595390623674028e+05  -1.552682034260452e+06  2.338226501225408e-02  -3.009103670548461e-02  -2.025248351147894e-02
  1.699999999999986e+00  -1.222963378612575e+06  7.097615843281263e+05  -9.484138191932020e+05  -5.181698610607952e+05  4.376989519031809e+05  -1.555953552085101e+06  2.624345498685328e-02  -2.595654870346481e-02  -1.462541546509658e-02
  1.704999999999986e+00  -1.247144114522577e+06  6.206417773142584e+05  -8.886908491752358e+05  -5.494459761480809e+05  4.168774670668545e+05  -1.558364077557053e+06  2.902879324475952e-02  -2.192509320263824e-02  -9.092111497674726e-03
  1.709999999999986e+00  -1.269855736465546e+06  5.345473522658867e+05  -8.326594890334302e+05  -5.786480718256793e+05  3.967109186879001e+05  -1.560058180167886e+06  3.172716441023503e-02  -1.800950817496282e-02  -3.682074633318892e-03
  1.714999999999985e+00  -1.291097966019089e+06  4.515507638954596e+05  -7.804783058238052e+05  -6.057538040471899e+05  3.773423385224253e+05  -1.561035946875572e+06  3.433779730540521e-02  -1.421132765352227e-02  1.607363916400857e-03
  1.719999999999985e+00  -1.310947394247959e+06  3.716593904221180e+05  -7.323598002988682e+05  -6.307681736465461e+05  3.588343965907352e+05  -1.561314919316152e+06  3.685769876799375e-02  -1.053346598938582e-02  6.775240720296625e-03
  1.724999999999985e+00  -1.329597952407821e+06  2.947055700989685e+05  -6.884557816071323e+05  -6.537470154420849e+05  3.408890185599765e+05  -1.561005051526993e+06  3.927774628673172e-02  -6.978430633862436e-03  1.180378637585200e-02
  1.729999999999985e+00  -1.347129087800877e+06  2.206714333839754e+05  -6.489503590183000e+05  -6.746867733410739e+05  3.236055848287350e+05  -1.560102276440639e+06  4.159563179597393e-02  -3.544896500844329e-03  1.669702285322500e-02
  1.734999999999985e+00  -1.363657184738996e+06  1.494723091833560e+05  -6.139638125832336e+05  -6.936112802205645e+05  3.069443019544084e+05  -1.558635517920034e+06  4.380696823301830e-02  -2.313399290897667e-04  2.145239974018948e-02
  1.739999999999985e+00  -1.379275531491897e+06  8.103279904699005e+04  -5.835586437089972e+05  -7.105735485113531e+05  2.908394377900423e+05  -1.556633102764967e+06  4.590792729767278e-02  2.962579547029188e-03  2.606504651162013e-02
  1.744999999999985e+00  -1.394111584549088e+06  1.519564813006751e+04  -5.577932717844300e+05  -7.255647006991372e+05  2.752722487897219e+05  -1.554107217640901e+06  4.789519514301301e-02  6.046026483313956e-03  3.054204204491186e-02
  1.749999999999985e+00  -1.408256361964670e+06  -4.816057693454882e+04  -5.366959364680148e+05  -7.386407555395719e+05  2.601946578835897e+05  -1.551070824329026e+06  4.976703128694968e-02  9.023343698117081e-03  3.488602868264274e-02
  1.754999999999985e+00  -1.421834025557023e+06  -1.092598209398119e+05  -5.203396784762957e+05  -7.498962111349776e+05  2.454064620416383e+05  -1.547558270815364e+06  5.152118386323385e-02  1.190041439282851e-02  3.909872612009112e-02
  1.759999999999984e+00  -1.434993406099594e+06  -1.683292334580008e+05  -5.088608375129696e+05  -7.592974221842375e+05  2.310042700111677e+05  -1.543546243301038e+06  5.315994085998613e-02  1.469494126323018e-02  4.320734603092818e-02
  1.764999999999984e+00  -1.447922194107769e+06  -2.257213638073561e+05  -5.024817257723234e+05  -7.669494238508516e+05  2.167341272080612e+05  -1.539074297915001e+06  5.468353388393377e-02  1.741844352259286e-02  4.722442747466558e-02
  1.769999999999984e+00  -1.460848644567403e+06  -2.818464911653377e+05  -5.015405758868963e+05  -7.729241095681499e+05  2.023942916476625e+05  -1.534170173972048e+06  5.609420693829430e-02  2.008799352364120e-02  5.117401731674383e-02
  1.774999999999984e+00  -1.474064801356444e+06  -3.372246021152028e+05  -5.065492721182759e+05  -7.773668130257423e+05  1.875944338732316e+05  -1.528899626535542e+06  5.739356690993350e-02  2.272016141951615e-02  5.507857640684977e-02
  1.779999999999984e+00  -1.487788929497388e+06  -3.922071321254936e+05  -5.178738946796826e+05  -7.802287407320930e+05  1.724245491116173e+05  -1.523245082128476e+06  5.858927991457914e-02  2.533922803773182e-02  5.898094389750478e-02
  1.784999999999984e+00  -1.502325546013947e+06  -4.473164087848750e+05  -5.360974287456139e+05  -7.816656779357337e+05  1.564839899113590e+05  -1.517287492249542e+06  5.968411615657586e-02  2.796076869842947e-02  6.290454248283169e-02
  1.789999999999984e+00  -1.517918051948838e+06  -5.029398996608660e+05  -5.616951433547690e+05  -7.817696752625254e+05  1.395780016283200e+05  -1.511080665234963e+06  6.068311471476163e-02  3.060031406371590e-02  6.687659306581545e-02
  1.794999999999984e+00  -1.534762958395579e+06  -5.593297321649451e+05  -5.950701482444430e+05  -7.806949003320889e+05  1.214982148554211e+05  -1.504711603351953e+06  6.159108764335050e-02  3.326804954007164e-02  7.091464042906470e-02
  1.799999999999984e+00  -1.552927122204079e+06  -6.166258843344015e+05  -6.362963133712971e+05  -7.783987042580358e+05  1.023865567886613e+05  -1.498158091548719e+06  6.241421107368141e-02  3.597260842011753e-02  7.504091381101306e-02
  1.804999999999984e+00  -1.572442556944707e+06  -6.747970254431971e+05  -6.854007005462723e+05  -7.750323593260375e+05  8.217979868698512e+04  -1.491491878054810e+06  6.315598346099580e-02  3.871255455971045e-02  7.925514728942046e-02
  1.809999999999983e+00  -1.593196849318322e+06  -7.335485921955145e+05  -7.420868083879179e+05  -7.707074362766021e+05  6.103175117097015e+04  -1.484746099817265e+06  6.382027416406279e-02  4.148310550400901e-02  8.354899439357376e-02
  1.814999999999983e+00  -1.615043322350139e+06  -7.927083924726387e+05  -8.058652601189624e+05  -7.653981210204572e+05  3.917987832297851e+04  -1.477878212681886e+06  6.440935356844618e-02  4.427297421830279e-02  8.791404329747578e-02
  1.819999999999983e+00  -1.637718179670289e+06  -8.517455909672505e+05  -8.760144429789660e+05  -7.592028335889421e+05  1.689865112686530e+04  -1.470884004472518e+06  6.492447458490558e-02  4.706815946917874e-02  9.232377476872020e-02
  1.824999999999983e+00  -1.660919315625496e+06  -9.101443816511148e+05  -9.516521191962288e+05  -7.521561366242479e+05  -5.473785104945103e+03  -1.463710165655863e+06  6.536579663234403e-02  4.985268587998430e-02  9.674945646233050e-02
  1.829999999999983e+00  -1.684277557704870e+06  -9.673036147276333e+05  -1.031752237529012e+06  -7.442665122425959e+05  -2.750186499084339e+04  -1.456245795242020e+06  6.573290993310722e-02  5.261449740901672e-02  1.011608715767202e-01
  1.834999999999983e+00  -1.707572779458442e+06  -1.022918926255913e+06  -1.115388578198981e+06  -7.355584926071074e+05  -4.902035067450110e+04  -1.448455208447761e+06  6.602316275793561e-02  5.533083138270636e-02  1.055226170365217e-01
  1.839999999999983e+00  -1.730473998954557e+06  -1.076484197731054e+06  -1.201512701200655e+06  -7.260354355512583e+05  -6.965868951436678e+04  -1.440211451371269e+06  6.623492450614872e-02  5.799264482245066e-02  1.098037319092755e-01
  1.844999999999983e+00  -1.752684461181109e+06  -1.127653384157721e+06  -1.289154467177947e+06  -7.156613826204606e+05  -8.907989752832694e+04  -1.431356167815520e+06  6.636734741565695e-02  6.059580568188385e-02  1.139813779936653e-01
  1.849999999999983e+00  -1.774125627882049e+06  -1.176328439207040e+06  -1.377544990779300e+06  -7.045145225428890e+05  -1.073193983246195e+05  -1.421902462854203e+06  6.641721132601094e-02  6.312288147487248e-02  1.180206434527681e-01
  1.854999999999982e+00  -1.794600720395781e+06  -1.222349806752982e+06  -1.465913771498613e+06  -6.925780560170650e+05  -1.241617979325349e+05  -1.411721645667281e+06  6.638513465289428e-02  6.557600407912297e-02  1.219070067626337e-01
  1.859999999999982e+00  -1.814011754900891e+06  -1.265705862264971e+06  -1.553641204914486e+06  -6.798818397523677e+05  -1.395547886167814e+05  -1.400763341122995e+06  6.627228514203776e-02  6.795400326282282e-02  1.256256797853044e-01
  1.864999999999982e+00  -1.832237403825830e+06  -1.306440757575915e+06  -1.640171255273519e+06  -6.664426563693221e+05  -1.534329733063960e+05  -1.388985361281648e+06  6.608384017760345e-02  7.025969821374541e-02  1.291709429165429e-01
  1.869999999999982e+00  -1.849347218480760e+06  -1.344644670659783e+06  -1.725148815726149e+06  -6.523988276999992e+05  -1.659595039237446e+05  -1.376466640952029e+06  6.581943707899968e-02  7.248739389010270e-02  1.325244756287598e-01
  1.874999999999982e+00  -1.865250937905176e+06  -1.380396718017078e+06  -1.808184781084165e+06  -6.378005640444066e+05  -1.771007192672137e+05  -1.363218894730265e+06  6.548689021228411e-02  7.464162061635489e-02  1.356879604692517e-01
  1.879999999999982e+00  -1.879884270484522e+06  -1.413781134350753e+06  -1.888951230144423e+06  -6.227436508776791e+05  -1.868927928454888e+05  -1.349329070620763e+06  6.509551123577653e-02  7.672260777669973e-02  1.386615843335708e-01
  1.884999999999982e+00  -1.893316821375873e+06  -1.444876017354717e+06  -1.967303715493287e+06  -6.073709380317556e+05  -1.954402180692902e+05  -1.334889759276655e+06  6.464695296847878e-02  7.872917681506775e-02  1.414399371773251e-01
  1.889999999999982e+00  -1.905489297898094e+06  -1.473740400082676e+06  -2.043028407070939e+06  -5.917880606434016e+05  -2.027575487107484e+05  -1.320012699643290e+06  6.415129266675362e-02  8.066163861652148e-02  1.440286284102625e-01
  1.894999999999982e+00  -1.916404796993964e+06  -1.500437286692535e+06  -2.116015298825731e+06  -5.761190542115768e+05  -2.088958716603252e+05  -1.304819744604403e+06  6.361544989827655e-02  8.251924285727816e-02  1.464317802856457e-01
  1.899999999999981e+00  -1.926100296167173e+06  -1.525052019136306e+06  -2.186224698923813e+06  -5.605071362656029e+05  -2.139493807983510e+05  -1.289460748120456e+06  6.304640637528731e-02  8.429995724657748e-02  1.486544521166935e-01
  1.904999999999981e+00  -1.934608679987315e+06  -1.547656197357188e+06  -2.253680590074798e+06  -5.450166878194148e+05  -2.179072244339051e+05  -1.273989271594265e+06  6.244695668156174e-02  8.600830028446386e-02  1.507074248270696e-01
  1.909999999999981e+00  -1.942002305853456e+06  -1.568385210627796e+06  -2.318452888626866e+06  -5.297578685857462e+05  -2.208719067522233e+05  -1.258535411204509e+06  6.182241378329913e-02  8.764479649664769e-02  1.526007832095116e-01
  1.914999999999981e+00  -1.948424063356557e+06  -1.587410855496058e+06  -2.380714645987662e+06  -5.148489754962795e+05  -2.229897073041264e+05  -1.243213516494149e+06  6.117416561270393e-02  8.921144876954247e-02  1.543447311125023e-01
  1.919999999999981e+00  -1.953902583962949e+06  -1.604882192808692e+06  -2.440563717402366e+06  -5.002647005837313e+05  -2.242483781276132e+05  -1.228038085236744e+06  6.050558436186242e-02  9.071769710146128e-02  1.559586154630425e-01
  1.924999999999981e+00  -1.958602360527379e+06  -1.621020527233623e+06  -2.498220476308844e+06  -4.860847985676003e+05  -2.248236168555108e+05  -1.213097802834715e+06  5.981634909802842e-02  9.216827429811886e-02  1.574551206753022e-01
  1.929999999999981e+00  -1.962651405578019e+06  -1.636033182240667e+06  -2.553878706470215e+06  -4.723359603071388e+05  -2.248456968260105e+05  -1.198437978309940e+06  5.910592306359147e-02  9.357090599499231e-02  1.588495543436689e-01
  1.934999999999981e+00  -1.966213686106657e+06  -1.650113089816627e+06  -2.607768674405702e+06  -4.590827701034147e+05  -2.244905842817884e+05  -1.184108685174918e+06  5.837043572399713e-02  9.493232143678300e-02  1.601539977451167e-01
  1.939999999999981e+00  -1.969295496645150e+06  -1.663434986077452e+06  -2.659936546767965e+06  -4.462315753073268e+05  -2.238039744283968e+05  -1.170100338216356e+06  5.761394071470815e-02  9.626335096297885e-02  1.613878868776991e-01
  1.944999999999981e+00  -1.972031374941586e+06  -1.676145448969702e+06  -2.710550245103198e+06  -4.338384027507448e+05  -2.229697305972114e+05  -1.156452478998596e+06  5.683216872422300e-02  9.756945929419475e-02  1.625603004879115e-01
  1.949999999999980e+00  -1.974501819115972e+06  -1.688326212284662e+06  -2.759730426405409e+06  -4.219489246391609e+05  -2.221240871495192e+05  -1.143184495012084e+06  5.602113852380424e-02  9.885590014235977e-02  1.636800766854700e-01
  1.954999999999980e+00  -1.976690919074263e+06  -1.700081966008081e+06  -2.807428382535547e+06  -4.104786563105616e+05  -2.213486575579112e+05  -1.130290641406099e+06  5.518552415046394e-02  1.001287066093321e-01  1.647591004234451e-01
  1.959999999999980e+00  -1.978647015744459e+06  -1.711427082215130e+06  -2.853698128466071e+06  -3.994857352246448e+05  -2.207707096155755e+05  -1.117787711208208e+06  5.432193778662221e-02  1.013895214025571e-01  1.658015957982846e-01
  1.964999999999980e+00  -1.980367026758432e+06  -1.722358911312896e+06  -2.898518264758559e+06  -3.889838907649759e+05  -2.204787077591244e+05  -1.105677843543373e+06  5.343071074693724e-02  1.026392653724495e-01  1.668121129102188e-01
  1.969999999999980e+00  -1.981813829327498e+06  -1.732804958635326e+06  -2.941860702562729e+06  -3.790058111050402e+05  -2.205064772144932e+05  -1.093945601449799e+06  5.251225751235385e-02  1.038783766273668e-01  1.677954899096530e-01
  1.974999999999980e+00  -1.982979214461372e+06  -1.742794187524238e+06  -2.983594462717791e+06  -3.695315524289621e+05  -2.209717205710373e+05  -1.082605995802312e+06  5.157056734471068e-02  1.051022056089597e-01  1.687493624044770e-01
  1.979999999999980e+00  -1.983803185059587e+06  -1.752208409961598e+06  -3.023632389077114e+06  -3.606055231264458e+05  -2.218761562405569e+05  -1.071636940230873e+06  5.060688038227760e-02  1.063073605429979e-01  1.696740970874204e-01
  1.984999999999980e+00  -1.984179374654175e+06  -1.760884493621216e+06  -3.061792963476878e+06  -3.522435176417276e+05  -2.231549188591407e+05  -1.060996230959905e+06  4.962504969581646e-02  1.074907571362556e-01  1.705704244264275e-01
  1.989999999999980e+00  -1.984091313895867e+06  -1.768814843712478e+06  -3.097886418643113e+06  -3.444591746768135e+05  -2.249045354471710e+05  -1.050698246469102e+06  4.862766047363162e-02  1.086399057942122e-01  1.714259000773311e-01
  1.994999999999979e+00  -1.983399322660276e+06  -1.775784983295548e+06  -3.131633268135877e+06  -3.372662108660589e+05  -2.270000153532152e+05  -1.040685921343101e+06  4.761851289839537e-02  1.097486484494395e-01  1.722365536524335e-01
  1.999999999999979e+00  -1.981979009715982e+06  -1.781616273692447e+06  -3.162698163455359e+06  -3.306659685866226e+05  -2.293425087447791e+05  -1.030913527971873e+06  4.660112569280675e-02  1.108073080205370e-01  1.729926803006156e-01
