TITLE = "Temporal Signal for receiver number 00006"
VARIABLES = "Time","s_xx","s_yy","s_zz","s_xy","s_yz","s_xz","v1","v2","v3"
# x1       2.891783016811e+03
# x2       -4.807579361702e+03
# x3       -9.746026934671e+03
# cell-global-id 1905
  0.000000000000000e+00  0.000000000000000e+00  0.000000000000000e+00  0.000000000000000e+00  0.000000000000000e+00  0.000000000000000e+00  0.000000000000000e+00  0.000000000000000e+00  0.000000000000000e+00  0.000000000000000e+00
  5.000000000000000e-03  0.000000000000000e+00  0.000000000000000e+00  0.000000000000000e+00  0.000000000000000e+00  0.000000000000000e+00  0.000000000000000e+00  0.000000000000000e+00  0.000000000000000e+00  0.000000000000000e+00
  1.000000000000000e-02  0.000000000000000e+00  0.000000000000000e+00  0.000000000000000e+00  0.000000000000000e+00  0.000000000000000e+00  0.000000000000000e+00  0.000000000000000e+00  0.000000000000000e+00  0.000000000000000e+00
  1.500000000000000e-02  0.000000000000000e+00  0.000000000000000e+00  0.000000000000000e+00  0.000000000000000e+00  0.000000000000000e+00  0.000000000000000e+00  0.000000000000000e+00  0.000000000000000e+00  0.000000000000000e+00
  2.000000000000000e-02  0.000000000000000e+00  0.000000000000000e+00  0.000000000000000e+00  0.000000000000000e+00  0.000000000000000e+00  0.000000000000000e+00  0.000000000000000e+00  0.000000000000000e+00  0.000000000000000e+00
  2.500000000000000e-02  0.000000000000000e+00  0.000000000000000e+00  0.000000000000000e+00  0.000000000000000e+00  0.000000000000000e+00  0.000000000000000e+00  0.000000000000000e+00  0.000000000000000e+00  0.000000000000000e+00
  3.000000000000000e-02  0.000000000000000e+00  0.000000000000000e+00  0.000000000000000e+00  0.000000000000000e+00  0.000000000000000e+00  0.000000000000000e+00  0.000000000000000e+00  0.000000000000000e+00  0.000000000000000e+00
  3.500000000000000e-02  0.000000000000000e+00  0.000000000000000e+00  0.000000000000000e+00  0.000000000000000e+00  0.000000000000000e+00  0.000000000000000e+00  0.000000000000000e+00  0.000000000000000e+00  0.000000000000000e+00
  4.000000000000000e-02  0.000000000000000e+00  0.000000000000000e+00  0.000000000000000e+00  0.000000000000000e+00  0.000000000000000e+00  0.000000000000000e+00  0.000000000000000e+00  0.000000000000000e+00  0.000000000000000e+00
  4.500000000000000e-02  2.425507711764693e-41  1.519812985238118e-41  9.125427109807132e-41  -4.495774586101991e-42  -5.194384511287371e-41  1.422021770973581e-42  2.347171881717563e-49  2.196328079113025e-48  -3.482964549876812e-48
  5.000000000000000e-02  3.339613118242305e-36  8.324182457444983e-36  -5.116543834451715e-36  9.292389888062466e-37  4.124244125319929e-35  4.696685235376980e-36  -4.046018140565959e-43  -1.149314899128769e-42  8.177251944957686e-43
  5.499999999999999e-02  1.431931258113030e-30  1.594442442199331e-30  2.857807857542868e-30  3.382464722815877e-31  1.086953510712873e-30  7.419129500675192e-31  -4.200164209715797e-38  -6.349611361892390e-38  -9.284428260629693e-38
  5.999999999999999e-02  6.205883510812589e-28  7.142541197019059e-28  1.235122785618290e-27  1.495823609295316e-28  4.975411646264730e-28  3.213034488829912e-28  -1.852120979036248e-35  -2.901886373934853e-35  -4.026304426080391e-35
  6.499999999999999e-02  -2.058012408922575e-26  -2.264264249629102e-26  -3.634061697221298e-26  -5.590625526581950e-27  -1.546204833696190e-26  -1.191898412312351e-26  7.044123254745350e-34  9.179051673087731e-34  1.185141135500741e-33
  6.999999999999999e-02  6.852311581526920e-26  3.925443992822505e-26  5.723552326684911e-27  3.089016304195397e-26  2.446564665891249e-26  7.972076274882299e-26  -5.062338469350625e-33  -1.779239900582755e-33  -1.938386890901004e-34
  7.500000000000000e-02  3.669765760472504e-24  4.376240026373386e-24  7.949079472191552e-24  7.618410225611110e-25  3.009254429411623e-24  1.692899296924710e-24  -9.460186353234839e-32  -1.735444454872380e-31  -2.591664433097982e-31
  8.000000000000000e-02  -3.452993708026369e-23  -3.870700771032267e-23  -7.007314431714260e-23  -7.719394130429230e-24  -2.506957899302700e-23  -1.708653266618551e-23  9.761152056815068e-31  1.462101641284355e-30  2.268641190408034e-30
  8.500000000000001e-02  1.137453132518429e-22  1.092137655414107e-22  1.985673869704310e-22  2.756253388107212e-23  6.099114080012333e-23  6.600200568822759e-23  -4.001553950189174e-30  -3.575862132507989e-30  -6.317573897480081e-30
  9.000000000000001e-02  6.401247414194709e-22  8.250641294658052e-22  1.487465431613168e-21  1.273007453310340e-22  5.619012865774505e-22  2.842588509172003e-22  -1.419654322273085e-29  -3.321315058433695e-29  -4.931029753151164e-29
  9.500000000000001e-02  -3.668658892152318e-21  -4.187469985452490e-21  -7.763074370677230e-21  -8.326732073741109e-22  -2.487402805133867e-21  -1.903108143872874e-21  9.989391286039444e-29  1.511638100747382e-28  2.523396851265488e-28
  1.000000000000000e-01  6.312463960121523e-21  5.651624212228976e-21  1.147929776575262e-20  1.686690350267540e-21  1.700863034835553e-21  4.131529862162387e-21  -2.338687885690501e-28  -1.168475562286341e-28  -3.534401356460165e-28
  1.050000000000000e-01  2.387992976192773e-20  3.325922586026854e-20  5.533325087493987e-20  5.311550171574090e-21  2.491198143946593e-20  9.791550221626696e-21  -3.800399051102502e-28  -1.532732372399942e-27  -1.875810504963159e-27
  1.100000000000000e-01  -9.096203691085672e-20  -9.876775245113993e-20  -1.847548325734755e-19  -2.709293412769210e-20  -5.565279039049409e-20  -6.627232948469932e-20  3.001067423571462e-27  3.432396560070937e-27  5.828585897621622e-27
  1.150000000000000e-01  -3.087432763276257e-20  -8.232780074849199e-20  -1.183026648102710e-19  1.844231880534818e-20  -9.771582007302326e-20  4.833324811340653e-20  -1.930280746197926e-27  5.984922418380866e-27  5.470707527607121e-27
  1.200000000000000e-01  7.501899476605932e-19  9.370107842530580e-19  1.569755851284989e-18  1.682714225888768e-19  6.056877267941476e-19  4.009061337761998e-19  -1.778699642555186e-26  -3.963333625579603e-26  -5.502342121283751e-26
  1.250000000000000e-01  -1.881173712708027e-21  1.982753015430078e-19  5.677443957219079e-19  -3.277838533564077e-19  2.666984103350473e-19  -9.009975901299376e-19  3.028250327919110e-26  -1.465694959786577e-26  -2.478352650287110e-26
  1.300000000000000e-01  -4.113075589720374e-18  -5.238306071306597e-18  -9.803080593753784e-18  -2.643147140478595e-19  -3.733468581925158e-18  -7.032447376503328e-19  5.359264443732552e-26  2.332917739875828e-25  3.513328838617336e-25
  1.350000000000000e-01  7.338601029808795e-18  8.369718434189560e-18  1.355415036845453e-17  2.136699306756010e-18  4.523742149721524e-18  6.051269130293494e-18  -2.507680865253607e-25  -3.266345195393402e-25  -4.877348697686684e-25
  1.400000000000000e-01  7.490573612317104e-18  1.077183579531882e-17  2.666308756028894e-17  -2.107896673728709e-18  1.135057706097396e-17  -6.578181286989852e-18  1.210264518889438e-25  -6.120803219881222e-25  -9.304903818831799e-25
  1.450000000000000e-01  -4.546143105602032e-17  -5.371323446626150e-17  -1.018201024371946e-16  -5.479364009031753e-18  -3.096143631718997e-17  -1.689987981683343e-17  9.022886848292185e-25  2.090995249285582e-24  3.663423320922512e-24
  1.500000000000000e-01  -1.296535114338550e-17  -1.936240509435473e-17  -6.439052051652321e-17  1.119949178022573e-17  -2.329210324612522e-17  3.818665884436818e-17  -1.076233098055814e-24  1.117777271728732e-24  1.995147019910186e-24
  1.550000000000001e-01  1.652932934802282e-16  1.980117920893807e-16  4.287573486797155e-16  4.561438114178745e-18  1.319645653589276e-16  8.879945929090295e-18  -1.860121865277010e-24  -8.546293187911236e-24  -1.505577544513852e-23
  1.600000000000001e-01  -7.168138795745898e-17  -7.502919495612419e-17  -9.618491297406797e-17  -3.132880021101003e-17  -2.253721828316687e-17  -1.165408715231906e-16  4.295745344509022e-24  2.408992830058553e-24  4.404551842610350e-24
  1.650000000000001e-01  -4.987428365017945e-16  -5.832031450064700e-16  -1.354556705257590e-15  2.289368347087841e-17  -3.802820903040165e-16  9.616691679485532e-17  1.078528999653761e-24  2.366956078743586e-23  4.573543993962693e-23
  1.700000000000001e-01  7.158745929385862e-16  8.005913843397349e-16  1.690375005600858e-15  6.681686324608826e-17  4.424352488719321e-16  2.313308352414759e-16  -1.421898627735037e-23  -3.302678987155579e-23  -6.147813347131999e-23
  1.750000000000001e-01  3.560768793380841e-16  4.480428265072315e-16  1.474284410073816e-15  -1.703905875952005e-16  4.889734308386115e-16  -5.919279160282882e-16  1.788081396255514e-23  -1.817499458683281e-23  -4.128802100284421e-23
  1.800000000000001e-01  -2.531007660076784e-15  -2.790263819442301e-15  -6.355736769519544e-15  -3.852772971399294e-17  -1.600887847880473e-15  -8.416666212081122e-17  2.242293337389522e-23  1.108639538685924e-22  2.209006268390487e-22
  1.850000000000001e-01  1.079117099334307e-15  1.128479003817154e-15  1.389289807322263e-15  4.982233083457941e-16  2.458985398177532e-16  1.571765083786280e-15  -6.427468366789475e-23  -4.663936631777735e-23  -6.879132035272723e-23
  1.900000000000001e-01  4.339677872987324e-15  4.700675502541766e-15  1.273557176754849e-14  -4.065740886116241e-16  3.791802940767562e-15  -1.410374259614319e-15  1.573228935766931e-23  -2.145079808230943e-22  -4.139383038107579e-22
  1.950000000000001e-01  -7.678956093686333e-15  -8.121097574133081e-15  -1.631922530269442e-14  -1.243660193048110e-15  -4.274141836304094e-15  -3.444790141217220e-15  1.836439478370464e-22  3.425532774773361e-22  5.932286087817771e-22
  2.000000000000001e-01  -8.631363371111604e-15  -8.806636960970872e-15  -2.622400722239783e-14  1.570229892937526e-15  -7.835479623308507e-15  5.340430634896963e-15  -1.319524278504693e-22  4.038034418517969e-22  8.184406906913360e-22
  2.050000000000001e-01  2.805079837867028e-14  2.966255294096719e-14  6.518375877333172e-14  3.220821322727646e-15  1.936444640157286e-14  7.210295936773431e-15  -4.900617822053550e-22  -1.378704169868083e-21  -2.257034126680482e-21
  2.100000000000001e-01  8.879053047345416e-16  -2.933612676536273e-16  1.955242246124434e-14  -6.627023614314895e-15  9.348370813579646e-15  -1.962378947931078e-14  7.334668176426388e-22  -6.587357196435404e-23  -4.133723920249325e-22
  2.150000000000001e-01  -8.360659452859800e-14  -8.712979967246191e-14  -1.966968387573702e-13  -7.995874881336187e-15  -5.504884878860318e-14  -1.510571251498701e-14  1.190635694739792e-21  3.909515361981392e-21  6.749843343398479e-21
  2.200000000000001e-01  2.153718242635921e-15  7.254064361424122e-15  -2.900031830602781e-14  1.515146700791432e-14  -1.923107777566460e-14  4.488549942698732e-14  -1.685815540336799e-21  6.502195625165694e-23  4.374235156935875e-22
  2.250000000000001e-01  1.952978632475684e-13  2.062435628374057e-13  4.703144039827258e-13  1.903924903119569e-14  1.510180581699385e-13  3.236927003601806e-14  -2.690360583001981e-21  -9.999657348451458e-21  -1.586240898151755e-20
  2.300000000000001e-01  2.622964278282260e-14  1.285907794081952e-14  1.275647478079690e-13  -3.039894105739730e-14  6.105994165830115e-14  -9.458843758491941e-14  3.292749578656621e-21  -1.565556530287715e-21  -3.142085478744160e-21
  2.350000000000001e-01  -4.987651612454775e-13  -5.229522309814133e-13  -1.181196426837120e-12  -5.185984545964737e-14  -3.601546926071227e-13  -9.243238196810927e-14  7.191911756460534e-21  2.480192561435269e-20  4.005494124336710e-20
  2.400000000000001e-01  2.261689457492338e-14  5.106939394981180e-14  -1.118457374380808e-13  8.347136783225840e-14  -1.244262403659149e-13  2.471553124492089e-13  -9.232869978048625e-21  3.459001224398595e-22  1.194963424154686e-21
  2.450000000000001e-01  1.030238196936311e-12  1.092736366858029e-12  2.412230627577624e-12  1.270786973661951e-13  8.322810113216673e-13  2.415181090057771e-13  -1.671941455383141e-20  -5.584352615194488e-20  -8.096856579842884e-20
  2.500000000000001e-01  4.382247432813289e-13  3.937542065115742e-13  1.311699196901282e-12  -1.097589442123377e-13  5.872796683477844e-13  -3.852649692273802e-13  1.026776980955726e-20  -2.437487225198474e-20  -3.957873641116700e-20
  2.550000000000001e-01  -2.228853913143632e-12  -2.266923115219932e-12  -5.017745806200833e-12  -3.169321961569553e-13  -1.494293149366415e-12  -6.967885541396413e-13  4.200339187431475e-20  1.111121156193056e-19  1.701908481880684e-19
  2.600000000000001e-01  -1.696817681859759e-12  -1.819274366360061e-12  -4.737262078886969e-12  1.104558593990344e-13  -1.956661927953358e-12  5.835805378038835e-13  -6.750526640578774e-21  8.917007928400009e-20  1.529915118715925e-19
  2.650000000000001e-01  3.527774368199975e-12  3.239437928043112e-12  7.494807825986612e-12  6.122403525477502e-13  1.713656326104183e-12  1.616667494734901e-12  -8.336028129756386e-20  -1.550503378593887e-19  -2.564866467312868e-19
  2.700000000000001e-01  7.566929934118248e-12  8.119472016957326e-12  1.893201458447754e-11  3.690830116609477e-13  6.183482315928583e-12  3.262994756641199e-13  -7.309534623381272e-20  -3.533733617614291e-19  -6.307797145982071e-19
  2.750000000000001e-01  -4.644600188914456e-12  -3.339135900873238e-12  -8.651461273668375e-12  -1.009225711243273e-12  -3.985324335073962e-13  -3.721633343959689e-12  1.567400952415161e-19  1.449352613291251e-19  2.916531048430916e-19
  2.800000000000001e-01  -2.056563825350866e-11  -2.231679946141455e-11  -5.086384243758432e-11  -1.878109310101986e-12  -1.539758920887328e-11  -3.346348316814978e-12  2.772395352468706e-19  9.249056973748069e-19  1.699405239950330e-18
  2.850000000000001e-01  -5.926906365725359e-12  -1.064941019918176e-11  -1.889120657409702e-11  2.528029377277341e-13  -1.158918945088865e-11  4.249375562878755e-12  -4.975098236671236e-20  5.067883980738266e-19  6.585719953152152e-19
  2.900000000000001e-01  4.560428655728721e-11  4.659154865497815e-11  1.089050578990029e-10  3.831127637312998e-12  2.547876050736092e-11  1.095478579070350e-11  -6.555307420410345e-19  -1.763562640089885e-18  -3.638207295681591e-18
  2.950000000000002e-01  3.872417071895526e-11  5.090750623027783e-11  1.008743806638356e-10  3.602455731264844e-12  4.409238302616238e-11  -1.543776681965315e-12  -4.392619145501832e-19  -2.266566936526451e-18  -3.517340606357620e-18
  3.000000000000002e-01  -4.888624241915230e-11  -3.495794882546646e-11  -1.054181186197634e-10  -8.697248636397239e-13  -3.709291138436170e-12  -1.725922769040166e-11  5.016961478318554e-19  9.552037655663978e-19  3.357498947477315e-18
  3.050000000000002e-01  -1.722044479790063e-10  -1.984492550318180e-10  -4.225962922696674e-10  -1.304763751571259e-11  -1.252056281581170e-10  -2.703878368141448e-11  2.622005465215232e-18  7.436193215621440e-18  1.473001800752037e-17
  3.100000000000002e-01  -2.063555814004091e-11  -8.795772367145411e-11  -1.110822536325893e-10  -2.439660210007199e-11  -1.251372857419289e-10  2.292764153495882e-11  1.071204950340338e-18  5.388065007977620e-18  4.480151823203160e-18
  3.150000000000002e-01  5.190100663800523e-10  5.815503419536587e-10  1.289098659973891e-09  4.764187867972075e-11  3.021296278918806e-10  1.185340065417925e-10  -8.973054654822513e-18  -1.934632641492193e-17  -4.514197104272427e-17
  3.200000000000002e-01  4.579346844633097e-10  6.664572112106223e-10  1.281353205725684e-09  9.910638122017066e-11  5.546361805533462e-10  2.746988374737788e-11  -9.478253400264843e-18  -3.002610805146866e-17  -4.616346517761905e-17
  3.250000000000002e-01  -1.010997476299716e-09  -1.085875463480590e-09  -2.448941218790313e-09  -1.157508494905120e-11  -3.750726693642223e-10  -2.304330541305977e-10  1.486515755509912e-17  2.865383929111948e-17  8.662598151572100e-17
  3.300000000000002e-01  -1.325312110185257e-09  -1.690390832507722e-09  -3.754397498654877e-09  -3.423996866847884e-10  -1.409183461068823e-09  -1.988955256639643e-10  3.096931898146119e-17  7.171374784807663e-17  1.313089306188781e-16
  3.350000000000002e-01  7.312511898798866e-10  5.200669306119879e-10  1.494534025916629e-09  -2.647279916925229e-10  -4.115710972930970e-10  1.532245582809559e-10  -1.711745140529278e-18  1.127257914779202e-17  -5.526256524526793e-17
  3.400000000000002e-01  3.927269344663332e-09  4.653764902844492e-09  1.111999135747062e-08  6.895969474617636e-10  2.809987742433042e-09  8.542258144692958e-10  -8.486180520210628e-17  -1.502857896123623e-16  -3.831096839673963e-16
  3.450000000000002e-01  1.176673887129591e-09  2.700747989087904e-09  3.443319345805218e-09  8.581344989758925e-10  3.338976610366994e-09  1.499938315822537e-10  -3.227254229671195e-17  -1.781380765255010e-16  -1.099770243652623e-16
  3.500000000000002e-01  -9.038225151278913e-09  -9.975662095156703e-09  -2.689971452007117e-08  -1.943727766501196e-09  -4.934727055588422e-09  -2.825513054414089e-09  2.000358514054775e-16  2.645361276331620e-16  8.760065924996080e-16
  3.550000000000002e-01  -8.004712202266272e-09  -1.274145693936758e-08  -2.484063739664359e-08  -2.854109679065446e-09  -1.022779852012155e-08  -2.207159976606848e-09  1.815029311692116e-16  5.882129581726757e-16  8.023914803116731e-16
  3.600000000000002e-01  1.560097428788481e-08  1.533758989312172e-08  4.394219650610405e-08  2.262388140100704e-09  4.356671945586249e-09  4.706648383444522e-09  -3.087876021324337e-16  -2.671798744730622e-16  -1.439058162985660e-15
  3.650000000000002e-01  1.931385308633238e-08  2.952108009851819e-08  5.797007615288523e-08  5.950198957080617e-09  1.992970096252631e-08  5.335528239162304e-09  -3.418153402077171e-16  -1.281383069605568e-15  -1.690071827531394e-15
  3.700000000000002e-01  -1.663388734134872e-08  -8.062994987657988e-09  -3.788014234829674e-08  8.397132769413938e-11  -1.266156239894813e-09  1.127051743244507e-09  2.293730908754120e-16  -2.144930204344227e-16  1.686355117255941e-15
  3.750000000000002e-01  -4.772859781554120e-08  -5.884851413543192e-08  -1.254986355796970e-07  -9.876293353364943e-09  -4.050799942260961e-08  4.904197057743447e-09  4.598735623768085e-16  2.340991716370197e-15  4.422762657190940e-15
  3.800000000000002e-01  -1.852779546686320e-08  -5.329786560604958e-08  -5.106751589219814e-08  -7.610990770172492e-09  -1.100094004675671e-10  -2.253538134351196e-08  1.926407533869074e-16  2.537408282751105e-15  -7.563804761861187e-16
  3.850000000000002e-01  -7.740651450283644e-09  -6.497577109552598e-08  5.803808341642422e-08  3.579214853295509e-08  8.076527762056631e-08  -9.205936336646471e-08  -1.504857884275522e-15  2.582901936460246e-15  -8.785288976654503e-15
  3.900000000000002e-01  1.268426746797381e-07  2.286282325137607e-07  4.839909023955035e-07  7.949944297362258e-08  1.326492891588317e-07  -3.783876577588915e-08  -4.672049562317115e-15  -6.251613568560832e-15  -1.828797195860866e-14
  3.950000000000002e-01  2.531644402115931e-07  6.779327326262871e-07  8.290214645996026e-07  8.510005494109938e-08  1.891368425111964e-08  3.112775235840820e-07  -2.727808043775788e-15  -2.694593606080557e-14  -5.279099900461365e-15
  4.000000000000002e-01  2.497870201207964e-07  5.447395190531269e-07  -6.619340203917830e-07  -4.354935930145174e-07  -3.440309136898944e-07  3.070483857584372e-07  3.774053743922924e-14  -3.662060897488510e-14  6.381141089012190e-14
  4.050000000000002e-01  -4.857058048468488e-07  -1.832636549223707e-06  -3.722261471420850e-06  -7.464414487603883e-07  -7.726546464935533e-07  -2.271800440113623e-07  5.379020955398614e-14  4.555537848570196e-14  1.245871165354533e-13
  4.100000000000003e-01  -1.563203185614347e-06  -4.787474829841366e-06  -3.566541038526788e-06  1.088100831370563e-07  -4.705118021725596e-07  -1.104172245538458e-06  -3.360611124541948e-14  2.150883136688295e-13  1.068161090482131e-14
  4.150000000000003e-01  -2.742536431744843e-06  -4.415342299000867e-06  4.772837574256580e-06  3.214876231997193e-06  1.234791491029962e-06  -1.168978874185730e-06  -1.843128106846130e-13  2.766310847353732e-13  -2.875950713792143e-13
  4.200000000000003e-01  8.097616230439946e-07  7.378988478803503e-06  1.370017968575814e-05  3.595310390055653e-06  3.694279011353806e-06  -3.787598406802843e-07  -7.576216766581827e-14  -2.592248099783920e-13  -4.040792598600163e-13
  4.250000000000003e-01  1.128643659009114e-05  2.906501841668234e-05  1.282395933836916e-05  -2.954554368781911e-06  5.150367541844349e-06  2.292205345244237e-06  2.575379288037552e-13  -1.303417647728286e-12  -1.705379312921088e-13
  4.300000000000003e-01  2.213365053534799e-05  3.822410704007709e-05  -1.074989128847086e-05  -1.562352933171501e-05  1.055357643026993e-06  9.412648844600741e-06  5.772278615810033e-13  -2.116197332255525e-12  8.326089010194443e-13
  4.350000000000003e-01  -1.323939779572598e-05  -4.186436335172255e-05  -6.925808961261009e-05  -1.102341144025252e-05  -1.823956352540755e-05  7.774549286124747e-06  1.040761798444805e-13  1.123068535362293e-12  2.356377146304995e-12
  4.400000000000003e-01  -6.326049045052148e-05  -1.578425422960444e-04  -1.045591229552615e-04  1.759608461517841e-05  -3.297543283982107e-05  -1.080226017911443e-05  -8.589178937129833e-13  6.349970787520936e-12  2.406969452112954e-12
  4.450000000000003e-01  -2.680401426943534e-05  -1.172063996777769e-04  1.778901290274644e-05  2.673808369090904e-05  -3.867315495055943e-06  -5.550265995526384e-05  -6.324295656795174e-13  6.868266531131715e-12  -2.827658129999926e-12
  4.500000000000003e-01  4.778120404100243e-05  1.047292005965291e-04  3.245737990244430e-04  3.880738909801749e-05  5.889283791908153e-05  -4.296948814886513e-05  -2.651776391601205e-12  4.057328093817577e-14  -1.174534943914984e-11
  4.550000000000003e-01  -1.764896308961194e-05  3.605172440338760e-04  5.249683738210688e-04  1.092170917300409e-04  7.816729557421967e-05  1.134237566833341e-04  -1.147770933077980e-11  -1.118038073074832e-11  -1.574107862723368e-11
  4.600000000000003e-01  1.146607031809775e-04  1.042830796751235e-03  2.981897318664060e-04  -5.037867824326509e-05  2.961431646310596e-05  3.270797899548661e-04  -8.287238021184591e-12  -4.330608072810893e-11  -2.383548574835644e-12
  4.650000000000003e-01  7.726343314401273e-04  1.949986906970588e-03  -1.010013386603326e-03  -7.554007033225672e-04  -2.270858934269834e-04  6.456748518305139e-04  1.037034015176871e-11  -9.910931934850467e-11  5.614145438262490e-11
  4.700000000000003e-01  -9.192864476312939e-05  -6.147679441919851e-04  -3.900250438283608e-03  -9.689694765972495e-04  -1.225732491498660e-03  8.825361053551519e-04  -1.091440284532845e-11  -2.308558447117975e-12  1.634020742402921e-10
  4.750000000000003e-01  -3.912934891288487e-03  -8.263717930211524e-03  -5.709985659683983e-03  9.199476236808465e-04  -2.479109135104546e-03  4.622770244921423e-04  -1.059157391373683e-10  3.337243754152767e-10  1.878844097575037e-10
  4.800000000000003e-01  -6.207240371851564e-03  -1.205024165463688e-02  3.084686063038726e-03  4.121597442952866e-03  -1.757739602384816e-03  -1.750317561215311e-03  -1.922952023821166e-10  6.721644576698047e-10  -2.140195523849060e-10
  4.850000000000003e-01  2.334820358295434e-03  2.751486995459470e-03  2.759954212756615e-02  3.976171308163838e-03  4.318586075705755e-03  -5.318248470189558e-03  1.341018378937585e-12  3.047235343994407e-10  -1.120438898791610e-09
  4.900000000000003e-01  1.865528278926539e-02  2.851665664635916e-02  4.761818783462517e-02  -2.228842824944427e-03  1.198165664378126e-02  -7.109397128260832e-03  4.312222288586958e-10  -7.090628507068226e-10  -1.814676719907313e-09
  4.950000000000003e-01  2.887985758806065e-02  4.526012625803829e-02  3.648910381240812e-02  -1.083809145163708e-02  1.671206926159378e-02  -4.723071440246288e-03  6.987980523018066e-10  -1.865177039423465e-09  -1.461105925100177e-09
  5.000000000000003e-01  2.259918747553198e-02  4.192941475037277e-02  -3.290606133152601e-02  -2.022654857482606e-02  2.905773513277175e-02  -2.879857011295192e-03  1.131731666629689e-09  -3.596209845141601e-09  1.211448243055480e-09
  5.050000000000003e-01  -5.544116730069160e-02  -8.475408802211645e-02  -1.807940652509661e-01  -3.687926751221301e-03  6.015477714657837e-03  6.639232388833999e-03  1.118447425961469e-09  -3.813279495069494e-10  7.074419309185621e-09
  5.100000000000003e-01  -1.842347925705867e-01  -3.175481877078897e-01  -3.324911095072017e-01  4.725108375879149e-02  -8.450877844167595e-02  2.296315363911854e-02  -5.744927356514444e-10  9.968297940103322e-09  1.181419625416500e-08
  5.150000000000003e-01  -2.367882197135430e-01  -3.658608075336239e-01  -2.969276901620240e-01  1.299293368793056e-01  -1.670015427730974e-01  1.040536715548201e-03  -5.272882537095648e-09  1.859484610476022e-08  6.349518341432667e-09
  5.200000000000004e-01  2.155847350610472e-01  5.267672602950283e-01  2.797397662455046e-01  7.037923443753648e-02  1.670082954428793e-01  -1.002587764243569e-01  -1.526106214723830e-09  -1.501207659354432e-08  -1.489726450319129e-08
  5.250000000000004e-01  1.130603697692266e+00  2.020249237139451e+00  1.119743890186293e+00  -3.853743304575398e-01  5.621731002686944e-01  -1.255203472255212e-01  2.404846247915881e-08  -7.894562522673238e-08  -2.450202794132660e-08
  5.300000000000004e-01  1.458801144247710e+00  1.645763609275188e+00  1.177123008934072e+00  -8.654247343666299e-01  3.516358139490169e-01  7.326086274101822e-02  5.076613998888903e-08  -6.957393542883130e-08  -4.186485291719636e-09
  5.350000000000004e-01  8.273906947267721e-01  -1.519266957692072e-01  4.606889202734752e-01  -9.270249526421461e-01  -9.063405672191016e-01  6.191181926942342e-01  3.587128618379951e-08  3.099006429986072e-08  5.493019368843195e-08
  5.400000000000004e-01  -2.206189976395766e+00  -2.793047332310688e+00  -1.579700638941249e+00  1.187437043291492e+00  -1.696926563023193e+00  1.189873046689784e+00  -1.154937188128794e-07  1.842992965043040e-07  1.380028538194179e-07
  5.450000000000004e-01  -5.200136453616622e+00  -3.431673993826946e-01  -3.087584644162415e+00  4.763365058453517e+00  -7.699199217054727e-01  8.676367326078869e-01  -3.275873900608820e-07  1.622275640950941e-07  2.642377690572216e-07
  5.500000000000004e-01  -9.555523536561164e+00  4.327924510009109e+00  -6.304997036107768e+00  8.621926479020820e+00  3.409287675888684e+00  -6.650182028268113e-02  -4.428152397853590e-07  -3.842185605469916e-08  5.240247157814438e-07
  5.550000000000004e-01  -1.084613050078981e+01  1.504085353951953e+01  -6.809348429036215e+00  7.685046300912003e+00  7.103673115691458e+00  -1.495864340230343e-01  -1.929714828516219e-07  -6.161314560318473e-07  9.302584499990822e-07
  5.600000000000004e-01  -1.029870540383116e+01  2.342746318217633e+01  2.649744902255398e+00  1.134011188952126e+00  7.930375049723164e+00  5.092639360252507e+00  2.964361662349343e-07  -1.199229153445360e-06  1.404947895955896e-06
  5.650000000000004e-01  -2.070304477560751e+01  -7.074446450725123e+00  4.006166470822241e+00  -4.186164428092279e+00  2.054285964134137e+01  1.548562089186714e+01  4.930499075400965e-07  -3.879841282839898e-07  1.109196326313608e-06
  5.700000000000004e-01  -4.754571460433171e+01  -6.489009358639454e+01  2.298084542625176e+01  -1.117435505963844e+00  3.325234898783020e+01  4.049093523943987e+01  3.207437122916074e-08  1.609711490069754e-06  1.797312425714025e-07
  5.750000000000004e-01  -9.972011564774530e+01  -1.561131101487001e+02  1.778534721513404e+01  1.374900292959733e+01  6.354512570291916e+01  7.855566139625338e+01  -1.003163515346268e-06  4.979914847440162e-06  -2.931001989069174e-06
  5.800000000000004e-01  -1.294007301759486e+02  -1.997554834328686e+02  1.061001279513691e+01  2.901143646560444e+01  9.127175768060610e+01  1.097672013903881e+02  -2.036737427956399e-06  6.844139438086100e-06  -6.573384248024905e-06
  5.850000000000004e-01  -1.244917635091094e+02  -1.529311354992141e+02  -6.791101765225605e+00  3.872945028630443e+01  1.087318320134467e+02  1.383719599961345e+02  -2.802496736450535e-06  5.259558943403750e-06  -1.129509248163809e-05
  5.900000000000004e-01  -3.811768456447409e+01  4.082569331643195e+01  -9.865974900805403e+00  2.755205362563525e+01  7.556797142583522e+01  1.337415744316252e+02  -2.883487953666273e-06  -2.122612794578983e-06  -1.378616716108556e-05
  5.950000000000004e-01  1.193430947986285e+02  3.418810509124785e+02  2.559999867635646e+01  -6.504111696602107e+00  -4.542531891445229e+01  8.340925616242548e+01  -2.219258885624333e-06  -1.375505929826239e-05  -1.090736140604804e-05
  6.000000000000004e-01  2.375515145396309e+02  5.561880538006579e+02  1.097137938461453e+02  -5.835232126077674e+01  -2.545082211351215e+02  2.398848209933453e+01  -3.420841373121985e-07  -2.239424842986410e-05  -2.030645693470864e-06
  6.050000000000004e-01  3.050202778656506e+02  5.606267208321208e+02  1.800951198416340e+02  -1.227348724703847e+02  -4.497358855440924e+02  -8.002873028438621e+01  2.926895233269329e-06  -2.242476516806580e-05  1.232817504838513e-05
  6.100000000000004e-01  2.327779802800312e+02  2.262247716205492e+02  2.508202079922984e+02  -1.977005664639433e+02  -5.647056557538921e+02  -1.581948062355002e+02  8.741318320729179e-06  -8.697094506707944e-06  2.910236567309837e-05
  6.150000000000004e-01  -6.087799879504593e+00  -3.968832517714335e+02  1.393885428819727e+02  -2.552021487695817e+02  -4.372902856322837e+02  -1.703523619315253e+02  1.461842802319038e-05  1.613824116072943e-05  3.512970481217462e-05
  6.200000000000004e-01  -2.821699700357024e+02  -1.036537019097794e+03  -5.733958165906376e+00  -2.813855729752785e+02  -1.459162221939422e+02  -1.045574656813266e+02  2.077356041335537e-05  4.300645038632700e-05  3.447719226700732e-05
  6.250000000000004e-01  -4.917565555880328e+02  -1.376324282446982e+03  -2.590497439534104e+02  -2.084114305349823e+02  3.106024329521548e+02  3.063811599103913e+01  2.085485915852277e-05  5.844560899158355e-05  1.876955957188088e-05
  6.300000000000004e-01  -4.592446641217006e+02  -1.103652740707657e+03  -4.925377285161896e+02  1.877654019192025e+01  8.033376664924102e+02  1.667985514355023e+02  1.012992504131871e-05  5.023333668973086e-05  -7.712225881821880e-06
  6.350000000000005e-01  -6.089893128346780e+01  -1.081747509428201e+02  -5.379629879653810e+02  3.947368724558016e+02  1.179059590561009e+03  2.008464400732404e+02  -9.795706467292120e-06  1.561473062488908e-05  -3.194446602856778e-05
  6.400000000000005e-01  5.240423364390543e+02  1.252271147218169e+03  -3.494994636859186e+02  8.331240036099459e+02  1.294265895965797e+03  1.675475977828353e+02  -3.632638726227320e-05  -3.609696248535063e-05  -5.114695728821706e-05
  6.450000000000005e-01  1.112854802365477e+03  2.529558099831325e+03  -3.945311795379897e+01  1.193256836596146e+03  1.141207975551357e+03  2.091279222088278e+01  -5.986914611257245e-05  -8.682411857541633e-05  -5.897659123454218e-05
  6.500000000000005e-01  1.376620291474082e+03  3.076416718261780e+03  3.048747298962289e+02  1.270586789091453e+03  6.949289506229148e+02  -1.608120437413399e+02  -6.723627317209755e-05  -1.132814965157446e-04  -4.905467313089614e-05
  6.550000000000005e-01  1.152993728667959e+03  2.640338073757041e+03  3.135292318883879e+02  1.017267061241678e+03  1.475551085080890e+02  -3.877539880390814e+02  -5.959913413503528e-05  -1.052989419467157e-04  -3.601060624189327e-05
  6.600000000000005e-01  3.973301320835870e+02  1.150872080868345e+03  2.185076830437564e+01  3.830868171573184e+02  -4.596110645079713e+02  -5.911532276248535e+02  -3.263677522602754e-05  -5.860005355020007e-05  -1.582349388200678e-05
  6.650000000000005e-01  -7.058283315431161e+02  -1.036469510287475e+03  -4.387851423509495e+02  -5.323042437273481e+02  -1.070577570818172e+03  -7.316227502808865e+02  8.325916562147256e-06  1.471484706649706e-05  1.070992149052035e-05
  6.700000000000005e-01  -1.809469677938505e+03  -3.310896552429648e+03  -7.831846249325347e+02  -1.526763629589023e+03  -1.697988700120276e+03  -7.387919150190858e+02  5.215738293037886e-05  9.181946158188186e-05  4.010185254548612e-05
  6.750000000000005e-01  -2.566231366133251e+03  -4.893727940924434e+03  -8.845211876473959e+02  -2.361367974419018e+03  -2.187262784939098e+03  -6.950344041357239e+02  9.151889638214866e-05  1.498300131510598e-04  7.347565291044995e-05
  6.800000000000005e-01  -2.701343045773905e+03  -5.299530959820603e+03  -4.834411350220420e+02  -2.815622417306649e+03  -2.567676913831826e+03  -5.269728490850640e+02  1.171079139905248e-04  1.692896362563845e-04  1.071516211492026e-04
  6.850000000000005e-01  -2.114422196092332e+03  -4.210364000064631e+03  2.894415202160736e+02  -2.713728047357586e+03  -2.698256573009248e+03  -2.717368343512437e+02  1.194488789908143e-04  1.412565038290455e-04  1.281823749466476e-04
  6.900000000000005e-01  -9.174051807575125e+02  -1.948646567182685e+03  1.466404101266180e+03  -2.051400709331474e+03  -2.570590308215678e+03  1.182533746097870e+02  1.043920141372644e-04  7.341600796674494e-05  1.415122338433963e-04
  6.950000000000005e-01  6.261377503524177e+02  1.027434243191252e+03  2.627092146027835e+03  -8.869198032620645e+02  -2.045439545132263e+03  6.017224336249349e+02  6.999735265986274e-05  -1.811573601043896e-05  1.326238097069944e-04
  7.000000000000005e-01  2.145832276860178e+03  3.996423328838556e+03  3.359159394313314e+03  5.973103632322651e+02  -1.026617257061366e+03  1.119909090857193e+03  2.078092480984061e-05  -1.092265901271010e-04  9.454578017884392e-05
  7.050000000000005e-01  3.245827292570462e+03  6.264283220243503e+03  3.142415899641530e+03  2.165772089762238e+03  6.249724478343301e+02  1.512667695094632e+03  -3.651617394791761e-05  -1.770594549181129e-04  2.281919647989881e-05
  7.100000000000005e-01  3.659177194034254e+03  7.052015596740825e+03  2.048329530333410e+03  3.499487534518815e+03  2.608068868147180e+03  1.886744832224152e+03  -9.131651924456177e-05  -1.982348874505870e-04  -7.646277105149685e-05
  7.150000000000005e-01  3.220821443309754e+03  6.162643320317475e+03  -1.091781418677175e+02  4.368336394718513e+03  4.851517573775422e+03  2.066228343725746e+03  -1.370470181797018e-04  -1.661523165627065e-04  -1.977494456066172e-04
  7.200000000000005e-01  1.996694239005495e+03  3.629782811868562e+03  -3.014462991959376e+03  4.597397604623053e+03  7.025786841043087e+03  2.022707099958491e+03  -1.613496893169487e-04  -8.505928063746441e-05  -3.213453416465775e-04
  7.250000000000005e-01  2.272788710746069e+02  8.115191052941009e+01  -6.160358107105289e+03  4.126871938649356e+03  8.691106068454073e+03  1.694226142666870e+03  -1.685611316103563e-04  2.677376788818616e-05  -4.305985103972962e-04
  7.300000000000005e-01  -1.634457536908147e+03  -3.607849181374990e+03  -8.776625227947319e+03  3.036725853767359e+03  9.402605333721636e+03  1.052583755262213e+03  -1.547818042739410e-04  1.383787733890544e-04  -4.957160539956622e-04
  7.350000000000005e-01  -3.001347295273591e+03  -6.281191276689454e+03  -9.919224217552246e+03  1.533806942733634e+03  8.679538326260268e+03  1.006749344384047e+02  -1.247566782817623e-04  2.114203541910180e-04  -4.865284862750318e-04
  7.400000000000005e-01  -3.198011835837906e+03  -6.789039464792689e+03  -8.379810733107095e+03  -1.017247422101351e+02  5.981024328765230e+03  -1.034967313837805e+03  -8.501937876894612e-05  2.092479957567809e-04  -3.682646583001351e-04
  7.450000000000006e-01  -1.621435726540446e+03  -3.576995612969281e+03  -3.755766800777637e+03  -1.409309784814710e+03  1.256030321309054e+03  -2.590606898443882e+03  -6.051329523358099e-05  8.075517001636880e-05  -1.307220583875829e-04
  7.500000000000006e-01  2.340772029984949e+03  4.361116389499944e+03  4.840154848713685e+03  -1.985159664979959e+03  -5.744219664774610e+03  -4.458341970336350e+03  -6.509731833784837e-05  -2.053667380724187e-04  2.467976682755891e-04
  7.550000000000006e-01  9.150850331211999e+03  1.793576074474759e+04  1.784982491960650e+04  -1.433910205409464e+03  -1.505358670729617e+04  -6.625868303119120e+03  -1.215725328329175e-04  -6.743639258213824e-04  7.684942486487314e-04
  7.600000000000006e-01  1.917039744732199e+04  3.796019977354469e+04  3.513813593394485e+04  6.744397629727836e+02  -2.631442712709188e+04  -9.243982558931972e+03  -2.485209597403752e-04  -1.355008172040762e-03  1.422114275184068e-03
  7.650000000000006e-01  3.260694787867439e+04  6.483129701431906e+04  5.662073409591433e+04  4.605451810738900e+03  -3.929988461708985e+04  -1.229361941321466e+04  -4.633443915036359e-04  -2.254819192361799e-03  2.192847128093464e-03
  7.700000000000006e-01  4.954594660456500e+04  9.880588284530217e+04  8.185321461799649e+04  1.054828676764616e+04  -5.362864393044076e+04  -1.582721444325356e+04  -7.792512554135262e-04  -3.379327470933056e-03  3.055277739405032e-03
  7.750000000000006e-01  6.994441529871486e+04  1.400665908694777e+05  1.100172731456156e+05  1.860677868053010e+04  -6.887222084492780e+04  -1.997747109371111e+04  -1.211221285331340e-03  -4.734207686451509e-03  3.970967944545171e-03
  7.800000000000006e-01  9.374558392254390e+04  1.883250433891541e+05  1.409484132033700e+05  2.871695677057875e+04  -8.479482977769797e+04  -2.461336369948001e+04  -1.746442240866347e-03  -6.306743406382750e-03  4.929313756178703e-03
  7.850000000000006e-01  1.207459507285738e+05  2.434481222573360e+05  1.739355864116703e+05  4.075484050237832e+04  -1.011821373139828e+05  -2.980925729276098e+04  -2.388023335564266e-03  -8.094372129580861e-03  5.901123900659931e-03
  7.900000000000006e-01  1.507171130300866e+05  3.051022190795556e+05  2.086093923079624e+05  5.450068260542324e+04  -1.179906786439089e+05  -3.556707827137248e+04  -3.127482611669332e-03  -1.008913593234883e-02  6.873866418115388e-03
  7.950000000000006e-01  1.834492557005584e+05  3.729817271945624e+05  2.446828560245848e+05  6.972301101887945e+04  -1.352614712786977e+05  -4.195484440831869e+04  -3.955348961527071e-03  -1.228914887459175e-02  7.841875608852531e-03
  8.000000000000006e-01  2.186201075034083e+05  4.463129843748425e+05  2.826139950329646e+05  8.590751448151932e+04  -1.534731696293404e+05  -4.881498434581162e+04  -4.844477566481772e-03  -1.466634518044669e-02  8.834671218144715e-03
  8.050000000000006e-01  2.559976035240810e+05  5.246191591065006e+05  3.225629571030057e+05  1.026913134281031e+05  -1.729718806090745e+05  -5.625478173531558e+04  -5.781539734286291e-03  -1.721456906686722e-02  9.871942538939858e-03
  8.100000000000006e-01  2.953482023082069e+05  6.071147714423869e+05  3.652074084920445e+05  1.196936434422140e+05  -1.942026590502877e+05  -6.428026090504241e+04  -6.744898059258092e-03  -1.991247739209679e-02  1.099510009701256e-02
  8.150000000000006e-01  3.362877389164932e+05  6.929587732771775e+05  4.111461333806626e+05  1.364113896339287e+05  -2.178131594789896e+05  -7.294532158821489e+04  -7.719765965537622e-03  -2.273175743962587e-02  1.224651409391918e-02
  8.200000000000006e-01  3.785215531765268e+05  7.812467070653475e+05  4.611445495534713e+05  1.525652448527782e+05  -2.441776773317016e+05  -8.227899845541581e+04  -8.689891355398181e-03  -2.564389627264033e-02  1.366878252991885e-02
  8.250000000000006e-01  4.217447014131299e+05  8.711251918899147e+05  5.158801353310120e+05  1.678921782532372e+05  -2.735921026473046e+05  -9.229271221310408e+04  -9.640906670063329e-03  -2.861842096347126e-02  1.529852877623858e-02
  8.300000000000006e-01  4.658249076318304e+05  9.618133707653156e+05  5.760554070651521e+05  1.821609692783032e+05  -3.061217872677416e+05  -1.029751687814794e+05  -1.055303854691521e-02  -3.162553547442284e-02  1.717061098901861e-02
  8.350000000000006e-01  5.107282330359808e+05  1.053667074283795e+06  6.419477776745984e+05  1.953589842104211e+05  -3.420625599888439e+05  -1.144076918830146e+05  -1.143668706118330e-02  -3.467794109891088e-02  1.929112285724227e-02
  8.400000000000006e-01  5.565793531332576e+05  1.146650109811416e+06  7.138311948380659e+05  2.075076294557077e+05  -3.812905978985674e+05  -1.265610143202260e+05  -1.228303920940681e-02  -3.777209400907010e-02  2.166902560526153e-02
  8.450000000000006e-01  6.036833526605369e+05  1.241086227762416e+06  7.919831288530721e+05  2.187290336244026e+05  -4.238249920591803e+05  -1.394724011438308e+05  -1.309132336636595e-02  -4.091388702653882e-02  2.431664920129029e-02
  8.500000000000006e-01  6.520133251002774e+05  1.337604953562934e+06  8.755167317233614e+05  2.294647846804312e+05  -4.693142109213393e+05  -1.531030773611122e+05  -1.388656193142601e-02  -4.412687820409574e-02  2.718438961517020e-02
  8.550000000000006e-01  7.018413604674193e+05  1.436468836497142e+06  9.640689037058867e+05  2.400656326868900e+05  -5.173634412368558e+05  -1.674143150427373e+05  -1.467424979610898e-02  -4.741122820151146e-02  3.025666559987838e-02
  8.600000000000007e-01  7.532384533324101e+05  1.538028631291713e+06  1.056515379609317e+06  2.510039139832023e+05  -5.672741738661838e+05  -1.822349897100426e+05  -1.546897424319341e-02  -5.077263974853057e-02  3.347949085684489e-02
  8.650000000000007e-01  8.061586635910624e+05  1.642699429146901e+06  1.151006611120688e+06  2.628413345218795e+05  -6.181528227830457e+05  -1.972835286222696e+05  -1.629731864707557e-02  -5.422411659058144e-02  3.676334548842818e-02
  8.700000000000007e-01  8.610740847327999e+05  1.752030286707517e+06  1.245624552662398e+06  2.764066342238201e+05  -6.687551013180608e+05  -2.123341560273672e+05  -1.718794798331477e-02  -5.781224172863592e-02  4.000813882655023e-02
  8.750000000000007e-01  9.184692056432501e+05  1.867714027115515e+06  1.338181752207084e+06  2.926193219296270e+05  -7.181393109759806e+05  -2.270974098126148e+05  -1.818953701416820e-02  -6.159858654680131e-02  4.310114848671904e-02
  8.800000000000007e-01  9.793170276421416e+05  1.992405056932095e+06  1.426150710750655e+06  3.127854437481324e+05  -7.653366452174259e+05  -2.415897657512267e+05  -1.938100780675375e-02  -6.568409969227325e-02  4.590668882548000e-02
  8.850000000000007e-01  1.044655522351450e+06  2.128664805694551e+06  1.508493315920559e+06  3.378910138646691e+05  -8.097860143656628e+05  -2.554866677952177e+05  -2.079368396381947e-02  -7.015657113618066e-02  4.836018654624733e-02
  8.900000000000007e-01  1.115409757258509e+06  2.278913238244633e+06  1.582936009776598e+06  3.691793884380294e+05  -8.509181510910264e+05  -2.688879795121640e+05  -2.250264606217280e-02  -7.511560056584766e-02  5.034573235685366e-02
  8.950000000000007e-01  1.192122154215367e+06  2.444780370260711e+06  1.647439412282966e+06  4.075603456914890e+05  -8.882847615242588e+05  -2.818191631036440e+05  -2.455398000128722e-02  -8.062836501002620e-02  5.177048247323839e-02
  9.000000000000007e-01  1.274905447789886e+06  2.627130182477609e+06  1.699437423534465e+06  4.537416693124097e+05  -9.213302562550433e+05  -2.945564983660278e+05  -2.698172989956765e-02  -8.673009531378985e-02  5.253442144688877e-02
  9.050000000000007e-01  1.363272119109317e+06  2.825464943178983e+06  1.737638363852808e+06  5.077366027374666e+05  -9.500663173264061e+05  -3.065896329126908e+05  -2.978590547290691e-02  -9.342055416035876e-02  5.259716000540477e-02
  9.100000000000007e-01  1.456770748054943e+06  3.039477680522816e+06  1.759559433564872e+06  5.697180510161266e+05  -9.740487074991569e+05  -3.182171056947659e+05  -3.298100638924475e-02  -1.006931607142895e-01  5.187845921675534e-02
  9.150000000000007e-01  1.555052055902648e+06  3.268518831220391e+06  1.763920982244853e+06  6.396168100823103e+05  -9.932054020270925e+05  -3.295658650233655e+05  -3.655948940487294e-02  -1.085325933333170e-01  5.033824212249710e-02
  9.200000000000007e-01  1.657780512454783e+06  3.512606695390066e+06  1.749702420417309e+06  7.172474031441835e+05  -1.007549768480511e+06  -3.404487879743479e+05  -4.052912955615306e-02  -1.169435787692880e-01  4.795840397136376e-02
  9.250000000000007e-01  1.765197200695773e+06  3.772121493648400e+06  1.716835742117886e+06  8.026206377344579e+05  -1.017238727142830e+06  -3.510709318111902e+05  -4.488420476738875e-02  -1.259407042336776e-01  4.473635167991780e-02
  9.300000000000007e-01  1.877769456524431e+06  4.047948370557386e+06  1.665918203261371e+06  8.958158002298897e+05  -1.022595644486929e+06  -3.614408994638495e+05  -4.962229150107664e-02  -1.355552108231292e-01  4.068986629810369e-02
  9.350000000000007e-01  1.996280887020696e+06  4.340851500463857e+06  1.598606103566149e+06  9.969831624686182e+05  -1.024274820176697e+06  -3.713212840771318e+05  -5.473308221499369e-02  -1.458138313166888e-01  3.584692406435347e-02
  9.400000000000007e-01  2.121037052441742e+06  4.652705777611502e+06  1.515020258923123e+06  1.106461874698422e+06  -1.022037382953845e+06  -3.810111757677141e+05  -6.023541795394920e-02  -1.567704980396742e-01  3.024207253451400e-02
  9.450000000000007e-01  2.252595292149077e+06  4.983782989395197e+06  1.416982192649251e+06  1.224486579728626e+06  -1.016323989884527e+06  -3.902401623862485e+05  -6.611682249767979e-02  -1.684322612349508e-01  2.391192578826148e-02
  9.500000000000007e-01  2.391081779995912e+06  5.333773818742882e+06  1.305756209267024e+06  1.351190611166720e+06  -1.007199945387204e+06  -3.988430568457097e+05  -7.237808179713401e-02  -1.807773503914871e-01  1.687605577623401e-02
  9.550000000000007e-01  2.535937006104199e+06  5.702205938318378e+06  1.181197130080774e+06  1.486628100723869e+06  -9.940905365477394e+05  -4.069145833865890e+05  -7.900872353299077e-02  -1.937881516406021e-01  9.172980964521012e-03
  9.600000000000007e-01  2.686411816174319e+06  6.086841052751554e+06  1.043766130162958e+06  1.630496592840499e+06  -9.766801791603427e+05  -4.142642974103721e+05  -8.599548740778283e-02  -2.073789956039290e-01  8.058678389879584e-04
  9.650000000000007e-01  2.841242671557321e+06  6.484941019903715e+06  8.930316106510188e+05  1.782245394004526e+06  -9.543097413385701e+05  -4.208754927809497e+05  -9.331814166799747e-02  -2.214498770989592e-01  -8.225592114727207e-03
  9.700000000000008e-01  2.998824656979243e+06  6.893217226308540e+06  7.277455114312895e+05  1.941101971534315e+06  -9.260031971708300e+05  -4.270725703645574e+05  -1.009614380676962e-01  -2.358837223774775e-01  -1.795058796475193e-02
  9.750000000000008e-01  3.157532425777410e+06  7.308102467374859e+06  5.477900304737161e+05  2.105930257137039e+06  -8.915962494093700e+05  -4.323590856922477e+05  -1.088551811981790e-01  -2.505577603201309e-01  -2.833521220198578e-02
  9.800000000000008e-01  3.315640275500752e+06  7.726068600659861e+06  3.520400142780725e+05  2.275530983165552e+06  -8.504559725676076e+05  -4.370231731477285e+05  -1.169649356694419e-01  -2.653490686518100e-01  -3.940150678174176e-02
  9.850000000000008e-01  3.471599824826257e+06  8.143852888391832e+06  1.394971627196571e+05  2.448692276267891e+06  -8.021483011270398e+05  -4.414058936622554e+05  -1.252430467696318e-01  -2.801549813655720e-01  -5.115899972776784e-02
  9.900000000000008e-01  3.624163341194651e+06  8.558839172030946e+06  -8.883035455954501e+04  2.623991594074636e+06  -7.473912888641057e+05  -4.449065357001706e+05  -1.336140979921975e-01  -2.948764290081862e-01  -6.354312016656462e-02
  9.950000000000008e-01  3.772328928963560e+06  8.968897576806424e+06  -3.330065364133827e+05  2.800348616815982e+06  -6.863659654865945e+05  -4.478428143461593e+05  -1.420351918535469e-01  -3.094530978032370e-01  -7.653205660384078e-02
  1.000000000000001e+00  3.915439422806721e+06  9.372520675554033e+06  -5.920897751400361e+05  2.976810014727694e+06  -6.197842821849610e+05  -4.501967856775846e+05  -1.504600681369469e-01  -3.238416449322504e-01  -9.006808595194754e-02
  1.005000000000001e+00  4.053205245388225e+06  9.768374562145360e+06  -8.646364788841007e+05  3.152684176925772e+06  -5.484621617946661e+05  -4.519945523916333e+05  -1.588447192833054e-01  -3.380081250433207e-01  -1.040833051136429e-01
  1.010000000000000e+00  4.185422332652040e+06  1.015660003491046e+07  -1.149223334623323e+06  3.327475355825066e+06  -4.734187189537021e+05  -4.530608483634302e+05  -1.671810671754591e-01  -3.519572138328929e-01  -1.184987670792180e-01
  1.015000000000000e+00  4.312244414410966e+06  1.053679964540686e+07  -1.444407641192075e+06  3.501066209674111e+06  -3.953315207992239e+05  -4.535079352946942e+05  -1.754566858251056e-01  -3.656870999483907e-01  -1.332524726671794e-01
  1.020000000000000e+00  4.433995579102542e+06  1.090878793560070e+07  -1.748522248210179e+06  3.673477753777071e+06  -3.148523183563946e+05  -4.532988964672072e+05  -1.836649162955411e-01  -3.791849250559903e-01  -1.482836533753951e-01
  1.025000000000000e+00  4.550949236416770e+06  1.127385991360864e+07  -2.061452219861452e+06  3.845177871769184e+06  -2.320524891897098e+05  -4.525728210224144e+05  -1.918484136268403e-01  -3.925084857214081e-01  -1.635711910959268e-01
  1.030000000000000e+00  4.663624908482668e+06  1.163237168309938e+07  -2.382465416698081e+06  4.016672421035016e+06  -1.468972634846879e+05  -4.513175671442207e+05  -2.000213330893915e-01  -4.056576201694317e-01  -1.791029044574702e-01
  1.035000000000000e+00  4.772530629690889e+06  1.198527745159150e+07  -2.711703377227213e+06  4.188667050985964e+06  -5.894945319776825e+04  -4.495322013313184e+05  -2.082168174622335e-01  -4.186560455716506e-01  -1.948999895705000e-01
  1.040000000000000e+00  4.878199077134302e+06  1.233349609947822e+07  -3.049767403212609e+06  4.361854818182511e+06  3.237170515959862e+04  -4.472013191919459e+05  -2.164722012251220e-01  -4.315191662444088e-01  -2.110227000997354e-01
  1.045000000000000e+00  4.981101714053231e+06  1.267887498976721e+07  -3.398115791458759e+06  4.537375837043889e+06  1.282895529181544e+05  -4.442307995927270e+05  -2.248289898785301e-01  -4.443169338119888e-01  -2.275304896244046e-01
  1.050000000000000e+00  5.081756201909569e+06  1.302255197658884e+07  -3.758004945772412e+06  4.715947737492186e+06  2.296541595394491e+05  -4.404758175937011e+05  -2.333180070403684e-01  -4.570724337138156e-01  -2.445146546498023e-01
  1.054999999999999e+00  5.180760530009345e+06  1.336615270260932e+07  -4.131190024078194e+06  4.898293287916436e+06  3.372584328147132e+05  -4.359281564490992e+05  -2.419866236432655e-01  -4.698373005984480e-01  -2.620891272457869e-01
  1.059999999999999e+00  5.278344991725137e+06  1.371082560069211e+07  -4.518905949327874e+06  5.085130098167537e+06  4.521368691107904e+05  -4.302022088953725e+05  -2.508344563328528e-01  -4.826519767337206e-01  -2.802947841958446e-01
  1.064999999999999e+00  5.374884026967571e+06  1.405764117846538e+07  -4.922578946640807e+06  5.276797383451069e+06  5.746512762301124e+05  -4.232885842612516e+05  -2.598918962852640e-01  -4.955526497516026e-01  -2.992165605822116e-01
  1.069999999999999e+00  5.470497099534126e+06  1.440715639479188e+07  -5.343163619320455e+06  5.473473141432832e+06  7.050093330829382e+05  -4.151240317296833e+05  -2.691700283274677e-01  -5.085612909455127e-01  -3.188958159392472e-01
  1.074999999999999e+00  5.565189672528973e+06  1.475952617579998e+07  -5.781448564158078e+06  5.675164311493852e+06  8.430938045279374e+05  -4.058069078285159e+05  -2.786875179553494e-01  -5.216919078508867e-01  -3.393753473968619e-01
  1.079999999999999e+00  5.658536229081745e+06  1.511377855647707e+07  -6.236589579890086e+06  5.881295119380988e+06  9.886395067902518e+05  -3.951549270345247e+05  -2.883913266660875e-01  -5.349044212748716e-01  -3.605695992114135e-01
  1.084999999999999e+00  5.750217301073342e+06  1.546906122185024e+07  -6.708075515320708e+06  6.091252544515214e+06  1.140891325443647e+06  -3.834135237175063e+05  -2.982770695359039e-01  -5.481796971932964e-01  -3.824521827524799e-01
  1.089999999999999e+00  5.839775806692918e+06  1.582391971740297e+07  -7.194436577215587e+06  6.304160137321829e+06  1.298899510953475e+06  -3.708317024599488e+05  -3.083159104698172e-01  -5.614769067482616e-01  -4.049549023981696e-01
  1.094999999999999e+00  5.926403879894103e+06  1.617635439785478e+07  -7.692998774751755e+06  6.518657975068411e+06  1.461304413615247e+06  -3.575616128707509e+05  -3.184385147209331e-01  -5.747208351503867e-01  -4.278985221129085e-01
  1.099999999999999e+00  6.009398600653437e+06  1.652410533997479e+07  -8.200847365412821e+06  6.733421141568300e+06  1.626586651257711e+06  -3.440252839642334e+05  -3.285977253946186e-01  -5.878424033149984e-01  -4.511485006785185e-01
  1.104999999999998e+00  6.087843007206463e+06  1.686434132685557e+07  -8.714153699286813e+06  6.946821109621635e+06  1.793040107053225e+06  -3.306027796560857e+05  -3.387190451122325e-01  -6.007428251028664e-01  -4.745128887912677e-01
  1.109999999999998e+00  6.160672698435241e+06  1.719345934034299e+07  -9.228038345219221e+06  7.156886608493597e+06  1.958876733311803e+06  -3.175312080802465e+05  -3.486979082032867e-01  -6.132883008697806e-01  -4.977755528362038e-01
  1.114999999999998e+00  6.226420224858198e+06  1.750809131790642e+07  -9.739084847903926e+06  7.361793761808897e+06  2.122498053526761e+06  -3.052786501860077e+05  -3.584603181846561e-01  -6.253601344095661e-01  -5.207213964073064e-01
  1.119999999999998e+00  6.283802042818995e+06  1.780419110857655e+07  -1.024226857941995e+07  7.559393740602709e+06  2.282348084704439e+06  -2.940075070504978e+05  -3.678896101244388e-01  -6.368022848413512e-01  -5.431353374531729e-01
  1.124999999999998e+00  6.331524589579687e+06  1.807770922665394e+07  -1.073234712069111e+07  7.747440265870269e+06  2.436938491140504e+06  -2.836746174974616e+05  -3.768667374586977e-01  -6.474557281685729e-01  -5.647940912197972e-01
  1.129999999999998e+00  6.368606563021869e+06  1.832623344533207e+07  -1.120635161300069e+07  7.924511054402778e+06  2.585288242119968e+06  -2.748035366872225e+05  -3.853335081353819e-01  -6.572266957233955e-01  -5.855249062133202e-01
  1.134999999999998e+00  6.394391670486021e+06  1.854696717724708e+07  -1.165928286903135e+07  8.088844291571683e+06  2.726234354700450e+06  -2.673024697240849e+05  -3.931934637966713e-01  -6.659964272132969e-01  -6.051344996553558e-01
  1.139999999999998e+00  6.408535312566895e+06  1.873812923127801e+07  -1.208722545638224e+07  8.239193564176089e+06  2.858890390294699e+06  -2.612286841476428e+05  -4.003850608848930e-01  -6.736877496958803e-01  -6.234623696887812e-01
  1.144999999999998e+00  6.410794616641448e+06  1.889828394859759e+07  -1.248680670451101e+07  8.374495405340001e+06  2.982555652968750e+06  -2.565176711586564e+05  -4.068664139137598e-01  -6.802398216716299e-01  -6.403724836472506e-01
  1.149999999999997e+00  6.401284902025895e+06  1.902703169294409e+07  -1.285576077890295e+07  8.494423384065984e+06  3.096868219781597e+06  -2.533935243369360e+05  -4.126071965647770e-01  -6.856263423103728e-01  -6.557753937112105e-01
  1.154999999999997e+00  6.379832218600384e+06  1.912337583185693e+07  -1.319213250865324e+07  8.598410949432598e+06  3.201530905826775e+06  -2.516618587947647e+05  -4.175885518465652e-01  -6.898074075319988e-01  -6.695985557805136e-01
  1.159999999999997e+00  6.346114534407871e+06  1.918674445132982e+07  -1.349563376065214e+07  8.686192766149707e+06  3.296670105644405e+06  -2.513646324184759e+05  -4.218198766721896e-01  -6.927614709410472e-01  -6.818145151406536e-01
  1.164999999999997e+00  6.300162154448722e+06  1.921649751796299e+07  -1.376555602471421e+07  8.757806448775301e+06  3.382322452716311e+06  -2.522812376342979e+05  -4.252809620450348e-01  -6.944654227893065e-01  -6.924170839835563e-01
  1.169999999999997e+00  6.241609876301801e+06  1.921222814853799e+07  -1.400300983732511e+07  8.813205455483552e+06  3.458897336472582e+06  -2.543923499024781e+05  -4.279973780004817e-01  -6.949090965049325e-01  -7.014358602026769e-01
  1.174999999999997e+00  6.170322673783930e+06  1.917388289285538e+07  -1.420931744784916e+07  8.852523892960653e+06  3.526828013028272e+06  -2.576739475801097e+05  -4.299907145350483e-01  -6.940964001630405e-01  -7.089194101512604e-01
  1.179999999999997e+00  6.086333636055466e+06  1.910216183142124e+07  -1.438660322314904e+07  8.876044259383254e+06  3.586633498459953e+06  -2.623108831991482e+05  -4.312954268219199e-01  -6.920630934959618e-01  -7.149337565860662e-01
  1.184999999999997e+00  5.990100042248960e+06  1.899757706473675e+07  -1.453544247608127e+07  8.884088692095956e+06  3.638436284450181e+06  -2.679112975870877e+05  -4.319221951735234e-01  -6.888296955645132e-01  -7.195454418715901e-01
  1.189999999999997e+00  5.882194010567294e+06  1.886207712332853e+07  -1.465803631197907e+07  8.877213429847917e+06  3.682616740117447e+06  -2.747020968003927e+05  -4.319166347045818e-01  -6.844760274984530e-01  -7.228335338434491e-01
  1.194999999999997e+00  5.763661193547562e+06  1.869819091194276e+07  -1.475589063387195e+07  8.856131086150961e+06  3.719195770964283e+06  -2.826829890269585e+05  -4.313101349939339e-01  -6.791016943581950e-01  -7.248716292676238e-01
  1.199999999999996e+00  5.635535122966307e+06  1.850821803206258e+07  -1.482993835968583e+07  8.821683962886281e+06  3.748340232848059e+06  -2.918024016781559e+05  -4.301502403413830e-01  -6.727913995324886e-01  -7.257316015874155e-01
  1.204999999999996e+00  5.499225295916173e+06  1.829548420085047e+07  -1.488144188935263e+07  8.774919201791797e+06  3.769977511984488e+06  -3.020975516103276e+05  -4.284792098490284e-01  -6.656720372808864e-01  -7.254808776116095e-01
  1.209999999999996e+00  5.356145779510425e+06  1.806314477143582e+07  -1.491129931969582e+07  8.716987196021128e+06  3.784058329778662e+06  -3.135170319860848e+05  -4.263431146175656e-01  -6.578607300443571e-01  -7.241819539664733e-01
  1.214999999999996e+00  5.207817189111691e+06  1.781442196294924e+07  -1.491985359653759e+07  8.649028614866856e+06  3.790300787080385e+06  -3.257242687367568e+05  -4.237783234251810e-01  -6.494680462104871e-01  -7.218865441102137e-01
  1.219999999999996e+00  5.055165456885492e+06  1.755169992943270e+07  -1.490896126971499e+07  8.572426922487039e+06  3.789356508239015e+06  -3.391279163818175e+05  -4.208579020800813e-01  -6.405916653026119e-01  -7.186669524988094e-01
  1.224999999999996e+00  4.899382181479514e+06  1.727749985666641e+07  -1.487921133455336e+07  8.488318270192334e+06  3.781191591334909e+06  -3.534093866462364e+05  -4.176158245397552e-01  -6.313145024686289e-01  -7.145759169743017e-01
  1.229999999999996e+00  4.741383676998998e+06  1.699394026518128e+07  -1.483127901155554e+07  8.397689278704148e+06  3.765937478739199e+06  -3.682113033822541e+05  -4.140884532493679e-01  -6.216984193435076e-01  -7.096624554496332e-01
  1.234999999999996e+00  4.581517012669960e+06  1.670197534340763e+07  -1.476739234438291e+07  8.301692356317343e+06  3.744545376202370e+06  -3.839584798178349e+05  -4.103234690573009e-01  -6.117897270730147e-01  -7.040055440207578e-01
  1.239999999999996e+00  4.420269425974392e+06  1.640281169418628e+07  -1.468833191240631e+07  8.200983503405671e+06  3.717319927348663e+06  -4.002728811624721e+05  -4.063372752029776e-01  -6.016123905810186e-01  -6.976520823973594e-01
  1.244999999999995e+00  4.257820955579612e+06  1.609707339823275e+07  -1.459534624268598e+07  8.096110265518629e+06  3.684834465974991e+06  -4.170412549846438e+05  -4.021446853201106e-01  -5.911783295208715e-01  -6.906538477151436e-01
  1.249999999999995e+00  4.094208788983934e+06  1.578535736551746e+07  -1.448952849254703e+07  7.987355857089449e+06  3.647533231340826e+06  -4.340530854684116e+05  -3.977597664623898e-01  -5.805030563455253e-01  -6.830485233047935e-01
  1.254999999999995e+00  3.929325025562180e+06  1.546722564117482e+07  -1.437193105466949e+07  7.874999483578299e+06  3.606083598731506e+06  -4.514422560345303e+05  -3.931630684990590e-01  -5.695573097508807e-01  -6.748818010088543e-01
  1.259999999999995e+00  3.763065384475824e+06  1.514286599804484e+07  -1.424298655759459e+07  7.758915836239390e+06  3.560667374741843e+06  -4.689709545046913e+05  -3.883498796582339e-01  -5.583416535176561e-01  -6.661640864698549e-01
  1.264999999999995e+00  3.595180267801728e+06  1.481228754217973e+07  -1.410311967121528e+07  7.638931050282398e+06  3.511414705032719e+06  -4.865597127186441e+05  -3.833164995418909e-01  -5.468650169141052e-01  -6.568909446393288e-01
  1.269999999999995e+00  3.425601156137442e+06  1.447473782839037e+07  -1.395184000794920e+07  7.514715145816289e+06  3.458352496792195e+06  -5.042029082486192e+05  -3.780208624568219e-01  -5.350735113108419e-01  -6.470595511179276e-01
  1.274999999999995e+00  3.254103359266542e+06  1.413008667464629e+07  -1.378882327440078e+07  7.385863714805756e+06  3.401267425191255e+06  -5.218709235137873e+05  -3.724569943989112e-01  -5.229734180873412e-01  -6.366339276167194e-01
  1.279999999999995e+00  3.080527266244779e+06  1.377794221848256e+07  -1.361334256608049e+07  7.251946316842128e+06  3.339867914188950e+06  -5.396080650177813e+05  -3.666086867658162e-01  -5.105512870272149e-01  -6.255726118664077e-01
  1.284999999999995e+00  2.904587557868795e+06  1.341798545495824e+07  -1.342465654267602e+07  7.112609350470874e+06  3.273823463398034e+06  -5.574909646733726e+05  -3.604622293298951e-01  -4.978047203240151e-01  -6.138159775563391e-01
  1.289999999999994e+00  2.726492393660746e+06  1.304969547769141e+07  -1.322142315830686e+07  6.967324750873785e+06  3.202713020079215e+06  -5.756114914285943e+05  -3.540041996796405e-01  -4.846964845718299e-01  -6.013341498782042e-01
  1.294999999999994e+00  2.546067422437548e+06  1.267294438218631e+07  -1.300291609472091e+07  6.815874697525727e+06  3.126230146541324e+06  -5.940795326656372e+05  -3.472329473030876e-01  -4.712323112209686e-01  -5.880726203203359e-01
  1.299999999999994e+00  2.363161143836327e+06  1.228760290187296e+07  -1.276838509097744e+07  6.658121669064255e+06  3.044161477196019e+06  -6.129430794945665e+05  -3.401376783955486e-01  -4.574085617047521e-01  -5.739845091798489e-01
  1.304999999999994e+00  2.178201845401310e+06  1.189383086730532e+07  -1.251724856682906e+07  6.493957068040963e+06  2.956359300566812e+06  -6.323169313431990e+05  -3.327408620058398e-01  -4.432252882511015e-01  -5.590754891422191e-01
  1.309999999999994e+00  1.991187666879511e+06  1.149195811074044e+07  -1.224938804708413e+07  6.323571867541123e+06  2.862883998035810e+06  -6.521728640946029e+05  -3.250445676208121e-01  -4.286970363149493e-01  -5.433355345048131e-01
  1.314999999999994e+00  1.802377222185054e+06  1.108259290258290e+07  -1.196500840008320e+07  6.147272125949392e+06  2.763936464342709e+06  -6.724532168297523e+05  -3.170635959382314e-01  -4.138449717505946e-01  -5.267878245354953e-01
  1.319999999999994e+00  1.612056344361112e+06  1.066666922826153e+07  -1.166471015627833e+07  5.965514803772753e+06  2.659890136915336e+06  -6.930135304123336e+05  -3.088080986946203e-01  -3.986984996303472e-01  -5.094658853002535e-01
  1.324999999999994e+00  1.420882116668403e+06  1.024530733287401e+07  -1.134960760325627e+07  5.778953793121953e+06  2.551202153396936e+06  -7.137802105741705e+05  -3.003279474235321e-01  -3.833071617591401e-01  -4.914607703029300e-01
  1.329999999999994e+00  1.229339235780425e+06  9.819941276785849e+06  -1.102108872827933e+07  5.588354352376367e+06  2.438494489045236e+06  -7.345262319584152e+05  -2.916432321962223e-01  -3.677193092628297e-01  -4.728459558920815e-01
  1.334999999999994e+00  1.038111097651423e+06  9.392360937079784e+06  -1.068106209156274e+07  5.394604186283977e+06  2.322477792290294e+06  -7.550425372970903e+05  -2.827892171799899e-01  -3.519987687812398e-01  -4.537131587001466e-01
  1.339999999999993e+00  8.479691857282000e+05  8.964051765509849e+06  -1.033145112475418e+07  5.198707722138119e+06  2.203881584960401e+06  -7.751598073288401e+05  -2.738172769353702e-01  -3.362092312145487e-01  -4.341938407669312e-01
  1.344999999999993e+00  6.597090213397139e+05  8.537005804563127e+06  -9.974630125908108e+06  5.001710677617591e+06  2.083504609847341e+06  -7.946662752260134e+05  -2.647687183097847e-01  -3.204217613176336e-01  -4.143977381937072e-01
  1.349999999999993e+00  4.741505380131267e+05  8.113098111142011e+06  -9.613087850713070e+06  4.804707011561494e+06  1.962139686907017e+06  -8.133902836653106e+05  -2.556932300569441e-01  -3.047087903154737e-01  -3.944473055660214e-01
  1.354999999999993e+00  2.921143488208731e+05  7.694393507474837e+06  -9.249674120932922e+06  4.608828691517852e+06  1.840567287217115e+06  -8.311665884302669e+05  -2.466452092109190e-01  -2.891527575177462e-01  -3.744585910548849e-01
  1.359999999999993e+00  1.143054431973982e+05  7.282147018506767e+06  -8.886374541420311e+06  4.415090362296679e+06  1.719473224547349e+06  -8.478860459456812e+05  -2.376657187741400e-01  -2.737999437795722e-01  -3.545601994462703e-01
  1.364999999999993e+00  -5.858104692717644e+04  6.878149368326486e+06  -8.525923264046865e+06  4.224521795303354e+06  1.599528785250715e+06  -8.634365081995763e+05  -2.288038944723595e-01  -2.587217439408234e-01  -3.348538272905587e-01
  1.369999999999993e+00  -2.259301997727803e+05  6.484040824229395e+06  -8.170813443270914e+06  4.038067323388041e+06  1.481301313754409e+06  -8.776778348555595e+05  -2.201018630443455e-01  -2.439840453823381e-01  -3.154315443436518e-01
  1.374999999999993e+00  -3.872807761836554e+05  6.100521940826260e+06  -7.822591448638621e+06  3.856456602762361e+06  1.365221008343551e+06  -8.906440355636161e+05  -2.115876160449280e-01  -2.296084927623554e-01  -2.963872905737828e-01
  1.379999999999993e+00  -5.421981258564850e+05  5.728808326500440e+06  -7.483246388458929e+06  3.680373048932410e+06  1.251664590032703e+06  -9.022513069870990e+05  -2.032894576886353e-01  -2.156430810246865e-01  -2.777833044548093e-01
  1.384999999999992e+00  -6.903452718493665e+05  5.369666332922878e+06  -7.154145546977001e+06  3.510318211887876e+06  1.140873589515417e+06  -9.124708511761929e+05  -1.952235092354192e-01  -2.021140577772975e-01  -2.596711765354741e-01
  1.389999999999992e+00  -8.314612085950049e+05  5.023866845740833e+06  -6.836221570597114e+06  3.346629078858347e+06  1.032943253356415e+06  -9.211626650245282e+05  -1.873931520728109e-01  -1.890444347873929e-01  -2.420814197657924e-01
  1.394999999999992e+00  -9.653848579221257e+05  4.691286339381970e+06  -6.530165364416664e+06  3.189510638124523e+06  9.279781060975458e+05  -9.285475638491753e+05  -1.798042055772375e-01  -1.764264577610688e-01  -2.250420684203647e-01
  1.399999999999992e+00  -1.092003841498415e+06  4.372259169015327e+06  -6.236288075158256e+06  3.039022874805401e+06  8.259188416649741e+05  -9.345079937600592e+05  -1.724458995330017e-01  -1.642668106596621e-01  -2.085530043722812e-01
  1.404999999999992e+00  -1.211377533654056e+06  4.066830809832683e+06  -5.954477271787617e+06  2.895082355089073e+06  7.266347162642343e+05  -9.389056165676832e+05  -1.653000870263186e-01  -1.525589508360728e-01  -1.925996528932130e-01
  1.409999999999992e+00  -1.323456417084620e+06  3.774366918743027e+06  -5.684756542738023e+06  2.757577653653976e+06  6.300395564046678e+05  -9.419733565892988e+05  -1.583589550261717e-01  -1.412793599919258e-01  -1.771750280992116e-01
  1.414999999999992e+00  -1.428442478877865e+06  3.494543542555497e+06  -5.426636646650587e+06  2.626255700329318e+06  5.359408563076262e+05  -9.435549423448220e+05  -1.515975558199139e-01  -1.304096462283514e-01  -1.622462159251648e-01
  1.419999999999992e+00  -1.526567351962359e+06  3.226716404246420e+06  -5.179613084206689e+06  2.500827102443425e+06  4.441602635194622e+05  -9.436072426077827e+05  -1.449952057404657e-01  -1.199224635729948e-01  -1.477801064489152e-01
  1.424999999999992e+00  -1.618297217757581e+06  2.970179985468148e+06  -4.943112285951785e+06  2.380959069170843e+06  3.545439346227316e+05  -9.420200580082148e+05  -1.385335341681562e-01  -1.097894936470064e-01  -1.337294880336112e-01
  1.429999999999992e+00  -1.703646829676202e+06  2.723988530902743e+06  -4.716611483050666e+06  2.266328570546063e+06  2.669153032877665e+05  -9.388780603780582e+05  -1.321927894369332e-01  -9.997453904196518e-02  -1.200748736137842e-01
  1.434999999999991e+00  -1.783120888371041e+06  2.487391105019249e+06  -4.499462080724728e+06  2.156569552798746e+06  1.811405320979620e+05  -9.340395453848640e+05  -1.259562409021925e-01  -9.044739325674446e-02  -1.067682081996626e-01
  1.439999999999991e+00  -1.857242768458649e+06  2.259583392104560e+06  -4.291238792183725e+06  2.051365174423438e+06  9.716035353702772e+04  -9.274662342937571e+05  -1.198163696763428e-01  -8.118218980122432e-02  -9.376049842037515e-02
  1.444999999999991e+00  -1.926000124093825e+06  2.039846627482353e+06  -4.091154905559042e+06  1.950338191222419e+06  1.479393072644470e+04  -9.191017447233779e+05  -1.137508710315376e-01  -7.214329755292853e-02  -8.103942371863672e-02
  1.449999999999991e+00  -1.989849794165532e+06  1.827583835319210e+06  -3.898794090990380e+06  1.853197268391149e+06  -6.598160086891850e+04  -9.089053743737285e+05  -1.077563615368855e-01  -6.331140031519870e-02  -6.856231685324508e-02
  1.454999999999991e+00  -2.049032389674184e+06  1.622303483533635e+06  -3.713693031975699e+06  1.759662015135507e+06  -1.452056985179222e+05  -8.968641076513524e+05  -1.018274902288686e-01  -5.466863578463665e-02  -5.630230576384612e-02
  1.459999999999991e+00  -2.103835845315563e+06  1.423575258281082e+06  -3.535707454424560e+06  1.669563225914802e+06  -2.228248174915280e+05  -8.830614179983375e+05  -9.596641684989682e-02  -4.620827961188841e-02  -4.423192834928207e-02
  1.464999999999991e+00  -2.154162658676814e+06  1.231280302908993e+06  -3.363918535357307e+06  1.582543165481845e+06  -2.989927422222557e+05  -8.673759682249692e+05  -9.016136350148962e-02  -3.791167250383427e-02  -3.235060418108728e-02
  1.469999999999991e+00  -2.200211576171622e+06  1.045241582466149e+06  -3.198265542430243e+06  1.498498756567158e+06  -3.736398162775610e+05  -8.499263429944767e+05  -8.442042662162415e-02  -2.978289199720279e-02  -2.064069798774085e-02
  1.474999999999991e+00  -2.242051638151858e+06  8.653508226090738e+05  -3.038687188169701e+06  1.417381673059360e+06  -4.467055181549440e+05  -8.308284649060256e+05  -7.874671659886770e-02  -2.182687687583309e-02  -9.100286269874283e-03
  1.479999999999990e+00  -2.279589751978866e+06  6.918008075534778e+05  -2.884514319375041e+06  1.338931424108204e+06  -5.183229940852900e+05  -8.100515078242458e+05  -7.314505881703420e-02  -1.404370858329398e-02  2.267942563034659e-03
  1.484999999999990e+00  -2.312861224257575e+06  5.245981739484370e+05  -2.735835820157570e+06  1.263173987903026e+06  -5.884556640487307e+05  -7.877494766240772e+05  -6.762353030887150e-02  -6.445899340861570e-03  1.345719575943808e-02
  1.489999999999990e+00  -2.341834880552475e+06  3.638384888832060e+05  -2.592565486377676e+06  1.190083790785478e+06  -6.571468139690518e+05  -7.640205733860465e+05  -6.218890740558759e-02  9.565494572130553e-04  2.445487522163513e-02
  1.494999999999990e+00  -2.366437606046539e+06  2.095731495690715e+05  -2.454685363395167e+06  1.119699527598204e+06  -7.244049871160607e+05  -7.389248415782796e+05  -5.683856200813339e-02  8.158744443723274e-03  3.524006884571014e-02
  1.499999999999990e+00  -2.386721380628976e+06  6.193605417645603e+04  -2.322176499348374e+06  1.051933370144599e+06  -7.904274927655772e+05  -7.126141734916421e+05  -5.159413665474445e-02  1.514256490670201e-02  4.580516023384846e-02
  1.504999999999990e+00  -2.402663404078207e+06  -7.913290203854338e+04  -2.195201083250455e+06  9.868601591735057e+05  -8.552605767625659e+05  -6.851632461202587e+05  -4.645149298761696e-02  2.190428927804764e-02  5.612583181527289e-02
  1.509999999999990e+00  -2.414216943426730e+06  -2.136941995777123e+05  -2.073796930003225e+06  9.244820952546335e+05  -9.189551425209801e+05  -6.565747371222737e+05  -4.140188142891320e-02  2.844664124487152e-02  6.618235158767330e-02
  1.514999999999990e+00  -2.421563707943074e+06  -3.419143507159412e+05  -1.958342264545443e+06  8.648090563985793e+05  -9.817516020184145e+05  -6.270866957731771e+05  -3.646347871712455e-02  3.475257133598609e-02  7.596127863664331e-02
  1.519999999999990e+00  -2.424708800059934e+06  -4.640279616689166e+05  -1.848955166089572e+06  8.078329544707033e+05  -1.043697420696985e+06  -5.967037712640129e+05  -3.162203259331866e-02  4.083086180055021e-02  8.544494523648387e-02
  1.524999999999989e+00  -2.423736466566143e+06  -5.803304485653787e+05  -1.745826707705576e+06  7.535164936910906e+05  -1.104886754918643e+06  -5.655012228251171e+05  -2.687075162977735e-02  4.668615227979268e-02  9.462233655753935e-02
  1.529999999999989e+00  -2.418712091019297e+06  -6.910918594301945e+05  -1.649018078156810e+06  7.017276522319842e+05  -1.165333477415706e+06  -5.334813651278971e+05  -2.219769583477975e-02  5.232903871105329e-02  1.034947182216672e-01
  1.534999999999989e+00  -2.409840513006752e+06  -7.968435150776436e+05  -1.558916952300973e+06  6.525129793054259e+05  -1.225209175772723e+06  -5.008863827225481e+05  -1.760130166692169e-02  5.776185521160157e-02  1.120466399698342e-01
  1.539999999999989e+00  -2.397197374496565e+06  -8.979342066123511e+05  -1.475498539073873e+06  6.057050415041393e+05  -1.284463334734919e+06  -4.677225196727360e+05  -1.306538224530271e-02  6.300191862564247e-02  1.202875481999533e-01
  1.544999999999989e+00  -2.380957999510411e+06  -9.946746737715391e+05  -1.398819431210630e+06  5.611089162971627e+05  -1.343026549640284e+06  -4.340485397291114e+05  -8.580789570918622e-03  6.806122910862129e-02  1.282375528931506e-01
  1.549999999999989e+00  -2.361237825289702e+06  -1.087664436069964e+06  -1.328951830725672e+06  5.187326212549465e+05  -1.400982748363521e+06  -4.000544178231489e+05  -4.134326569265699e-03  7.295842080418777e-02  1.358873194337889e-01
  1.554999999999989e+00  -2.338223288655427e+06  -1.177188109313881e+06  -1.265858005892310e+06  4.783625161550989e+05  -1.458199675924547e+06  -3.658000438310218e+05  2.834484989358064e-04  7.770921489985250e-02  1.432652648827405e-01
  1.559999999999989e+00  -2.312114241603298e+06  -1.263586389578422e+06  -1.209520788467654e+06  4.398572262590422e+05  -1.514597738360949e+06  -3.313963932898170e+05  4.680893822954581e-03  8.232996836927095e-02  1.503916331007564e-01
  1.564999999999989e+00  -2.283238464314273e+06  -1.347054195604506e+06  -1.160004510983734e+06  4.030550713651842e+05  -1.570073772835264e+06  -2.969562263706268e+05  9.059987710256710e-03  8.683071112484467e-02  1.572957415032511e-01
  1.569999999999989e+00  -2.251635606175696e+06  -1.428046554791613e+06  -1.117090840010172e+06  3.679005598868051e+05  -1.624577554650182e+06  -2.625805698703547e+05  1.343495439114111e-02  9.123833372266628e-02  1.639816228227488e-01
  1.574999999999988e+00  -2.217663477791466e+06  -1.506658254724006e+06  -1.080833095324433e+06  3.342465068075337e+05  -1.677981110379516e+06  -2.283551402715469e+05  1.780399282781415e-02  9.556031203993755e-02  1.704790928236269e-01
  1.579999999999988e+00  -2.181703620079906e+06  -1.582954107944757e+06  -1.051268581020838e+06  3.020216881169103e+05  -1.730212894683709e+06  -1.943737645921687e+05  2.216415365378498e-02  9.980326939775050e-02  1.768075588251215e-01
  1.584999999999988e+00  -2.143818827587943e+06  -1.657188497562280e+06  -1.028175698961113e+06  2.711353812549670e+05  -1.781143000828805e+06  -1.606543556767725e+05  2.652120519702152e-02  1.039854945262083e-01  1.829742471692164e-01
  1.589999999999988e+00  -2.104402983895087e+06  -1.729309924948015e+06  -1.011595292042902e+06  2.415466079535271e+05  -1.830684888388936e+06  -1.272462345632962e+05  3.086728530304960e-02  1.081066984585825e-01  1.889923843028446e-01
  1.594999999999988e+00  -2.063729571171784e+06  -1.799299605629687e+06  -1.001447591453547e+06  2.132326524767416e+05  -1.878742544716720e+06  -9.416352918895301e+04  3.519625039255175e-02  1.121685990155666e-01  1.948658412152494e-01
  1.599999999999988e+00  -2.022105754904072e+06  -1.867078152334152e+06  -9.976004258290227e+05  1.862566106993819e+05  -1.925260574273729e+06  -6.143265636449042e+04  3.949915089622037e-02  1.161699405445903e-01  2.005910887642367e-01
  1.604999999999988e+00  -1.979653238788082e+06  -1.932585858697828e+06  -9.999488924541678e+05  1.605223474710902e+05  -1.970037155281894e+06  -2.898167763420573e+04  4.376789230693805e-02  1.201056369414764e-01  2.061682718619316e-01
  1.609999999999988e+00  -1.936648310389027e+06  -1.995631735645752e+06  -1.008324597216808e+06  1.361258525996929e+05  -2.013010079149455e+06  3.183915905280659e+03  4.798937515286465e-02  1.239665862222736e-01  2.115864503174898e-01
  1.614999999999988e+00  -1.893269631287069e+06  -2.056083068555059e+06  -1.022457856209954e+06  1.131996416028472e+05  -2.054096119468781e+06  3.506352964756556e+04  5.215141459392983e-02  1.277449957394937e-01  2.168324006577977e-01
  1.619999999999987e+00  -1.849666572149617e+06  -2.113650952777505e+06  -1.042267369818444e+06  9.167009990607464e+04  -2.093104024108933e+06  6.672081251302832e+04  5.623875138701026e-02  1.314220823667115e-01  2.218983600224032e-01
  1.624999999999987e+00  -1.805974833578726e+06  -2.168126398831119e+06  -1.067433955094559e+06  7.168983088459058e+04  -2.129967888888770e+06  9.813575737263718e+04  6.023751770665932e-02  1.349860706444575e-01  2.267678532235415e-01
  1.629999999999987e+00  -1.762292870444125e+06  -2.219271687290468e+06  -1.097684317621884e+06  5.334494979480653e+04  -2.164582413783794e+06  1.292969810596053e+05  6.413361566689020e-02  1.384222693824644e-01  2.314276805058493e-01
  1.634999999999987e+00  -1.718633368415380e+06  -2.266985576652439e+06  -1.132671503623556e+06  3.677441228856571e+04  -2.196827153528529e+06  1.601775657305757e+05  6.791604996078680e-02  1.417204706430646e-01  2.358679141525223e-01
  1.639999999999987e+00  -1.675156211709784e+06  -2.310786214419070e+06  -1.172207854695180e+06  2.193981193941382e+04  -2.226651020314649e+06  1.907339518324610e+05  7.156829788778354e-02  1.448588213821815e-01  2.400740715798947e-01
  1.644999999999987e+00  -1.631843401364681e+06  -2.350584745323035e+06  -1.215899510458717e+06  8.970381880404340e+03  -2.253978466383033e+06  2.208944007924784e+05  7.508200600200184e-02  1.478296726383347e-01  2.440383442971993e-01
  1.649999999999987e+00  -1.588631300952406e+06  -2.386347733993410e+06  -1.263368619665074e+06  -2.059080012087705e+03  -2.278697738634000e+06  2.505979788672071e+05  7.845176672275808e-02  1.506273763652308e-01  2.477570543077232e-01
  1.654999999999987e+00  -1.545674202600953e+06  -2.417635938897255e+06  -1.314334363192293e+06  -1.117072373003026e+04  -2.300877458907888e+06  2.797121400729544e+05  8.166595011773374e-02  1.532364289583460e-01  2.512181960483656e-01
  1.659999999999987e+00  -1.502892192961690e+06  -2.444492528749849e+06  -1.368382540743632e+06  -1.831921256777856e+04  -2.320449791185074e+06  3.081447166912837e+05  8.472371199714074e-02  1.556563047209882e-01  2.544221067605891e-01
  1.664999999999986e+00  -1.460272693684913e+06  -2.466857088269484e+06  -1.425134349584545e+06  -2.351540514732578e+04  -2.337407315743207e+06  3.357817506168991e+05  8.762396772579412e-02  1.578850766656340e-01  2.573677919910698e-01
  1.669999999999986e+00  -1.417748392592643e+06  -2.484785518474680e+06  -1.484193067179510e+06  -2.680857133588061e+04  -2.351676659068589e+06  3.625282552808599e+05  9.037097900664871e-02  1.599272835992522e-01  2.600570642647734e-01
  1.674999999999986e+00  -1.375428303927017e+06  -2.498123072367860e+06  -1.545214326855267e+06  -2.823566355984434e+04  -2.363443395107629e+06  3.882115480158792e+05  9.296204155286436e-02  1.617786591366487e-01  2.624896773728204e-01
  1.679999999999986e+00  -1.333246356318055e+06  -2.507044254315814e+06  -1.607816475733121e+06  -2.788339483412541e+04  -2.372663393232123e+06  4.127378824039476e+05  9.540538197860787e-02  1.634487746216807e-01  2.646722067141219e-01
  1.684999999999986e+00  -1.291208876045028e+06  -2.511658735138955e+06  -1.671673034521081e+06  -2.587745471257336e+04  -2.379300426983163e+06  4.359911220264583e+05  9.771024045887852e-02  1.649484630867426e-01  2.666106402756404e-01
  1.689999999999986e+00  -1.249354432067286e+06  -2.512090103470529e+06  -1.736454641018595e+06  -2.229061662675825e+04  -2.383596372521573e+06  4.578499010452366e+05  9.987916271083376e-02  1.662810877687144e-01  2.683137181801036e-01
  1.694999999999986e+00  -1.207702236111869e+06  -2.508562097248772e+06  -1.801900682172016e+06  -1.727693929102092e+04  -2.385535823112848e+06  4.782231177539578e+05  1.019234810923823e-01  1.674609689031329e-01  2.697918578333333e-01
  1.699999999999986e+00  -1.166305448751199e+06  -2.501298918559989e+06  -1.867787344761932e+06  -1.098104967214665e+04  -2.385205930473974e+06  4.970219221574613e+05  1.038522046471809e-01  1.685002306098100e-01  2.710571415514559e-01
  1.704999999999986e+00  -1.125293013641011e+06  -2.490452375414486e+06  -1.933983447695754e+06  -3.571557849906291e+03  -2.382639425659271e+06  5.141272962291226e+05  1.056753696730000e-01  1.694126255642996e-01  2.721240986077100e-01
  1.709999999999986e+00  -1.084644690686518e+06  -2.476484944941424e+06  -2.000265528417939e+06  4.833162945932388e+03  -2.378082453444725e+06  5.295608012428362e+05  1.073991260442908e-01  1.702085872557784e-01  2.730080921679850e-01
  1.714999999999985e+00  -1.044509368052332e+06  -2.459610862478008e+06  -2.066582606942949e+06  1.405975894844350e+04  -2.371568725115018e+06  5.432511891382190e+05  1.090331204397516e-01  1.709025255316398e-01  2.737265597455827e-01
  1.719999999999985e+00  -1.005060612288741e+06  -2.439997973912408e+06  -2.132919980304582e+06  2.395879452866237e+04  -2.363178432865677e+06  5.551153614816770e+05  1.105842507827444e-01  1.715062171540934e-01  2.743006403531120e-01
  1.724999999999985e+00  -9.662955545295840e+05  -2.418210877708414e+06  -2.199133362682526e+06  3.438813168574300e+04  -2.353103908619808e+06  5.652818370022188e+05  1.120589434238586e-01  1.720321913546155e-01  2.747454705042365e-01
  1.729999999999985e+00  -9.284036567301224e+05  -2.394411831608314e+06  -2.265246288403567e+06  4.520979580922481e+04  -2.341406482611507e+06  5.737123104648030e+05  1.134622778358663e-01  1.724908502907944e-01  2.750829253889777e-01
  1.734999999999985e+00  -8.915141193366918e+05  -2.368871262278301e+06  -2.331228867959226e+06  5.629990459209212e+04  -2.328191996968338e+06  5.804452070339635e+05  1.147977678262232e-01  1.728915629528271e-01  2.753327723829456e-01
  1.739999999999985e+00  -8.557661940299079e+05  -2.341739511322945e+06  -2.397046846078605e+06  6.757086471710728e+04  -2.313591332002606e+06  5.854795046645065e+05  1.160663205637212e-01  1.732414240188895e-01  2.755164061626100e-01
  1.744999999999985e+00  -8.212397626069057e+05  -2.313449394483446e+06  -2.462611305232332e+06  7.888126989150340e+04  -2.297657230750180e+06  5.890018773332842e+05  1.172708021099082e-01  1.735490886331728e-01  2.756454446776020e-01
  1.749999999999985e+00  -7.880760430253826e+05  -2.284066756686699e+06  -2.527860833857294e+06  9.016732001052551e+04  -2.280496308839612e+06  5.910276378324975e+05  1.184092095945858e-01  1.738182632106315e-01  2.757379082920640e-01
  1.754999999999985e+00  -7.563446250373204e+05  -2.253709755782554e+06  -2.592637522022618e+06  1.013918935909909e+05  -2.262268911696833e+06  5.916190060450286e+05  1.194789064622281e-01  1.740530137962568e-01  2.758056039505122e-01
  1.759999999999984e+00  -7.261815468493343e+05  -2.222578252244230e+06  -2.656858158565119e+06  1.124368175820008e+05  -2.242930760419108e+06  5.909281179995782e+05  1.204771513154399e-01  1.742535625444337e-01  2.758571093986540e-01
  1.764999999999984e+00  -6.976385178072323e+05  -2.190689775516204e+06  -2.720314247020662e+06  1.232912757006792e+05  -2.222630149865245e+06  5.890151818882683e+05  1.213984915196941e-01  1.744194749612432e-01  2.758984581473594e-01
  1.769999999999984e+00  -6.707610285483242e+05  -2.158087865109596e+06  -2.782783413438699e+06  1.339268539859134e+05  -2.201454396745143e+06  5.859801982337263e+05  1.222370788753062e-01  1.745481763174892e-01  2.759312079295607e-01
  1.774999999999984e+00  -6.455001063127161e+05  -2.124855703284580e+06  -2.843902788457689e+06  1.443590499143956e+05  -2.179562395856891e+06  5.819494684873438e+05  1.229876990957047e-01  1.746394249570908e-01  2.759483759653491e-01
  1.779999999999984e+00  -6.219781104608482e+05  -2.090855229473209e+06  -2.903585351130829e+06  1.545174961991621e+05  -2.156878687633588e+06  5.769867589482283e+05  1.236408136381234e-01  1.746788369314674e-01  2.759538511275949e-01
  1.784999999999984e+00  -6.000976732475390e+05  -2.056096130207468e+06  -2.961431663846220e+06  1.644373731200144e+05  -2.133562618598015e+06  5.712076368676855e+05  1.241901093583293e-01  1.746616716654011e-01  2.759355724543634e-01
  1.789999999999984e+00  -5.797935997082415e+05  -2.020521355565983e+06  -3.017121359198203e+06  1.741288585722614e+05  -2.109686152105207e+06  5.647110961240481e+05  1.246284107914902e-01  1.745781529792370e-01  2.758836836983633e-01
  1.794999999999984e+00  -5.609112360452693e+05  -1.984178009376471e+06  -3.070223966824290e+06  1.836336830399922e+05  -2.085326905174794e+06  5.576309477384989e+05  1.249508994035372e-01  1.744231212919265e-01  2.757828995126070e-01
  1.799999999999984e+00  -5.434805312920492e+05  -1.946759042214579e+06  -3.120685154195318e+06  1.929146915643266e+05  -2.060490420240181e+06  5.499657676690107e+05  1.251478922319190e-01  1.741731038199485e-01  2.756331942773348e-01
  1.804999999999984e+00  -5.273147867332856e+05  -1.908300786813505e+06  -3.168120115088832e+06  2.020186952896449e+05  -2.035258877353248e+06  5.418271988037522e+05  1.252166731498740e-01  1.738221487374510e-01  2.754198937239243e-01
  1.809999999999983e+00  -5.122549616490141e+05  -1.868857365960167e+06  -3.212264438827578e+06  2.109791193679791e+05  -2.009622111335699e+06  5.332970119987583e+05  1.251552133002254e-01  1.733634549565326e-01  2.751356188255651e-01
  1.814999999999983e+00  -4.982742244055079e+05  -1.828126755091637e+06  -3.253112205735629e+06  2.197713239895708e+05  -1.983693818354504e+06  5.243476209765038e+05  1.249598502940842e-01  1.727771067095461e-01  2.747790269431272e-01
  1.819999999999983e+00  -4.852230599169567e+05  -1.786197628420344e+06  -3.290500229394490e+06  2.284222439050474e+05  -1.957477245411379e+06  5.150299483507822e+05  1.246326232171183e-01  1.720599304281167e-01  2.743472076772231e-01
  1.824999999999983e+00  -4.730173659592784e+05  -1.743053538595903e+06  -3.324420413663728e+06  2.369309337201757e+05  -1.931002660682628e+06  5.053401643992900e+05  1.241762853588113e-01  1.712058051193184e-01  2.738430230901811e-01
  1.829999999999983e+00  -4.615921301855416e+05  -1.698783236414172e+06  -3.355003224917572e+06  2.452846690620482e+05  -1.904196173684391e+06  4.952447093900745e+05  1.235950057178954e-01  1.702113397783398e-01  2.732784009593904e-01
  1.834999999999983e+00  -4.509097265004236e+05  -1.653218931273235e+06  -3.382239396141770e+06  2.534631068116190e+05  -1.877302705302497e+06  4.847190619309350e+05  1.228960377207166e-01  1.690740905878581e-01  2.726513836361908e-01
  1.839999999999983e+00  -4.409338463031236e+05  -1.606497139705387e+06  -3.406315304423851e+06  2.614396752099780e+05  -1.850264513522770e+06  4.737130519911373e+05  1.220872041677260e-01  1.677973635916673e-01  2.719775037733373e-01
  1.844999999999983e+00  -4.316593748576554e+05  -1.558699656476740e+06  -3.427514230715713e+06  2.691611488764951e+05  -1.823023560182123e+06  4.621346138726691e+05  1.211762576592497e-01  1.663825331072802e-01  2.712754239481476e-01
  1.849999999999983e+00  -4.230548990225562e+05  -1.509791201890419e+06  -3.445762994604944e+06  2.766043130765263e+05  -1.795850172548792e+06  4.499961393846100e+05  1.201756899926165e-01  1.648413078184080e-01  2.705431953420793e-01
  1.854999999999982e+00  -4.151251579465779e+05  -1.459890334750426e+06  -3.461319387457032e+06  2.837051355945675e+05  -1.768688844287544e+06  4.372146332776429e+05  1.190944603721273e-01  1.631799507848684e-01  2.697995688273714e-01
  1.859999999999982e+00  -4.078644376373959e+05  -1.409065484616801e+06  -3.474305065068830e+06  2.904037159803667e+05  -1.741599379955701e+06  4.237450284918292e+05  1.179426059717151e-01  1.614079198800747e-01  2.690550417911806e-01
  1.864999999999982e+00  -4.012694274701885e+05  -1.357352693930276e+06  -3.484886696175108e+06  2.966171968468181e+05  -1.714598287553348e+06  4.095049317842078e+05  1.167284741939688e-01  1.595307728698266e-01  2.683208757523028e-01
  1.869999999999982e+00  -3.953213529610239e+05  -1.304901736101954e+06  -3.492937345484050e+06  3.023190413167198e+05  -1.687870272027253e+06  3.945700425752637e+05  1.154637731104179e-01  1.575685442650579e-01  2.675980631996190e-01
  1.874999999999982e+00  -3.900209612281914e+05  -1.251791677781941e+06  -3.498582720818855e+06  3.074254590120238e+05  -1.661420501165375e+06  3.788820097082646e+05  1.141550127298825e-01  1.555268813955308e-01  2.668962143265665e-01
  1.879999999999982e+00  -3.853634865705629e+05  -1.198073091144869e+06  -3.501842531673177e+06  3.118600310067987e+05  -1.635334557224374e+06  3.624022310401897e+05  1.128089991656501e-01  1.534125613837181e-01  2.662182411537511e-01
  1.884999999999982e+00  -3.813609640802343e+05  -1.144018769245354e+06  -3.502656472380818e+06  3.155888783811799e+05  -1.609700893999197e+06  3.452296974867196e+05  1.114324989831272e-01  1.512419620259666e-01  2.655694377587846e-01
  1.889999999999982e+00  -3.780291650971071e+05  -1.089729345260933e+06  -3.501054904123334e+06  3.185416541510915e+05  -1.584596189574787e+06  3.273395750356714e+05  1.100297300556280e-01  1.490194008789209e-01  2.649522609585524e-01
  1.894999999999982e+00  -3.753978479640346e+05  -1.035388749902159e+06  -3.497032238325913e+06  3.206677139061942e+05  -1.560115798519935e+06  3.087590265449651e+05  1.086045368287324e-01  1.467521023537307e-01  2.643689516416911e-01
  1.899999999999981e+00  -3.735016461581687e+05  -9.811512524065840e+05  -3.490530692831714e+06  3.219226651177087e+05  -1.536420602162122e+06  2.895073190739869e+05  1.071613871590300e-01  1.444472946961151e-01  2.638178721291399e-01
  1.904999999999981e+00  -3.724019774593601e+05  -9.273413950119881e+05  -3.481662446346867e+06  3.222760551013926e+05  -1.513494947165873e+06  2.696570048175793e+05  1.056993355764370e-01  1.421086773975688e-01  2.633080137398908e-01
  1.909999999999981e+00  -3.721472066443361e+05  -8.741207131590330e+05  -3.470403980339698e+06  3.217005583508528e+05  -1.491488097959293e+06  2.492265283562755e+05  1.042206473186309e-01  1.397397545699527e-01  2.628369457856041e-01
  1.914999999999981e+00  -3.727787231883548e+05  -8.216991795922687e+05  -3.456684576756911e+06  3.201884830624030e+05  -1.470561201375538e+06  2.282731311530357e+05  1.027276454387424e-01  1.373464521384750e-01  2.624018832528763e-01
  1.919999999999981e+00  -3.743564068730465e+05  -7.702993785343013e+05  -3.440688083880797e+06  3.177317067957270e+05  -1.450654866036035e+06  2.068281362437358e+05  1.012154869244589e-01  1.349228830473563e-01  2.620089249218335e-01
  1.924999999999981e+00  -3.769005255446183e+05  -7.200747572355777e+05  -3.422346143763412e+06  3.143489676155048e+05  -1.431906329746388e+06  1.849465009533060e+05  9.968497426038803e-02  1.324716477252655e-01  2.616521928167942e-01
  1.929999999999981e+00  -3.804171153500244e+05  -6.711627003096570e+05  -3.401655428448180e+06  3.100702252821819e+05  -1.414366118757591e+06  1.626836089332702e+05  9.813423594280470e-02  1.299913236994973e-01  2.613277735439540e-01
  1.934999999999981e+00  -3.848674681445038e+05  -6.237073960210666e+05  -3.378502885638998e+06  3.049460390404096e+05  -1.398101744567673e+06  1.401395054082751e+05  9.656206373266965e-02  1.274842414090551e-01  2.610289873493861e-01
  1.939999999999981e+00  -3.902392879923407e+05  -5.776651869228099e+05  -3.353065679278337e+06  2.990257784684403e+05  -1.383033365668685e+06  1.172954411682399e+05  9.496298153897567e-02  1.249376240947233e-01  2.607507938981072e-01
  1.944999999999981e+00  -3.964396878702759e+05  -5.330698524006688e+05  -3.325213427816057e+06  2.923909946933886e+05  -1.369196191054154e+06  9.424836025091069e+04  9.333579281877481e-02  1.223528497984185e-01  2.604822328036270e-01
  1.949999999999980e+00  -4.033536104919216e+05  -4.899469552368122e+05  -3.294847094778946e+06  2.851323388000326e+05  -1.356549663978226e+06  7.110496375046272e+04  9.167751130385349e-02  1.197299149373972e-01  2.602133156792568e-01
  1.954999999999980e+00  -4.108785945205926e+05  -4.480335400716123e+05  -3.262099350555884e+06  2.773497724042629e+05  -1.345031792282060e+06  4.782755173916327e+04  8.998593865823132e-02  1.170576520249743e-01  2.599315132063406e-01
  1.959999999999980e+00  -4.188546671014040e+05  -4.072559670534678e+05  -3.226880977739852e+06  2.691597725938126e+05  -1.334578388803869e+06  2.451662143294582e+04  8.825959005074660e-02  1.143374935925709e-01  2.596248775218225e-01
  1.964999999999980e+00  -4.271217733187120e+05  -3.674276559294849e+05  -3.189209362620129e+06  2.606866630818872e+05  -1.325099712919720e+06  1.220684194349096e+03  8.649757077064947e-02  1.115674794365391e-01  2.592815165784314e-01
  1.969999999999980e+00  -4.355311470984174e+05  -3.284313324731765e+05  -3.149138042649646e+06  2.520609742021952e+05  -1.316437735283530e+06  -2.199274293953453e+04  8.469778697548506e-02  1.087470560456255e-01  2.588920872228103e-01
  1.974999999999980e+00  -4.438925976854123e+05  -2.898316860267693e+05  -3.106767252773231e+06  2.434259121668310e+05  -1.308587118619461e+06  -4.514871511144874e+04  8.286556883208107e-02  1.058748474606100e-01  2.584430682917414e-01
  1.979999999999980e+00  -4.520592433253222e+05  -2.514785865173672e+05  -3.062202497644248e+06  2.349207913022636e+05  -1.301390796611888e+06  -6.818494505205307e+04  8.100155800132663e-02  1.029538617165034e-01  2.579279936662567e-01
  1.984999999999980e+00  -4.599294434817572e+05  -2.132219853802171e+05  -3.015665446196856e+06  2.266884384572545e+05  -1.294661191674954e+06  -9.108415761439872e+04  7.910637467187251e-02  9.998523342318341e-02  2.573426679041053e-01
  1.989999999999980e+00  -4.673121257517670e+05  -1.746179960752157e+05  -2.967266542393158e+06  2.188696058334268e+05  -1.288446735855270e+06  -1.138343898623576e+05  7.719094087308130e-02  9.697696912640243e-02  2.566792962513070e-01
  1.994999999999979e+00  -4.741484452015618e+05  -1.355443993339815e+05  -2.917280858427835e+06  2.115961578164522e+05  -1.282580361215958e+06  -1.364204804881209e+05  7.525827726201599e-02  9.393397796370065e-02  2.559384523248102e-01
  1.999999999999979e+00  -4.803776828455754e+05  -9.580133448989617e+04  -2.865975857551620e+06  2.049917456105433e+05  -1.276982084127051e+06  -1.588406593646021e+05  7.331521942899183e-02  9.086385625366597e-02  2.551209151130043e-01
