TITLE = "Temporal Signal for receiver number 00004"
VARIABLES = "Time","s_xx","s_yy","s_zz","s_xy","s_yz","s_xz","v1","v2","v3"
# x1       -1.167782355977e+04
# x2       -9.253024692744e+03
# x3       -1.938784107997e+04
# cell-global-id 3859
  0.000000000000000e+00  0.000000000000000e+00  0.000000000000000e+00  0.000000000000000e+00  0.000000000000000e+00  0.000000000000000e+00  0.000000000000000e+00  0.000000000000000e+00  0.000000000000000e+00  0.000000000000000e+00
  5.000000000000000e-03  0.000000000000000e+00  0.000000000000000e+00  0.000000000000000e+00  0.000000000000000e+00  0.000000000000000e+00  0.000000000000000e+00  0.000000000000000e+00  0.000000000000000e+00  0.000000000000000e+00
  1.000000000000000e-02  0.000000000000000e+00  0.000000000000000e+00  0.000000000000000e+00  0.000000000000000e+00  0.000000000000000e+00  0.000000000000000e+00  0.000000000000000e+00  0.000000000000000e+00  0.000000000000000e+00
  1.500000000000000e-02  0.000000000000000e+00  0.000000000000000e+00  0.000000000000000e+00  0.000000000000000e+00  0.000000000000000e+00  0.000000000000000e+00  0.000000000000000e+00  0.000000000000000e+00  0.000000000000000e+00
  2.000000000000000e-02  0.000000000000000e+00  0.000000000000000e+00  0.000000000000000e+00  0.000000000000000e+00  0.000000000000000e+00  0.000000000000000e+00  0.000000000000000e+00  0.000000000000000e+00  0.000000000000000e+00
  2.500000000000000e-02  -2.896333479711535e-27  -5.633795235673328e-27  -1.234777548025092e-26  7.218110671458138e-28  -6.162404382851583e-27  2.755629411021038e-27  -1.663221557828849e-35  1.615166163545362e-34  2.276373993801579e-34
  3.000000000000000e-02  -4.359886226336759e-23  -5.018504280509657e-23  -2.258269993629024e-23  1.159098278359477e-23  9.710143174532193e-25  -1.265031873255456e-23  -2.563520099138433e-31  8.137591213125496e-32  2.556203943510235e-31
  3.500000000000000e-02  6.838322990231667e-21  7.269367379009862e-21  6.871910475414354e-21  -2.382622565475316e-21  1.254236651645991e-21  8.775313381667198e-22  4.398887311403009e-29  -8.531845605332230e-29  -9.414711365359895e-29
  4.000000000000000e-02  -1.503320888405693e-19  -1.668182053167003e-19  -2.543326714668108e-19  5.908801297309433e-20  -7.181180075224239e-20  3.219965296963709e-20  -1.661447789051264e-27  3.077417884556401e-27  3.806820639670791e-27
  4.500000000000000e-02  3.169692102353511e-18  2.768597554149455e-18  4.918840436973366e-18  -1.075468070855022e-18  1.049568990496383e-18  -1.171085355333890e-18  4.358343172114209e-26  -4.171078411974273e-26  -7.660200862268846e-26
  5.000000000000000e-02  -2.229875869019570e-17  -2.295553060258640e-17  -4.552418963414770e-17  6.494096236322811e-18  -1.141766015874814e-17  1.177531639758269e-17  -3.165683727826104e-25  3.380646527807770e-25  7.724529375802762e-25
  5.499999999999999e-02  4.969613573441211e-17  8.841914927576942e-17  2.167441294407305e-16  -4.375175471791137e-18  6.274373221323973e-17  -3.296538209930022e-17  -3.415159828570263e-26  -1.082969513076879e-24  -4.225935347201791e-24
  5.999999999999999e-02  4.921257043585312e-16  2.729238634705728e-16  -8.186665209755890e-16  -3.524308863675454e-16  -2.431533096007026e-16  -4.415737970914053e-17  1.492038615947291e-23  -4.467176656704311e-24  1.931227790085805e-23
  6.499999999999999e-02  -4.444092087542707e-15  -4.571579452564962e-15  -1.851162169711185e-15  1.633270158803442e-15  -2.831408562319706e-16  1.894279883840681e-15  -9.975410323812163e-23  4.489430338237696e-23  1.179473787830061e-23
  6.999999999999999e-02  2.914621174225963e-14  3.144114417556171e-14  2.285202928313936e-14  -8.997188025726099e-15  5.165827103913596e-15  -1.176944136975552e-14  5.500616645605388e-22  -3.281819654740483e-22  -3.094796192410177e-22
  7.500000000000000e-02  -7.396060975157705e-14  -1.043505631190948e-13  -9.423659633101451e-14  1.409906511819202e-14  -2.661989642938568e-14  3.662326241644660e-14  -1.333974548235243e-21  8.868514433800215e-22  1.517872606729660e-21
  8.000000000000000e-02  2.345404001327563e-14  1.642829543210354e-13  1.987086097495362e-13  2.971873333868693e-14  7.507532693348092e-14  -5.274302504756674e-14  5.808108951300263e-22  -7.588635780651374e-22  -3.798962710360664e-21
  8.500000000000001e-02  5.649237815998213e-13  3.565031250686678e-13  3.179687861659166e-14  -2.932819893281310e-13  1.218679534063001e-14  -8.369780364289657e-14  9.723605519250271e-21  -8.168613511086668e-21  2.233591463799290e-21
  9.000000000000001e-02  -2.504149940691874e-12  -2.534857050831556e-12  -1.810044882807792e-12  8.311025127543609e-13  -5.828931623005840e-13  6.791271232274324e-13  -3.998116407527550e-20  3.659337747633044e-20  2.447098452673455e-20
  9.500000000000001e-02  6.391483882622080e-12  7.651127225297765e-12  7.435748539513845e-12  -1.604617778950518e-12  2.348640820968097e-12  -2.155145848838257e-12  9.461618815489644e-20  -9.989197158316005e-20  -1.157861324669216e-19
  1.000000000000000e-01  -4.144531369299935e-12  -9.014697357240863e-12  -1.148013121421033e-11  1.821300922323442e-13  -3.917081116784455e-12  2.165491445479468e-12  -5.153409009788389e-20  1.013234942380648e-19  2.075667546211961e-19
  1.050000000000000e-01  -1.314669525789910e-11  -8.397536071923969e-12  3.977153904207469e-12  5.730880183115211e-12  6.799798039583030e-13  1.452001823952183e-12  -2.265862157053865e-19  1.404312592987569e-19  -1.384866492333879e-19
  1.100000000000000e-01  3.690193424967849e-11  4.428000438117153e-11  2.727118339680015e-11  -9.381004963154935e-12  1.148175172419549e-11  -8.552332692700622e-12  5.077116678592681e-19  -5.479332972186584e-19  -3.767526684722399e-19
  1.150000000000000e-01  9.878630389235376e-13  -4.357402282206425e-11  -3.586061592811539e-11  -3.404118102341187e-12  -2.201984334195094e-11  1.095013733686319e-13  1.657446127484122e-19  4.916741266985145e-19  7.599223764225256e-19
  1.200000000000000e-01  -1.644766328782990e-10  -1.188719041523573e-10  -6.714557923618096e-11  4.922816660311668e-11  -1.503395950623749e-11  4.162604429081339e-11  -2.714901189273651e-18  1.635738143863199e-18  5.730923595325235e-19
  1.250000000000000e-01  3.120553651160141e-10  3.786707848843199e-10  2.993222629325220e-10  -6.601840412564062e-11  1.148961971784066e-10  -8.812791863815203e-11  4.317624115837599e-18  -4.532694406733067e-18  -4.504586289909050e-18
  1.300000000000000e-01  -2.421595128081170e-12  -2.364077404684612e-10  -2.903423493142115e-10  -4.615458812280331e-11  -1.323465865720342e-10  1.575376437930428e-11  1.766187243698956e-18  2.134432780458867e-18  5.569982495198353e-18
  1.350000000000000e-01  -1.087180662748806e-09  -7.643513638396024e-10  -5.605040861058018e-10  2.907890423346825e-10  -1.439422129179154e-10  2.785407741148661e-10  -1.774446380537224e-17  1.050044470770653e-17  6.001200034988121e-18
  1.400000000000000e-01  1.448487637173293e-09  1.593079659237918e-09  1.290167859378080e-09  -4.162506242751103e-10  5.523944296254500e-10  -3.573745873202764e-10  1.998088648182742e-17  -2.298359669409455e-17  -1.831024289344224e-17
  1.450000000000000e-01  1.334727854603765e-09  1.620740617549289e-10  6.750803269078339e-10  -3.187593608818789e-11  -2.725748860959376e-10  -4.530325683187487e-10  2.553994806270369e-17  6.054346566306221e-18  -7.589501957788196e-18
  1.500000000000000e-01  -4.147473146809297e-09  -2.780437453949141e-09  -4.137454981477090e-09  6.919057189367874e-10  -8.363606305123485e-10  1.352348351426399e-09  -6.292022832730518e-17  2.468447959640962e-17  6.241117978109208e-17
  1.550000000000001e-01  -1.842147289619781e-09  -1.369377247291515e-09  7.356402848171624e-12  8.113993319417076e-11  3.595818084230787e-10  2.960001046325232e-10  -3.822868991001534e-17  1.391764123612580e-17  -8.034376004184485e-18
  1.600000000000001e-01  1.250419521551397e-08  9.505579619048220e-09  1.287989347073809e-08  -2.564378689807403e-09  2.562229044645381e-09  -4.383956631899274e-09  2.144873645260174e-16  -9.281408461966416e-17  -2.061114321419462e-16
  1.650000000000001e-01  -4.242889823123968e-09  -5.224463161204470e-09  -1.084429098241073e-08  3.303430419408851e-09  -4.380537545363288e-09  4.895003561586625e-09  -1.047705032281848e-16  9.722260271787105e-17  2.175063928191820e-16
  1.700000000000001e-01  -2.150425008464251e-08  -6.172926031947196e-10  -8.508062690895606e-09  4.013552947798293e-09  3.736081513209763e-09  -8.989592077421783e-10  -3.164557777908465e-16  -9.637451297145296e-17  6.703143600503607e-17
  1.750000000000001e-01  -9.742344470028432e-09  -4.077331670883998e-08  -2.988447847547759e-08  -5.529631942611695e-09  -7.658491504593535e-09  5.622997628959363e-09  3.379974117952272e-18  4.528852825486827e-16  4.682589964433610e-16
  1.800000000000001e-01  7.741133103662062e-08  4.679073697631164e-08  1.082555040937156e-07  -3.675153238405033e-09  5.017611320568555e-09  -6.725697142652764e-09  8.616988108662480e-16  5.197204779365239e-18  -1.712421188922374e-15
  1.850000000000001e-01  1.381712150314287e-08  1.705539309599287e-07  2.694382787882785e-08  -6.569011941910645e-09  2.828228468786927e-08  -2.779401195820989e-08  1.396659787585889e-16  -2.149455696723819e-15  -4.716488127804137e-16
  1.900000000000001e-01  -2.010776061411522e-07  -2.335177286724442e-07  -3.301877947816621e-07  -8.639988027754012e-09  -5.101845375294332e-08  1.730238962232018e-08  -1.670901562412266e-15  1.442689096133045e-15  5.357229010951455e-15
  1.950000000000001e-01  -7.315602249283430e-08  -6.602518231682868e-07  -1.275679856017479e-07  1.150696205746338e-07  -1.141969274802088e-07  2.158856884054874e-07  -1.706795979478309e-15  9.319012780323546e-15  2.857776554807578e-15
  2.000000000000001e-01  1.086242895960363e-06  2.190393246128676e-06  1.944213065302575e-06  -9.288540317323360e-08  5.807274516827683e-07  -4.659858520690978e-07  1.017522539772397e-14  -2.406046785617456e-14  -3.351836953912445e-14
  2.050000000000001e-01  -1.459419731454258e-06  -1.324792867733668e-06  -2.128419460659867e-06  -6.103303603484785e-07  -6.360775157142544e-07  3.041340754165365e-08  -1.259092889048213e-14  1.182159174812528e-15  3.676863117163376e-14
  2.100000000000001e-01  -2.461008987499723e-06  -6.651614566387359e-06  -3.242260723582321e-06  2.155192666236608e-06  -1.229163198917890e-06  1.316714487276530e-06  -3.357268521730332e-14  1.135556599727170e-13  4.748209519894479e-14
  2.150000000000001e-01  1.267874386078472e-05  2.094249360165695e-05  1.470960820714470e-05  -1.184829166914084e-06  5.792961085274958e-06  -3.788110847182177e-06  1.486500281361431e-13  -2.533893100996668e-13  -2.452325754001386e-13
  2.200000000000001e-01  -1.615498926923946e-05  -2.673890487652209e-05  -2.633634294089799e-05  -3.821247993618906e-06  -1.125637943896703e-05  5.598515194746009e-06  -2.444824561184005e-13  2.122944840045680e-13  4.813505219593210e-13
  2.250000000000001e-01  -2.874019902915792e-05  -4.338579396863404e-05  4.477246082562360e-07  1.198191639010668e-05  -5.532225950876325e-06  2.791119558784771e-06  -3.862994387240181e-13  7.840841321367637e-13  -1.791744222766292e-13
  2.300000000000001e-01  1.148034292447364e-04  2.127314638175059e-04  1.322863295253089e-04  -1.924923058802301e-05  6.021289572563769e-05  -4.375927290456469e-05  1.778798630892096e-12  -2.617055489604445e-12  -2.165528042811516e-12
  2.350000000000001e-01  -4.453246397833245e-05  -1.267457487620429e-04  -2.090247094892603e-04  -1.761265717920767e-05  -5.470405367876176e-05  4.742982745444106e-05  -2.906226312484297e-13  6.230688056182206e-13  4.306393887506681e-12
  2.400000000000001e-01  -2.830795703710248e-04  -5.785685432978375e-04  -1.979894884275252e-04  1.240378090751163e-04  -9.940998237972406e-05  1.170689166616965e-04  -4.852520286253143e-12  8.140446180635170e-12  2.248603303013985e-12
  2.450000000000001e-01  4.569397111070255e-04  9.992136866893478e-04  8.905884023451806e-04  -7.877978706054133e-05  3.047599455932197e-04  -2.377261968203138e-04  4.861072809025489e-12  -1.220881344968157e-11  -1.647226105053313e-11
  2.500000000000001e-01  2.706321068354836e-04  7.816238572826749e-04  -1.531232552581444e-04  -3.958085552033466e-04  -7.976419124111624e-05  -1.686026001837144e-04  6.624020188166634e-12  -1.299637611269600e-11  6.885001997068881e-12
  2.550000000000001e-01  -1.224141635615227e-03  -2.911275851760179e-03  -1.748018020125675e-03  1.441528753578228e-04  -8.101653503201627e-04  4.597240320316982e-04  -1.284644115156449e-11  3.716448612593640e-11  3.233682859045165e-11
  2.600000000000001e-01  2.875732345118793e-04  -1.925762368211714e-05  1.641749564831874e-03  7.331074393096354e-04  8.459276137959115e-04  -9.226513492471982e-05  7.730358611201336e-13  2.693428531111160e-12  -3.873354048554964e-11
  2.650000000000001e-01  2.370167189373881e-03  6.501464749929170e-03  3.254559871355563e-03  3.603365931813653e-04  1.831912081476095e-03  -7.681962561905613e-04  2.133608550901221e-11  -8.692616469216795e-11  -5.214734788458930e-11
  2.700000000000001e-01  -1.398995127175717e-03  -2.655377924239065e-03  -5.384111681634393e-03  -5.403452051511153e-04  -1.751627306031998e-03  9.277714648161196e-04  -1.794969572853828e-11  2.357964576813008e-11  1.150573951807469e-10
  2.750000000000001e-01  -3.636178568585072e-03  -1.345186573180770e-02  -6.153085793542483e-03  -1.040602359751980e-03  -3.342721671920591e-03  2.252007286733057e-03  -3.733320585529357e-11  1.795098582199734e-10  8.850543553917941e-11
  2.800000000000001e-01  5.052856995310353e-03  7.547120433363306e-03  1.333711028142471e-02  -1.042700778050615e-03  2.804402385706720e-03  -2.184762403493071e-03  5.138895767353185e-11  -6.868340586246422e-11  -2.749745417448760e-10
  2.850000000000001e-01  8.628316239171268e-03  3.051603322489766e-02  1.241786433237380e-02  -3.788244954984529e-03  4.138041596128720e-03  -6.806372608464159e-03  1.236261890743042e-10  -4.111737857337511e-10  -1.785786925536478e-10
  2.900000000000001e-01  -1.171522447503411e-02  -7.788724654823666e-03  -1.707351978106722e-02  3.658773469484570e-03  -4.178876114022785e-03  5.031614649934851e-04  -6.580889371524311e-11  1.201613589992662e-10  4.247902718926711e-10
  2.950000000000002e-01  -2.336120588307615e-03  -3.429590736847858e-02  -9.198959518179735e-03  1.379387980025763e-02  9.169021682409920e-04  9.417214193828693e-03  -1.380616433963071e-10  4.774674057218869e-10  2.224700426952586e-10
  3.000000000000002e-01  -2.695397965867663e-02  -8.153901072319539e-02  -3.411021151153852e-02  -1.524701759599695e-03  -9.018524884039423e-03  2.176211114301615e-02  -5.054754213814305e-10  6.311224525051116e-10  4.347087917327280e-10
  3.050000000000002e-01  -5.736357136458878e-02  -4.752569141112947e-02  6.548900199155171e-03  6.395006083356869e-03  -9.882850619811607e-03  -9.181776058254676e-03  -3.938903866315794e-10  1.117388699334339e-09  -8.965396887110689e-10
  3.100000000000002e-01  2.115602484600113e-01  4.604291343030269e-01  2.330334780641466e-01  -5.670907200983440e-03  9.779851887000839e-02  -9.682444156715879e-02  2.497716093949620e-09  -5.642686010952384e-09  -3.530903055609003e-09
  3.150000000000002e-01  1.575880699250347e-01  1.835666114473141e-01  -1.444293284913178e-01  -3.087094443041339e-02  3.173428334264092e-03  5.027485180925826e-03  1.870690792792511e-09  -3.641899760158967e-09  4.481598918080815e-09
  3.200000000000002e-01  -3.818063429409377e-01  -1.061579071214282e+00  -5.511351339038509e-01  2.376396175151869e-03  -2.511017160593912e-01  2.655928792416605e-01  -3.430209541340222e-09  1.446599957951725e-08  9.622981469014744e-09
  3.250000000000002e-01  -2.422080658510603e-01  -7.261565616008780e-01  2.397387776910805e-01  4.081369771250740e-02  -1.471596604945285e-02  1.902337612861531e-01  -5.527769792875154e-09  9.822580762665577e-09  -9.259908532550952e-09
  3.300000000000002e-01  5.937530575108300e-01  1.413362848315128e+00  9.681545451392988e-01  2.985037423652008e-02  3.857448204817208e-01  -4.660782562687444e-01  1.138367722714952e-09  -1.949002674334666e-08  -1.972215308444475e-08
  3.350000000000002e-01  5.038550203645527e-01  1.981372119141461e+00  -1.718342506793633e-01  -3.733725017175531e-01  4.010600575469150e-02  -7.830011087406719e-01  1.327279681991700e-08  -2.722619109789664e-08  7.655747893181866e-09
  3.400000000000002e-01  -9.926639690710127e-01  -5.967782453423466e-01  -1.743237710112373e+00  -5.408978485453505e-01  -2.910738102098739e-01  5.786049968633963e-02  1.441576189131991e-08  2.116400161595455e-09  3.521781245706662e-08
  3.450000000000002e-01  -2.380846543837253e+00  -4.059437297007666e+00  -1.286053782154719e+00  4.186336142311404e-01  2.557562131418999e-02  1.614961042014847e+00  -1.503674329560608e-08  4.881825120084132e-08  4.014031619110940e-09
  3.500000000000002e-01  -1.913804102407463e+00  -3.984041143662215e+00  1.244112393458367e+00  9.743848712060879e-01  7.966201298846859e-01  2.222186060670875e+00  -4.900446091852802e-08  7.230422232073601e-08  -7.183109011823431e-08
  3.550000000000002e-01  1.351039459102353e+00  2.089579052845369e+00  1.775374316444616e+00  -4.984289943185331e-01  6.706419578370085e-01  1.770017310675838e-01  9.808315776533514e-09  -2.203743914492498e-08  -7.385991095215398e-08
  3.600000000000002e-01  3.810482598519894e+00  8.317452560267737e+00  -3.760196502340593e+00  -2.290168207751250e+00  -1.825741812469845e+00  -2.889842640057310e+00  1.184250150422664e-07  -1.766325971074084e-07  8.472135425217256e-08
  3.650000000000002e-01  -3.073444883177351e+00  2.268724631747188e+00  -9.884544104830823e+00  -6.004740595569124e-01  -5.330843610277321e+00  -3.458562689068080e+00  8.841056930927491e-08  -1.353835417914513e-07  2.834052221858236e-07
  3.700000000000002e-01  -1.407674364767310e+01  -1.276335242275356e+01  -2.653840063512640e+00  3.202836773277914e+00  -5.337293062560780e+00  -1.579556142347212e+00  -2.988578480746943e-08  9.259169443207940e-08  2.049084061646119e-07
  3.750000000000002e-01  -1.179535394950846e+01  -1.707935335381783e+01  1.400175574067361e+01  1.395590308992894e+00  4.577715856324779e+00  -4.908298250371590e-01  -9.287343480069925e-08  3.133035102925099e-07  -2.855783222133687e-07
  3.800000000000002e-01  1.959905332866350e+00  -4.136313714514644e+00  4.379265297357877e+01  -2.632826382050095e+00  1.725365294489321e+01  1.698732603951200e+00  -4.588421034247599e-08  1.553123240359598e-07  -4.389290897833133e-07
  3.850000000000002e-01  -1.747766600808218e+00  -4.971190152451074e+00  3.729038889122874e+01  5.929150518357593e-01  1.450433958732643e+01  8.716656611144657e+00  -2.438270939382645e-08  -1.249627861683521e-07  -4.160773830370895e-07
  3.900000000000002e-01  -5.007870397645716e+00  -1.263206444851473e+01  -1.506626677359468e+01  1.139203707369993e+01  8.668760967980784e+00  1.115625126425046e+01  -5.589663947852660e-08  2.761008836954438e-07  -1.717379905723747e-07
  3.950000000000002e-01  2.309054253615127e+01  3.630081441204987e+01  -1.364696582636934e+01  1.909716013905458e+01  -2.447035001008516e+01  -6.880426518932643e+00  5.538492654326282e-08  3.844546179449273e-07  1.789533550700031e-06
  4.000000000000002e-01  4.322152196528351e+01  1.162836601832418e+02  5.192366337465185e+01  -1.256198638567066e-01  -8.598183963192095e+01  -3.971295038615516e+01  5.596005582983778e-07  -5.850409565116304e-07  4.563933245561722e-06
  4.050000000000002e-01  -2.933459232224205e+01  6.280003124093626e+01  6.493366062574788e+01  -5.050385221236856e+01  -9.182859765343369e+01  -6.464369210872131e+01  1.343309077121203e-06  -4.167224341790378e-07  3.880989090321466e-06
  4.100000000000003e-01  -1.924304935489082e+02  -1.456986714060644e+02  -4.213093931486999e+01  -8.006714719660305e+01  3.478749845248362e+01  -5.702792455538933e+01  1.628759093262102e-06  1.825527153841604e-06  -2.277462411625805e-06
  4.150000000000003e-01  -2.649758493763896e+02  -2.415717712230619e+02  -1.553534692510522e+02  -9.606556115803853e+00  1.937488158826369e+02  -3.431461120720822e+01  -6.057741655811410e-07  2.602347408398869e-06  -1.039521146952105e-05
  4.200000000000003e-01  -8.311044131390223e+01  5.751283391159600e+01  -1.236322998077761e+02  1.614133184194719e+02  2.370149275350043e+02  -7.860562099806121e+00  -5.060358843381426e-06  -1.939903652866901e-06  -1.333476796601173e-05
  4.250000000000003e-01  2.325321188832289e+02  5.495335900724670e+02  -9.644322623056834e+00  3.111901639750818e+02  6.821489872074851e+01  3.259577790409582e+01  -8.263154633665087e-06  -9.329551812902682e-06  -7.561519796808951e-06
  4.300000000000003e-01  4.355083240880788e+02  6.468901566643425e+02  4.153550590229367e+01  2.793863659868160e+02  -1.855599717584355e+02  9.235730937926789e+01  -6.443582627093668e-06  -1.109922823296109e-05  4.382493699743040e-06
  4.350000000000003e-01  2.892917763166971e+02  -6.499327967101627e+01  -7.886744382514954e+01  -5.886150656503501e+00  -2.923901590110799e+02  1.480399286755038e+02  1.740643747059800e-06  3.084484949119867e-07  1.478784407968586e-05
  4.400000000000003e-01  -1.433077859574411e+02  -1.293741463977377e+03  -3.182525467717791e+02  -4.356031353627639e+02  -1.376391256427349e+02  1.660501930567798e+02  1.310083099504170e-05  1.988104268440922e-05  1.729599436872514e-05
  4.450000000000003e-01  -5.218755064080800e+02  -2.038480899437242e+03  -4.914363852326394e+02  -7.537932730169136e+02  1.274955703115389e+02  1.212348237313461e+02  2.062465707338721e-05  3.231156863357665e-05  1.048518256506197e-05
  4.500000000000003e-01  -4.008364196369815e+02  -1.367230996081401e+03  -1.931117345272822e+02  -7.005187434533092e+02  2.897547787185557e+02  -2.373471534561595e+00  1.787002140019121e-05  2.228269706201558e-05  2.479187275661502e-06
  4.550000000000003e-01  2.616855817121349e+02  7.657405092949707e+02  5.686794398672337e+02  -2.321484897099700e+02  1.889071493740402e+02  -1.749620222774564e+02  3.850054001218087e-06  -9.238642920399475e-06  -1.357604743396017e-06
  4.600000000000003e-01  9.701887228068341e+02  3.126247627595370e+03  1.294190673673856e+03  4.387761401630684e+02  -8.818912082726223e+01  -3.133421939471945e+02  -1.466865263915716e-05  -4.719070321392112e-05  -2.920497549112944e-06
  4.650000000000003e-01  1.174043526888685e+03  4.130836493700871e+03  1.483615242119037e+03  9.985014215418425e+02  -2.534980119953962e+02  -3.558309600202133e+02  -2.911225667601288e-05  -6.507365344125002e-05  -5.747984248144804e-06
  4.700000000000003e-01  4.891766604381157e+02  2.662919939056898e+03  5.618382647768669e+02  1.176195588225255e+03  -9.075131620662890e+01  -2.217436358671281e+02  -3.311138941728577e-05  -4.448973280127590e-05  -1.800962740533528e-05
  4.750000000000003e-01  -8.650268908594333e+02  -9.918594416776399e+02  -1.224326395019591e+03  8.934608883902104e+02  4.160628079254765e+02  7.936329350460646e+01  -2.502899243647973e-05  1.233343270734710e-05  -3.587965082727438e-05
  4.800000000000003e-01  -2.166801260259924e+03  -5.028020743326864e+03  -3.020751609704729e+03  2.830443957112532e+02  8.817511351921457e+02  4.412860539079778e+02  -9.249408798770785e-06  7.500027497015944e-05  -4.873718662139330e-05
  4.850000000000003e-01  -2.276440206172075e+03  -6.316912962914901e+03  -3.232899602596244e+03  -3.524996196966846e+02  7.566788673471577e+02  6.811259185689079e+02  7.831566014326956e-06  9.771730488048868e-05  -3.600567828897650e-05
  4.900000000000003e-01  -7.512415573906110e+01  -1.497374037199094e+03  -3.906435602405305e+02  -6.265516298965474e+02  -5.603729657624132e+02  6.041537923988128e+02  1.636041988709963e-05  2.290347704384383e-05  1.567009303048115e-05
  4.950000000000003e-01  5.476904303639873e+03  1.243658756515103e+04  6.673768922919567e+03  -9.064116178304900e+01  -3.328342846987920e+03  1.049091007732275e+02  4.725313475878442e-06  -1.975211884868601e-04  1.108860748780495e-04
  5.000000000000003e-01  1.500892566259415e+04  3.736225428298785e+04  1.834457149752050e+04  1.620920110228802e+03  -7.508730866327612e+03  -8.511431301334110e+02  -3.853157470847567e-05  -5.954677206621783e-04  2.420737880429048e-04
  5.050000000000003e-01  2.875409635996949e+04  7.390370704794777e+04  3.428999968721517e+04  4.813506485746329e+03  -1.280743148238511e+04  -2.204707357168139e+03  -1.238976864941285e-04  -1.186007621891325e-03  3.909086448924404e-04
  5.100000000000003e-01  4.646972352674136e+04  1.215367878709094e+05  5.383141581888044e+04  9.519132863616844e+03  -1.881639001886261e+04  -3.858849477388961e+03  -2.534080126877884e-04  -1.961029612015764e-03  5.430456948652941e-04
  5.150000000000003e-01  6.757955231935738e+04  1.789321471984836e+05  7.619140483772816e+04  1.554253109266632e+04  -2.519145909263091e+04  -5.701288813061816e+03  -4.213430152128288e-04  -2.899805673862011e-03  6.897974440587454e-04
  5.200000000000004e-01  9.133829359266449e+04  2.444578598079485e+05  1.008453628693774e+05  2.243962483756709e+04  -3.194800230757940e+04  -7.645396455172687e+03  -6.155140343079787e-04  -3.977365193557662e-03  8.313696200365579e-04
  5.250000000000004e-01  1.170827938703227e+05  3.163813799140781e+05  1.277608852101705e+05  2.962653971615063e+04  -3.923558305979177e+04  -9.616776126423807e+03  -8.187427843511471e-04  -5.164552625785255e-03  9.841327463177170e-04
  5.300000000000004e-01  1.442631443198032e+05  3.933019988738972e+05  1.571063357777167e+05  3.646085833038411e+04  -4.759365936659654e+04  -1.159252615409208e+04  -1.014588764403753e-03  -6.434671088928997e-03  1.169559338247262e-03
  5.350000000000004e-01  1.725716910890189e+05  4.738774004732525e+05  1.894403058218258e+05  4.237012164398616e+04  -5.759373498376165e+04  -1.357481268457835e+04  -1.188014506811696e-03  -7.766790481102948e-03  1.416715123887519e-03
  5.400000000000004e-01  2.017214320206075e+05  5.571681209496186e+05  2.248377491116768e+05  4.691182079628871e+04  -6.991295073185157e+04  -1.555858768369405e+04  -1.327581103596162e-03  -9.141089091252688e-03  1.746377974794649e-03
  5.450000000000004e-01  2.315408494087817e+05  6.423410660409456e+05  2.634660256784083e+05  4.978456566695706e+04  -8.494605112847786e+04  -1.757456994136137e+04  -1.426209145921894e-03  -1.054514948042281e-02  2.174343394320901e-03
  5.500000000000004e-01  2.618328639505733e+05  7.287880644168615e+05  3.050495934844132e+05  5.089855570302485e+04  -1.028438424453176e+05  -1.964066434380092e+04  -1.480615118999885e-03  -1.197047318021665e-02  2.705263334301820e-03
  5.550000000000004e-01  2.925063311928860e+05  8.165801094205243e+05  3.487300716947644e+05  5.049252219662224e+04  -1.234804504228563e+05  -2.177161833328561e+04  -1.494889632760376e-03  -1.341387074902083e-02  3.325808782026717e-03
  5.600000000000004e-01  3.234551545352074e+05  9.058598586780311e+05  3.935383394507626e+05  4.898335402891968e+04  -1.462505962017811e+05  -2.399087343098816e+04  -1.477774676796731e-03  -1.487964505166188e-02  4.013293808352711e-03
  5.650000000000004e-01  3.548683773939828e+05  9.976407982466315e+05  4.381235515856791e+05  4.708826247347247e+04  -1.703385232991845e+05  -2.631045733038331e+04  -1.446851873408960e-03  -1.637948131708906e-02  4.729880211968972e-03
  5.700000000000004e-01  3.869290752495578e+05  1.092869358279027e+06  4.808630429404668e+05  4.565996825823226e+04  -1.945849323077069e+05  -2.872593290894051e+04  -1.421960246070355e-03  -1.793032184728861e-02  5.429652058003455e-03
  5.750000000000004e-01  4.200236655557181e+05  1.193112000291282e+06  5.200368774455711e+05  4.564491889638037e+04  -2.177340857454150e+05  -3.118257769036113e+04  -1.430685582112434e-03  -1.955520558256275e-02  6.057921158115787e-03
  5.800000000000004e-01  4.545001672569399e+05  1.299623822999479e+06  5.536931363013523e+05  4.799250110643535e+04  -2.384783116924137e+05  -3.361536540049823e+04  -1.498377394765645e-03  -2.127640850622489e-02  6.559942346918069e-03
  5.850000000000004e-01  4.906924693341983e+05  1.413534301947707e+06  5.799427325287403e+05  5.360232870425172e+04  -2.555862494157967e+05  -3.592436147425699e+04  -1.650022032145106e-03  -2.311661967764896e-02  6.881825533472052e-03
  5.900000000000004e-01  5.288969614635974e+05  1.536043069513669e+06  5.970287128275291e+05  6.323016103625432e+04  -2.680888217231361e+05  -3.794318318933147e+04  -1.910619027169693e-03  -2.509582461780865e-02  6.977693388951938e-03
  5.950000000000004e-01  5.692913264922204e+05  1.667630463769133e+06  6.034893906361690e+05  7.744296255427547e+04  -2.752384504590407e+05  -3.959628139030159e+04  -2.294193055473289e-03  -2.722754635123444e-02  6.813889063147223e-03
  6.000000000000004e-01  6.119809589103747e+05  1.808897021984499e+06  5.980241312889017e+05  9.665124289568017e+04  -2.767200441453537e+05  -4.077340505808371e+04  -2.813542348463814e-03  -2.952068712980871e-02  6.368812299902009e-03
  6.050000000000004e-01  6.569110597579431e+05  1.959730105560213e+06  5.801733808678701e+05  1.209871494189966e+05  -2.724056064464489e+05  -4.152719396350133e+04  -3.470078547228517e-03  -3.197779928531851e-02  5.637134464438209e-03
  6.100000000000004e-01  7.040036075533433e+05  2.120134755529977e+06  5.494382094987120e+05  1.505019537741963e+05  -2.626502528359773e+05  -4.187611534975015e+04  -4.264743560877503e-03  -3.459522408120218e-02  4.620458623580506e-03
  6.150000000000004e-01  7.530680890175463e+05  2.289596169961027e+06  5.063084507432674e+05  1.849488918121021e+05  -2.478268876594041e+05  -4.199172278048832e+04  -5.190234617898465e-03  -3.736447013519013e-02  3.333170181512732e-03
  6.200000000000004e-01  8.039311373632851e+05  2.467575339774319e+06  4.520440826813094e+05  2.238974767396122e+05  -2.283856794623061e+05  -4.214796868954815e+04  -6.234828373297783e-03  -4.027456616280021e-02  1.802236904729727e-03
  6.250000000000004e-01  8.563518586878084e+05  2.653610072112232e+06  3.870634299587577e+05  2.669886282486704e+05  -2.051879348905477e+05  -4.250118331976216e+04  -7.390297735679088e-03  -4.331709007413867e-02  4.265231258297827e-05
  6.300000000000004e-01  9.099083008523637e+05  2.846725909328508e+06  3.132054320661923e+05  3.136115956303384e+05  -1.786250015856758e+05  -4.340732465324308e+04  -8.642008893403601e-03  -4.647543367277845e-02  -1.906928898545156e-03
  6.350000000000005e-01  9.642604470113360e+05  3.046303181583368e+06  2.306289989638568e+05  3.634317617895877e+05  -1.495277668609690e+05  -4.498022487275965e+04  -9.983106196745148e-03  -4.973819358471068e-02  -4.033045794712357e-03
  6.400000000000005e-01  1.019277584604614e+06  3.251768961488780e+06  1.413287703777555e+05  4.158697719816974e+05  -1.183558919672063e+05  -4.763358234935494e+04  -1.139965416975142e-02  -5.309247903795216e-02  -6.288429700133318e-03
  6.450000000000005e-01  1.074595211086583e+06  3.462764596356971e+06  4.550640789236726e+04  4.706038878745612e+05  -8.600754392977961e+04  -5.140714084837372e+04  -1.288566011501005e-02  -5.653780968468941e-02  -8.656227981148078e-03
  6.500000000000005e-01  1.129709639213550e+06  3.678211504987767e+06  -5.601057556909054e+04  5.270541404759545e+05  -5.266579288748614e+04  -5.652941038745236e+04  -1.443015080149229e-02  -6.005636632965198e-02  -1.111685616377954e-02
  6.550000000000005e-01  1.184093954267762e+06  3.896885009372672e+06  -1.628654905680046e+05  5.848312320591608e+05  -1.825156331143938e+04  -6.316246775311027e+04  -1.602472615382300e-02  -6.363012316227780e-02  -1.366747936649240e-02
  6.600000000000005e-01  1.237654377769620e+06  4.118723016385816e+06  -2.754586022432977e+05  6.440642870444023e+05  1.696442302516596e+04  -7.116311929724713e+04  -1.767559591855685e-02  -6.726077454339614e-02  -1.631821838393862e-02
  6.650000000000005e-01  1.290897132780305e+06  4.344362188510378e+06  -3.926861368143935e+05  7.047569378804524e+05  5.285016883522268e+04  -8.082923228620322e+04  -1.938432758010303e-02  -7.095344344074737e-02  -1.905750119012101e-02
  6.700000000000005e-01  1.344320646574421e+06  4.574851180262530e+06  -5.147195108543740e+05  7.671387447849787e+05  8.856400142644455e+04  -9.196030036949721e+04  -2.115654773582603e-02  -7.472753824917905e-02  -2.187416178609683e-02
  6.750000000000005e-01  1.398183890585804e+06  4.809799881652246e+06  -6.407701743385096e+05  8.308850018121094e+05  1.238453043238441e+05  -1.047794097386224e+05  -2.298291002965683e-02  -7.857279035617777e-02  -2.474458474134849e-02
  6.800000000000005e-01  1.451640646603520e+06  5.047400784213213e+06  -7.721052258164763e+05  8.955727305699333e+05  1.584197927777898e+05  -1.190023958294147e+05  -2.485102654722562e-02  -8.246412213078221e-02  -2.767252416782173e-02
  6.850000000000005e-01  1.503980125087467e+06  5.285491419113091e+06  -9.089120267069994e+05  9.605734980780892e+05  1.928083047656744e+05  -1.348100555795426e+05  -2.674364105473775e-02  -8.636265206755221e-02  -3.066049427117192e-02
  6.900000000000005e-01  1.554860010516271e+06  5.523323721382471e+06  -1.051087981013557e+06  1.025618073588363e+06  2.274167614339281e+05  -1.523616395335755e+05  -2.865059255786244e-02  -9.025992847964763e-02  -3.371635814292326e-02
  6.950000000000005e-01  1.604952595124761e+06  5.762945987152822e+06  -1.198550909136195e+06  1.091185725731040e+06  2.618638795463296e+05  -1.716598544147126e+05  -3.058661642262546e-02  -9.418062425098683e-02  -3.684294740423606e-02
  7.000000000000005e-01  1.655379498314241e+06  6.007360152893821e+06  -1.349613519458869e+06  1.157792349898426e+06  2.958265362131033e+05  -1.930595097869951e+05  -3.256340982382451e-02  -9.817199425011650e-02  -4.002168226001328e-02
  7.050000000000005e-01  1.707000591522099e+06  6.259395309431658e+06  -1.503605365989983e+06  1.226247800693038e+06  3.285266098141721e+05  -2.165269735153088e+05  -3.460297248662646e-02  -1.022795177815031e-01  -4.323678805762352e-02
  7.100000000000005e-01  1.759721871475886e+06  6.519260193014939e+06  -1.659737456153385e+06  1.296716092717502e+06  3.600184959302543e+05  -2.423123579856788e+05  -3.670528984955768e-02  -1.065048495115676e-01  -4.647444022497306e-02
  7.150000000000005e-01  1.812046870481148e+06  6.783927177287594e+06  -1.820349276947613e+06  1.369220804318609e+06  3.905086826533016e+05  -2.699898889235902e+05  -3.887396714423928e-02  -1.108125492582357e-01  -4.976030361141173e-02
  7.200000000000005e-01  1.861882702868566e+06  7.047713228197926e+06  -1.987725869879419e+06  1.443156544929445e+06  4.211808625878115e+05  -2.993182247147429e+05  -4.109473322526905e-02  -1.151063799829467e-01  -5.311907291412996e-02
  7.250000000000005e-01  1.906831043288029e+06  7.303657904333380e+06  -2.164559275994407e+06  1.517723527056365e+06  4.532633713303240e+05  -3.300188031452475e+05  -4.334781582537698e-02  -1.192704928332711e-01  -5.657258290032145e-02
  7.300000000000005e-01  1.944408000044352e+06  7.545230545523894e+06  -2.354495972098680e+06  1.592132954690273e+06  4.869459091030874e+05  -3.616011835812276e+05  -4.561693653056849e-02  -1.232068284912268e-01  -6.014568307047181e-02
  7.350000000000005e-01  1.973173712410547e+06  7.767783072130410e+06  -2.557654268145867e+06  1.665351944011783e+06  5.224852346270815e+05  -3.942594529760764e+05  -4.787242096383700e-02  -1.268320405132044e-01  -6.381354452779173e-02
  7.400000000000005e-01  1.992157021250187e+06  7.969253228203503e+06  -2.774559596282031e+06  1.736727848416018e+06  5.588748278170524e+05  -4.279118453592752e+05  -5.009386616857538e-02  -1.301073679851422e-01  -6.755303293211481e-02
  7.450000000000006e-01  2.001617235755826e+06  8.149743961891432e+06  -3.003003505437840e+06  1.805767232564120e+06  5.953393142394816e+05  -4.630564020824730e+05  -5.226460072344104e-02  -1.330322679396722e-01  -7.132531006570736e-02
  7.500000000000006e-01  2.002363863425656e+06  8.311336971344776e+06  -3.241998669100808e+06  1.872707325080910e+06  6.308426289747062e+05  -4.997688821827691e+05  -5.438972647775246e-02  -1.356333019473882e-01  -7.511298070864680e-02
  7.550000000000006e-01  1.995798698739346e+06  8.456878973809207e+06  -3.489696788513562e+06  1.938104990534157e+06  6.650645959631461e+05  -5.384907811423502e+05  -5.648608576325781e-02  -1.379567684633162e-01  -7.891479357597014e-02
  7.600000000000006e-01  1.983363951027955e+06  8.589501026641278e+06  -3.745022653244558e+06  2.002809877509687e+06  6.982749624191885e+05  -5.795664860789370e+05  -5.857772677251392e-02  -1.400502011586279e-01  -8.275160640246931e-02
  7.650000000000006e-01  1.965996308837068e+06  8.711933705981085e+06  -4.008765419234154e+06  2.068155891919347e+06  7.310399147046615e+05  -6.228341866329296e+05  -6.069866491152687e-02  -1.419654120427257e-01  -8.667515520673845e-02
  7.700000000000006e-01  1.944410222526759e+06  8.826522589383636e+06  -4.280959019759115e+06  2.135051906748797e+06  7.646694520821623e+05  -6.686066827555076e+05  -6.287136565741873e-02  -1.437345411827382e-01  -9.073714154584551e-02
  7.750000000000006e-01  1.918886825600980e+06  8.935025652409498e+06  -4.562586898786373e+06  2.204544526464080e+06  8.001537332493386e+05  -7.165701300709157e+05  -6.512266388906772e-02  -1.453965186774301e-01  -9.499001562980840e-02
  7.800000000000006e-01  1.889860384626905e+06  9.039079656341203e+06  -4.853274632722048e+06  2.277114510026094e+06  8.386810255132358e+05  -7.669406419971891e+05  -6.746212315243559e-02  -1.469684724619281e-01  -9.946661832428719e-02
  7.850000000000006e-01  1.857367660940354e+06  9.139428463097893e+06  -5.152944947439675e+06  2.353030426200505e+06  8.805274707674558e+05  -8.193517966491518e+05  -6.990075511989531e-02  -1.484729985100824e-01  -1.041799213891236e-01
  7.900000000000006e-01  1.821893477709071e+06  9.236568013170741e+06  -5.459779870923785e+06  2.431905641261811e+06  9.256978300994277e+05  -8.740326674974510e+05  -7.242911721175389e-02  -1.499088737940615e-01  -1.091092916903608e-01
  7.950000000000006e-01  1.783161497550776e+06  9.329564007192906e+06  -5.772657901662651e+06  2.512973954295506e+06  9.730838210771069e+05  -9.306163561642941e+05  -7.503315363809829e-02  -1.512735083873685e-01  -1.142137947245688e-01
  8.000000000000006e-01  1.741160434547582e+06  9.417049403983545e+06  -6.088783431043538e+06  2.594888659242185e+06  1.021174880521645e+06  -9.892786659219979e+05  -7.767989667938562e-02  -1.525450536322848e-01  -1.194233217102658e-01
  8.050000000000006e-01  1.695653130634690e+06  9.496925071718456e+06  -6.404632370206249e+06  2.675845318740409e+06  1.067995977229639e+06  -1.050177852943667e+06  -8.032730769450779e-02  -1.536886983719118e-01  -1.246402425708651e-01
  8.100000000000006e-01  1.645683226133067e+06  9.566042022434516e+06  -6.717882907298768e+06  2.754092817473247e+06  1.110720024813915e+06  -1.113196234142605e+06  -8.292583062770253e-02  -1.546632594418337e-01  -1.297667951740205e-01
  8.150000000000006e-01  1.590790239850964e+06  9.621870125485269e+06  -7.023927895622710e+06  2.827512986980299e+06  1.146950825384815e+06  -1.178767746352288e+06  -8.541974177270700e-02  -1.554192965928428e-01  -1.346817135289129e-01
  8.200000000000006e-01  1.530043581196698e+06  9.661350973667782e+06  -7.320014664180413e+06  2.894467990597027e+06  1.173798686936100e+06  -1.246973352111686e+06  -8.775553385393883e-02  -1.559083933113138e-01  -1.392822729952529e-01
  8.250000000000006e-01  1.463021108941542e+06  9.682646690645060e+06  -7.601664596753116e+06  2.953231931574956e+06  1.189386786537153e+06  -1.318295245379351e+06  -8.988761832786718e-02  -1.560860540007817e-01  -1.434642370155703e-01
  8.300000000000006e-01  1.389101509678186e+06  9.683796685672589e+06  -7.866392523502220e+06  3.002752355243440e+06  1.191785894411732e+06  -1.392807334438716e+06  -9.177960484626349e-02  -1.559190203135985e-01  -1.471583989877905e-01
  8.350000000000006e-01  1.308178819149563e+06  9.664042077617960e+06  -8.111263347384521e+06  3.042160825925407e+06  1.180126167332451e+06  -1.470700058337788e+06  -9.340805505794590e-02  -1.553842901551992e-01  -1.503079845953948e-01
  8.400000000000006e-01  1.220307417246170e+06  9.623253858776178e+06  -8.334469641148780e+06  3.071115919223215e+06  1.154182843177898e+06  -1.552081638142852e+06  -9.476634086519348e-02  -1.544716963855716e-01  -1.528905123034944e-01
  8.450000000000006e-01  1.125354378879388e+06  9.561391675118215e+06  -8.535572233488338e+06  3.089706055312006e+06  1.114115259524589e+06  -1.636569497796712e+06  -9.585744623290986e-02  -1.531881498808347e-01  -1.549104636615511e-01
  8.500000000000006e-01  1.023891583460308e+06  9.479531468532965e+06  -8.715044516998792e+06  3.098375998719877e+06  1.060799329560520e+06  -1.723989471201294e+06  -9.669569743997397e-02  -1.515475994739472e-01  -1.563925313480798e-01
  8.550000000000006e-01  9.159628308886776e+05  9.378507385187972e+06  -8.874028504530372e+06  3.097819267734108e+06  9.953484109536114e+05  -1.813694180140973e+06  -9.730096295130977e-02  -1.495744113588436e-01  -1.573677370111218e-01
  8.600000000000007e-01  8.024040495030308e+05  9.260006432915665e+06  -9.015051100940684e+06  3.089018047143642e+06  9.190772009081944e+05  -1.905277426168801e+06  -9.769840779734143e-02  -1.472964578666204e-01  -1.578965313334608e-01
  8.650000000000007e-01  6.836278983888788e+05  9.125395843183313e+06  -9.139939817883965e+06  3.072870472199544e+06  8.334484977319343e+05  -1.998052535150036e+06  -9.790990924923848e-02  -1.447420405675184e-01  -1.580145169553873e-01
  8.700000000000007e-01  5.605540451025798e+05  8.976558418827092e+06  -9.251297257620219e+06  3.050397918944852e+06  7.397787764173836e+05  -2.091573267715227e+06  -9.796007262413987e-02  -1.419441422790659e-01  -1.577811259846413e-01
  8.750000000000007e-01  4.339465184529294e+05  8.815134428927619e+06  -9.351874647243651e+06  3.022568003812913e+06  6.392245091555733e+05  -2.185276724558989e+06  -9.786999327874907e-02  -1.389358509331793e-01  -1.572583248786648e-01
  8.800000000000007e-01  3.043698516424528e+05  8.642281726335876e+06  -9.442880813181631e+06  2.990028726122751e+06  5.330980874909105e+05  -2.278810359390083e+06  -9.765283590514581e-02  -1.357310926489276e-01  -1.564727308504098e-01
  8.850000000000007e-01  1.726245369702992e+05  8.459753328698160e+06  -9.526307596403994e+06  2.953655976686483e+06  4.221386284911566e+05  -2.371800310591888e+06  -9.732651603124595e-02  -1.323630345338077e-01  -1.554719337839068e-01
  8.900000000000007e-01  3.930898862707116e+04  8.268654322025651e+06  -9.602368890719568e+06  2.913855868042113e+06  3.070148877499775e+05  -2.464202809169399e+06  -9.689650888769238e-02  -1.288412659499746e-01  -1.542592920282858e-01
  8.950000000000007e-01  -9.522395755315560e+04  8.070173970899434e+06  -9.672187901173435e+06  2.871116341733706e+06  1.880423458095462e+05  -2.555705362721398e+06  -9.637021961202462e-02  -1.251907114125626e-01  -1.528503976961217e-01
  9.000000000000007e-01  -2.311573222649846e+05  7.864096853096910e+06  -9.735922714129459e+06  2.825460205021868e+06  6.571361222591317e+04  -2.646339373980006e+06  -9.574461430717755e-02  -1.214027125071329e-01  -1.512456233596846e-01
  9.050000000000007e-01  -3.687761970170485e+05  7.650378409744008e+06  -9.794085689759282e+06  2.777080250720213e+06  -5.943601727499913e+04  -2.735892800226039e+06  -9.502249088285665e-02  -1.174805922461297e-01  -1.494572355553329e-01
  9.100000000000007e-01  -5.083198218348526e+05  7.429231018383725e+06  -9.846968181258682e+06  2.726240406891967e+06  -1.869793241504711e+05  -2.824194328973829e+06  -9.421074696517072e-02  -1.134323605711018e-01  -1.474938022575323e-01
  9.150000000000007e-01  -6.496624457096196e+05  7.201339089583932e+06  -9.893989682094663e+06  2.673180248703348e+06  -3.166074539032313e+05  -2.911239672739535e+06  -9.331778738789165e-02  -1.092658240148022e-01  -1.453597065021433e-01
  9.200000000000007e-01  -7.924259266761546e+05  6.968180745294979e+06  -9.935077170050379e+06  2.618381990538610e+06  -4.483818884207103e+05  -2.996745622228981e+06  -9.236115602904148e-02  -1.050091604683671e-01  -1.430560828578508e-01
  9.250000000000007e-01  -9.365008950611548e+05  6.730157629963826e+06  -9.969598111271029e+06  2.561917262909589e+06  -5.822313357353314e+05  -3.080575377988861e+06  -9.134555338566014e-02  -1.006698456308713e-01  -1.405790118659123e-01
  9.300000000000007e-01  -1.082029955685241e+06  6.487055619495792e+06  -9.998001434827320e+06  2.503825215869737e+06  -7.180708813278544e+05  -3.162428550958072e+06  -9.027911714645821e-02  -9.624753909361171e-02  -1.379359860994084e-01
  9.350000000000007e-01  -1.229710867995179e+06  6.237214719399516e+06  -1.002050679249958e+07  2.443606399916227e+06  -8.554387155005472e+05  -3.242177651280173e+06  -8.914889391298988e-02  -9.171745274950388e-02  -1.351374917249647e-01
  9.400000000000007e-01  -1.379940899553908e+06  5.979346148195083e+06  -1.003799850767135e+07  2.380943874422557e+06  -9.939379616677983e+05  -3.319642439690824e+06  -8.795024343612293e-02  -8.705868165776785e-02  -1.321998060128343e-01
  9.450000000000007e-01  -1.532687669780064e+06  5.713111549983558e+06  -1.005123339461931e+07  2.315647901342488e+06  -1.133358030955991e+06  -3.394702515357330e+06  -8.668037328658509e-02  -8.227085586518781e-02  -1.291443777652166e-01
  9.500000000000007e-01  -1.687326907538508e+06  5.439700489952113e+06  -1.005906352402941e+07  2.247497644870041e+06  -1.273571018361100e+06  -3.467610474232004e+06  -8.532704554953871e-02  -7.735953664356320e-02  -1.259622839936528e-01
  9.550000000000007e-01  -1.842613626702161e+06  5.162001532952259e+06  -1.006123318411169e+07  2.176797499510932e+06  -1.415038652310263e+06  -3.538433784884729e+06  -8.389815078496059e-02  -7.237869226479189e-02  -1.226591958190952e-01
  9.600000000000007e-01  -1.997077290894638e+06  4.883637611605626e+06  -1.005521585946988e+07  2.103698665851472e+06  -1.557903707601678e+06  -3.607589857694146e+06  -8.238662315569600e-02  -6.737218472941688e-02  -1.192101347346166e-01
  9.650000000000007e-01  -2.149219384738388e+06  4.608524463435326e+06  -1.004055566750225e+07  2.028779717100093e+06  -1.702484030259446e+06  -3.675109668796975e+06  -8.080550243231428e-02  -6.241204871198533e-02  -1.156254822509686e-01
  9.700000000000008e-01  -2.297877610114160e+06  4.339433396448360e+06  -1.001571334397347e+07  1.952388783427089e+06  -1.848397181348268e+06  -3.741183886271043e+06  -7.915723176717616e-02  -5.753633023811813e-02  -1.119009876575396e-01
  9.750000000000008e-01  -2.442195141200776e+06  4.078362523647019e+06  -9.981103005780006e+06  1.875064600812728e+06  -1.995125585938588e+06  -3.805662624858568e+06  -7.745709778578419e-02  -5.278294801008782e-02  -1.080584628067419e-01
  9.800000000000008e-01  -2.581845966656465e+06  3.826057827908574e+06  -9.937842815463031e+06  1.797254179311767e+06  -2.141982981850820e+06  -3.868256507482599e+06  -7.571675957815120e-02  -4.816876218973673e-02  -1.041203034775335e-01
  9.850000000000008e-01  -2.717073106500317e+06  3.581938055570777e+06  -9.886345555604564e+06  1.718966193947673e+06  -2.288109599318937e+06  -3.928851819050802e+06  -7.393630122100499e-02  -4.368521844616028e-02  -1.000914222457681e-01
  9.900000000000008e-01  -2.848313750710102e+06  3.345306089861568e+06  -9.828369261727557e+06  1.640301798883894e+06  -2.433073386510905e+06  -3.987031825100079e+06  -7.212030310408084e-02  -3.932852617044861e-02  -9.598137901901904e-02
  9.950000000000008e-01  -2.976204311111929e+06  3.114842736267566e+06  -9.764119194679283e+06  1.560801497381242e+06  -2.576539301435610e+06  -4.042766006529693e+06  -7.025804834648995e-02  -3.507660329796410e-02  -9.177353884371646e-02
  1.000000000000001e+00  -3.101185620788708e+06  2.889720375399400e+06  -9.694562118643703e+06  1.480298057380326e+06  -2.718684191086132e+06  -4.095684666484406e+06  -6.834825025485283e-02  -3.092665370722115e-02  -8.745310235908257e-02
  1.005000000000001e+00  -3.223458948134557e+06  2.669047915334817e+06  -9.619147850147679e+06  1.398198685056398e+06  -2.859691777826829e+06  -4.145983085786797e+06  -6.637794857267565e-02  -2.685900334065459e-02  -8.298861251075018e-02
  1.010000000000000e+00  -3.343103046303374e+06  2.452333071559612e+06  -9.538087915065907e+06  1.314308561911785e+06  -3.000034460683396e+06  -4.193529416319949e+06  -6.434595238542469e-02  -2.287223601325418e-02  -7.835784141476745e-02
  1.015000000000000e+00  -3.460134188746126e+06  2.239221859422581e+06  -9.451613292866616e+06  1.228518331019304e+06  -3.140151021838476e+06  -4.238225825987118e+06  -6.225332002026680e-02  -1.897012329271875e-02  -7.354665843950962e-02
  1.020000000000000e+00  -3.574401128496062e+06  2.029536627893026e+06  -9.359341857612941e+06  1.140663184439046e+06  -3.280087322517633e+06  -4.280376221644682e+06  -6.009359873523181e-02  -1.514001515901029e-02  -6.854658832643989e-02
  1.025000000000000e+00  -3.686030493732726e+06  1.823335708652325e+06  -9.262402484240212e+06  1.051100389462445e+06  -3.419863000051169e+06  -4.319724609085497e+06  -5.787789317940581e-02  -1.139281808044182e-02  -6.337203734484836e-02
  1.030000000000000e+00  -3.794799302451883e+06  1.621153310101269e+06  -9.160773720308824e+06  9.601447518519745e+05  -3.558894728215914e+06  -4.356520876381457e+06  -5.560982721867739e-02  -7.723674706256744e-03  -5.804072345215294e-02
  1.035000000000000e+00  -3.900734253718295e+06  1.423869742325988e+06  -9.056182002007507e+06  8.686364250066364e+05  -3.696522667167194e+06  -4.390459471972945e+06  -5.330996057527002e-02  -4.152512074972449e-03  -5.259565692875992e-02
  1.040000000000000e+00  -4.003467325283401e+06  1.232867326659454e+06  -8.948983466410831e+06  7.772968816726020e+05  -3.831496447529713e+06  -4.421636147625074e+06  -5.099410384426345e-02  -6.873048028368750e-04  -4.707649566279940e-02
  1.045000000000000e+00  -4.102725444261124e+06  1.049736243675382e+06  -8.840968320654100e+06  6.871745458769519e+05  -3.962538176601005e+06  -4.449755921193581e+06  -4.869006518030901e-02  2.646026364457848e-03  -4.153923953735353e-02
  1.050000000000000e+00  -4.198140521743796e+06  8.761135704854210e+05  -8.734134318634775e+06  5.993569888060956e+05  -4.088331685946777e+06  -4.474543258406181e+06  -4.642587443375602e-02  5.816969586921905e-03  -3.604579240032425e-02
  1.054999999999999e+00  -4.289297968581895e+06  7.136540214185324e+05  -8.629437723576903e+06  5.145619864459427e+05  -4.207252537203952e+06  -4.495901516848571e+06  -4.422457181399521e-02  8.804401340582803e-03  -3.064618187363489e-02
  1.059999999999999e+00  -4.375886311245290e+06  5.636160024556551e+05  -8.529329966482641e+06  4.337032099429652e+05  -4.318195315991745e+06  -4.513509128323064e+06  -4.211342541021643e-02  1.157358942930875e-02  -2.539995653055305e-02
  1.064999999999999e+00  -4.457650640215304e+06  4.270151631448102e+05  -8.434897607541289e+06  3.571381048914986e+05  -4.419999428050558e+06  -4.527382918187840e+06  -4.010728160206138e-02  1.410800475368146e-02  -2.034601818482829e-02
  1.069999999999999e+00  -4.534436000167277e+06  3.043610078363255e+05  -8.348102303965651e+06  2.852884608115327e+05  -4.512128174223661e+06  -4.537340599117552e+06  -3.821887643035756e-02  1.638312605400246e-02  -1.552205491030946e-02
  1.074999999999999e+00  -4.606081193389736e+06  1.958703180622000e+05  -8.269552608817590e+06  2.180630015965819e+05  -4.594205166285447e+06  -4.543663724353029e+06  -3.644760864266883e-02  1.839759756673376e-02  -1.094257371758418e-02
  1.079999999999999e+00  -4.672578469802792e+06  1.013513482407048e+05  -8.199955802445307e+06  1.553423990990391e+05  -4.666321824293541e+06  -4.546487203824189e+06  -3.479079543150820e-02  2.014832292055421e-02  -6.616561185571085e-03
  1.084999999999999e+00  -4.734006648306490e+06  2.031459700892938e+04  -8.139277681590935e+06  9.679311267756735e+04  -4.728847278259495e+06  -4.545986661579087e+06  -3.323912867532577e-02  2.163988469932590e-02  -2.537299592430766e-03
  1.089999999999999e+00  -4.790325602530953e+06  -4.795767275995689e+04  -8.086722310606495e+06  4.189636982737146e+04  -4.782378608942191e+06  -4.542705877873606e+06  -3.177608181577341e-02  2.289452206107621e-02  1.309063906235239e-03
  1.094999999999999e+00  -4.841876419857673e+06  -1.044310080741591e+05  -8.041226657295493e+06  -9.816395306491248e+03  -4.827627431799443e+06  -4.536818089175128e+06  -3.039000653413181e-02  2.392721974104464e-02  4.944054109055581e-03
  1.099999999999999e+00  -4.888811724566233e+06  -1.501464824507633e+05  -8.001438994968466e+06  -5.887192551007900e+04  -4.865428601933004e+06  -4.528827806899785e+06  -2.906407183836676e-02  2.476607550617303e-02  8.383966564778651e-03
  1.104999999999998e+00  -4.931639820012665e+06  -1.862263443223100e+05  -7.965782944344349e+06  -1.056992714039094e+05  -4.896493569727591e+06  -4.518903879518402e+06  -2.778768507726252e-02  2.543115296197136e-02  1.165463946915547e-02
  1.109999999999998e+00  -4.970710511695856e+06  -2.137042760288222e+05  -7.932916338591835e+06  -1.506783744947835e+05  -4.921552929451927e+06  -4.507403881638904e+06  -2.654929148885373e-02  2.594747620697509e-02  1.476547520041285e-02
  1.114999999999998e+00  -5.006544246778895e+06  -2.335857282296470e+05  -7.901574911909384e+06  -1.940955502886290e+05  -4.941146081473514e+06  -4.494432551151689e+06  -2.534183397589609e-02  2.633478474012122e-02  1.773411987210307e-02
  1.119999999999998e+00  -5.039598391234207e+06  -2.467214043201715e+05  -7.870712313372064e+06  -2.361586828860196e+05  -4.955677066017245e+06  -4.480101927148460e+06  -2.416077542255304e-02  2.661087970451494e-02  2.057108535059298e-02
  1.124999999999998e+00  -5.070188144181837e+06  -2.536872945971551e+05  -7.839647435976133e+06  -2.770285690612909e+05  -4.965480281241019e+06  -4.464515729795821e+06  -2.300269737019702e-02  2.678768620809190e-02  2.327545922663279e-02
  1.129999999999998e+00  -5.098605578940700e+06  -2.550553068762888e+05  -7.807982392878227e+06  -3.168098954035628e+05  -4.970737007913966e+06  -4.447674796474280e+06  -2.186707802107518e-02  2.687657151440970e-02  2.585266927110346e-02
  1.134999999999998e+00  -5.124946142773582e+06  -2.510345410971233e+05  -7.775355455865591e+06  -3.556296231079216e+05  -4.971562189781394e+06  -4.429674928519047e+06  -2.075269997255781e-02  2.688221062377671e-02  2.830025745185795e-02
  1.139999999999998e+00  -5.149274716721662e+06  -2.419381757380135e+05  -7.741832833336772e+06  -3.935579399327560e+05  -4.968040342684708e+06  -4.410550035934976e+06  -1.965914674220769e-02  2.681025497416522e-02  3.061632091470260e-02
  1.144999999999998e+00  -5.171468514318607e+06  -2.277735671201634e+05  -7.707274421420190e+06  -4.307420683705206e+05  -4.960208275173900e+06  -4.390500621121529e+06  -1.858313298966907e-02  2.666284282135080e-02  3.280016646773130e-02
  1.149999999999997e+00  -5.191413295675000e+06  -2.087135173709755e+05  -7.671919968887074e+06  -4.672778965714260e+05  -4.948159980286450e+06  -4.369709753423707e+06  -1.752133595473079e-02  2.644366564542739e-02  3.485021817934435e-02
  1.154999999999997e+00  -5.208938307420354e+06  -1.849114743800404e+05  -7.636038594949336e+06  -5.032663246838757e+05  -4.932015145868551e+06  -4.348375854597837e+06  -1.646701747606977e-02  2.615528435116317e-02  3.676425046887343e-02
  1.159999999999997e+00  -5.223817612763636e+06  -1.564350811926497e+05  -7.599652616539742e+06  -5.388490240790459e+05  -4.911930778457167e+06  -4.326854409317348e+06  -1.541397213093080e-02  2.580088302094798e-02  3.854397170153158e-02
  1.164999999999997e+00  -5.235873066102571e+06  -1.235115838689294e+05  -7.562910852642993e+06  -5.740959583124922e+05  -4.888088522601817e+06  -4.305352050922915e+06  -1.435446242815065e-02  2.538419423244072e-02  4.018940501516366e-02
  1.169999999999997e+00  -5.244935826290770e+06  -8.630830988006383e+04  -7.525830138985001e+06  -6.090908960140502e+05  -4.860732791366775e+06  -4.284144309576564e+06  -1.328489538262605e-02  2.490829217995091e-02  4.170204956706550e-02
  1.174999999999997e+00  -5.250896325081592e+06  -4.509257529077605e+04  -7.488305862375790e+06  -6.438693647752504e+05  -4.830058047753496e+06  -4.263322618161786e+06  -1.219965523954171e-02  2.437692097462704e-02  4.308561787947774e-02
  1.179999999999997e+00  -5.253694576978488e+06  -9.850449341982625e+01  -7.450293906795243e+06  -6.784371723571442e+05  -4.796312568460125e+06  -4.242992358369749e+06  -1.110129644400336e-02  2.379153845248918e-02  4.434083389415289e-02
  1.184999999999997e+00  -5.253373004273102e+06  4.837813752793523e+04  -7.411541508479374e+06  -7.127548472267633e+05  -4.759670117361456e+06  -4.223126829052336e+06  -9.992420829875106e-03  2.315446416212836e-02  4.547128558132291e-02
  1.189999999999997e+00  -5.250128821311501e+06  9.997346497386896e+04  -7.371826974951354e+06  -7.467517575280702e+05  -4.720295140867760e+06  -4.203598474302220e+06  -8.877407276621258e-03  2.246844337192930e-02  4.648149662718361e-02
  1.194999999999997e+00  -5.244087213268641e+06  1.544027221729448e+05  -7.331169076013845e+06  -7.803182494465385e+05  -4.678359232401443e+06  -4.184360109640237e+06  -7.767520783704573e-03  2.173277435577219e-02  4.736977813960348e-02
  1.199999999999996e+00  -5.235654816730849e+06  2.112334910860851e+05  -7.289401205486133e+06  -8.133230041944815e+05  -4.633976977451841e+06  -4.165191138985983e+06  -6.669761451104681e-03  2.095200883364150e-02  4.814211208629619e-02
  1.204999999999996e+00  -5.225020488607684e+06  2.702123870429635e+05  -7.246586191542882e+06  -8.456494467931004e+05  -4.587278673715578e+06  -4.146064215308382e+06  -5.595792627843055e-03  2.012692627049024e-02  4.879628643463929e-02
  1.209999999999996e+00  -5.212663753584322e+06  3.308968497694283e+05  -7.202697070369605e+06  -8.771693665917107e+05  -4.538369847883039e+06  -4.126763515778963e+06  -4.551212300923937e-03  1.926351443414182e-02  4.933699170126112e-02
  1.214999999999996e+00  -5.198723127804031e+06  3.930893149017252e+05  -7.157691167220364e+06  -9.078277115166885e+05  -4.487389282320532e+06  -4.107338906975063e+06  -3.543669134327350e-03  1.836459536858523e-02  4.976243069149638e-02
  1.219999999999996e+00  -5.183514852840954e+06  4.564197443653230e+05  -7.111535161166864e+06  -9.375927563887087e+05  -4.434464651917826e+06  -4.087693949394546e+06  -2.574653101506047e-03  1.743705828527889e-02  5.007575819275464e-02
  1.224999999999996e+00  -5.167251085843013e+06  5.205678219572972e+05  -7.064155140346643e+06  -9.664798216315339e+05  -4.379731273322893e+06  -4.067780590863238e+06  -1.642472696461731e-03  1.648715330623089e-02  5.027881019996343e-02
  1.229999999999996e+00  -5.149878845110717e+06  5.853775081770496e+05  -7.015281507071609e+06  -9.945901432404000e+05  -4.323415436253480e+06  -4.047724402596103e+06  -7.451400973646160e-04  1.552104617805340e-02  5.037336550773724e-02
  1.234999999999996e+00  -5.131512801353322e+06  6.504874755978797e+05  -6.964816846354579e+06  -1.022049801258642e+06  -4.265680334247950e+06  -4.027483099644057e+06  1.257477246900360e-04  1.454778329393531e-02  5.036435872062563e-02
  1.239999999999996e+00  -5.112076557731589e+06  7.157000205431007e+05  -6.912499829038971e+06  -1.049039744815754e+06  -4.206808591129616e+06  -4.007182779602683e+06  9.762991293222125e-04  1.357474830122345e-02  5.025696415292802e-02
  1.244999999999995e+00  -5.091605412425834e+06  7.806328174000238e+05  -6.858282223860645e+06  -1.075766051398638e+06  -4.147011475100514e+06  -3.986821261376272e+06  1.817478288293606e-03  1.261132357174735e-02  5.005870611093205e-02
  1.249999999999995e+00  -5.070088602851059e+06  8.450255711301807e+05  -6.802091856109197e+06  -1.102432310812472e+06  -4.086586068926554e+06  -3.966515713713971e+06  2.655362546981592e-03  1.166382793975682e-02  4.977636471272968e-02
  1.254999999999995e+00  -5.047547563820341e+06  9.085307002741606e+05  -6.743962947031347e+06  -1.129240951687200e+06  -4.025774069023378e+06  -3.946338258085014e+06  3.497846084674214e-03  1.073930239522359e-02  4.941864896093350e-02
  1.259999999999995e+00  -5.024050854003319e+06  9.708024560530469e+05  -6.683986915438248e+06  -1.156351910120219e+06  -3.964816712245041e+06  -3.926338359981254e+06  4.351825791532252e-03  9.843652141318229e-03  4.899341636430530e-02
  1.264999999999995e+00  -4.999630485954478e+06  1.031613312646046e+06  -6.622363957118556e+06  -1.183878658057339e+06  -3.903984344403846e+06  -3.906679073829250e+06  5.217222108672106e-03  8.978001021874541e-03  4.850522511160326e-02
  1.269999999999995e+00  -4.974421213496036e+06  1.090613054856552e+06  -6.559239387671121e+06  -1.211869971339370e+06  -3.843488367806452e+06  -3.887404092879084e+06  6.097461700196153e-03  8.147464924689009e-03  4.796020319389636e-02
  1.274999999999995e+00  -4.948438444183433e+06  1.147638061577779e+06  -6.494853674222152e+06  -1.240350906865494e+06  -3.783540804355203e+06  -3.868703442375041e+06  6.988399955445507e-03  7.351309470745659e-03  4.735881260112466e-02
  1.279999999999995e+00  -4.921870310943029e+06  1.202345702199472e+06  -6.429396930856723e+06  -1.269239462891000e+06  -3.724338677193298e+06  -3.850581474539834e+06  7.891016976220838e-03  6.595011079152847e-03  4.670240131462988e-02
  1.284999999999995e+00  -4.894656612173594e+06  1.254682467635785e+06  -6.362980093950399e+06  -1.298485461774175e+06  -3.666010550862343e+06  -3.833230764668141e+06  8.799337636254317e-03  5.878197880954758e-03  4.598921782268067e-02
  1.289999999999994e+00  -4.866895404668973e+06  1.304460594225001e+06  -6.295671001275037e+06  -1.327938270184915e+06  -3.608677537258822e+06  -3.816659263547835e+06  9.711434947109104e-03  5.206479765482381e-03  4.521869909229376e-02
  1.294999999999994e+00  -4.838678010189912e+06  1.351541235816403e+06  -6.227585596596340e+06  -1.357411093047351e+06  -3.552461044576698e+06  -3.800825292221449e+06  1.062649673731137e-02  4.585202541011506e-03  4.438908784806180e-02
  1.299999999999994e+00  -4.809863239190144e+06  1.396061376347893e+06  -6.158588705246508e+06  -1.386760166442943e+06  -3.497341897060631e+06  -3.785808731739384e+06  1.153876958240135e-02  4.015167311371540e-03  4.350158578065817e-02
  1.304999999999994e+00  -4.780611307407250e+06  1.437910988084512e+06  -6.088842869977125e+06  -1.415734036342930e+06  -3.443402601146402e+06  -3.771440797573361e+06  1.244839465998825e-02  3.502452087565097e-03  4.255667624382582e-02
  1.309999999999994e+00  -4.750837295467905e+06  1.477290422940504e+06  -6.018218528517460e+06  -1.444159180908153e+06  -3.390540836616148e+06  -3.757705088762214e+06  1.335036204128530e-02  3.046514163985267e-03  4.155809223811739e-02
  1.314999999999994e+00  -4.720766344089040e+06  1.514143545252780e+06  -5.947017609942207e+06  -1.471788422263599e+06  -3.338795295410824e+06  -3.744393237703714e+06  1.424420090775069e-02  2.649768116675656e-03  4.050834801200638e-02
  1.319999999999994e+00  -4.690404194782198e+06  1.548666216708784e+06  -5.875224950234826e+06  -1.498483991127978e+06  -3.288029365578299e+06  -3.731467683732044e+06  1.512501898807757e-02  2.309260082232337e-03  3.941224216904549e-02
  1.324999999999994e+00  -4.659938522762995e+06  1.580883412874695e+06  -5.803160022746298e+06  -1.524097796270047e+06  -3.238218839673947e+06  -3.718802118939480e+06  1.599140481297869e-02  2.023235522245041e-03  3.827448221940855e-02
  1.329999999999994e+00  -4.629560474031500e+06  1.610849306893732e+06  -5.731128601603580e+06  -1.548525272647133e+06  -3.189307854973327e+06  -3.706280041616370e+06  1.684270190011482e-02  1.788114877957454e-03  3.710008206429798e-02
  1.334999999999994e+00  -4.599264575769512e+06  1.638710640314520e+06  -5.659257298151691e+06  -1.571810668242716e+06  -3.141239775631429e+06  -3.693966320609210e+06  1.767532753257675e-02  1.598180228773838e-03  3.589540713154313e-02
  1.339999999999993e+00  -4.569178360232724e+06  1.664492640388431e+06  -5.587867704628767e+06  -1.593959618693064e+06  -3.094005935420651e+06  -3.681780261269799e+06  1.849138741103009e-02  1.449394050206870e-03  3.466724724374248e-02
  1.344999999999993e+00  -4.539217433370234e+06  1.688314308360413e+06  -5.517059969222976e+06  -1.615130232803425e+06  -3.047648066312199e+06  -3.669846003645657e+06  1.928827296179475e-02  1.335707346647516e-03  3.342291388096635e-02
  1.349999999999993e+00  -4.509370618725097e+06  1.710173164163812e+06  -5.447046011932551e+06  -1.635411784215285e+06  -3.002226824743903e+06  -3.658128768760972e+06  2.006947538715543e-02  1.253212982834184e-03  3.216898960225107e-02
  1.354999999999993e+00  -4.479481310435875e+06  1.730177476185070e+06  -5.377852762873911e+06  -1.655007814976892e+06  -2.957861414285872e+06  -3.646762914103927e+06  2.083292551320541e-02  1.196333192001020e-03  3.091242419813345e-02
  1.359999999999993e+00  -4.449429790310994e+06  1.748348487720696e+06  -5.309516173742288e+06  -1.674050235692550e+06  -2.914671689968784e+06  -3.635778122302557e+06  2.158020213644805e-02  1.161688563131155e-03  2.965846213525278e-02
  1.364999999999993e+00  -4.419084613085062e+06  1.764676509406477e+06  -5.242077156975878e+06  -1.692661018711269e+06  -2.872820703510592e+06  -3.625198937073078e+06  2.231382290242402e-02  1.146156971533719e-03  2.840948228860345e-02
  1.369999999999993e+00  -4.388304095154984e+06  1.779287070424144e+06  -5.175461209748879e+06  -1.710974968018829e+06  -2.832432187823384e+06  -3.615093016736044e+06  2.303084624508268e-02  1.145556367327829e-03  2.716943188307423e-02
  1.374999999999993e+00  -4.357048054968182e+06  1.792141742191879e+06  -5.109683807345626e+06  -1.729029478520453e+06  -2.793670446680330e+06  -3.605422554545848e+06  2.373323028452532e-02  1.158280519086005e-03  2.593795964476829e-02
  1.379999999999993e+00  -4.325228550980881e+06  1.803385337761522e+06  -5.044660386332974e+06  -1.746866258036907e+06  -2.756579450036153e+06  -3.596174948752134e+06  2.441773016398493e-02  1.181285400195368e-03  2.471767532942691e-02
  1.384999999999992e+00  -4.292966464984122e+06  1.812985336089698e+06  -4.980494898593662e+06  -1.764436454626932e+06  -2.721281239428627e+06  -3.587209409584878e+06  2.508472133599225e-02  1.212951871988232e-03  2.350754632899915e-02
  1.389999999999992e+00  -4.260213632247983e+06  1.821096886480826e+06  -4.917098564247525e+06  -1.781696310247074e+06  -2.687715376431827e+06  -3.578458893537231e+06  2.573030032593894e-02  1.251575985719826e-03  2.231067591925825e-02
  1.394999999999992e+00  -4.227218464546788e+06  1.827723486449971e+06  -4.854650834274224e+06  -1.798522395348873e+06  -2.655906312150490e+06  -3.569695685539381e+06  2.635292601904193e-02  1.295400642579248e-03  2.112825748622287e-02
  1.399999999999992e+00  -4.193941965034115e+06  1.833009965675038e+06  -4.793073571431686e+06  -1.814831754513877e+06  -2.625707806686918e+06  -3.560852800671707e+06  2.694885583532248e-02  1.344016405031532e-03  1.996411303683330e-02
  1.404999999999992e+00  -4.160610305971536e+06  1.837013509457134e+06  -4.732529919712706e+06  -1.830481364398190e+06  -2.597054859595716e+06  -3.551728650794897e+06  2.751546549464717e-02  1.395929756349520e-03  1.882164527955914e-02
  1.409999999999992e+00  -4.127419519341808e+06  1.839825140801076e+06  -4.673208565990164e+06  -1.845346398678185e+06  -2.569823598225421e+06  -3.542132834985971e+06  2.805128657497247e-02  1.449964521098361e-03  1.770494161395702e-02
  1.414999999999992e+00  -4.094321695225914e+06  1.841549470819128e+06  -4.615050140469912e+06  -1.859387194058514e+06  -2.543872685567472e+06  -3.532100673994134e+06  2.855375643708548e-02  1.507410976896472e-03  1.661856029231937e-02
  1.419999999999992e+00  -4.061507504173146e+06  1.842259963243302e+06  -4.558296347725336e+06  -1.872508894417833e+06  -2.519126120567414e+06  -3.521485602189655e+06  2.902374534640983e-02  1.567493327833650e-03  1.556641528997547e-02
  1.424999999999992e+00  -4.028908625818776e+06  1.842023853249585e+06  -4.502884495957829e+06  -1.884757045534621e+06  -2.495519022333664e+06  -3.510400606387248e+06  2.946125669585576e-02  1.631985840766006e-03  1.455220079384953e-02
  1.429999999999992e+00  -3.996581560577201e+06  1.840871639269939e+06  -4.448959971727774e+06  -1.896137783819679e+06  -2.473024939762380e+06  -3.498830656517483e+06  2.987018754380556e-02  1.702290516493795e-03  1.357844872587611e-02
  1.434999999999991e+00  -3.964427951513590e+06  1.838849821810419e+06  -4.396398528862750e+06  -1.906775929017201e+06  -2.451656980189423e+06  -3.486933379294985e+06  3.025324963063735e-02  1.779984073631891e-03  1.264758913836171e-02
  1.439999999999991e+00  -3.932380180844186e+06  1.835954051735161e+06  -4.345185013305922e+06  -1.916769282830286e+06  -2.431453128408563e+06  -3.474801119457701e+06  3.061619232278478e-02  1.867267394212245e-03  1.176085677819493e-02
  1.444999999999991e+00  -3.900350173340693e+06  1.832131011635156e+06  -4.295199994712070e+06  -1.926227543383539e+06  -2.412491605144929e+06  -3.462570630574426e+06  3.096491389782155e-02  1.967414164171371e-03  1.091847496118007e-02
  1.449999999999991e+00  -3.868230483525775e+06  1.827438488967297e+06  -4.246253008382383e+06  -1.935311259728287e+06  -2.394795255309783e+06  -3.450377292441547e+06  3.130331613988813e-02  2.081023892980951e-03  1.012134213136552e-02
  1.454999999999991e+00  -3.835986803474039e+06  1.821761055277475e+06  -4.198248326386602e+06  -1.944083054390290e+06  -2.378477966309655e+06  -3.438314829959376e+06  3.163696368650998e-02  2.211704876273218e-03  9.368172971551457e-03
  1.459999999999991e+00  -3.803576279916184e+06  1.815183698427562e+06  -4.151046766356294e+06  -1.952638924281989e+06  -2.363502852050216e+06  -3.426457226206614e+06  3.196715357248478e-02  2.358941336987766e-03  8.658298343756161e-03
  1.464999999999991e+00  -3.771079599902851e+06  1.807598015276905e+06  -4.104631501600322e+06  -1.960938870989457e+06  -2.349987110793626e+06  -3.414834458393657e+06  3.229560952274810e-02  2.525239581378690e-03  7.989142259954743e-03
  1.469999999999991e+00  -3.738522189873392e+06  1.799122780976214e+06  -4.058963555176923e+06  -1.968978048678545e+06  -2.337818112823477e+06  -3.403459098972584e+06  3.261966789165055e-02  2.708929363203244e-03  7.357799690439522e-03
  1.474999999999991e+00  -3.706049090592562e+06  1.789736085418206e+06  -4.014134109231201e+06  -1.976632420290102e+06  -2.327020833180633e+06  -3.392290417858939e+06  3.293708296115240e-02  2.910606260334339e-03  6.759713832134620e-03
  1.479999999999990e+00  -3.673820635099178e+06  1.779476922947054e+06  -3.970286169581336e+06  -1.983737310762891e+06  -2.317588336265884e+06  -3.381262509097117e+06  3.324460455939036e-02  3.129345187532339e-03  6.189241999781162e-03
  1.484999999999990e+00  -3.641844576508089e+06  1.768517443637193e+06  -3.927431286181435e+06  -1.990186832394982e+06  -2.309317564766947e+06  -3.370344813870481e+06  3.353669382500044e-02  3.363272542014773e-03  5.641452479025202e-03
  1.489999999999990e+00  -3.610277255902943e+06  1.756921936783660e+06  -3.885770422270057e+06  -1.995776385537411e+06  -2.302190602216501e+06  -3.359435180247682e+06  3.381103224681496e-02  3.610996794465316e-03  5.109483096216092e-03
  1.494999999999990e+00  -3.579032940547387e+06  1.744859247740879e+06  -3.845269050329651e+06  -2.000417373799421e+06  -2.295985958163777e+06  -3.348516396918582e+06  3.406404826850711e-02  3.871056187863618e-03  4.589542566029210e-03
  1.499999999999990e+00  -3.548164796506134e+06  1.732448127005829e+06  -3.806082321830537e+06  -2.003989510063363e+06  -2.290605254665858e+06  -3.337500196211474e+06  3.429559951556685e-02  4.140728448765913e-03  4.076136048921935e-03
  1.504999999999990e+00  -3.517531816387116e+06  1.719787112177154e+06  -3.768154539390213e+06  -2.006479561561386e+06  -2.285852896657019e+06  -3.326392383725531e+06  3.450534863720400e-02  4.418969283974840e-03  3.568131851537946e-03
  1.509999999999990e+00  -3.487103119445898e+06  1.706954085993127e+06  -3.731572581604511e+06  -2.007889367403493e+06  -2.281607689167385e+06  -3.315151667993055e+06  3.469470685973740e-02  4.702658778630891e-03  3.064180612958438e-03
  1.514999999999990e+00  -3.456830640265495e+06  1.694016121518421e+06  -3.696371132337276e+06  -2.008294607531453e+06  -2.277713338762943e+06  -3.303750286807446e+06  3.486575874297233e-02  4.988156661740962e-03  2.564444776564313e-03
  1.519999999999990e+00  -3.426652310831760e+06  1.680913685319197e+06  -3.662546907650327e+06  -2.007808659992165e+06  -2.274084693652980e+06  -3.292211926773611e+06  3.501999195544316e-02  5.274683177107253e-03  2.072495460005374e-03
  1.524999999999989e+00  -3.396590331553062e+06  1.667668030386767e+06  -3.630100913599312e+06  -2.006570862319771e+06  -2.270610002360115e+06  -3.280509306999822e+06  3.515900914411950e-02  5.557998296215910e-03  1.591141903313773e-03
  1.529999999999989e+00  -3.366680326730225e+06  1.654169713976930e+06  -3.599031645851165e+06  -2.004734001663352e+06  -2.267284660197244e+06  -3.268657072556365e+06  3.528344287939900e-02  5.837691662232615e-03  1.124942153208361e-03
  1.534999999999989e+00  -3.336992650103278e+06  1.640399520234495e+06  -3.569212725740044e+06  -2.002448175385497e+06  -2.264054527945444e+06  -3.256637689807496e+06  3.539370867676239e-02  6.111455180229955e-03  6.777840575155040e-04
  1.539999999999989e+00  -3.307601399219893e+06  1.626291977582420e+06  -3.540562421855005e+06  -1.999862416469864e+06  -2.260962166797024e+06  -3.244458835224532e+06  3.548892993812015e-02  6.379324488412609e-03  2.533246646912335e-04
  1.544999999999989e+00  -3.278574081496452e+06  1.611840413402593e+06  -3.512865047464386e+06  -1.997096246694399e+06  -2.258016291720629e+06  -3.232107126743533e+06  3.556861999945785e-02  6.640943114596415e-03  -1.461060774175157e-04
  1.549999999999989e+00  -3.249961639225678e+06  1.597029581672652e+06  -3.485862255765207e+06  -1.994236028037876e+06  -2.255283299326404e+06  -3.219587098401823e+06  3.563221157154805e-02  6.896989474862990e-03  -5.193436387315683e-04
  1.554999999999989e+00  -3.221773634169686e+06  1.581954273787328e+06  -3.459347553455962e+06  -1.991373979810864e+06  -2.252772991580441e+06  -3.206893359605382e+06  3.567808031346958e-02  7.147648641765474e-03  -8.667608670132470e-04
  1.559999999999989e+00  -3.194027100787395e+06  1.566627002413209e+06  -3.433084116544510e+06  -1.988535440380412e+06  -2.250588253734048e+06  -3.194024358118292e+06  3.570630802723675e-02  7.393891489427567e-03  -1.190536695059379e-03
  1.564999999999989e+00  -3.166659405690267e+06  1.551226750087752e+06  -3.406868183683942e+06  -1.985750904263169e+06  -2.248670514946621e+06  -3.180969956664804e+06  3.571573811659697e-02  7.635343616966112e-03  -1.492959975735975e-03
  1.569999999999989e+00  -3.139685299908770e+06  1.535785798752259e+06  -3.380634443782690e+06  -1.982995827874260e+06  -2.247130634501645e+06  -3.167723869925374e+06  3.570627484837434e-02  7.872118681375133e-03  -1.778195367218878e-03
  1.574999999999988e+00  -3.113000333983419e+06  1.520477007810325e+06  -3.354277460769619e+06  -1.980235923551488e+06  -2.245847442123717e+06  -3.154276233379205e+06  3.567777979636053e-02  8.103436813262513e-03  -2.049169346490445e-03
  1.579999999999988e+00  -3.086603983371556e+06  1.505332609580333e+06  -3.327891809293138e+06  -1.977401235124825e+06  -2.244866621420854e+06  -3.140619240457893e+06  3.563008876180895e-02  8.328752718983503e-03  -2.309247472971596e-03
  1.584999999999988e+00  -3.060534923162918e+06  1.490380506515088e+06  -3.301680360211500e+06  -1.974414243050412e+06  -2.244196017134636e+06  -3.126729026881454e+06  3.556321504317240e-02  8.546825035247245e-03  -2.561739010835001e-03
  1.589999999999988e+00  -3.034684948257287e+06  1.475639013795900e+06  -3.275712974746408e+06  -1.971178769587795e+06  -2.243704912145674e+06  -3.112629219036246e+06  3.547834034769045e-02  8.757921287031525e-03  -2.807676802568760e-03
  1.594999999999988e+00  -3.009144481834085e+06  1.461075465498136e+06  -3.250287302178612e+06  -1.967595240349412e+06  -2.243417682930368e+06  -3.098294554045749e+06  3.537546092461383e-02  8.961074903287826e-03  -3.047973735351586e-03
  1.599999999999988e+00  -2.983824220082124e+06  1.446596067628199e+06  -3.225512358067937e+06  -1.963569161241175e+06  -2.243245137346244e+06  -3.083777201535796e+06  3.525644935935641e-02  9.157937887381831e-03  -3.282344439948765e-03
  1.604999999999988e+00  -2.958805330040651e+06  1.432163631402158e+06  -3.201598720675136e+06  -1.959015037308834e+06  -2.243149955827035e+06  -3.069047198341362e+06  3.512231050347009e-02  9.349058307554422e-03  -3.509805931145855e-03
  1.609999999999988e+00  -2.934040166688590e+06  1.417645477002378e+06  -3.178614744010945e+06  -1.953870672274483e+06  -2.243085699103510e+06  -3.054162977037019e+06  3.497474290042166e-02  9.537142966630543e-03  -3.729070763805905e-03
  1.614999999999988e+00  -2.909575543265647e+06  1.403011910968780e+06  -3.156606994482810e+06  -1.948081873673414e+06  -2.242994557780327e+06  -3.039120265208319e+06  3.481457347902637e-02  9.723996658575471e-03  -3.937830430898662e-03
  1.619999999999987e+00  -2.885427022704519e+06  1.388240216505955e+06  -3.135515651888186e+06  -1.941615731680461e+06  -2.242806148832112e+06  -3.023933970649475e+06  3.464284045391689e-02  9.912275687490179e-03  -4.134133460478057e-03
  1.624999999999987e+00  -2.861660354169013e+06  1.373275155868774e+06  -3.115316074828085e+06  -1.934480464162964e+06  -2.242488582736744e+06  -3.008630817584381e+06  3.445957132712489e-02  1.010379611020893e-02  -4.316926338727655e-03
  1.629999999999987e+00  -2.838307823507210e+06  1.358136484712168e+06  -3.095842618304918e+06  -1.926678788901264e+06  -2.241986311083271e+06  -2.993248346828320e+06  3.426483813428671e-02  1.030086751973363e-02  -4.485295881816614e-03
  1.634999999999987e+00  -2.815489986265419e+06  1.342866241326102e+06  -3.077029158595779e+06  -1.918259022431287e+06  -2.241245844393871e+06  -2.977792105086661e+06  3.405783153239914e-02  1.050320834428966e-02  -4.639623376284397e-03
  1.639999999999987e+00  -2.793244082232038e+06  1.327485870967776e+06  -3.058683443418012e+06  -1.909253411548143e+06  -2.240275709726849e+06  -2.962343565728228e+06  3.383796786572525e-02  1.071188867079793e-02  -4.781432042473770e-03
  1.644999999999987e+00  -2.771666731897485e+06  1.312130832783580e+06  -3.040704435900675e+06  -1.899723963824808e+06  -2.238999461601112e+06  -2.946905094465911e+06  3.360444150690796e-02  1.092437300716650e-02  -4.912493537202367e-03
  1.649999999999987e+00  -2.750788215403657e+06  1.296859238156140e+06  -3.022945825408671e+06  -1.889720471362729e+06  -2.237437603839570e+06  -2.931546053776186e+06  3.335700756907006e-02  1.113993801003549e-02  -5.036026465405191e-03
  1.654999999999987e+00  -2.730637853982300e+06  1.281738994648210e+06  -3.005316490805326e+06  -1.879289456586865e+06  -2.235661740274127e+06  -2.916334890133478e+06  3.309536618994385e-02  1.135650806485141e-02  -5.155778521058301e-03
  1.659999999999987e+00  -2.711184969820555e+06  1.266953797895876e+06  -2.987720734648942e+06  -1.868466988913196e+06  -2.233591783756480e+06  -2.901261037741136e+06  3.281995510684715e-02  1.157036449207317e-02  -5.273754380803304e-03
  1.664999999999986e+00  -2.692439235639946e+06  1.252549179819611e+06  -2.970178321396651e+06  -1.857283889256147e+06  -2.231370091431467e+06  -2.886363175850525e+06  3.253081972659864e-02  1.177919095971507e-02  -5.393591793735548e-03
  1.669999999999986e+00  -2.674291716358921e+06  1.238659097923359e+06  -2.952655992641472e+06  -1.845740226466447e+06  -2.228948629947119e+06  -2.871622698626481e+06  3.222880784104289e-02  1.197971003502891e-02  -5.515850465575512e-03
  1.674999999999986e+00  -2.656753439562480e+06  1.225337232949323e+06  -2.935311957137902e+06  -1.833853652732941e+06  -2.226466374099171e+06  -2.857015779633434e+06  3.191399698679132e-02  1.216884879057205e-02  -5.642721032356558e-03
  1.679999999999986e+00  -2.639694536994777e+06  1.212620939618687e+06  -2.918205057150800e+06  -1.821602390789410e+06  -2.223912544151633e+06  -2.842521165752169e+06  3.158733042782488e-02  1.234463499860172e-02  -5.773505274909847e-03
  1.684999999999986e+00  -2.623090922615150e+06  1.200538574391377e+06  -2.901529752682505e+06  -1.808983185574363e+06  -2.221387826388601e+06  -2.828098824395929e+06  3.124859992302047e-02  1.250452409597630e-02  -5.908057626780757e-03
  1.689999999999986e+00  -2.606909598348395e+06  1.189134671790906e+06  -2.885470184861471e+06  -1.796016490553372e+06  -2.218920866672120e+06  -2.813697924797012e+06  3.089790836488357e-02  1.264635856936959e-02  -6.046179012838207e-03
  1.694999999999986e+00  -2.591055938584624e+06  1.178333493279167e+06  -2.870123902253561e+06  -1.782679173279024e+06  -2.216532903258295e+06  -2.799325987334434e+06  3.053617578106170e-02  1.277042926957182e-02  -6.186381978251623e-03
  1.699999999999986e+00  -2.575501320448820e+06  1.168197735741587e+06  -2.855582125793430e+06  -1.769020903962644e+06  -2.214209146190370e+06  -2.784959987024407e+06  3.016289426213518e-02  1.287541882397318e-02  -6.327649574222689e-03
  1.704999999999986e+00  -2.560211357698066e+06  1.158625695715610e+06  -2.841892293903503e+06  -1.755040317286541e+06  -2.211958381310751e+06  -2.770625304639254e+06  2.977931569946425e-02  1.296276538251108e-02  -6.469056603523989e-03
  1.709999999999986e+00  -2.545166277409936e+06  1.149662206336537e+06  -2.828970158985478e+06  -1.740822756198696e+06  -2.209690116283672e+06  -2.756333664004038e+06  2.938503226761911e-02  1.303307155067786e-02  -6.609268878416622e-03
  1.714999999999985e+00  -2.530414555342145e+06  1.141215319703129e+06  -2.816791016714194e+06  -1.726389303978833e+06  -2.207389823690172e+06  -2.742107657163698e+06  2.898119676271804e-02  1.308806629825400e-02  -6.747674086826813e-03
  1.719999999999985e+00  -2.516002857633641e+06  1.133280747450924e+06  -2.805183147298289e+06  -1.711825552008751e+06  -2.204957814464842e+06  -2.727971225989172e+06  2.856751367821827e-02  1.312942878188768e-02  -6.882874084964515e-03
  1.724999999999985e+00  -2.501993952008384e+06  1.125814493666063e+06  -2.793927098754558e+06  -1.697211480727948e+06  -2.202318300567122e+06  -2.713963324325911e+06  2.814341741757273e-02  1.315973431857202e-02  -7.013295143047413e-03
  1.729999999999985e+00  -2.488559117959568e+06  1.118765496314183e+06  -2.782944140787728e+06  -1.682587516387346e+06  -2.199423052698980e+06  -2.700061413556942e+06  2.770952824919257e-02  1.318002390024568e-02  -7.138930425486884e-03
  1.734999999999985e+00  -2.475790447161346e+06  1.112073248278826e+06  -2.771986236958453e+06  -1.668032683103599e+06  -2.196228577527356e+06  -2.686304747826445e+06  2.726470559711526e-02  1.319359899250748e-02  -7.258314206661043e-03
  1.739999999999985e+00  -2.463852881332912e+06  1.105738496654098e+06  -2.760953092281580e+06  -1.653581764796091e+06  -2.192674424664858e+06  -2.672652140866510e+06  2.680959972076390e-02  1.320083298677058e-02  -7.371952897033704e-03
  1.744999999999985e+00  -2.452830723675208e+06  1.099681042366620e+06  -2.749693944833458e+06  -1.639270009248865e+06  -2.188808297361622e+06  -2.659140840699451e+06  2.634362695789507e-02  1.320494711824442e-02  -7.479828244957430e-03
  1.749999999999985e+00  -2.442797604305631e+06  1.093946733986378e+06  -2.738107537457910e+06  -1.625110212785389e+06  -2.184568004913881e+06  -2.645739341724546e+06  2.586839721902778e-02  1.320578720283147e-02  -7.583234316231801e-03
  1.754999999999985e+00  -2.433768559358168e+06  1.088489711007416e+06  -2.726140828423599e+06  -1.611101032754248e+06  -2.180020700801552e+06  -2.632474653771845e+06  2.538487175697469e-02  1.320558626059925e-02  -7.683436586970938e-03
  1.759999999999984e+00  -2.425736786452036e+06  1.083269210541622e+06  -2.713864799985626e+06  -1.597228211234238e+06  -2.175263948206570e+06  -2.619371076538362e+06  2.489464847683253e-02  1.320565555980142e-02  -7.783103785556805e-03
  1.764999999999984e+00  -2.418585957209353e+06  1.078335789565598e+06  -2.701243428027977e+06  -1.583456454574859e+06  -2.170250666718205e+06  -2.606439988735916e+06  2.440127073250211e-02  1.320548988200907e-02  -7.883924443547949e-03
  1.769999999999984e+00  -2.412241069772500e+06  1.073634081459322e+06  -2.688496454931455e+06  -1.569762009125478e+06  -2.165124558758460e+06  -2.593721188688129e+06  2.390631494282526e-02  1.320617773253488e-02  -7.988637957027100e-03
  1.774999999999984e+00  -2.406502419764454e+06  1.069175823753201e+06  -2.675670031847210e+06  -1.556083189801403e+06  -2.159856301279431e+06  -2.581252374230701e+06  2.341363460627911e-02  1.320695731731775e-02  -8.098324306342733e-03
  1.779999999999984e+00  -2.401264965990687e+06  1.064932227872196e+06  -2.663063282968184e+06  -1.542409152320529e+06  -2.154542695753817e+06  -2.569061419088971e+06  2.292461618970112e-02  1.320785693204539e-02  -8.215047285671856e-03
  1.784999999999984e+00  -2.396329879762259e+06  1.060866105981469e+06  -2.650797410133539e+06  -1.528667782818079e+06  -2.149178223785596e+06  -2.557190782515645e+06  2.244222967384825e-02  1.320801549514525e-02  -8.338745948312449e-03
  1.789999999999984e+00  -2.391575959527660e+06  1.056989686944389e+06  -2.639124804290046e+06  -1.514865664460836e+06  -2.143801779574134e+06  -2.545670531420422e+06  2.196671639827128e-02  1.320675463979691e-02  -8.469407457221658e-03
  1.794999999999984e+00  -2.386882031192029e+06  1.053233081728218e+06  -2.628205186573398e+06  -1.500935866883328e+06  -2.138434251028590e+06  -2.534532453699042e+06  2.149959653451456e-02  1.320313770850131e-02  -8.606162297441808e-03
  1.799999999999984e+00  -2.382178600250304e+06  1.049608836588481e+06  -2.618199504518625e+06  -1.486887966797971e+06  -2.133080623303293e+06  -2.523798912409358e+06  2.104052386238646e-02  1.319637293528491e-02  -8.747857030552295e-03
  1.804999999999984e+00  -2.377387635511780e+06  1.046157539336982e+06  -2.609148203577681e+06  -1.472736927014620e+06  -2.127709860075335e+06  -2.513513404881334e+06  2.058899223918437e-02  1.318589634414022e-02  -8.892500297358408e-03
  1.809999999999983e+00  -2.372563253930320e+06  1.042826453913316e+06  -2.601171724244329e+06  -1.458444772804875e+06  -2.122361674891505e+06  -2.503676609616164e+06  2.014482175590947e-02  1.317080798445149e-02  -9.039024330055356e-03
  1.814999999999983e+00  -2.367672529740791e+06  1.039717322986036e+06  -2.594154900248285e+06  -1.444059162326982e+06  -2.116970279963093e+06  -2.494341425850500e+06  1.970698374343496e-02  1.315126615274293e-02  -9.185285792242740e-03
  1.819999999999983e+00  -2.362856621328830e+06  1.036836604846420e+06  -2.588150307033933e+06  -1.429567635890071e+06  -2.111550237206522e+06  -2.485483942990594e+06  1.927497256524532e-02  1.312647473636391e-02  -9.330430547963779e-03
  1.824999999999983e+00  -2.358137488174483e+06  1.034298327613519e+06  -2.582953096675575e+06  -1.415019543757575e+06  -2.106029732751370e+06  -2.477152908332048e+06  1.884800592878085e-02  1.309726312053074e-02  -9.472938297916603e-03
  1.829999999999983e+00  -2.353689021795454e+06  1.032169009885720e+06  -2.578542072639998e+06  -1.400427788041366e+06  -2.100374390550725e+06  -2.469295923365256e+06  1.842585243561462e-02  1.306286144014086e-02  -9.612226516473974e-03
  1.834999999999983e+00  -2.349576991542931e+06  1.030553931028713e+06  -2.574721977536939e+06  -1.385834302881230e+06  -2.094522547000549e+06  -2.461925807873463e+06  1.800807315265418e-02  1.302375724921467e-02  -9.747570237778530e-03
  1.839999999999983e+00  -2.345896639952482e+06  1.029516697999279e+06  -2.571355764076003e+06  -1.371283338937997e+06  -2.088448451668077e+06  -2.455034398020531e+06  1.759412927127614e-02  1.298049540742957e-02  -9.879162915203453e-03
  1.844999999999983e+00  -2.342757664530567e+06  1.029131648280076e+06  -2.568344666193499e+06  -1.356807143174420e+06  -2.082075468034819e+06  -2.448546946291519e+06  1.718461635814581e-02  1.293197449048245e-02  -1.000673854764913e-02
  1.849999999999983e+00  -2.340213529089951e+06  1.029397504913248e+06  -2.565590626365181e+06  -1.342459831098648e+06  -2.075433795848919e+06  -2.442453508283122e+06  1.677880582012403e-02  1.287877954701193e-02  -1.013157378785732e-02
  1.854999999999982e+00  -2.338286343105687e+06  1.030332294480202e+06  -2.562977414218458e+06  -1.328271967894668e+06  -2.068461877533636e+06  -2.436683737451205e+06  1.637779585251107e-02  1.281979595559622e-02  -1.025372134240847e-02
  1.859999999999982e+00  -2.336998637420287e+06  1.031864243251889e+06  -2.560499599617566e+06  -1.314300754869489e+06  -2.061244255680270e+06  -2.431198346442687e+06  1.598072362975279e-02  1.275558006163922e-02  -1.037479165976526e-02
  1.864999999999982e+00  -2.336285357706903e+06  1.033944125375247e+06  -2.558048090400495e+06  -1.300554703544999e+06  -2.053768723539607e+06  -2.425945528162552e+06  1.558896374404448e-02  1.268550546338829e-02  -1.049486375118181e-02
  1.869999999999982e+00  -2.336125558510326e+06  1.036460817321727e+06  -2.555660014722113e+06  -1.287068808102985e+06  -2.046124022517393e+06  -2.420870318675344e+06  1.520232427127530e-02  1.261044925523044e-02  -1.061505452815442e-02
  1.874999999999982e+00  -2.336463755373143e+06  1.039326657337025e+06  -2.553379187269963e+06  -1.273876478010728e+06  -2.038380649626868e+06  -2.415915986955674e+06  1.482024797459029e-02  1.253154871337254e-02  -1.073521732807120e-02
  1.879999999999982e+00  -2.337201224236645e+06  1.042441022454492e+06  -2.551164170478121e+06  -1.260933324310974e+06  -2.030588815514786e+06  -2.411054408459811e+06  1.444420314061514e-02  1.244975643077914e-02  -1.085486334011605e-02
  1.884999999999982e+00  -2.338299807806233e+06  1.045734343464423e+06  -2.549128356962581e+06  -1.248270313485641e+06  -2.022793954094045e+06  -2.406229198590910e+06  1.407308992035542e-02  1.236749008084097e-02  -1.097283894237645e-02
  1.889999999999982e+00  -2.339698898540994e+06  1.049126959140548e+06  -2.547287608379536e+06  -1.235812554338604e+06  -2.015052781492969e+06  -2.401430424321572e+06  1.370809556385155e-02  1.228646852909093e-02  -1.108843955875319e-02
  1.894999999999982e+00  -2.341354100097301e+06  1.052607939378183e+06  -2.545719123848378e+06  -1.223567219632820e+06  -2.007345456598675e+06  -2.396643311605701e+06  1.334805369369607e-02  1.220946509325166e-02  -1.119911039390128e-02
  1.899999999999981e+00  -2.343275508125671e+06  1.056143523907186e+06  -2.544479689198440e+06  -1.211448649478809e+06  -1.999699462532447e+06  -2.391874208554131e+06  1.299382953916636e-02  1.213824733853401e-02  -1.130466301035102e-02
  1.904999999999981e+00  -2.345455305844013e+06  1.059761506768139e+06  -2.543614099889232e+06  -1.199430995265810e+06  -1.992061831324481e+06  -2.387143820560228e+06  1.264481838508465e-02  1.207500402141319e-02  -1.140347031204846e-02
  1.909999999999981e+00  -2.347870223434485e+06  1.063505285198196e+06  -2.543102736739349e+06  -1.187478299906512e+06  -1.984364103366594e+06  -2.382515224654827e+06  1.230083929010164e-02  1.202192409745717e-02  -1.149420023197452e-02
  1.914999999999981e+00  -2.350607622831542e+06  1.067410071533417e+06  -2.542999090660300e+06  -1.175523093945472e+06  -1.976579485409191e+06  -2.378007563916071e+06  1.196236913396034e-02  1.197916478262628e-02  -1.157821280245376e-02
  1.919999999999981e+00  -2.353615639981244e+06  1.071546816443678e+06  -2.543202789628054e+06  -1.163542449693520e+06  -1.968631600223141e+06  -2.373724588523757e+06  1.162935580498797e-02  1.194822099222288e-02  -1.165516997798773e-02
  1.924999999999981e+00  -2.356983091214293e+06  1.075974291891782e+06  -2.543736873078567e+06  -1.151498775455636e+06  -1.960471643536536e+06  -2.369676063761581e+06  1.130215643143904e-02  1.192752804028056e-02  -1.172704504537889e-02
  1.929999999999981e+00  -2.360651926347642e+06  1.080740046724188e+06  -2.544480773127443e+06  -1.139380284378395e+06  -1.952072341168531e+06  -2.365966102763863e+06  1.098140242806353e-02  1.191758843097531e-02  -1.179511027306643e-02
  1.934999999999981e+00  -2.364674584477094e+06  1.085896732474010e+06  -2.545436789822896e+06  -1.127182911321715e+06  -1.943386770108872e+06  -2.362578651184050e+06  1.066755459792633e-02  1.191507657500592e-02  -1.186125978507685e-02
  1.939999999999981e+00  -2.368992404519208e+06  1.091464764661008e+06  -2.546520018998546e+06  -1.114911849489967e+06  -1.934433536462428e+06  -2.359569245103373e+06  1.036136672004736e-02  1.191831023574661e-02  -1.192707906100613e-02
  1.944999999999981e+00  -2.373564931143023e+06  1.097434409474802e+06  -2.547713769909929e+06  -1.102594548183665e+06  -1.925264401625118e+06  -2.356956185322506e+06  1.006346094515764e-02  1.192517171133302e-02  -1.199454371742374e-02
  1.949999999999980e+00  -2.378360514807752e+06  1.103811761078649e+06  -2.549021342320489e+06  -1.090260661196275e+06  -1.915869551217576e+06  -2.354687731614367e+06  9.774598178259340e-03  1.193076333839147e-02  -1.206389401930926e-02
  1.954999999999980e+00  -2.383314009153171e+06  1.110543964129600e+06  -2.550486133615812e+06  -1.077965813318697e+06  -1.906355042016915e+06  -2.352762449721614e+06  9.494845381519863e-03  1.193292553223466e-02  -1.213630942902170e-02
  1.959999999999980e+00  -2.388348568748801e+06  1.117604804668475e+06  -2.552130058851255e+06  -1.065743519914211e+06  -1.896735293531479e+06  -2.351122522630200e+06  9.225064979768589e-03  1.192703482642947e-02  -1.221076641915824e-02
  1.964999999999980e+00  -2.393407747830187e+06  1.124935720512353e+06  -2.554064217147155e+06  -1.053673871428885e+06  -1.887105491942894e+06  -2.349728030551098e+06  8.964388874536107e-03  1.191078372533806e-02  -1.228705371184010e-02
  1.969999999999980e+00  -2.398390476742248e+06  1.132498912950806e+06  -2.556315010573994e+06  -1.041771115766202e+06  -1.877498620319003e+06  -2.348538129391778e+06  8.713602530446934e-03  1.188080459727362e-02  -1.236337473556790e-02
  1.974999999999980e+00  -2.403251069299763e+06  1.140246376658269e+06  -2.559001746112959e+06  -1.030096140126787e+06  -1.867970866373101e+06  -2.347505141717435e+06  8.471718407451615e-03  1.183556430162747e-02  -1.243845820595388e-02
  1.979999999999980e+00  -2.407930124182992e+06  1.148175609611710e+06  -2.562205172220049e+06  -1.018707828090545e+06  -1.858531932561585e+06  -2.346588758986549e+06  8.237168497031088e-03  1.177378777941702e-02  -1.251009209408180e-02
  1.984999999999980e+00  -2.412365303957354e+06  1.156255383179926e+06  -2.565949097648678e+06  -1.007570055042155e+06  -1.849225814407533e+06  -2.345781188619863e+06  8.010469883276710e-03  1.169512898791268e-02  -1.257700899621710e-02
  1.989999999999980e+00  -2.416533252710684e+06  1.164525963160503e+06  -2.570289195881531e+06  -9.967398427002521e+05  -1.840008817738828e+06  -2.345053102102990e+06  7.789302004166279e-03  1.160019450230052e-02  -1.263695758512445e-02
  1.994999999999979e+00  -2.420430077464327e+06  1.172970458964786e+06  -2.575236845994169e+06  -9.861531398662949e+05  -1.830928333944075e+06  -2.344411587619341e+06  7.573841818284238e-03  1.149043698291126e-02  -1.268993310441274e-02
  1.999999999999979e+00  -2.424040200350441e+06  1.181664678534621e+06  -2.580751525891742e+06  -9.758325271923136e+05  -1.821909679579346e+06  -2.343862336019485e+06  7.362122554257645e-03  1.136776189454877e-02  -1.273401248965838e-02
