TITLE = "Temporal Signal for receiver number 00001"
VARIABLES = "Time","s_xx","s_yy","s_zz","s_xy","s_yz","s_xz","v1","v2","v3"
# x1       -6.951200093486e+03
# x2       -1.688845953880e+03
# x3       -6.681849162195e+03
# cell-global-id 19789
  0.000000000000000e+00  0.000000000000000e+00  0.000000000000000e+00  0.000000000000000e+00  0.000000000000000e+00  0.000000000000000e+00  0.000000000000000e+00  0.000000000000000e+00  0.000000000000000e+00  0.000000000000000e+00
  5.000000000000000e-03  0.000000000000000e+00  0.000000000000000e+00  0.000000000000000e+00  0.000000000000000e+00  0.000000000000000e+00  0.000000000000000e+00  0.000000000000000e+00  0.000000000000000e+00  0.000000000000000e+00
  1.000000000000000e-02  0.000000000000000e+00  0.000000000000000e+00  0.000000000000000e+00  0.000000000000000e+00  0.000000000000000e+00  0.000000000000000e+00  0.000000000000000e+00  0.000000000000000e+00  0.000000000000000e+00
  1.500000000000000e-02  0.000000000000000e+00  0.000000000000000e+00  0.000000000000000e+00  0.000000000000000e+00  0.000000000000000e+00  0.000000000000000e+00  0.000000000000000e+00  0.000000000000000e+00  0.000000000000000e+00
  2.000000000000000e-02  0.000000000000000e+00  0.000000000000000e+00  0.000000000000000e+00  0.000000000000000e+00  0.000000000000000e+00  0.000000000000000e+00  0.000000000000000e+00  0.000000000000000e+00  0.000000000000000e+00
  2.500000000000000e-02  0.000000000000000e+00  0.000000000000000e+00  0.000000000000000e+00  0.000000000000000e+00  0.000000000000000e+00  0.000000000000000e+00  0.000000000000000e+00  0.000000000000000e+00  0.000000000000000e+00
  3.000000000000000e-02  0.000000000000000e+00  0.000000000000000e+00  0.000000000000000e+00  0.000000000000000e+00  0.000000000000000e+00  0.000000000000000e+00  0.000000000000000e+00  0.000000000000000e+00  0.000000000000000e+00
  3.500000000000000e-02  0.000000000000000e+00  0.000000000000000e+00  0.000000000000000e+00  0.000000000000000e+00  0.000000000000000e+00  0.000000000000000e+00  0.000000000000000e+00  0.000000000000000e+00  0.000000000000000e+00
  4.000000000000000e-02  0.000000000000000e+00  0.000000000000000e+00  0.000000000000000e+00  0.000000000000000e+00  0.000000000000000e+00  0.000000000000000e+00  0.000000000000000e+00  0.000000000000000e+00  0.000000000000000e+00
  4.500000000000000e-02  0.000000000000000e+00  0.000000000000000e+00  0.000000000000000e+00  0.000000000000000e+00  0.000000000000000e+00  0.000000000000000e+00  0.000000000000000e+00  0.000000000000000e+00  0.000000000000000e+00
  5.000000000000000e-02  0.000000000000000e+00  0.000000000000000e+00  0.000000000000000e+00  0.000000000000000e+00  0.000000000000000e+00  0.000000000000000e+00  0.000000000000000e+00  0.000000000000000e+00  0.000000000000000e+00
  5.499999999999999e-02  0.000000000000000e+00  0.000000000000000e+00  0.000000000000000e+00  0.000000000000000e+00  0.000000000000000e+00  0.000000000000000e+00  0.000000000000000e+00  0.000000000000000e+00  0.000000000000000e+00
  5.999999999999999e-02  9.063426010060355e-50  1.095204680694222e-49  3.259954690583367e-49  1.317523492973724e-51  7.571109369213566e-50  -9.560981068567719e-50  6.972880142294575e-57  -5.114147619463012e-57  -1.281678004498309e-56
  6.499999999999999e-02  -2.243982209279844e-44  -2.540466235266686e-44  -7.588185131241859e-44  -1.479410866458426e-46  -1.385297449466016e-44  1.842729158622804e-44  -1.332274795912260e-51  9.405170135513377e-52  2.993179329314445e-51
  6.999999999999999e-02  1.598080514766120e-41  1.666751383796542e-41  4.803508806157722e-41  -6.208814651932457e-43  1.485812408691270e-41  -1.794416011246767e-41  1.235395741861963e-48  -1.008795335510918e-48  -1.919962377102372e-48
  7.500000000000000e-02  -2.070465279541709e-41  1.913545077814785e-40  9.062344693704090e-40  5.934555384624120e-41  4.719547808476315e-40  -4.233520252009794e-40  3.275695385727679e-47  -3.010074971218798e-47  -3.108774647966315e-47
  8.000000000000000e-02  -2.050163106589937e-37  -1.693862816634110e-37  -2.573725995623829e-37  1.371555631249223e-38  -8.465160212093704e-38  6.383594446952866e-38  -4.530106833347374e-45  6.088087795170102e-45  1.306206931268037e-44
  8.500000000000001e-02  -9.406707052645875e-36  -7.610175949142569e-36  -1.643177030830610e-35  9.904654095805248e-37  -8.949870584579645e-36  8.640441948978023e-36  -6.634324535078086e-43  5.620064332515185e-43  7.914351129509535e-43
  9.000000000000001e-02  3.924797187540766e-34  3.535294334344952e-34  6.832287133360347e-34  -4.696177792625174e-36  3.184165771478761e-34  -2.618642033060319e-34  2.043061577524366e-41  -2.261742591001133e-41  -3.176721463245680e-41
  9.500000000000001e-02  -5.351394079588324e-33  -5.260564040258377e-33  -1.009385013000237e-32  -4.920084775517997e-34  -4.012528410735496e-33  2.642911989514373e-33  -2.242443903370041e-40  3.176063157505356e-40  4.504302696906915e-40
  1.000000000000000e-01  2.991850997127003e-32  3.424906031438251e-32  7.340009065160490e-32  7.891154633230746e-33  1.421834950084880e-32  -8.201801658673908e-33  8.143410360655282e-40  -1.533927392884244e-39  -2.947603940893115e-39
  1.050000000000000e-01  1.706608660879066e-31  9.431779897165347e-32  -2.854971719733447e-32  -2.060178229765376e-32  2.501977273287358e-31  -8.161382950789240e-32  7.516915135187210e-39  -1.555614885447483e-38  -5.028073351598843e-39
  1.100000000000000e-01  -2.152070150087717e-30  -2.108114082548440e-30  -3.670642170463323e-30  -5.763108335484166e-32  -1.516862120855589e-30  8.860396431090815e-31  -8.564412338167595e-38  1.183286653890235e-37  1.628505760192468e-37
  1.150000000000000e-01  1.079103250726404e-29  9.404503736869708e-30  2.057695103311768e-29  -6.864677026985874e-31  3.240320154355826e-30  -6.106159720563286e-30  4.562173567437803e-37  -3.103492763652654e-37  -8.044172240272211e-37
  1.200000000000000e-01  -1.228875776331999e-29  -1.159238632860132e-30  -4.103351502224921e-29  1.090437435625217e-29  3.093934448565637e-29  2.827927305754320e-29  -1.215873578984364e-36  -2.008604489004676e-36  8.315625896934088e-37
  1.250000000000000e-01  -2.732128569113679e-28  -2.959961060402915e-28  -3.959382638491759e-28  -5.401932273555901e-29  -3.343677927361264e-28  3.886742021645132e-30  -6.164039562818576e-36  2.489478305290282e-35  2.154085002058057e-35
  1.300000000000000e-01  2.196201658070963e-27  2.089090055567065e-27  4.064573388612005e-27  8.103610504584377e-29  1.506555029346731e-27  -9.900981123978242e-28  8.525986878310659e-35  -1.190157341967461e-34  -1.818654998888854e-34
  1.350000000000000e-01  -6.440713815620058e-27  -6.307088259928059e-27  -1.613699219270935e-26  2.265209120130439e-28  -2.497159355061095e-27  5.984961833413848e-27  -4.073099392499430e-34  2.284929218347864e-34  6.540664499061694e-34
  1.400000000000000e-01  -8.788981051405150e-27  -3.887587438393999e-27  1.089454467264561e-26  -1.063085888256844e-27  -1.072586705191643e-26  -1.143777287349049e-26  6.809042668327440e-34  6.885904168389196e-34  -2.171998373429838e-34
  1.450000000000000e-01  7.479665725451348e-26  7.236979497904376e-26  1.444704728957555e-25  -3.186849594459708e-27  3.494647753093977e-26  -4.550535600118167e-26  3.238569138575415e-33  -2.744429357802335e-33  -5.789904868452967e-33
  1.500000000000000e-01  -1.657365623187988e-25  -1.193720733287539e-25  -3.155020469501765e-25  4.048302685421838e-26  -4.393896649156262e-27  2.013491861563304e-25  -1.115231771715805e-32  4.342316466363883e-34  1.268024970136342e-32
  1.550000000000001e-01  -2.169278338747048e-25  -3.732526837341478e-25  -4.648060938581360e-25  -1.377226393509457e-25  -3.483353538056769e-25  -2.156646529776094e-25  8.494271195862397e-33  2.773952948946109e-32  1.784101481263618e-32
  1.600000000000001e-01  1.943295045200933e-24  2.209584489298513e-24  4.452773780637846e-24  1.671850415983327e-25  1.185008728012155e-24  -1.128085236715766e-24  7.000256696918617e-32  -9.181916811159219e-32  -1.780972322979461e-31
  1.650000000000001e-01  -2.717252799863015e-24  -2.753178669780206e-24  -8.656240405113835e-24  4.942411473251306e-25  -6.637166518690002e-25  4.532771622727955e-24  -2.680568603336765e-31  3.410844172083296e-32  3.615292950434499e-31
  1.700000000000001e-01  -7.725821203815450e-24  -8.726816994554816e-24  -1.023881207701971e-23  -2.362536086834876e-24  -6.457792899208225e-24  -2.608215827110914e-24  2.316899890221355e-31  5.242611806111225e-31  3.541991574086814e-31
  1.750000000000001e-01  3.009373251666831e-23  3.341966471821177e-23  7.783408004166725e-23  2.586811007127065e-24  1.838304492985733e-23  -2.224616885382933e-23  1.024702660669652e-30  -1.246285027945362e-30  -3.079004946326776e-30
  1.800000000000001e-01  -1.278960272563439e-23  1.167397935487438e-23  2.302190702538740e-24  1.827682687701826e-23  1.331024469089899e-23  3.870629638883094e-23  -2.199115850030475e-30  -1.255268744842395e-30  5.746286516396312e-31
  1.850000000000001e-01  -8.346468051526018e-23  -1.081704538171660e-22  -2.400366298427336e-22  -5.201954818874314e-24  -5.493647846595016e-23  5.467902924108630e-23  -2.641432319677536e-30  3.120316291444823e-30  8.626041504885539e-30
  1.900000000000001e-01  1.657846160438025e-22  1.292040281669720e-22  4.088839668255888e-22  -6.355798903708240e-23  4.054775257132233e-23  -2.560348526036755e-22  1.503045022370609e-29  -2.616091370424111e-31  -1.797610956600056e-29
  1.950000000000001e-01  8.216986696096337e-23  2.005547939899769e-22  3.616389445462326e-22  9.487589940009719e-23  1.448086848575267e-22  1.379511440485937e-22  -1.468785900109017e-29  -8.758792838386460e-30  -6.739082464150680e-30
  2.000000000000001e-01  -5.988693143635090e-22  -7.339730397048636e-22  -2.137714674116472e-21  8.031976674014684e-23  -3.718332439860104e-22  7.751429288108173e-22  -3.442805340464139e-29  1.284209962336820e-29  7.990403044736228e-29
  2.050000000000001e-01  2.223860065975789e-22  3.565222897384179e-22  1.607520685183559e-21  -2.459667464383027e-22  5.353509341489898e-23  -1.306604683014497e-21  9.815326469879327e-29  1.959806893488591e-31  -8.836426072801912e-29
  2.100000000000001e-01  1.713879725801755e-21  1.881429716263549e-21  5.315589055925043e-21  -1.143823774193949e-22  1.189302530024022e-21  -1.294869746107322e-21  -8.040371013862296e-30  -3.280473796353585e-29  -1.564480417989214e-28
  2.150000000000001e-01  -4.403510262838682e-21  -2.850859528406054e-21  -5.357682356972509e-21  1.360317055987523e-21  -1.182444914839641e-21  4.965671610703548e-21  -3.392074344857407e-28  6.809794583522072e-29  3.162414552236501e-28
  2.200000000000001e-01  -3.998752259800941e-22  -3.581730389964883e-21  -1.077633922393077e-20  -1.313719196798845e-22  -1.935465288038832e-21  1.413816482736509e-21  5.737314065656249e-29  1.059732639210327e-29  2.445433064207434e-28
  2.250000000000001e-01  1.093769004935583e-20  1.199818639541491e-20  2.671379863188578e-20  -2.427688841712649e-21  5.989566421136351e-21  -1.449342301519062e-20  8.823784992770521e-28  -2.760433156567824e-28  -1.204528319567501e-27
  2.300000000000001e-01  -8.298885342593083e-21  -1.826920350677153e-21  4.325897974201086e-21  1.371664273996901e-21  9.342285309681079e-24  7.483193192220566e-21  -1.007945840103815e-27  2.842752654647778e-28  5.068271403747415e-28
  2.350000000000001e-01  -1.648771602961505e-20  -2.832779998717622e-20  -7.466494887860354e-20  2.958728585567920e-21  -1.698264932900480e-20  3.074115955007910e-20  -1.287831322913904e-27  5.291229235400204e-28  2.787133191031773e-27
  2.400000000000001e-01  2.340713851170587e-20  2.686574735537019e-20  5.072145204834240e-20  7.900852758582714e-22  1.292187610855094e-20  -3.620664358147838e-20  3.405007526670191e-27  -1.344886571027764e-27  -3.686868633413242e-27
  2.450000000000001e-01  2.277066170105580e-20  4.214381969632033e-20  1.427510019135749e-19  -9.951116563118888e-21  3.365106576651759e-20  -5.373881074277533e-20  4.481451967205312e-28  -5.706286163400937e-29  -3.927537996783709e-27
  2.500000000000001e-01  -1.561791237871953e-19  -9.810875233637552e-20  -1.196585015099086e-19  1.719569761186636e-20  -4.382894778223652e-20  1.043710870304346e-19  -9.038080264610139e-27  4.400525031081335e-27  9.067873414797553e-27
  2.550000000000001e-01  -2.898490433867750e-20  -1.035127511131111e-19  -2.643792156055695e-19  1.555339418806545e-20  -7.622909768143394e-20  1.054013635800830e-19  -2.795594051644987e-27  7.808108072163661e-28  8.816236214470823e-27
  2.600000000000001e-01  3.226672987127058e-19  3.221776084095477e-19  4.715713262538591e-19  3.259770977573838e-21  1.605070686065580e-19  -2.589367661591640e-19  2.060583743203794e-26  -1.347957904565532e-26  -2.728592745483564e-26
  2.650000000000001e-01  -1.594373829539751e-19  -8.530784987766663e-21  2.103182649057873e-19  -4.232183245025005e-20  6.197287021995337e-20  -8.483903327169817e-20  -6.421756769197956e-27  6.768736271138584e-27  3.494297974314322e-28
  2.700000000000001e-01  -4.859771106160336e-19  -7.969907324539987e-19  -1.204713888413614e-18  -1.391186959900882e-19  -4.340887826963938e-19  4.900707877266017e-19  -3.430642327148103e-26  3.482459087238370e-26  5.990190019913346e-26
  2.750000000000001e-01  5.340890032960625e-19  4.441149362278973e-19  4.512150377865858e-19  2.163774363879973e-19  1.213634183018045e-19  -2.286227061464336e-20  2.300482392012093e-26  -2.959845553222585e-26  -4.158583856361517e-26
  2.800000000000001e-01  6.564926894592368e-19  1.765406640483375e-18  2.383755253960857e-18  5.598378180163815e-19  1.016659481079633e-18  -7.559405232771593e-19  4.351599913819974e-26  -8.362176508004800e-26  -1.021873584447275e-25
  2.850000000000001e-01  -1.387889856496855e-18  -9.397092425224291e-20  -4.942725998579058e-19  3.078917713879770e-19  2.641245764135168e-19  2.756347455793343e-19  -3.117770974993855e-26  -3.048224577911939e-27  4.072761366844808e-26
  2.900000000000001e-01  -2.783389405290152e-18  -4.203211395307843e-18  -5.223542382462431e-18  -1.289721142943252e-18  -2.318941340286440e-18  1.068973946367912e-18  -7.198236637023509e-26  1.776815899481258e-25  2.360465288500481e-25
  2.950000000000002e-01  3.147264738234542e-18  4.977519727279020e-19  3.250295220224271e-18  -9.203865484363009e-19  -1.671772454416023e-19  -1.160869585808983e-18  5.506322952841413e-26  2.930679986406922e-26  -1.723466763447555e-25
  3.000000000000002e-01  3.644623303524576e-18  7.102762315984891e-18  8.421730443971142e-18  3.780298153633992e-18  4.502146410705849e-18  -2.449143807045492e-19  -5.487881952279446e-26  -3.097688760565922e-25  -3.360756426510361e-25
  3.050000000000002e-01  -4.278469235496657e-18  9.779657215305075e-19  -7.605243771462397e-18  2.836215067791557e-18  5.947934130648704e-19  2.482171373735845e-18  1.649161823528433e-26  -1.827472867620198e-25  3.533100188057520e-25
  3.100000000000002e-01  -5.667620334471117e-18  -9.548370394566026e-18  -1.043390685601992e-17  -8.303303993604345e-18  -7.436609721231306e-18  -2.647395143770725e-18  4.542788151642991e-25  3.902143439569800e-25  3.509298273805211e-25
  3.150000000000002e-01  2.863314604054385e-18  -7.954898041442164e-18  1.082472115775180e-17  -9.098559306750922e-18  -2.975044454699084e-18  -4.242822619006710e-18  -2.773627118494682e-25  5.965353443871473e-25  -4.347784779755650e-25
  3.200000000000002e-01  4.349758714313374e-18  2.874210520076710e-18  1.142044144066331e-17  3.363838839082042e-18  1.337654834374732e-18  7.606722373322391e-18  -1.161408772198885e-24  2.271824274361079e-25  -1.493633262112954e-25
  3.250000000000002e-01  1.239119419986817e-17  2.019130783124857e-17  2.731730777055014e-19  2.830794109207722e-17  1.393011313765542e-17  1.300523851593740e-17  -5.692814634682253e-25  -9.603982848623493e-25  -1.544021113057331e-25
  3.300000000000002e-01  5.843741849749804e-18  1.530602004176016e-17  8.133034813921052e-18  2.244807676496508e-18  8.069663119750299e-18  -2.381575646838482e-17  2.840670999935707e-24  -9.683130461100366e-25  -8.528517223038856e-25
  3.350000000000002e-01  -4.729779445591069e-17  -5.378367752035676e-17  -1.428196051567552e-17  -6.146469472898931e-17  -2.860451916384228e-17  -2.478762440798287e-17  1.135929970263406e-24  2.181206588721520e-24  1.350699014595528e-24
  3.400000000000002e-01  -2.165859021319436e-17  -4.940747682272241e-17  -5.422904125354357e-17  -2.649691071722571e-17  -2.523572687808930e-17  5.542341817905460e-17  -5.050181930046040e-24  1.478448720075432e-24  2.599405202188523e-24
  3.450000000000002e-01  1.072417630505042e-16  1.529249209910989e-16  5.273518048350213e-17  1.348171079726610e-16  6.756456813961101e-17  6.309835597109612e-17  -2.741622842009202e-24  -7.414091713275781e-24  -5.199358610424347e-24
  3.500000000000002e-01  3.069004511760798e-17  1.290531716417529e-16  1.285361900844373e-16  9.986706417202170e-17  5.655750054940380e-17  -1.016268223199195e-16  7.212093872675925e-24  -2.533007057949311e-24  -5.094966549788752e-24
  3.550000000000002e-01  -1.691621896175849e-16  -1.715386169599920e-16  -3.912425430605949e-17  -6.582438816257115e-17  -5.758717093791646e-17  -1.559853000203434e-16  4.409408362097855e-24  1.193091659989133e-23  5.953217215392429e-24
  3.600000000000002e-01  -4.751109890173270e-16  -6.994246423554495e-16  -4.278520879509663e-16  -3.688029039066078e-16  -3.154184037530236e-16  1.170707897007608e-17  -6.529050772062884e-24  3.156572050890070e-23  2.728926409714062e-23
  3.650000000000002e-01  3.317661049757100e-16  1.775709931134762e-16  8.541094335713585e-17  -3.646838294373031e-17  7.960671373527735e-17  2.503376214537636e-16  -3.522686824059537e-24  -1.848057733756545e-23  -1.434823422770916e-23
  3.700000000000002e-01  9.420105105442186e-16  1.732874008973665e-15  1.019219181549873e-15  8.054587359106343e-16  8.149743344489660e-16  1.817846995770238e-16  1.660722626514748e-24  -9.432467580036609e-23  -6.878836574728183e-23
  3.750000000000002e-01  -4.576693564576665e-16  8.927259331161717e-16  2.650432811736901e-16  7.214824724379854e-16  3.981030277761204e-16  -1.648678980818050e-16  -1.137493128745304e-24  -4.076702651047853e-23  2.783470046083939e-24
  3.800000000000002e-01  -2.101834364225782e-15  -2.959864619093718e-15  -2.365656884768373e-15  -1.296486754847431e-15  -1.706390156669161e-15  -5.414534854700472e-16  3.075686924173436e-23  1.748485785823258e-22  1.611184910171349e-22
  3.850000000000002e-01  -5.560447144999130e-16  -5.830342789105942e-15  -3.229862876695058e-15  -3.495567092156784e-15  -3.152388491232395e-15  -6.943842997449029e-16  4.508502033344037e-23  3.482444778857906e-22  1.372092805596183e-22
  3.900000000000002e-01  2.393656359798559e-15  -3.853760004854662e-15  -7.051026324478346e-16  -3.256533725873009e-15  -1.755512066427868e-15  -9.508894980722987e-16  4.070063599431793e-23  2.588775777933767e-22  -4.422439085436022e-23
  3.950000000000002e-01  7.895224658649938e-15  9.066562472809293e-15  1.024832754765598e-14  4.125024488233748e-15  7.125133075660079e-15  8.088402828669480e-16  -2.474192375172660e-22  -4.022015988044638e-22  -6.174463236693850e-22
  4.000000000000002e-01  4.173472206177408e-15  2.789583276378108e-14  1.623400016805966e-14  1.646288371760707e-14  1.518235577662964e-14  5.249329673732208e-15  -2.508274832962548e-22  -1.711181568089195e-21  -5.898221925816422e-22
  4.050000000000002e-01  -1.649069226342814e-14  1.347508429471664e-14  -1.515841749107441e-14  4.509401640548116e-15  -4.557597078742277e-15  2.790539749788442e-15  9.193264086571077e-22  -1.368601645481212e-21  1.121382001022275e-21
  4.100000000000003e-01  -3.863779912052872e-14  -8.175556414846871e-14  -7.349158123918449e-14  -5.198044566902078e-14  -5.567701758144298e-14  -1.528941247756105e-14  1.643482291604538e-21  4.641350112706337e-21  3.004454055416208e-21
  4.150000000000003e-01  -7.329591157077902e-16  -1.562809875238697e-13  -3.235852284997664e-14  -6.693449018024127e-14  -4.785808107361568e-14  -2.374334910706533e-14  -2.061549741699212e-21  1.099933000987149e-20  4.712355297961763e-23
  4.200000000000003e-01  1.269042355302045e-13  7.951087601738055e-14  1.902339603423938e-13  9.706971694156235e-14  1.175791984653051e-13  2.268160786213760e-14  -7.138427119281502e-21  -2.757200890672706e-21  -8.218586347693855e-21
  4.250000000000003e-01  1.593731683724233e-13  3.508369578114058e-13  2.843842524708926e-13  2.169844218500511e-13  2.252235576206169e-13  6.945138120207778e-14  -5.504846517900102e-21  -1.955421388763129e-20  -1.102498834755387e-20
  4.300000000000003e-01  -2.435281124528212e-14  5.015590404856183e-13  7.123955185125061e-14  2.106514896371236e-13  1.610249113827251e-13  9.183315661193674e-14  8.952657304037428e-21  -3.942355209120945e-20  -1.664843709241095e-22
  4.350000000000003e-01  -4.620763666921244e-13  -4.096102749484884e-13  -6.608298091230827e-13  -3.851110248740388e-13  -4.270169702546731e-13  -8.873917347562204e-14  2.180150723620312e-20  1.346561404078456e-20  2.649873866512770e-20
  4.400000000000003e-01  -4.612155602509904e-13  -1.680466407920615e-12  -8.376402254682919e-13  -7.969554069608169e-13  -7.816830070655208e-13  -2.611562674532446e-13  -7.592688543576887e-21  1.131837432748926e-19  2.624585977821914e-20
  4.450000000000003e-01  5.828253105350671e-13  -8.176811043495637e-13  6.419379499766400e-13  1.979244852467694e-13  2.153987858485750e-13  -4.510128757827141e-14  -5.665118201353554e-20  8.439883471307363e-20  -3.027817182274510e-20
  4.500000000000003e-01  1.711571838143234e-12  2.730839491370614e-12  2.451261826160303e-12  1.671788133752310e-12  1.776472309368919e-12  3.747979719754561e-13  -2.210049035995242e-20  -1.575781472642186e-19  -7.887325825167926e-20
  4.550000000000003e-01  7.271964260387157e-13  4.686705327397650e-12  1.293314814065752e-12  9.591216980894820e-13  1.260371034930756e-12  4.067260502641914e-13  9.785770636017692e-20  -3.494224690565190e-19  -2.054151633512031e-20
  4.600000000000003e-01  -1.212613231028171e-12  2.195359141570115e-12  -1.119797477880407e-12  -4.669025071832766e-13  -3.297090244942235e-13  2.014803247711652e-13  1.031867882411145e-19  -2.507871768934377e-19  5.349279721566102e-20
  4.650000000000003e-01  -3.958189086735933e-12  -4.381373213418777e-12  -5.375858810155241e-12  -2.689146556846159e-12  -3.646823120156320e-12  -1.950076124840729e-13  1.611636363843995e-20  2.456477876909001e-19  1.655630894635309e-19
  4.700000000000003e-01  -2.633890100340469e-12  -1.029379830884852e-11  -4.171567715654204e-12  -1.639048458570045e-12  -3.145053132571731e-12  -8.274442974088876e-13  -1.422026852218100e-19  8.336026912816827e-19  8.569968055934230e-20
  4.750000000000003e-01  5.048363162566039e-12  -5.762685300972565e-12  5.028273892101522e-12  6.756076792578679e-13  1.808640416633668e-12  -1.658631951108953e-12  -8.393682405399512e-20  5.814923461190477e-19  -1.104013265930832e-19
  4.800000000000003e-01  1.266075389119626e-11  1.458532635198483e-11  1.442942370801377e-11  2.116034450931619e-12  7.195142256114989e-12  -2.032146713459577e-13  1.194775510129553e-19  -1.094159019851521e-18  -2.539438531756741e-19
  4.850000000000003e-01  4.522294882258614e-12  3.373574388521697e-11  8.488084535701327e-12  5.576997958382261e-12  7.909222517228508e-12  4.614938201885184e-12  9.507834640225089e-20  -2.719168827066255e-18  -2.942771230412969e-19
  4.900000000000003e-01  -2.224615815122304e-11  1.051040560612821e-11  -1.751837615494974e-11  6.828314966919049e-12  -2.705246519666233e-12  6.098378436312715e-12  -1.523150300817169e-19  -7.748427124276846e-19  -3.692798480103876e-20
  4.950000000000003e-01  -2.785157735431902e-11  -2.015530466860093e-11  -2.927574679566979e-11  2.340395763807655e-12  -1.243738654129342e-11  2.485104991868584e-12  -6.194809694254488e-20  1.900576373252708e-18  4.344705308120631e-19
  5.000000000000003e-01  -1.619407994046950e-11  -7.737867113426969e-11  -2.853410664869149e-11  -1.038448784241801e-11  -2.318692360263808e-11  -6.665855252688905e-12  1.252483807527436e-19  6.275639890081373e-18  1.083446725304747e-18
  5.050000000000003e-01  2.443858399115924e-11  -6.391779269323590e-11  6.199490357010599e-12  -2.524412331687987e-11  -8.768268484295502e-12  -1.579750980137379e-11  7.290160467142204e-19  3.982362444541072e-18  9.593651406355297e-19
  5.100000000000003e-01  6.153477238246026e-11  3.121560890649827e-11  5.253128878579447e-11  -4.585275786948745e-11  1.622018563864729e-11  -2.099746927072368e-11  1.610027444738901e-18  -4.686267392081838e-18  -1.391035194742427e-19
  5.150000000000003e-01  8.125014596156181e-11  1.999889542651463e-10  1.062570894657009e-10  -1.060927718972195e-11  3.996801330301577e-11  1.063610350450775e-11  -7.481892957299202e-19  -1.566387303238660e-17  -2.605076431074083e-18
  5.200000000000004e-01  -6.557912529758750e-12  3.097392885438628e-10  8.263193036883950e-11  1.892110404904150e-10  8.176004170389649e-11  9.582108935097050e-11  -9.024548763515214e-18  -1.721600836770977e-17  -6.665982439706601e-18
  5.250000000000004e-01  -1.919811966042448e-10  9.887841982102472e-11  -6.122097082061302e-11  4.009242578858522e-10  1.527817790107117e-10  1.236388460481564e-10  -1.038081891617441e-17  3.669372913805085e-18  -1.132801315396109e-17
  5.300000000000004e-01  -2.509381945211879e-10  -2.017366703690210e-10  -1.473764060781350e-10  3.204714012928558e-10  1.894827432465507e-10  3.123630896235651e-11  -9.534019441443761e-20  2.076305698056859e-17  -1.241083963667177e-17
  5.350000000000004e-01  -4.218063843913455e-10  -1.092457087077512e-09  -5.836808966961062e-10  -5.506828033267240e-10  -3.555331386721471e-10  -2.083185260273173e-10  3.631101511637981e-17  4.855860708703242e-17  2.854038014818664e-17
  5.400000000000004e-01  -7.669402488708933e-10  -2.594302825342293e-09  -1.807299180356931e-09  -1.967001842834438e-09  -1.990290891733740e-09  -4.870944054568956e-10  3.466532830823789e-17  1.357335797967817e-16  1.332587302928650e-16
  5.450000000000004e-01  1.395804058071490e-09  -9.632562140242443e-10  5.551005099216372e-10  -8.349670700314996e-10  -1.006806020782446e-09  -3.484960988739708e-10  -7.753984045394736e-17  1.128199032354794e-16  2.275120378974011e-17
  5.500000000000004e-01  6.714689645369656e-09  9.633393516750223e-09  9.936276176017906e-09  4.566662278475773e-09  6.742184838687395e-09  1.105849770998366e-09  -1.203968774278013e-16  -5.435196854318907e-16  -4.917736180519861e-16
  5.550000000000004e-01  1.936261484901095e-09  1.565148216255485e-08  7.393368524673030e-09  6.473905589572990e-09  9.269055826043715e-09  2.676358157139799e-09  1.204763496969581e-16  -1.138469283965269e-15  -4.603868470975256e-16
  5.600000000000004e-01  -2.041380790832419e-08  -1.224135492087723e-08  -2.448437759856376e-08  -3.620107995780241e-09  -1.099636863979519e-08  7.549149690120115e-11  2.183620101213198e-16  6.045280640841594e-16  9.811619519364689e-16
  5.650000000000004e-01  -3.000264235824340e-08  -3.934439258365260e-08  -4.054105809554458e-08  -1.032669774649939e-08  -2.636373793170362e-08  -2.161290652700969e-09  -6.460425703314671e-17  2.396338453794085e-15  1.818923683899771e-15
  5.700000000000004e-01  -3.680239586543352e-09  -5.109589932147148e-08  -2.248797138036505e-08  -1.845850231903702e-08  -2.948962982675147e-08  -1.378508700730269e-08  -1.466596392285995e-16  4.240691145963652e-15  1.533114151905399e-15
  5.750000000000004e-01  7.054332429779907e-08  2.335534933199197e-08  6.730992755106605e-08  -1.245502246407063e-08  1.931397214226417e-08  -1.897685500663242e-08  4.219003941978082e-16  -7.689023430754185e-16  -1.663849846300517e-15
  5.800000000000004e-01  1.145164150489465e-07  1.890749564032032e-07  1.487983560473551e-07  4.171369636700455e-08  1.085953651825284e-07  3.147702549530963e-08  -1.474212421396220e-15  -1.426676536447944e-14  -6.792129999060766e-15
  5.850000000000004e-01  4.289128224985813e-09  3.218320719491166e-07  7.831073588572959e-08  1.596308704418609e-07  1.630926208321434e-07  1.452436927706385e-07  -4.516187384368433e-15  -2.495196236903653e-14  -1.024801137424137e-14
  5.900000000000004e-01  -4.028708168764625e-07  -2.332479826718295e-08  -3.197566923416089e-07  1.516516970497379e-07  -5.013698345133546e-08  1.004837857291814e-07  4.688201643658106e-15  2.980145289273356e-15  2.744371027975902e-15
  5.950000000000004e-01  -7.944867113645493e-07  -1.069639966629943e-06  -8.103659894056679e-07  -2.277677165546578e-07  -5.280351796883594e-07  -3.374893740375553e-07  2.980452581217090e-14  8.192107831730297e-14  3.629886983050980e-14
  6.000000000000004e-01  -7.302861417024559e-07  -1.609381625728801e-06  -9.111063808849232e-07  -5.811632511256885e-07  -7.522231682985829e-07  -6.439794649939391e-07  4.458031890236158e-14  1.193488720800786e-13  5.720427542090655e-14
  6.050000000000004e-01  3.237772039189526e-07  -2.264092980074893e-06  -5.937002476712454e-07  -1.662857002297011e-06  -1.134463607165580e-06  -1.155323336136937e-06  5.669083277650910e-14  1.437851893950030e-13  8.670654385753242e-14
  6.100000000000004e-01  4.204319911744091e-06  2.143424434033477e-06  3.306784685180361e-06  -9.744939873850443e-07  6.365013923501388e-07  1.555643695546394e-07  -9.705201406838095e-14  -1.576335152334150e-13  -9.538116314012799e-14
  6.150000000000004e-01  7.923153728202013e-06  1.630802426249815e-05  1.193687956515824e-05  6.649847347665011e-06  8.412393803777711e-06  5.753407626301138e-06  -4.560460702585220e-13  -1.079360153308618e-12  -7.053071432776987e-13
  6.200000000000004e-01  -4.494403279535203e-06  1.810337368443689e-05  5.011209189672641e-06  1.340105140054895e-05  1.045820297743370e-05  8.888352110247484e-06  -2.810392907674047e-13  -1.191324064741365e-12  -7.043991841849148e-13
  6.250000000000004e-01  -3.443977930518377e-05  -3.657157098593733e-05  -3.489774074007040e-05  -7.448415280308542e-06  -1.776876107719169e-05  -7.473983370928696e-06  8.607827103855173e-13  2.494107562701308e-12  1.610986341437744e-12
  6.300000000000004e-01  -1.480692820711620e-05  -1.049184733348347e-04  -3.559834789902961e-05  -5.064513870738311e-05  -4.496106108045334e-05  -3.558382424989294e-05  8.016715440105954e-13  6.926536621521047e-12  3.722564830727752e-12
  6.350000000000005e-01  4.166283263259015e-05  -7.471686657359044e-05  1.459450838373393e-05  -5.705551414625990e-05  -2.813112206567715e-05  -3.699762408470661e-05  -3.860305692103071e-13  5.214121201267667e-12  2.305040723950613e-12
  6.400000000000005e-01  1.717206174687302e-04  1.141022666048703e-04  1.337954215057221e-04  8.728489400042212e-06  5.838174660465034e-05  3.297472742961933e-05  -5.635920103673530e-12  -7.932569171291138e-12  -4.297934991098494e-12
  6.450000000000005e-01  5.457923821820884e-05  2.596702596922962e-04  3.631834857419456e-05  1.596298986717554e-04  7.782037314710978e-05  1.147867251791194e-04  -7.134571502542612e-12  -1.803757408366166e-11  -5.515899248999068e-12
  6.500000000000005e-01  -3.472918240452120e-04  -1.207499137706926e-05  -2.993954624521913e-04  1.676681006466120e-04  -8.954894598515272e-05  -2.142590546385935e-05  8.466218786082291e-12  1.254649341984894e-12  1.186742767588579e-11
  6.550000000000005e-01  -3.616666030270700e-04  -5.222817733714648e-04  -4.126919762421647e-04  -1.891746067929501e-04  -2.701658978430379e-04  -4.028154337150020e-04  3.709024711093948e-11  3.693086614200231e-11  3.027182221598253e-11
  6.600000000000005e-01  3.244602742836647e-04  -4.940738091219593e-04  7.475977167629457e-05  -4.577691099497047e-04  -5.141837579015504e-05  -5.111520092402477e-04  3.293161682834021e-11  3.637515392960416e-11  4.488546358279927e-12
  6.650000000000005e-01  1.221168682460028e-03  8.426947667447395e-04  1.537274652304421e-03  9.147211763352145e-05  8.510841274697485e-04  6.090483622382087e-05  -6.514022012673998e-12  -5.023127070135518e-11  -8.368552512931656e-11
  6.700000000000005e-01  1.167886594399243e-03  1.650869706317683e-03  2.111376359029552e-03  6.265853674154241e-04  1.187111355269404e-03  5.690687290391237e-04  -2.299375306201445e-11  -1.108113758706666e-10  -1.176682268976312e-10
  6.750000000000005e-01  8.160517969681742e-04  2.498216761343531e-03  1.761806928765527e-03  8.640572168934412e-04  6.100706209043432e-04  1.075972727101924e-03  1.617407219514292e-11  -1.281262664046231e-10  -1.161976073430883e-10
  6.800000000000005e-01  2.222615776998659e-04  2.797161763482714e-03  4.177936010881538e-03  1.448347319391909e-04  -5.694027261689289e-04  1.092383390831667e-03  7.799383241147254e-11  7.553832838534510e-11  -8.313339204854642e-11
  6.850000000000005e-01  3.487835284711624e-03  6.306584817307394e-03  2.099719794776644e-02  -3.176881621687286e-03  1.097540009743259e-03  6.646020595166137e-04  1.928017212891822e-10  2.469288515113100e-11  -3.341552483300782e-10
  6.900000000000005e-01  1.925722161802399e-02  4.110266507725262e-03  1.490208867014353e-02  -1.898935202035206e-02  -5.543931096724734e-03  -4.707057622354744e-03  3.054909983282934e-10  -3.467563720911158e-10  -9.282188121196341e-10
  6.950000000000005e-01  2.182718521840364e-04  -2.770707275840100e-02  -4.909072746489456e-02  -1.581766161314200e-02  -2.767105399033548e-02  8.082285167010589e-03  -2.641715065394054e-09  1.333179708060948e-09  -1.103707714060338e-09
  7.000000000000005e-01  -8.438993494777113e-02  -7.889301123269571e-02  -1.348090825351525e-01  3.646780759848265e-02  -5.021216707353489e-02  6.715038646519551e-02  -8.243858268182826e-09  4.535342763236613e-09  3.014323051911751e-09
  7.050000000000005e-01  -3.260819196962401e-02  -5.511998415375328e-02  -1.251626364534639e-01  4.653489095077949e-02  -7.302732743637910e-02  1.232062800223867e-01  -9.675199181823419e-09  6.505328431037740e-09  5.296138484310852e-09
  7.100000000000005e-01  2.078567320742924e-01  -3.465484265889760e-03  -3.645536896932206e-01  -1.663673871315517e-02  -2.174183666803736e-01  3.098307211371761e-01  -5.849353217087130e-09  6.527687497938769e-09  1.340549742117979e-08
  7.150000000000005e-01  -2.227999891175813e-01  -1.191697979174216e-01  -6.459727275425925e-01  1.429157045411113e-01  -1.365703481955066e-01  2.065917013437042e-01  -2.135739386723087e-08  6.763174969332242e-09  7.006710012803178e-11
  7.200000000000005e-01  -1.902348914087090e+00  -3.744321635779084e-01  -7.668251806929195e-02  7.992605023667452e-01  6.704730711060929e-01  -2.976819265636266e-01  -4.673513586284213e-08  -7.264638143132033e-09  -5.723201488561866e-09
  7.250000000000005e-01  -2.271288561565160e+00  -1.378793712580949e-01  5.186849222402486e-01  9.490560699797577e-01  2.156093621497095e+00  -1.058935147942261e-01  -1.590056475372111e-08  -8.560537516032124e-08  4.867619250731334e-08
  7.300000000000005e-01  1.184121903876897e+00  2.835796536373379e+00  2.902952198097293e+00  -8.971174542387033e-01  6.934316371698078e+00  3.641284617327475e-01  3.926195497390059e-08  -4.723376195481441e-07  -1.269142991798663e-07
  7.350000000000005e-01  1.601778731388502e+00  8.910016113277052e+00  8.227659323656431e+00  -5.043580455374524e+00  1.787826941984962e+01  -1.504830955152127e+00  -1.412748675487276e-07  -1.369811619591837e-06  -7.443025946217893e-07
  7.400000000000005e-01  -1.733722687263660e+01  1.581367423847347e+01  8.703830256040550e+00  -1.648054272886571e+01  2.838689637581659e+01  -5.771792849089810e+00  -5.941598269927598e-07  -2.160523770347729e-06  -1.064128307458475e-06
  7.450000000000006e-01  -6.509948987072602e+01  1.768104337312050e+01  -8.417257857930695e+00  -2.535660752422822e+01  4.048725980957300e+01  -3.034881960632805e+00  -2.128779670406523e-06  -3.154360744460051e-06  -5.027301248009972e-07
  7.500000000000006e-01  -1.295998366156451e+02  1.237908866360898e+01  -5.244103698776298e+01  -2.902867405556790e+01  3.741926545279984e+01  1.099054337586984e+01  -3.813572603928901e-06  -2.948461174800988e-06  2.054946521398327e-06
  7.550000000000006e-01  -1.807224732341996e+02  4.377167681493492e+00  -1.166666368298406e+02  -2.180041121995746e+01  1.291771629873383e+01  3.432619437698203e+01  -4.552232215749889e-06  -9.307958084559340e-07  5.997182583436395e-06
  7.600000000000006e-01  -1.887496054160972e+02  3.786088101135074e+00  -1.750134397416584e+02  3.023167340334822e+00  -3.087541118010509e+01  6.329781285261319e+01  -3.809163368665799e-06  2.885482725991550e-06  9.282164037849202e-06
  7.650000000000006e-01  -1.367049044008239e+02  2.126542665469907e+01  -1.928354892325410e+02  5.075266249641722e+01  -9.059480325740138e+01  9.428289725592366e+01  -1.657170547938159e-06  8.172841994912538e-06  9.539246921872354e-06
  7.700000000000006e-01  -2.856129242361265e+01  5.757273470854212e+01  -1.555595771684391e+02  1.204544601351848e+02  -1.633670370222785e+02  1.211134558370863e+02  1.574071402436801e-06  1.411160981870309e-05  5.653189605546357e-06
  7.750000000000006e-01  1.891929607599679e+02  7.247393260344229e+01  -7.252894547148571e+01  2.065652012900316e+02  -2.145725594406192e+02  1.126328456519821e+02  6.875159219418907e-06  1.870332156195720e-05  -8.533974751180227e-07
  7.800000000000006e-01  3.725544332338353e+02  9.500938404289842e+01  1.845622303738445e+01  2.901025574279719e+02  -2.874481286622548e+02  9.535562448272039e+01  1.258789726186496e-05  2.251805561160016e-05  -8.931666895250901e-06
  7.850000000000006e-01  5.123184413713684e+02  1.075588186646898e+02  9.024924071635652e+01  3.362008103458459e+02  -3.255764628552221e+02  4.639524192970656e+01  1.776076134937825e-05  2.093250504863378e-05  -1.594438140961709e-05
  7.900000000000006e-01  5.934222958505704e+02  1.139512716957024e+02  1.414908308986895e+02  3.219160792285805e+02  -3.070526217736601e+02  -3.980153458300371e+01  2.165019426577183e-05  1.337606454652525e-05  -2.051935080851347e-05
  7.950000000000006e-01  6.097597741151113e+02  1.076928871257649e+02  1.871269187347299e+02  2.417179851826026e+02  -2.312912180988022e+02  -1.624219629268966e+02  2.340129419829236e-05  2.052112477241377e-06  -2.261944697773981e-05
  8.000000000000006e-01  5.495900750245834e+02  6.546153413219875e+01  2.318914600418602e+02  1.066433817561308e+02  -1.188730934518608e+02  -3.085283560638655e+02  2.208093415561712e-05  -9.252435523532422e-06  -2.211895730502989e-05
  8.050000000000006e-01  4.017407032521974e+02  -3.233019081290260e+01  2.555788969646534e+02  -6.360902536650238e+01  5.734445549682917e+00  -4.464442453591236e+02  1.688746901610248e-05  -1.723465369301267e-05  -1.791255553846785e-05
  8.100000000000006e-01  -1.983857744927382e+01  -1.936778145270988e+02  4.633648439700881e+01  -2.443355492749065e+02  1.216753099549152e+02  -4.751726253116111e+02  4.540744217276434e-06  -2.187263928109709e-05  -4.525329151023513e-06
  8.150000000000006e-01  -3.813889757183441e+02  -3.227918069208498e+02  -4.329335234053038e+01  -4.440694240129278e+02  2.652619466651999e+02  -4.831304687162788e+02  -1.096174271076728e-05  -2.546682172310792e-05  7.397743087622862e-06
  8.200000000000006e-01  -6.971144762577941e+02  -4.033944788931928e+02  -1.681958461453296e+02  -6.215391125792253e+02  4.156337995644139e+02  -3.678748833136519e+02  -2.741695893201313e-05  -2.708058224476785e-05  2.157917911454187e-05
  8.250000000000006e-01  -9.177317182069761e+02  -3.989806434143575e+02  -3.123206033696781e+02  -7.581449032564208e+02  5.879139128230083e+02  -1.197676824850934e+02  -4.262246978599475e-05  -2.943661383942815e-05  3.482678245374175e-05
  8.300000000000006e-01  -1.022194048349764e+03  -2.996089436823014e+02  -4.278536388630419e+02  -8.353141432471836e+02  7.900243653259234e+02  2.340642836164789e+02  -5.481108893245779e-05  -3.462607985423248e-05  4.286403648949613e-05
  8.350000000000006e-01  -1.016598607798182e+03  -1.223815155682687e+02  -4.407550924548380e+02  -8.398590172359775e+02  1.010728781429264e+03  6.343994192155477e+02  -6.303717799279165e-05  -4.320076548600734e-05  4.165854760484858e-05
  8.400000000000006e-01  -9.251436942894153e+02  9.571210419643538e+01  -2.748825688236487e+02  -7.691019935765430e+02  1.213988271190910e+03  1.004074929546023e+03  -6.713267832962906e-05  -5.392590039796370e-05  2.880345427154481e-05
  8.450000000000006e-01  -6.800469867377216e+02  4.177610331143598e+02  2.583926829149635e+02  -6.673002986205551e+02  1.247230111462886e+03  1.155692051928068e+03  -6.265389373605113e-05  -6.261154291599405e-05  2.645767584365141e-06
  8.500000000000006e-01  -3.989629006249621e+02  5.727174321219485e+02  7.868351999890585e+02  -4.275134985545134e+02  1.258747581149207e+03  1.301192048084196e+03  -5.716667763143469e-05  -6.518969657676524e-05  -2.708190975621380e-05
  8.550000000000006e-01  -1.244922087966513e+02  6.370542901791592e+02  1.421773437156709e+03  -1.432624722900531e+02  1.095101421512566e+03  1.269141753625469e+03  -4.800159280012189e-05  -6.070106908304118e-05  -5.875037013883684e-05
  8.600000000000007e-01  1.467392841602482e+02  6.031300780048047e+02  2.039183450550668e+03  1.637220011288574e+02  7.213335655477248e+02  1.043808462025536e+03  -3.331932069925552e-05  -4.608918805208993e-05  -8.531754166510003e-05
  8.650000000000007e-01  4.243503489533838e+02  4.768922699798114e+02  2.468635678549772e+03  4.776162574351682e+02  1.380894121172002e+02  6.342546384884655e+02  -1.130210636577036e-05  -1.927982639656559e-05  -9.943147845880130e-05
  8.700000000000007e-01  7.127040268254339e+02  2.732075428012721e+02  2.531291208612136e+03  7.867941526638118e+02  -6.139669771014092e+02  7.373949091182023e+01  1.882147360808543e-05  1.994043106086741e-05  -9.500330340408929e-05
  8.750000000000007e-01  1.003069053460110e+03  1.189320256942839e+01  2.086538337455679e+03  1.079622622014560e+03  -1.458271106095822e+03  -5.826030496641880e+02  5.601033347688078e-05  6.932376101630364e-05  -6.864679293842866e-05
  8.800000000000007e-01  1.493560918247215e+03  -2.405476179310795e+02  1.178593088693206e+03  1.443188789812226e+03  -2.076309516484612e+03  -9.606127784014759e+02  8.831878263268146e-05  1.161557345295927e-04  -2.321781057230058e-05
  8.850000000000007e-01  1.598233955135016e+03  -5.910538807672090e+02  -3.065940836147105e+02  1.604609624502869e+03  -2.793283169236141e+03  -1.620503505618467e+03  1.266212792288213e-04  1.661635824157854e-04  3.830452704240950e-05
  8.900000000000007e-01  1.591362516806046e+03  -9.224573878086753e+02  -2.154970511390481e+03  1.674874076819523e+03  -3.313747817769251e+03  -2.183657430583764e+03  1.598489210512804e-04  2.087346241393090e-04  1.091795356471713e-04
  8.950000000000007e-01  1.467664019977635e+03  -1.192749657320927e+03  -4.105068385773768e+03  1.636226268743773e+03  -3.550778354190134e+03  -2.567249672590919e+03  1.829163430267370e-04  2.368948439870806e-04  1.795756230528257e-04
  9.000000000000007e-01  1.240664234496071e+03  -1.356559459215357e+03  -5.828266638884798e+03  1.474802554739630e+03  -3.445449683323949e+03  -2.707145231306316e+03  1.916276900748393e-04  2.447811460391258e-04  2.381571310429867e-04
  9.050000000000007e-01  9.405130882901454e+02  -1.372022483029521e+03  -6.981835573402624e+03  1.183747712335035e+03  -2.974832461896659e+03  -2.570163490467399e+03  1.832862934233358e-04  2.284735208787611e-04  2.734670561268777e-04
  9.100000000000007e-01  6.076781416870544e+02  -1.208990331914545e+03  -7.265973305815183e+03  7.654842754705338e+02  -2.155197676157352e+03  -2.160568113209845e+03  1.569839096207470e-04  1.864467175671302e-04  2.754457373393718e-04
  9.150000000000007e-01  -1.609601941878093e+02  -1.197931524463319e+03  -6.697315291364653e+03  -1.271065839264595e+00  -1.332826818452846e+03  -1.913564379620069e+03  1.242512723518388e-04  1.263026762621596e-04  2.392901154954328e-04
  9.200000000000007e-01  -4.420264952168407e+02  -6.763158490514302e+02  -4.858932447281131e+03  -6.380043371656218e+02  -8.777138558930781e+01  -1.181816350361219e+03  7.314858854427310e-05  4.697924959197873e-05  1.662248249486874e-04
  9.250000000000007e-01  -6.308066883515559e+02  -1.397736355893641e+01  -1.957057985283883e+03  -1.305988463870661e+03  1.294769461299331e+03  -3.324872939029169e+02  9.486841606455257e-06  -4.860982954367472e-05  5.300962777611058e-05
  9.300000000000007e-01  -7.412581127863708e+02  7.121007408235628e+02  1.769175122445560e+03  -1.964502530267744e+03  2.708035813459821e+03  5.524483047117429e+02  -6.353929395762494e-05  -1.549746082011979e-04  -9.316175185797403e-05
  9.350000000000007e-01  -8.149073134345274e+02  1.401574759720316e+03  5.934879593749314e+03  -2.571061832694250e+03  4.044812729720649e+03  1.404259725021717e+03  -1.422737201207790e-04  -2.657485368823656e-04  -2.591135096698467e-04
  9.400000000000007e-01  -9.235363550812591e+02  1.937055488186301e+03  1.003403856660267e+04  -3.084462150017960e+03  5.209362916872367e+03  2.179305040890915e+03  -2.230315419150885e-04  -3.740948453802805e-04  -4.261060797536219e-04
  9.450000000000007e-01  -1.169075435308649e+03  2.191507195986203e+03  1.347325398703526e+04  -3.468508483364885e+03  6.127723361061310e+03  2.865661746182641e+03  -3.025042380921090e-04  -4.731752107114754e-04  -5.708119472070678e-04
  9.500000000000007e-01  -1.552421806210494e+03  2.165112624577492e+03  1.514981365975232e+04  -3.573252528433989e+03  6.608803480405545e+03  3.268959136613410e+03  -3.494970677244489e-04  -5.057799712444510e-04  -6.292799360591661e-04
  9.550000000000007e-01  -2.336096480280616e+03  1.624009858840951e+03  1.541195963259906e+04  -3.534744172967999e+03  7.053606097538521e+03  3.993220642749068e+03  -4.255460041893148e-04  -5.724629498734535e-04  -6.548295154142089e-04
  9.600000000000007e-01  -3.690244607981133e+03  4.387283870113828e+02  1.314583634081713e+04  -3.330450281187450e+03  7.218916608709409e+03  4.784371562124409e+03  -4.974501927841638e-04  -6.182263536379331e-04  -5.802966672237911e-04
  9.650000000000007e-01  -5.796861628233369e+03  -1.516518890861834e+03  7.808784784137244e+03  -2.978123093148886e+03  7.150145766243451e+03  5.725963539665626e+03  -5.666226474181841e-04  -6.408864511752044e-04  -3.806213529065689e-04
  9.700000000000008e-01  -8.818516346199549e+03  -4.364069911072324e+03  -1.048766581409765e+03  -2.512302054640399e+03  6.918458436537007e+03  6.917781488591111e+03  -6.358875448453217e-04  -6.404189416213136e-04  -3.442555460071405e-05
  9.750000000000008e-01  -1.287939291661464e+04  -8.209906882974565e+03  -1.373503418484093e+04  -1.985182617637516e+03  6.630203865446700e+03  8.459713280795537e+03  -7.094287065213465e-04  -6.203423681664150e-04  4.724734544271490e-04
  9.800000000000008e-01  -1.808764675591256e+04  -1.314702287638158e+04  -3.040155389812297e+04  -1.461601059959478e+03  6.425874867444523e+03  1.044330588823917e+04  -7.936736653680734e-04  -5.880690644118685e-04  1.146104567053476e-03
  9.850000000000008e-01  -2.383582794348148e+04  -1.827640148231115e+04  -5.043131542659251e+04  -5.406462716220115e+02  6.939658309246895e+03  1.346550703233452e+04  -9.168766894675906e-04  -5.778395840446789e-04  1.954064201717136e-03
  9.900000000000008e-01  -3.171758005326533e+04  -2.569308978667438e+04  -7.485922822728366e+04  -2.795069315647734e+02  7.354448450630262e+03  1.665509193617989e+04  -1.055956160166415e-03  -5.662078893799792e-04  2.950861267205319e-03
  9.950000000000008e-01  -4.114608364442787e+04  -3.450962330793950e+04  -1.030004262548849e+05  -2.903099411999573e+02  8.282928565291453e+03  2.055658329106787e+04  -1.235883483651918e-03  -5.740514210317270e-04  4.105408236347407e-03
  1.000000000000001e+00  -5.231382700061853e+04  -4.506419257888518e+04  -1.349772842959901e+05  -7.809429899899704e+02  9.684997505220204e+03  2.501690159821659e+04  -1.448480301422515e-03  -5.790475359569762e-04  5.433219152637994e-03
  1.005000000000001e+00  -6.474598865889800e+04  -5.618840029154134e+04  -1.686869352198044e+05  -1.333313461976268e+03  1.239277543699555e+04  3.119325125030047e+04  -1.779520728057668e-03  -7.301507831102154e-04  6.816568683152955e-03
  1.010000000000000e+00  -7.924941733732517e+04  -6.958248421273562e+04  -2.059507223958094e+05  -2.673812543892302e+03  1.557162960019457e+04  3.781164967372164e+04  -2.146487583815237e-03  -8.674790786867692e-04  8.362440456644268e-03
  1.015000000000000e+00  -9.522034677745574e+04  -8.430549781145935e+04  -2.451649170733966e+05  -4.499473673565452e+03  1.970836977129972e+04  4.553268756602328e+04  -2.591529859685139e-03  -1.059195612845724e-03  9.996598060212037e-03
  1.020000000000000e+00  -1.126600615147266e+05  -1.003544982921943e+05  -2.858230260076916e+05  -6.816638185428927e+03  2.483771513158316e+04  5.443779616823115e+04  -3.122593861562313e-03  -1.312593250339572e-03  1.169490414545572e-02
  1.025000000000000e+00  -1.316082235637090e+05  -1.177565005447447e+05  -3.274998285139538e+05  -9.638255919310344e+03  3.097104246709759e+04  6.457559411352864e+04  -3.748259292146071e-03  -1.637529083958995e-03  1.343558324098643e-02
  1.030000000000000e+00  -1.520812537389708e+05  -1.364975463775542e+05  -3.698474916642434e+05  -1.299737377462928e+04  3.813700248530020e+04  7.596226001970030e+04  -4.473653125625960e-03  -2.047484840133933e-03  1.520274313001577e-02
  1.035000000000000e+00  -1.740556362747841e+05  -1.565136694299501e+05  -4.125707589910429e+05  -1.694389670065140e+04  4.638358244364851e+04  8.857046182273554e+04  -5.300365545197524e-03  -2.557005422308920e-03  1.698441312953817e-02
  1.040000000000000e+00  -1.982111672932658e+05  -1.788222861749662e+05  -4.546921198894356e+05  -2.210263329986012e+04  5.573932456220514e+04  1.021166452965862e+05  -6.258671218622318e-03  -3.246635453291642e-03  1.874413292434289e-02
  1.045000000000000e+00  -2.229288198013653e+05  -2.014483611993714e+05  -4.975362979133858e+05  -2.740052645384181e+04  6.609730629216645e+04  1.167976622361386e+05  -7.271401681884987e-03  -3.962257702612325e-03  2.053554755433524e-02
  1.050000000000000e+00  -2.491014666655963e+05  -2.252952773325613e+05  -5.403713159102171e+05  -3.337609531701452e+04  7.745901317605906e+04  1.323532081023508e+05  -8.377615993406216e-03  -4.790355823024188e-03  2.232670271465103e-02
  1.054999999999999e+00  -2.767859541127194e+05  -2.504311745424791e+05  -5.832954626960636e+05  -4.001079081114354e+04  8.968275236272938e+04  1.486040116010898e+05  -9.573103100360325e-03  -5.721923825326332e-03  2.412377352084067e-02
  1.059999999999999e+00  -3.059948444829820e+05  -2.768839805412984e+05  -6.265593593716652e+05  -4.725490414629483e+04  1.025769074296524e+05  1.654045057138634e+05  -1.085140415384431e-02  -6.741171890274938e-03  2.594074075851145e-02
  1.064999999999999e+00  -3.366674914174905e+05  -3.045977390436271e+05  -6.705801752980389e+05  -5.502561124959969e+04  1.159278592987309e+05  1.826655464627047e+05  -1.220303473925976e-02  -7.828100176839606e-03  2.779789295165512e-02
  1.069999999999999e+00  -3.686615606245897e+05  -3.334147613982968e+05  -7.159182651319313e+05  -6.319789760246819e+04  1.295258255107790e+05  2.003531490477013e+05  -1.361471574437237e-02  -8.960566614041911e-03  2.971892645527200e-02
  1.074999999999999e+00  -4.024135190419924e+05  -3.642988795881246e+05  -7.640725137414897e+05  -7.197770888913782e+04  1.431323434340688e+05  2.184195998154930e+05  -1.505427722164589e-02  -1.007983831845772e-02  3.176796742225499e-02
  1.079999999999999e+00  -4.364850277977996e+05  -3.942541328942546e+05  -8.139933881148661e+05  -8.035775917598653e+04  1.566854776842957e+05  2.369234159083252e+05  -1.653025324020483e-02  -1.122825861898339e-02  3.388673341137727e-02
  1.084999999999999e+00  -4.710631557464842e+05  -4.242785861498255e+05  -8.669761518120595e+05  -8.848123047479003e+04  1.699127523032289e+05  2.557591873513080e+05  -1.800497764934219e-02  -1.234939960554459e-02  3.612988591930963e-02
  1.089999999999999e+00  -5.058540318826940e+05  -4.539845664366576e+05  -9.235174785343178e+05  -9.603917852562990e+04  1.826179884141233e+05  2.748476024592926e+05  -1.945634242040543e-02  -1.341338454770652e-02  3.851189235415278e-02
  1.094999999999999e+00  -5.405876049962534e+05  -4.829842112181360e+05  -9.839942320603300e+05  -1.027081695623591e+05  1.945570967554326e+05  2.940600474021422e+05  -2.086310323727919e-02  -1.438782090056553e-02  4.104427010513684e-02
  1.099999999999999e+00  -5.750075466979238e+05  -5.108966938596136e+05  -1.048683198559134e+06  -1.081620692288481e+05  2.054152635028171e+05  3.132174793803681e+05  -2.220382470263964e-02  -1.523702666175680e-02  4.373754962595663e-02
  1.104999999999998e+00  -6.088563398133426e+05  -5.373510982125071e+05  -1.117820307385444e+06  -1.120751511640352e+05  2.148001166319302e+05  3.320940777165681e+05  -2.345538659852516e-02  -1.592120860004405e-02  4.660384124061605e-02
  1.109999999999998e+00  -6.422682896541724e+05  -5.614762816782468e+05  -1.192394406581571e+06  -1.141707526515410e+05  2.217372712517231e+05  3.495989105773498e+05  -2.453120179929038e-02  -1.632026865760256e-02  4.969847799974870e-02
  1.114999999999998e+00  -6.739163942839499e+05  -5.837143221839812e+05  -1.271454672718489e+06  -1.138590947814052e+05  2.267086549681130e+05  3.670801168710855e+05  -2.551770820913546e-02  -1.653349017176408e-02  5.297017776434187e-02
  1.119999999999998e+00  -7.040753481913686e+05  -6.034919638680036e+05  -1.356179098986277e+06  -1.109880943572034e+05  2.287858624965204e+05  3.835133406252776e+05  -2.633126416321600e-02  -1.644249162352546e-02  5.648236883991092e-02
  1.124999999999998e+00  -7.324800820875367e+05  -6.205246681582675e+05  -1.447282087669911e+06  -1.052500479719859e+05  2.274949021948200e+05  3.985951231550826e+05  -2.694098216780551e-02  -1.599871027564119e-02  6.026755947902611e-02
  1.129999999999998e+00  -7.589090548198844e+05  -6.345702698039638e+05  -1.545639837424338e+06  -9.635765064075208e+04  2.224170979690980e+05  4.120382193624410e+05  -2.731766132781169e-02  -1.515668427937961e-02  6.436177941746891e-02
  1.134999999999998e+00  -7.831954945815355e+05  -6.454293240922836e+05  -1.652218829991340e+06  -8.405504178709118e+04  2.132174041605961e+05  4.236005081963644e+05  -2.743590640686299e-02  -1.387691798865487e-02  6.880218279187839e-02
  1.139999999999998e+00  -8.052278598297046e+05  -6.529380327103578e+05  -1.767972875355843e+06  -6.812809165548912e+04  1.996645512835333e+05  4.331103360081514e+05  -2.727573451762523e-02  -1.212813960579628e-02  7.362412790022538e-02
  1.144999999999998e+00  -8.234824341153796e+05  -6.550774302735233e+05  -1.893685427466627e+06  -4.739478027461567e+04  1.819593354255511e+05  4.409116297395654e+05  -2.679649542961877e-02  -9.862923196745138e-03  7.888107072665464e-02
  1.149999999999997e+00  -8.407575730552421e+05  -6.554844992668623e+05  -2.029788949574652e+06  -2.370054164700814e+04  1.596603284553529e+05  4.463762389319703e+05  -2.606237793324598e-02  -7.145274417741137e-03  8.453106379777639e-02
  1.154999999999997e+00  -8.557339063297783e+05  -6.521805107287967e+05  -2.176744530571509e+06  3.883680796648555e+03  1.329374567336429e+05  4.497112278834234e+05  -2.502663718253176e-02  -3.924634181399028e-03  9.062235581952324e-02
  1.159999999999997e+00  -8.683604846649191e+05  -6.449998155081330e+05  -2.334468001298196e+06  3.535088336758608e+04  1.019400617873491e+05  4.510314985716696e+05  -2.369038257424336e-02  -2.060060563988921e-04  9.715505390279126e-02
  1.164999999999997e+00  -8.785594891420383e+05  -6.337615627713719e+05  -2.502499595072357e+06  7.064951561964091e+04  6.687578465237694e+04  4.504777817638785e+05  -2.205879394186938e-02  3.998243816930496e-03  1.041151574116113e-01
  1.169999999999997e+00  -8.862181440082631e+05  -6.182749772564702e+05  -2.680025447749035e+06  1.096908820453607e+05  2.798362592861249e+04  4.481848597385339e+05  -2.014012720206180e-02  8.669729022994765e-03  1.114741149033470e-01
  1.174999999999997e+00  -8.911832589545974e+05  -5.983489189443480e+05  -2.865926396590384e+06  1.523582167496007e+05  -1.449325202774909e+04  4.442562244420449e+05  -1.794462924441457e-02  1.378550536950496e-02  1.191896926148553e-01
  1.179999999999997e+00  -8.928104973324445e+05  -5.731324662032672e+05  -3.057481121903137e+06  1.988921773394143e+05  -5.980469127984794e+04  4.393571766203734e+05  -1.553686187590583e-02  1.920027174788175e-02  1.271076823497363e-01
  1.184999999999997e+00  -8.920895344859160e+05  -5.442051173153857e+05  -3.255949443434931e+06  2.481482023953660e+05  -1.090458915624909e+05  4.320549454668360e+05  -1.281389817445298e-02  2.512466029976023e-02  1.353675626725578e-01
  1.189999999999997e+00  -8.880174297374531e+05  -5.104112880997494e+05  -3.458440987765132e+06  3.006152972742900e+05  -1.613534601889680e+05  4.231001157986428e+05  -9.842928828895018e-03  3.142200122550450e-02  1.438088319035512e-01
  1.194999999999997e+00  -8.803095478437219e+05  -4.716487656472625e+05  -3.663428856482723e+06  3.561869722160465e+05  -2.166313810631978e+05  4.124259892462199e+05  -6.633045322412399e-03  3.806740432945622e-02  1.523642943275061e-01
  1.199999999999996e+00  -8.686760305910427e+05  -4.278390147808776e+05  -3.869491694408727e+06  4.147752505277845e+05  -2.748419753218981e+05  3.999426237604686e+05  -3.190526228608911e-03  4.503929522964446e-02  1.609702516339252e-01
  1.204999999999996e+00  -8.528486814136697e+05  -3.789239906048577e+05  -4.075380690043804e+06  4.763157549440278e+05  -3.359989407517000e+05  3.855449713432884e+05  4.814425800384743e-04  5.232077978057441e-02  1.695702499731939e-01
  1.209999999999996e+00  -8.326059728633899e+05  -3.248694681389046e+05  -4.280088892629364e+06  5.407684462189593e+05  -4.001648948729499e+05  3.691254650838595e+05  4.382822231679465e-03  5.990105264652820e-02  1.781192513613554e-01
  1.214999999999996e+00  -8.091917119830388e+05  -2.677109927153916e+05  -4.483537945286910e+06  6.071674048220399e+05  -4.684112824146642e+05  3.496175199133421e+05  8.552260555726277e-03  6.777278142968206e-02  1.866069914668625e-01
  1.219999999999996e+00  -7.796891823364563e+05  -2.034966357285118e+05  -4.684361668165733e+06  6.773542041567719e+05  -5.389872979535949e+05  3.287027494400056e+05  1.294023143700419e-02  7.597716947242680e-02  1.949955728566997e-01
  1.224999999999996e+00  -7.452920019835823e+05  -1.340453731880524e+05  -4.882702895422984e+06  7.504941536982600e+05  -6.128880266364123e+05  3.055378448292195e+05  1.757439400718126e-02  8.448167454207361e-02  2.032766244332829e-01
  1.229999999999996e+00  -7.059579748158460e+05  -5.940683561387382e+04  -5.078673691514651e+06  8.266017203816025e+05  -6.902496273468316e+05  2.800317494424483e+05  2.246524808986305e-02  9.329393982748241e-02  2.114559000407129e-01
  1.234999999999996e+00  -6.616957054011571e+05  2.032936950681865e+04  -5.272614617500269e+06  9.056899362556320e+05  -7.711969864805291e+05  2.520950715764137e+05  2.762382154924014e-02  1.024236777743149e-01  2.195491239806349e-01
  1.239999999999996e+00  -6.125551256104709e+05  1.050284636451067e+05  -5.465063701066124e+06  9.877660641958007e+05  -8.558420290256088e+05  2.216428533431992e+05  3.306143339692102e-02  1.118817338042647e-01  2.275808379753623e-01
  1.244999999999995e+00  -5.586132225558712e+05  1.945115634576644e+05  -5.656719201993085e+06  1.072827696175608e+06  -9.442738629800631e+05  1.885970666628735e+05  3.878943981353596e-02  1.216786759835381e-01  2.355826547368330e-01
  1.249999999999995e+00  -4.997595476222844e+05  2.879943990609439e+05  -5.850281405297776e+06  1.160801745260367e+06  -1.037133467239794e+06  1.519208043142409e+05  4.492818137542943e-02  1.319920718638829e-01  2.436750708370947e-01
  1.254999999999995e+00  -4.360536572310026e+05  3.869826761980338e+05  -6.042643871646953e+06  1.252052644228571e+06  -1.133139511594926e+06  1.136921140567856e+05  5.126767230670247e-02  1.424983890583355e-01  2.517162642555783e-01
  1.259999999999995e+00  -3.677668352876197e+05  4.902099536173992e+05  -6.236436638570932e+06  1.346247931828660e+06  -1.232998033440029e+06  7.277051109777576e+04  5.792239359451296e-02  1.533637277202980e-01  2.598291682150128e-01
  1.264999999999995e+00  -2.949270594323697e+05  5.975186593056237e+05  -6.432225794244036e+06  1.443365751812628e+06  -1.336668007096486e+06  2.916514435801138e+04  6.489675327204830e-02  1.645977938613235e-01  2.680403442182837e-01
  1.269999999999995e+00  -2.175592408215578e+05  7.087736586534897e+05  -6.630419518059926e+06  1.543394112593493e+06  -1.444087733938516e+06  -1.707246037755607e+04  7.219110547136592e-02  1.762101066130871e-01  2.763690294573911e-01
  1.274999999999995e+00  -1.357005281475076e+05  8.238673028932645e+05  -6.831261683096224e+06  1.646317643439087e+06  -1.555160332685356e+06  -6.583868170601489e+04  7.980125561841028e-02  1.882069513115935e-01  2.848276722318683e-01
  1.279999999999995e+00  -4.940021357291031e+04  9.427329205562443e+05  -7.034817310602061e+06  1.752099615198810e+06  -1.669730137186278e+06  -1.169741927187641e+05  8.771823681628810e-02  2.005880854408766e-01  2.934215646275659e-01
  1.284999999999995e+00  4.314659440568498e+04  1.068129195185401e+06  -7.241400635095113e+06  1.861941610076832e+06  -1.787330522532451e+06  -1.700816078195612e+05  9.598842526327035e-02  2.134206777199884e-01  3.021361597271081e-01
  1.289999999999994e+00  1.380794711870309e+05  1.194567418880560e+06  -7.449457623966889e+06  1.973239854078410e+06  -1.908080870721826e+06  -2.252638493463882e+05  1.044587224868093e-01  2.265021657962325e-01  3.109652665253264e-01
  1.294999999999994e+00  2.371722789765296e+05  1.324504789049490e+06  -7.659078080450505e+06  2.086982693953785e+06  -2.031455136374552e+06  -2.821775182287496e+05  1.131827046486149e-01  2.399124777855507e-01  3.198897474843595e-01
  1.299999999999994e+00  3.402294090485686e+05  1.457759173635906e+06  -7.869471604109234e+06  2.202935585484476e+06  -2.157024327660629e+06  -3.405753466398418e+05  1.221332013837206e-01  2.536146947752340e-01  3.288782773649433e-01
  1.304999999999994e+00  4.469595412437184e+05  1.594029278292992e+06  -8.079661386262234e+06  2.320801676159619e+06  -2.284315285049569e+06  -4.002198280508439e+05  1.312775153960240e-01  2.675633357188948e-01  3.378923281443073e-01
  1.309999999999994e+00  5.569799704050135e+05  1.732886703501590e+06  -8.288525713499430e+06  2.440214723325294e+06  -2.412824504676959e+06  -4.608783506281263e+05  1.405775895795865e-01  2.817052017801849e-01  3.468882424208053e-01
  1.314999999999994e+00  6.698318681263197e+05  1.873783067091630e+06  -8.494855434121596e+06  2.560737501301071e+06  -2.542025455843160e+06  -5.223111794787159e+05  1.499907732802706e-01  2.959800858374176e-01  3.558193024616539e-01
  1.319999999999994e+00  7.863404982028437e+05  2.017646278207051e+06  -8.696185533945097e+06  2.682722849327796e+06  -2.671037295174352e+06  -5.839565569263265e+05  1.594464692199217e-01  3.102318723068193e-01  3.645436013675591e-01
  1.324999999999994e+00  9.031384405202155e+05  2.160099561637257e+06  -8.893716662355954e+06  2.803763513596527e+06  -2.799933155486561e+06  -6.460817694447734e+05  1.689368519642626e-01  3.245570192033912e-01  3.731979686718298e-01
  1.329999999999994e+00  1.021127905719129e+06  2.302430526579965e+06  -9.085103795576414e+06  2.924243135644324e+06  -2.927752605515625e+06  -7.080921626639768e+05  1.783970880660521e-01  3.388033311282567e-01  3.816444653786773e-01
  1.334999999999994e+00  1.139746858338963e+06  2.443858493406729e+06  -9.269218794680281e+06  3.043542153814713e+06  -3.053837384731284e+06  -7.696478209406739e+05  1.877772014794021e-01  3.528903687866189e-01  3.898355379557476e-01
  1.339999999999993e+00  1.258434718628938e+06  2.583589631398119e+06  -9.444989154944878e+06  3.161027814018250e+06  -3.177491007796844e+06  -8.303880616372155e+05  1.970264897116263e-01  3.667351400995963e-01  3.977240164615619e-01
  1.344999999999993e+00  1.376636789000697e+06  2.720833486501908e+06  -9.611375343200207e+06  3.276062845790665e+06  -3.297989585662527e+06  -8.899363272027980e+05  2.060936096683046e-01  3.802531242093930e-01  4.052627198871609e-01
  1.349999999999993e+00  1.493810530612774e+06  2.854818724866013e+06  -9.767344349512562e+06  3.388013638973219e+06  -3.414600330190546e+06  -9.479071897530071e+05  2.149270458122706e-01  3.933596682023828e-01  4.124041963998106e-01
  1.354999999999993e+00  1.609201041525171e+06  2.983248428564869e+06  -9.910811914821299e+06  3.495814553600365e+06  -3.526260519571314e+06  -1.003467241629989e+06  2.234117196774348e-01  4.058543176195123e-01  4.190118698624807e-01
  1.359999999999993e+00  1.722532056645941e+06  3.108263282154112e+06  -1.004283705517541e+07  3.599548784527384e+06  -3.633033885917425e+06  -1.057252975581749e+06  2.316318158301408e-01  4.179054042460392e-01  4.252185915037236e-01
  1.364999999999993e+00  1.833390317468578e+06  3.228035015030780e+06  -1.016132206074728e+07  3.698443917877100e+06  -3.733933280926467e+06  -1.108394841550017e+06  2.394769058217144e-01  4.293142167776725e-01  4.308897949663213e-01
  1.369999999999993e+00  1.941406651515097e+06  3.342008034912624e+06  -1.026525560487099e+07  3.792004361232021e+06  -3.828427437296772e+06  -1.156573627730842e+06  2.469074793829263e-01  4.400163724715960e-01  4.359838012159142e-01
  1.374999999999993e+00  2.046268336480424e+06  3.449694694387509e+06  -1.035371462911089e+07  3.879795468761747e+06  -3.916082032674158e+06  -1.201522347121851e+06  2.538902350501697e-01  4.499578175397972e-01  4.404633080818834e-01
  1.379999999999993e+00  2.147713160251195e+06  3.550672855496034e+06  -1.042592209475438e+07  3.961452005789056e+06  -3.996568988266171e+06  -1.243037819532540e+06  2.603987074642169e-01  4.590960873658850e-01  4.442969294507684e-01
  1.384999999999992e+00  2.245520688512007e+06  3.644581277851843e+06  -1.048129979976060e+07  4.036683745769147e+06  -4.069668739408961e+06  -1.280984791407627e+06  2.664134104787785e-01  4.674008854736702e-01  4.474607499765758e-01
  1.389999999999992e+00  2.338155839288062e+06  3.728733152142426e+06  -1.051995164013002e+07  4.104089936394793e+06  -4.135701831284635e+06  -1.315860781939434e+06  2.719249742080286e-01  4.748621407947192e-01  4.499239200335410e-01
  1.394999999999992e+00  2.428231944688481e+06  3.807841760528725e+06  -1.054108953552885e+07  4.165952646059326e+06  -4.193826309020950e+06  -1.346567808980510e+06  2.769316321708497e-01  4.814783155911777e-01  4.517301019107539e-01
  1.399999999999992e+00  2.514212493720988e+06  3.879156567472297e+06  -1.054517583887454e+07  4.221030608888032e+06  -4.244440683643534e+06  -1.373588387626352e+06  2.814207363771578e-01  4.872366195073539e-01  4.528519064894378e-01
  1.404999999999992e+00  2.595950469263215e+06  3.942508717021212e+06  -1.053265120922316e+07  4.269323637753673e+06  -4.287654922448043e+06  -1.396965294831719e+06  2.853946848209480e-01  4.921486638421910e-01  4.533043114293284e-01
  1.409999999999992e+00  2.673310132075156e+06  3.997783376395097e+06  -1.050417650947574e+07  4.310887203029011e+06  -4.323622998832801e+06  -1.416751260611609e+06  2.888597854199492e-01  4.962336281225824e-01  4.531123467481072e-01
  1.414999999999992e+00  2.746165672663994e+06  4.044921607862073e+06  -1.046059233420284e+07  4.345823317845927e+06  -4.352524663061371e+06  -1.432998972795655e+06  2.918253001506890e-01  4.995165640922376e-01  4.523097701395735e-01
  1.419999999999992e+00  2.814401062679150e+06  4.083920836464402e+06  -1.040287097463120e+07  4.374270562904173e+06  -4.374549557482623e+06  -1.445756301379485e+06  2.943024804177587e-01  5.020265946967825e-01  4.509371123835862e-01
  1.424999999999992e+00  2.877948161040731e+06  4.114645655345573e+06  -1.033315026118544e+07  4.396215741019021e+06  -4.390037768807942e+06  -1.455351817421694e+06  2.963393423059919e-01  5.038860660811467e-01  4.490887435092832e-01
  1.429999999999992e+00  2.936881238403385e+06  4.137951928976458e+06  -1.025026186612565e+07  4.412411485596945e+06  -4.398718811000619e+06  -1.461095405968033e+06  2.978695972824527e-01  5.049376227538600e-01  4.467079416363227e-01
  1.434999999999991e+00  2.990908629189664e+06  4.153394076086106e+06  -1.015638335536955e+07  4.422644250468032e+06  -4.401060772311686e+06  -1.463471919106192e+06  2.989476520807994e-01  5.053063551133041e-01  4.438915360415732e-01
  1.439999999999991e+00  3.039970197458864e+06  4.161139132640305e+06  -1.005250262229029e+07  4.427097473309007e+06  -4.397220562461283e+06  -1.462539298602402e+06  2.995854331947587e-01  5.050219162237730e-01  4.406830666963637e-01
  1.444999999999991e+00  3.084035432742347e+06  4.161381059902573e+06  -9.939506164124031e+06  4.425953735917413e+06  -4.387340392581541e+06  -1.458362771718101e+06  2.997936025445107e-01  5.041109518921152e-01  4.371211995774543e-01
  1.449999999999991e+00  3.123109699783925e+06  4.154336634998687e+06  -9.818149926636582e+06  4.419392986676461e+06  -4.371551504153436e+06  -1.451014252261678e+06  2.995815586210509e-01  5.025966811166235e-01  4.332382933419986e-01
  1.454999999999991e+00  3.157237759261758e+06  4.140243605274622e+06  -9.689040250790427e+06  4.407592480525457e+06  -4.349978619653540e+06  -1.440570227840513e+06  2.989576178484895e-01  5.004989526985942e-01  4.290595615708197e-01
  1.459999999999991e+00  3.187572422264211e+06  4.120961353089978e+06  -9.552391961135112e+06  4.391486041228743e+06  -4.322250113618017e+06  -1.426572626276133e+06  2.979090950843469e-01  4.978354358401958e-01  4.245760465528824e-01
  1.464999999999991e+00  3.212020586843289e+06  4.093526022401982e+06  -9.408817748720288e+06  4.369742872263895e+06  -4.289495158113413e+06  -1.410131141179145e+06  2.964771643359579e-01  4.946033415374027e-01  4.198443791731978e-01
  1.469999999999991e+00  3.231825464483927e+06  4.059801525942356e+06  -9.258416551079612e+06  4.343239485906460e+06  -4.251354532348304e+06  -1.390860623577424e+06  2.946566293264244e-01  4.908350690440724e-01  4.148523820423682e-01
  1.474999999999991e+00  3.247154596053816e+06  4.020106999831931e+06  -9.101242518769801e+06  4.312146210564846e+06  -4.207955885925910e+06  -1.368831413229162e+06  2.924543101430259e-01  4.865432052800884e-01  4.095997663163636e-01
  1.479999999999990e+00  3.258176199882405e+06  3.974767755334772e+06  -8.937272244977683e+06  4.276629794283206e+06  -4.159433414449922e+06  -1.344111083238783e+06  2.898771468846479e-01  4.817396662367881e-01  4.040824597790443e-01
  1.484999999999990e+00  3.265046790439571e+06  3.924101717367831e+06  -8.766441912697041e+06  4.236850290637209e+06  -4.105928915866983e+06  -1.316766772467569e+06  2.869324295321065e-01  4.764360164127446e-01  3.982941893661695e-01
  1.489999999999990e+00  3.267902117969442e+06  3.868404509020859e+06  -8.588684514530824e+06  4.192958159619979e+06  -4.047592409154770e+06  -1.286867558438132e+06  2.836280209187247e-01  4.706436749210744e-01  3.922280559866138e-01
  1.494999999999990e+00  3.266812991652556e+06  3.808074692643652e+06  -8.403362296145851e+06  4.145271451355745e+06  -3.984468904137002e+06  -1.254129479569786e+06  2.799322770696316e-01  4.643178157188836e-01  3.858458007144610e-01
  1.499999999999990e+00  3.261748290377119e+06  3.742733156641663e+06  -8.211773504460506e+06  4.093409669334115e+06  -3.917029645193770e+06  -1.219437882887839e+06  2.759383358702363e-01  4.575868792081625e-01  3.792149697250836e-01
  1.504999999999990e+00  3.252942114887052e+06  3.673019340412457e+06  -8.013365861922377e+06  4.037819245349088e+06  -3.845253059599017e+06  -1.182425905943374e+06  2.716138837183364e-01  4.504046742598277e-01  3.722952323278228e-01
  1.509999999999990e+00  3.240443442438942e+06  3.599062063335782e+06  -7.808335730101876e+06  3.978616802643172e+06  -3.769327718070223e+06  -1.143179619678960e+06  2.669706175576338e-01  4.427835827224973e-01  3.650887768691249e-01
  1.514999999999990e+00  3.224290916781538e+06  3.520950948541129e+06  -7.596981486653385e+06  3.915915686569928e+06  -3.689456010581006e+06  -1.101794121634429e+06  2.620216174019491e-01  4.347374511072180e-01  3.576019000761538e-01
  1.519999999999990e+00  3.204522241518529e+06  3.438751975957472e+06  -7.379703317101293e+06  3.849831320348960e+06  -3.605855516630058e+06  -1.058374360248893e+06  2.567813613435036e-01  4.262821863596260e-01  3.498451282758887e-01
  1.524999999999989e+00  3.181184615939309e+06  3.352526987235493e+06  -7.156996862282153e+06  3.780487086378529e+06  -3.518760437784695e+06  -1.013035850265740e+06  2.512657432597239e-01  4.174363210541527e-01  3.418331472009051e-01
  1.529999999999989e+00  3.153429746296316e+06  3.261064386456811e+06  -6.929636608561758e+06  3.707480759835497e+06  -3.428679405366505e+06  -9.659935763454409e+05  2.454733182603631e-01  4.082169127508215e-01  3.336084490527202e-01
  1.534999999999989e+00  3.123217830616499e+06  3.167083238291602e+06  -6.697960926288282e+06  3.632021407125186e+06  -3.335387783925741e+06  -9.172379707622565e+05  2.394649177165042e-01  3.986682676539942e-01  3.251505189113846e-01
  1.539999999999989e+00  3.089758615570399e+06  3.069483830339193e+06  -6.462788405695606e+06  3.553806217624528e+06  -3.239409570092792e+06  -8.669671735197029e+05  2.332374636706398e-01  3.888035366486353e-01  3.165032007764358e-01
  1.544999999999989e+00  3.053218023279104e+06  2.968478772281673e+06  -6.224866297500263e+06  3.473041833982468e+06  -3.141057136169861e+06  -8.153471010632762e+05  2.268128931903302e-01  3.786547631604821e-01  3.076948517201495e-01
  1.549999999999989e+00  3.013804523108273e+06  2.864339213949390e+06  -5.984966447074172e+06  3.389961948744623e+06  -3.040662652554081e+06  -7.625560558642946e+05  2.202147758064389e-01  3.682573923454755e-01  2.987560224801890e-01
  1.554999999999989e+00  2.971766851178449e+06  2.757391060796597e+06  -5.743872376940727e+06  3.304827721245354e+06  -2.938577305390784e+06  -7.087838983184166e+05  2.134682429685663e-01  3.576498817387472e-01  2.897188495484905e-01
  1.559999999999989e+00  2.927388119279959e+06  2.648006092789504e+06  -5.502368193005695e+06  3.217926586159434e+06  -2.835169717368289e+06  -6.542308206393532e+05  2.065997982852069e-01  3.468731580995189e-01  2.806163795282463e-01
  1.564999999999989e+00  2.880570133848720e+06  2.536199540695260e+06  -5.261763895945620e+06  3.129341233608968e+06  -2.731116923278163e+06  -5.992251701932194e+05  1.996400453454080e-01  3.360142352367577e-01  2.715255779960761e-01
  1.569999999999989e+00  2.832555075000455e+06  2.423384354348297e+06  -5.021759064052916e+06  3.039957484845523e+06  -2.626207817525269e+06  -5.437186014010789e+05  1.926111410128676e-01  3.250286283462532e-01  2.623908896676326e-01
  1.574999999999988e+00  2.783159010089012e+06  2.309389952996742e+06  -4.783597396592518e+06  2.949792768543215e+06  -2.521154425257653e+06  -4.880676363694470e+05  1.855434773968929e-01  3.140023615414329e-01  2.532876515337387e-01
  1.579999999999988e+00  2.732709297458836e+06  2.194642742940445e+06  -4.547969405541090e+06  2.859193854045032e+06  -2.416361207689515e+06  -4.324911341503516e+05  1.784649128653682e-01  3.029791735821591e-01  2.442451797514482e-01
  1.584999999999988e+00  2.681521542479820e+06  2.079559954965247e+06  -4.315520845768692e+06  2.768509060752352e+06  -2.312228247356235e+06  -3.772044946124386e+05  1.714022272919934e-01  2.920015666965138e-01  2.352902248579689e-01
  1.589999999999988e+00  2.629893775806083e+06  1.964544538184373e+06  -4.086844308304634e+06  2.678081440197565e+06  -2.209144445649161e+06  -3.224163132230255e+05  1.643805924747078e-01  2.811100334373289e-01  2.264465516159367e-01
  1.594999999999988e+00  2.578102960462607e+06  1.849982236072597e+06  -3.862471635761871e+06  2.588242243715865e+06  -2.107480551919565e+06  -2.683253256703315e+05  1.574231441762385e-01  2.703423723940060e-01  2.177346731333676e-01
  1.599999999999988e+00  2.526596432848542e+06  1.736982946826762e+06  -3.643086807104523e+06  2.499599781113562e+06  -2.007685059481162e+06  -2.150284455969999e+05  1.505463497875330e-01  2.597574750716897e-01  2.091961885278683e-01
  1.604999999999988e+00  2.475260868470585e+06  1.624460989881309e+06  -3.428603562511280e+06  2.411893727797081e+06  -1.909836664044289e+06  -1.628397833962147e+05  1.437752797445355e-01  2.493311934308186e-01  2.007937865501968e-01
  1.609999999999988e+00  2.424436656281697e+06  1.513393082929395e+06  -3.219615103074111e+06  2.325631287870872e+06  -1.814352575438164e+06  -1.118674157576964e+05  1.371237537976618e-01  2.391218753755497e-01  1.925654456917274e-01
  1.614999999999988e+00  2.374306222950805e+06  1.404079092450603e+06  -3.016385749669102e+06  2.241046338668022e+06  -1.721475551597044e+06  -6.225104555424963e+04  1.306051426884004e-01  2.291525962617594e-01  1.845195434152241e-01
  1.619999999999987e+00  2.325030021829184e+06  1.296792175744311e+06  -2.819121332454545e+06  2.158341138597482e+06  -1.631408409069516e+06  -1.411173122286595e+04  1.242304419489908e-01  2.194421785732708e-01  1.766623019608282e-01
  1.624999999999987e+00  2.276746872773326e+06  1.191775047554994e+06  -2.627977724574884e+06  2.077685411118892e+06  -1.544314092439905e+06  3.244884754473007e+04  1.180084887576244e-01  2.100053333870264e-01  1.689982770756775e-01
  1.629999999999987e+00  2.229574002645681e+06  1.089236291136853e+06  -2.443070116527650e+06  1.999216465406798e+06  -1.460317259949611e+06  7.734883994546230e+04  1.119462106349976e-01  2.008529375456465e-01  1.615308284729018e-01
  1.634999999999987e+00  2.183755863764665e+06  9.899256265034543e+05  -2.264323099288887e+06  1.923334294022828e+06  -1.379412650392058e+06  1.207888621397154e+05  1.060391539180071e-01  1.919923366983731e-01  1.542779327707898e-01
  1.639999999999987e+00  2.139006195896653e+06  8.927043193004190e+05  -2.092103347295835e+06  1.849494615472866e+06  -1.301836383860643e+06  1.622001668793747e+05  1.003114107759093e-01  1.834280135043510e-01  1.472113658514953e-01
  1.644999999999987e+00  2.095587507355896e+06  7.983589992264169e+05  -1.926298846799258e+06  1.778064940479072e+06  -1.227537263625517e+06  2.018179850974650e+05  9.475528871856280e-02  1.751623372232362e-01  1.403477907980893e-01
  1.649999999999987e+00  2.053539028165865e+06  7.069532293805293e+05  -1.766929668665921e+06  1.709071510010173e+06  -1.156520012940700e+06  2.396393414077771e+05  8.937229557181184e-02  1.671947729178536e-01  1.336887849649731e-01
  1.654999999999987e+00  2.012883044088611e+06  6.185172512390958e+05  -1.613998608757828e+06  1.642519314767701e+06  -1.088768481557309e+06  2.756781556924485e+05  8.416312107524164e-02  1.595231549613365e-01  1.272357308740484e-01
  1.659999999999987e+00  1.973627990170443e+06  5.330535635098775e+05  -1.467488675371735e+06  1.578394924772371e+06  -1.024248369552200e+06  3.099628899116290e+05  7.912779126709130e-02  1.521440430280889e-01  1.209896481435185e-01
  1.664999999999986e+00  1.935772058609090e+06  4.505432607885822e+05  -1.327359273334126e+06  1.516669277929140e+06  -9.629092738839844e+05  3.425335467314988e+05  7.426579092438421e-02  1.450529779400237e-01  1.149509301569861e-01
  1.669999999999986e+00  1.899016330487857e+06  3.708007813045231e+05  -1.193277062611145e+06  1.457312826601220e+06  -9.045662235340691e+05  3.736654270036251e+05  6.956657294942199e-02  1.382414848324753e-01  1.091362361191064e-01
  1.674999999999986e+00  1.863903873308576e+06  2.940293623171296e+05  -1.065660470506661e+06  1.400200087434871e+06  -8.493887355845406e+05  4.029325223037145e+05  6.504744651143450e-02  1.317076524252073e-01  1.035076683410028e-01
  1.679999999999986e+00  1.830170980722316e+06  2.201009976810264e+05  -9.441202626483599e+05  1.345334659148695e+06  -7.971593177060831e+05  4.306398604495792e+05  6.069697135531976e-02  1.254429217925188e-01  9.808051905160679e-02
  1.684999999999986e+00  1.797800499379691e+06  1.489579897628511e+05  -8.284947321233370e+05  1.292650537844647e+06  -7.477782726514679e+05  4.568367226286270e+05  5.651278084055016e-02  1.194397286838699e-01  9.285005388058680e-02
  1.689999999999986e+00  1.766771793832016e+06  8.053557942700046e+04  -7.185961206415897e+05  1.242076279752709e+06  -7.011389492448985e+05  4.815655224573671e+05  5.249194376060398e-02  1.136896958288985e-01  8.781003532313429e-02
  1.694999999999986e+00  1.737059166979910e+06  1.476010827490067e+04  -6.142175190286578e+05  1.193536397423765e+06  -6.571308915663949e+05  5.048599746485428e+05  4.863084152970083e-02  1.081835969568016e-01  8.295295596575251e-02
  1.699999999999986e+00  1.708629977589775e+06  -4.845315356267912e+04  -5.151415148112906e+05  1.146952655768426e+06  -6.156434260312156e+05  5.267444139578289e+05  4.492504221152149e-02  1.029113683217404e-01  7.827041952382378e-02
  1.704999999999986e+00  1.681075309132625e+06  -1.094844755759524e+05  -4.208287711813261e+05  1.102015337247272e+06  -5.765290383820196e+05  5.473347268003793e+05  4.134842814878760e-02  9.783637149058608e-02  7.376156500784957e-02
  1.709999999999986e+00  1.655115295083530e+06  -1.678451238857680e+05  -3.316976042291208e+05  1.059088645137729e+06  -5.397806577942590e+05  5.664221213429053e+05  3.793393600968682e-02  9.299592559572495e-02  6.939956502516605e-02
  1.714999999999985e+00  1.630289072767084e+06  -2.239716122559001e+05  -2.472455256277475e+05  1.017885576883772e+06  -5.052547460276883e+05  5.841275338233236e+05  3.465597459502080e-02  8.835567511417652e-02  6.518654840872670e-02
  1.719999999999985e+00  1.606529701524926e+06  -2.779947073899776e+05  -1.672949563923648e+05  9.783290340933111e+05  -4.728724592852384e+05  6.004498005181433e+05  3.150676238844607e-02  8.390350703895767e-02  6.111527691348934e-02
  1.724999999999985e+00  1.583768106759611e+06  -3.300449731794532e+05  -9.168635012441632e+04  9.403456536800548e+05  -4.425675180484943e+05  6.153864588110240e+05  2.847794654011541e-02  7.962723568470298e-02  5.717954231739879e-02
  1.729999999999985e+00  1.561937439478797e+06  -3.802457304161608e+05  -2.027582977880207e+04  9.038671114338662e+05  -4.142860611520105e+05  6.289352498908753e+05  2.556089805273848e-02  7.551482959748985e-02  5.337416002334325e-02
  1.734999999999985e+00  1.540977650757654e+06  -4.287062332473785e+05  4.706924329712241e+04  8.688312452178183e+05  -3.879855796140373e+05  6.410950294627333e+05  2.274707317628279e-02  7.155463908719110e-02  4.969481890158135e-02
  1.739999999999985e+00  1.520569168884249e+06  -4.757169624164295e+05  1.107148805247317e+05  8.349257523289745e+05  -3.636807337164545e+05  6.518868542861383e+05  1.999930691781866e-02  6.770434407287226e-02  4.613934718187895e-02
  1.744999999999985e+00  1.501240339159370e+06  -5.209482928747566e+05  1.702964160819228e+05  8.026341617317519e+05  -3.412457648506036e+05  6.612751933294764e+05  1.736975397310111e-02  6.401910620152525e-02  4.270094355254041e-02
  1.749999999999985e+00  1.482673910526092e+06  -5.646422615494900e+05  2.261900550891171e+05  7.716441695864819e+05  -3.207082648897688e+05  6.692819668388776e+05  1.482276213557871e-02  6.045647029202422e-02  3.937878571323649e-02
  1.754999999999985e+00  1.464865564045566e+06  -6.068165062876607e+05  2.785287909730831e+05  7.419219664535063e+05  -3.020515170546215e+05  6.759098017646745e+05  1.235346656460400e-02  5.700838440422704e-02  3.616945174377561e-02
  1.759999999999984e+00  1.447823823570157e+06  -6.474712246662050e+05  3.274478223019587e+05  7.134404802867081e+05  -2.852606784457924e+05  6.811623356647547e+05  9.958368383887476e-03  5.366815781396593e-02  3.306930156364828e-02
  1.764999999999984e+00  1.431566036833276e+06  -6.865956523547433e+05  3.730804620932773e+05  6.861784564258506e+05  -2.703212311838753e+05  6.850450592429771e+05  7.635278477804462e-03  5.043057620598988e-02  3.007451707442436e-02
  1.769999999999984e+00  1.416113332925690e+06  -7.241751007576602e+05  4.155524761027488e+05  6.601192719665651e+05  -2.572175712095042e+05  6.875666799864239e+05  5.383136018955905e-03  4.729194250088958e-02  2.718123665050176e-02
  1.774999999999984e+00  1.401282552173898e+06  -7.604774880191631e+05  4.550698682668007e+05  6.350979207566006e+05  -2.458923672539499e+05  6.887991104194496e+05  3.191572246270224e-03  4.424822025067635e-02  2.439383173476773e-02
  1.779999999999984e+00  1.387504025493594e+06  -7.949186945317168e+05  4.915176467034162e+05  6.114159708523923e+05  -2.363727882459663e+05  6.886578838716372e+05  1.085030586534364e-03  4.130658427936149e-02  2.169470327579413e-02
  1.784999999999984e+00  1.374561311987357e+06  -8.277995428386190e+05  5.250779885340615e+05  5.888988034285003e+05  -2.286225507874773e+05  6.872173111596705e+05  -9.500715675002282e-04  3.846046251576383e-02  1.908745351356985e-02
  1.789999999999984e+00  1.362440165480845e+06  -8.591435663342299e+05  5.557952991202390e+05  5.675363732799066e+05  -2.226088558601142e+05  6.845164409621280e+05  -2.913427830892923e-03  3.571090286888274e-02  1.657013779991182e-02
  1.794999999999984e+00  1.351110001918137e+06  -8.889876188052552e+05  5.836897388417935e+05  5.473177427610941e+05  -2.182905017305776e+05  6.806049482524982e+05  -4.805019928789144e-03  3.305963668603436e-02  1.414177280526376e-02
  1.799999999999984e+00  1.340524005248869e+06  -9.173798315159262e+05  6.087602200055406e+05  5.282305327418703e+05  -2.156168147189329e+05  6.755428325376894e+05  -6.625223054349335e-03  3.050883645758951e-02  1.180243454584740e-02
  1.804999999999984e+00  1.330620555432486e+06  -9.443770453268667e+05  6.309888868378202e+05  5.102607619564779e+05  -2.145271767090153e+05  6.693993254796104e+05  -8.374807940112460e-03  2.806092371499428e-02  9.553320702679327e-03
  1.809999999999983e+00  1.321141798062076e+06  -9.701269484929767e+05  6.503275193496015e+05  4.932893435278593e+05  -2.147733487372251e+05  6.623534212386770e+05  -1.004440175538519e-02  2.573648963368630e-02  7.420928427700276e-03
  1.814999999999983e+00  1.312358504038683e+06  -9.944992285251294e+05  6.667600400336172e+05  4.775174045528533e+05  -2.166265828991546e+05  6.542810327900422e+05  -1.165528400286379e-02  2.350227166659652e-02  5.362106459990707e-03
  1.819999999999983e+00  1.304011402358765e+06  -1.017683501012614e+06  6.802494998763922e+05  4.628155647916811e+05  -2.198361400150961e+05  6.453675255996669e+05  -1.319980545249454e-02  2.137811390403138e-02  3.403541820011885e-03
  1.824999999999983e+00  1.296015618059000e+06  -1.039751452582799e+06  6.907631043729999e+05  4.491659360991375e+05  -2.243121551954160e+05  6.356985088267570e+05  -1.467902006885429e-02  1.936660022810869e-02  1.550730719067918e-03
  1.829999999999983e+00  1.288290592869064e+06  -1.060776890973595e+06  6.982744545046457e+05  4.365507617447806e+05  -2.299629802811440e+05  6.253586191930632e+05  -1.609366435399476e-02  1.747025151174569e-02  -1.899627616701191e-04
  1.834999999999983e+00  1.280763996852203e+06  -1.080835961135868e+06  7.027668476975402e+05  4.249527310942811e+05  -2.366979163454774e+05  6.144300378931834e+05  -1.744411193888191e-02  1.569143591163763e-02  -1.811565340067065e-03
  1.839999999999983e+00  1.273375394485107e+06  -1.100006610187087e+06  7.042369397299347e+05  4.143550019205130e+05  -2.444295824648420e+05  6.029913505932742e+05  -1.873040475754600e-02  1.403220350582882e-02  -3.306877515177145e-03
  1.844999999999983e+00  1.265903951002108e+06  -1.118288071224834e+06  7.026895795452157e+05  4.047230531037863e+05  -2.529537473610356e+05  5.911743385443438e+05  -1.994861599625285e-02  1.250165271931068e-02  -4.645659380177990e-03
  1.849999999999983e+00  1.258700974470795e+06  -1.135895760259758e+06  6.982003397111333e+05  3.960833358072883e+05  -2.624622531318552e+05  5.789163988068430e+05  -2.110903986945585e-02  1.108072379376208e-02  -5.872346293883869e-03
  1.854999999999982e+00  1.251567112274265e+06  -1.152836887726524e+06  6.908151564413728e+05  3.883910977420787e+05  -2.727396422698272e+05  5.663546266265517e+05  -2.220479644450082e-02  9.780447980355300e-03  -6.956003288254639e-03
  1.859999999999982e+00  1.244510952622408e+06  -1.169172128626481e+06  6.806322764767946e+05  3.816283272661245e+05  -2.837204655017930e+05  5.535458854112746e+05  -2.323588287280824e-02  8.599002547913161e-03  -7.894113570249141e-03
  1.864999999999982e+00  1.237557613911182e+06  -1.184948868063925e+06  6.677867818487376e+05  3.757755081852950e+05  -2.953446413879279e+05  5.405388300763883e+05  -2.420277686659884e-02  7.532874768953940e-03  -8.686869516188753e-03
  1.869999999999982e+00  1.230746219870825e+06  -1.200198453014565e+06  6.524523092944114e+05  3.708112395398591e+05  -3.075568554654991e+05  5.273728477994970e+05  -2.510657081683628e-02  6.576710401979676e-03  -9.337563936471931e-03
  1.874999999999982e+00  1.224125962095520e+06  -1.214935394399502e+06  6.348393837578541e+05  3.667121146459068e+05  -3.203063001734050e+05  5.140772520706962e+05  -2.594905380574430e-02  5.723311171374626e-03  -9.852728036227512e-03
  1.879999999999982e+00  1.217870173118229e+06  -1.228996417990132e+06  6.154437332331550e+05  3.634736717309159e+05  -3.335535152986387e+05  5.006431127999083e+05  -2.674696683896144e-02  4.940000827223364e-03  -1.025049523188146e-02
  1.884999999999982e+00  1.211840046107173e+06  -1.242701500104056e+06  5.940527071087722e+05  3.610290506658112e+05  -3.472618007733614e+05  4.871243085651956e+05  -2.747580494039218e-02  4.261971598094969e-03  -1.052956275325630e-02
  1.889999999999982e+00  1.206145318131146e+06  -1.255868832097962e+06  5.711485633572150e+05  3.593691350320724e+05  -3.613875984723209e+05  4.735046853703423e+05  -2.815221098676027e-02  3.657961674884060e-03  -1.070803426298824e-02
  1.894999999999982e+00  1.200815152360735e+06  -1.268481887596260e+06  5.469870283101685e+05  3.584642824739380e+05  -3.759091523463484e+05  4.597772938618124e+05  -2.878058691060923e-02  3.116602993151852e-03  -1.080072130991173e-02
  1.899999999999981e+00  1.195860464716255e+06  -1.280533583396170e+06  5.217953698854380e+05  3.582843029390697e+05  -3.908170495562599e+05  4.459315739428288e+05  -2.936578049332813e-02  2.626705510701583e-03  -1.082222641657632e-02
  1.904999999999981e+00  1.191270028684302e+06  -1.292033331079367e+06  4.957550386602366e+05  3.587988551830700e+05  -4.061160000226723e+05  4.319568263369273e+05  -2.991294440279667e-02  2.177849092619504e-03  -1.078584304885237e-02
  1.909999999999981e+00  1.187008416371509e+06  -1.303012118375131e+06  4.689872939222757e+05  3.599776811801270e+05  -4.218256604437989e+05  4.178458363019568e+05  -3.042738247119087e-02  1.760896895696069e-03  -1.070258873314119e-02
  1.914999999999981e+00  1.183162844604879e+06  -1.313547279253960e+06  4.417146708734484e+05  3.617811758903876e+05  -4.380654064352268e+05  4.035184439829091e+05  -3.092177700058688e-02  1.353083375662066e-03  -1.059125928446893e-02
  1.919999999999981e+00  1.179325296203426e+06  -1.323704028366324e+06  4.135138499157006e+05  3.641900466044597e+05  -4.547158474780442e+05  3.891452413002670e+05  -3.138376676527043e-02  9.845589015988739e-04  -1.043190064965925e-02
  1.924999999999981e+00  1.175566709720346e+06  -1.333569794484290e+06  3.845188661242125e+05  3.671731641593739e+05  -4.719056428568125e+05  3.746695337768037e+05  -3.182814045917920e-02  6.312186791875103e-04  -1.023895215370584e-02
  1.929999999999981e+00  1.171780044085561e+06  -1.343253450208590e+06  3.545904458191622e+05  3.707021134749082e+05  -4.896896435181701e+05  3.601245742531238e+05  -3.225927721199299e-02  2.908914002053544e-04  -1.001076348292887e-02
  1.934999999999981e+00  1.167855726952682e+06  -1.352866817501348e+06  3.235533843524905e+05  3.747490671711389e+05  -5.081186013927331e+05  3.455551275201456e+05  -3.268088465152095e-02  -3.695129056047929e-05  -9.743321145337174e-03
  1.939999999999981e+00  1.163689455110733e+06  -1.362515186138275e+06  2.912185030210806e+05  3.792870171233616e+05  -5.272323448576120e+05  3.310161024761340e+05  -3.309587772552688e-02  -3.515046076021921e-04  -9.431096099569675e-03
  1.944999999999981e+00  1.159189499085403e+06  -1.372288605191676e+06  2.574060314433262e+05  3.842902083722075e+05  -5.470533260513102e+05  3.165704899492223e+05  -3.350630407464532e-02  -6.509819564881684e-04  -9.067969259930029e-03
  1.949999999999980e+00  1.154124888075986e+06  -1.382475382316954e+06  2.217785129597936e+05  3.896801770182319e+05  -5.675944169321307e+05  3.022627616889435e+05  -3.390393807106169e-02  -9.200649850563988e-04  -8.636008166076944e-03
  1.954999999999980e+00  1.148727352260621e+06  -1.392677192502355e+06  1.846052382871942e+05  3.955490300698320e+05  -5.887671668099875e+05  2.882274175692717e+05  -3.430659931433835e-02  -1.180309565461122e-03  -8.152506213481065e-03
  1.959999999999980e+00  1.142857640276687e+06  -1.403118267084446e+06  1.456897780180443e+05  4.018212014490768e+05  -6.105643957310062e+05  2.744969637663151e+05  -3.470628377496576e-02  -1.418308423682304e-03  -7.605025305808469e-03
  1.964999999999980e+00  1.136515410687576e+06  -1.413787839223411e+06  1.050600074101587e+05  4.084812679202501e+05  -6.329092262297770e+05  2.611428830478219e+05  -3.510207974966727e-02  -1.631183571952029e-03  -6.991992090940904e-03
  1.969999999999980e+00  1.129719534177571e+06  -1.424657048847528e+06  6.280419803235564e+04  4.155177854436734e+05  -6.557019311284046e+05  2.482354675069259e+05  -3.549276009638139e-02  -1.816237025714232e-03  -6.313303881735713e-03
  1.974999999999980e+00  1.122503131915030e+06  -1.435686162807833e+06  1.906200478723567e+04  4.229234495402541e+05  -6.788245916269848e+05  2.358434197127974e+05  -3.587704088070617e-02  -1.971049027273235e-03  -5.570008570032026e-03
  1.979999999999980e+00  1.114907705712328e+06  -1.446832292978754e+06  -2.598879029316930e+04  4.306948639322996e+05  -7.021469184398364e+05  2.240338585043097e+05  -3.625383652761978e-02  -2.093559162068693e-03  -4.763850826712819e-03
  1.984999999999980e+00  1.106810462543741e+06  -1.458085994509363e+06  -7.217882145101507e+04  4.388195052355275e+05  -7.253686167333879e+05  2.129009955758939e+05  -3.661200445561332e-02  -2.171478070381609e-03  -3.883299030777518e-03
  1.989999999999980e+00  1.098612046192568e+06  -1.469311343916625e+06  -1.191998605704557e+05  4.473265481473285e+05  -7.486804398870299e+05  2.024544280565355e+05  -3.697390579199435e-02  -2.227400020126377e-03  -2.959080122801855e-03
  1.994999999999979e+00  1.090153953275958e+06  -1.480574813326323e+06  -1.669243587701284e+05  4.562031398829446e+05  -7.717995873410105e+05  1.927827650865265e+05  -3.732837501182604e-02  -2.247967680401452e-03  -1.976813124575955e-03
  1.999999999999979e+00  1.081458024389416e+06  -1.491876766283925e+06  -2.151626235880826e+05  4.654530350094736e+05  -7.946033369719797e+05  1.839471802573120e+05  -3.767658157339745e-02  -2.233384930541010e-03  -9.367313917602645e-04
