TITLE = "Temporal Signal for receiver number 00005"
VARIABLES = "Time","s_xx","s_yy","s_zz","s_xy","s_yz","s_xz","v1","v2","v3"
# x1       -3.000000000000e+03
# x2       1.000000000000e+03
# x3       -7.500000000000e+03
# cell-global-id 14166
  0.000000000000000e+00  0.000000000000000e+00  0.000000000000000e+00  0.000000000000000e+00  0.000000000000000e+00  0.000000000000000e+00  0.000000000000000e+00  0.000000000000000e+00  0.000000000000000e+00  0.000000000000000e+00
  5.000000000000000e-03  0.000000000000000e+00  0.000000000000000e+00  0.000000000000000e+00  0.000000000000000e+00  0.000000000000000e+00  0.000000000000000e+00  0.000000000000000e+00  0.000000000000000e+00  0.000000000000000e+00
  1.000000000000000e-02  0.000000000000000e+00  0.000000000000000e+00  0.000000000000000e+00  0.000000000000000e+00  0.000000000000000e+00  0.000000000000000e+00  0.000000000000000e+00  0.000000000000000e+00  0.000000000000000e+00
  1.500000000000000e-02  1.721409649367313e+00  4.484088338788916e-01  2.361507157324826e-01  -4.347608958652194e-02  9.386054420466673e-02  -2.975689199943252e-02  1.069889892506931e-07  -1.032910224128146e-08  1.536326580775096e-08
  2.000000000000000e-02  8.505590555798863e+00  2.043939604413706e+00  6.610560725325784e-01  -3.770267436291699e-01  6.033991434975239e-01  -1.842789746029874e-01  5.298185791593816e-07  -6.885904543784709e-08  9.901049691081213e-08
  2.500000000000000e-02  1.741425156544984e+01  1.859918057258773e+00  -4.036701736185298e+00  -2.382139498477231e+00  2.795422239849154e+00  1.719429260474649e+00  1.078216657784489e-06  -3.267189986948822e-07  4.814812928958403e-07
  3.000000000000000e-02  -2.421349455196560e+01  -1.261878077775685e+01  -1.846507741552144e+01  -3.820904446981744e+00  3.845211400751583e+00  4.082899016014717e+00  -1.568210304899176e-06  -4.428024191782274e-07  2.289590512600347e-07
  3.500000000000000e-02  -9.198738587803051e+01  -2.806179925018695e+01  -2.651368459175832e+01  1.972195674290815e+00  9.661254870598527e-01  1.598199234952848e+00  -5.818714790355162e-06  3.589112425906304e-08  -8.317559969375873e-07
  4.000000000000000e-02  -1.001807514045967e+02  -2.592174852256501e+01  -1.838599246390547e+01  7.485782009189332e+00  -8.634240141082922e-01  1.268524845123742e+00  -6.370570150812000e-06  5.165357079131524e-07  -1.094251503503589e-06
  4.500000000000000e-02  -7.819076286502262e+01  -9.139452665209477e+00  2.078990596167061e+00  2.201330163996354e+01  -6.157679426459161e+00  -3.136345094893499e+00  -5.387250832117752e-06  1.516399353057588e-06  -8.773599711759931e-07
  5.000000000000000e-02  3.470313806066733e+00  2.229035029724214e+01  3.014920393142345e+01  3.438224338775039e+01  -8.886031908990139e+00  -7.553710437405169e+00  -8.941466313180381e-07  2.195655695075723e-06  9.539811466550342e-08
  5.499999999999999e-02  8.509178715605832e+01  4.592417426537687e+01  4.813806244838158e+01  3.829655970188135e+01  -8.604869302094531e+00  -9.075969303509996e+00  4.095620690189068e-06  2.395507963758152e-06  9.809237962945605e-07
  5.999999999999999e-02  9.222781795736589e+01  3.740088940393751e+01  4.316955865192048e+01  3.151825032082293e+01  -9.551722416041306e+00  -9.015403447606765e+00  5.251200109143890e-06  2.169098655081233e-06  1.156140302736898e-06
  6.499999999999999e-02  7.792256697019774e+01  1.352332045642334e+01  2.480110722269137e+01  2.247218765061424e+01  -9.181993133900450e+00  -2.737454066518541e+00  5.940221000613522e-06  2.035724128438054e-06  1.281982054571237e-06
  6.999999999999999e-02  1.634827847608424e+01  -3.243748319891944e+01  -6.088731070152109e+00  6.817921766935502e+00  -8.860420575066458e+00  9.724940236885507e+00  4.062005274380011e-06  1.635327175910044e-06  1.345164219667618e-06
  7.500000000000000e-02  -4.783856552402740e+01  -7.904378596569862e+01  -2.881136702709345e+01  -1.378992121328174e+01  -6.897106523551087e+00  2.123294313191550e+01  1.502130177089662e-06  4.137017865416971e-07  9.495518854486113e-07
  8.000000000000000e-02  -5.154552937957274e+01  -9.718768173005776e+01  -2.642585759464919e+01  -1.431722221586483e+01  -8.144085167255579e+00  2.833787431094791e+01  2.004381669150022e-06  -1.425306328987515e-07  4.497139863054780e-08
  8.500000000000001e-02  -3.129315922893391e+01  -9.922943102566448e+01  -4.437257755735623e+00  -3.174881512596462e+01  1.222896022996222e+00  3.382723099531588e+01  2.846350070903775e-06  -2.702627201090135e-06  -1.490576844144528e-06
  9.000000000000001e-02  3.879607551327979e+01  -7.389604392229133e+01  3.636689101137871e+01  -4.517224364814123e+01  1.305721474458243e+01  3.530677445777540e+01  5.690391248967402e-06  -5.598253071157645e-06  -3.274101989335123e-06
  9.500000000000001e-02  1.334352183148231e+02  -2.532812441701207e+01  8.250343061481833e+01  -2.725924384318006e+01  2.505341114953232e+01  4.732751969868643e+01  1.054152130521527e-05  -5.704204214006219e-06  -3.892721748551793e-06
  1.000000000000000e-01  2.323533595063086e+02  2.606501460166990e+01  1.201859202364496e+02  -2.297705434906290e+01  3.612562219188437e+01  5.460018876436506e+01  1.419073477449874e-05  -6.740543979555901e-06  -3.965531556766395e-06
  1.050000000000000e-01  3.107443719677380e+02  6.785961999255714e+01  1.339980386837993e+02  -8.316437464746430e+00  4.008272830916699e+01  6.840148136949274e+01  1.657240288479018e-05  -5.706980119802455e-06  -2.496164511918240e-06
  1.100000000000000e-01  3.523712043794989e+02  9.264735074874588e+01  1.236838073225496e+02  1.447808635361291e+01  3.836028686294399e+01  8.464830849154141e+01  1.705736594918213e-05  -2.644402972930179e-06  -2.413063431843984e-07
  1.150000000000000e-01  3.439611008990180e+02  1.322408021177450e+02  1.111294257554287e+02  4.767613413353361e+01  4.317825090933121e+01  8.438521514259523e+01  1.541514683688964e-05  4.744295658749532e-07  8.099056231644265e-07
  1.200000000000000e-01  2.933014234942304e+02  1.253825352167023e+02  6.388354185097388e+01  6.653281658038544e+01  3.755772390543072e+01  8.096201433311545e+01  1.126293111926881e-05  4.892737752855997e-06  1.378490518865664e-06
  1.250000000000000e-01  2.007767620739290e+02  1.031130789137432e+02  8.387867116439681e+00  7.850271532147389e+01  3.688253766987341e+01  6.212803675804021e+01  5.340074823299780e-06  9.290015087549746e-06  -2.728514084535762e-07
  1.300000000000000e-01  7.358863021244272e+01  6.955940988770067e+01  -5.409640899339541e+01  8.072107788375716e+01  4.343961277655449e+01  2.771784092019200e+01  -2.056112076183440e-06  1.302015993522310e-05  -4.052251487100524e-06
  1.350000000000000e-01  -6.251173063812963e+01  7.161662610083877e+01  -1.165327838356785e+02  5.261644938218515e+01  4.115558598252109e+01  -1.869872133005793e+01  -1.021953122074222e-05  1.334440819820361e-05  -7.900098578864512e-06
  1.400000000000000e-01  -2.095680687625490e+02  3.094312499744306e+01  -1.887631269899305e+02  2.025102192263547e+01  5.245339937734284e+01  -6.504352034614519e+01  -1.818934069855751e-05  1.464705533542947e-05  -1.316797997934195e-05
  1.450000000000000e-01  -3.423970017448225e+02  -5.905952249155362e+00  -2.626409951712807e+02  -2.523930181178602e+01  6.547190464287439e+01  -1.101042576001458e+02  -2.522879680927093e-05  1.433171533464398e-05  -1.759717144765043e-05
  1.500000000000000e-01  -4.391290372635011e+02  -3.113639767395910e+01  -3.302612695297620e+02  -8.458111551263059e+01  7.646966526799011e+01  -1.500414958308407e+02  -3.006935589509389e-05  1.201830821052033e-05  -2.033078551285904e-05
  1.550000000000001e-01  -4.582914950146064e+02  -9.901326387105841e-01  -3.583368201480621e+02  -1.910437041422351e+02  6.272842339117944e+01  -1.734212311730360e+02  -3.039689129104135e-05  7.051968107574869e-06  -2.174141638441945e-05
  1.600000000000001e-01  -4.348412534084705e+02  8.134175836058505e+00  -3.807124493558391e+02  -2.764027345977074e+02  6.673633878925982e+01  -1.989581734280412e+02  -2.747327178301477e-05  1.249280390553355e-06  -2.133811083261563e-05
  1.650000000000001e-01  -3.367252621591657e+02  4.285627546071823e+01  -3.659504431504258e+02  -3.696611006758983e+02  6.662189577848660e+01  -2.229635326577731e+02  -1.960823295463211e-05  -6.612406688635396e-06  -1.968313873577286e-05
  1.700000000000001e-01  -1.837215053130881e+02  1.021151307322945e+02  -3.131285983353540e+02  -4.861927083019121e+02  5.287157132404521e+01  -2.300514420685958e+02  -8.311467494951600e-06  -1.375542859660497e-05  -1.857738185511382e-05
  1.750000000000001e-01  3.023145152643849e+01  1.608622721143706e+02  -2.285564850798967e+02  -5.723126609723724e+02  5.225554366192915e+01  -2.560081968820363e+02  7.558359039072340e-06  -2.270166420880116e-05  -1.628859942777385e-05
  1.800000000000001e-01  2.822978305187286e+02  2.275601903125877e+02  -1.124442534664446e+02  -6.461131100170203e+02  5.007153263061582e+01  -2.856286395722855e+02  2.608752025388871e-05  -3.117042925471850e-05  -1.434931406657484e-05
  1.850000000000001e-01  5.454652616775032e+02  2.886759194994298e+02  2.064129433108574e+01  -6.984808069705009e+02  4.633525158737780e+01  -3.164226244100442e+02  4.535075008090566e-05  -3.769964898551247e-05  -1.286533391398479e-05
  1.900000000000001e-01  7.376502033355695e+02  2.737545057510146e+02  1.175183375643124e+02  -7.228484943980249e+02  5.000414959781379e+01  -3.268258900418142e+02  5.969833920379509e-05  -3.814095656801249e-05  -1.161455285231904e-05
  1.950000000000001e-01  9.336915097916050e+02  2.673906823563268e+02  2.291071092715137e+02  -7.054590609762631e+02  4.710109379695037e+01  -3.510108681897706e+02  7.419677448294986e-05  -3.756784164195115e-05  -9.941049897880815e-06
  2.000000000000001e-01  1.060578667896340e+03  2.153562508707821e+02  3.067074362543198e+02  -6.471792122472600e+02  4.104893211978423e+01  -3.642441239093815e+02  8.363441935614614e-05  -3.204083624360398e-05  -7.673753322991610e-06
  2.050000000000001e-01  1.098969685120841e+03  1.086896770922654e+02  3.371304328108977e+02  -5.461212811214552e+02  3.211969710724344e+01  -3.628683121182565e+02  8.663981649573793e-05  -2.123156865723675e-05  -4.379869645554691e-06
  2.100000000000001e-01  9.927954711474071e+02  -1.176865953966173e+02  2.927893205521391e+02  -4.096918615004560e+02  4.101092684332794e+01  -3.458869553514543e+02  8.019719047553276e-05  -6.778159648153272e-06  -1.041441766707965e-07
  2.150000000000001e-01  8.287819046948290e+02  -3.354296146169966e+02  2.171030861636345e+02  -2.314257779678167e+02  2.918027756914138e+01  -3.178238359947331e+02  6.879244660014677e-05  1.217646888884147e-05  5.348006229018714e-06
  2.200000000000001e-01  5.644672137724272e+02  -5.981122068230535e+02  8.880418829472885e+01  -2.239723677929776e+01  1.719520607493040e+01  -2.758588529777097e+02  5.017762950471218e-05  3.452261647926638e-05  1.156987262598863e-05
  2.250000000000001e-01  2.127227325545405e+02  -8.917528730893299e+02  -8.252593492626526e+01  2.092645161104357e+02  7.225809457171212e+00  -2.241905091617396e+02  2.528508615982448e-05  5.896835100968634e-05  1.794299175298113e-05
  2.300000000000001e-01  -2.267377939534709e+02  -1.238233432906639e+03  -2.879422866238920e+02  4.396020464091959e+02  1.545810465700532e+01  -1.877289483913866e+02  -5.170473408289214e-06  7.843078714858589e-05  2.292706082837820e-05
  2.350000000000001e-01  -6.775979178041898e+02  -1.530365276886410e+03  -5.016637121602063e+02  6.830271418742461e+02  1.253877014896305e+01  -1.366519429241524e+02  -3.753513068881395e-05  1.017547503037876e-04  2.735084677202366e-05
  2.400000000000001e-01  -1.129750054267973e+03  -1.788758020202871e+03  -7.101847327390832e+02  9.148581220873751e+02  1.735611595123793e+01  -9.237983947463049e+01  -7.028121072261541e-05  1.226960220235216e-04  2.973789663956322e-05
  2.450000000000001e-01  -1.544622240065112e+03  -2.008303940506348e+03  -8.940714696810813e+02  1.098252161477612e+03  3.499909575768415e+01  -8.039933281737235e+01  -1.005039892990335e-04  1.319940041476507e-04  2.964452158069163e-05
  2.500000000000001e-01  -1.872626078240153e+03  -2.122108624394146e+03  -1.037378335038372e+03  1.259006854154867e+03  5.482201229455619e+01  -6.058275332299921e+01  -1.254995676524435e-04  1.429351112264190e-04  2.720419174468006e-05
  2.550000000000001e-01  -2.076382558344244e+03  -2.133005745739938e+03  -1.122631313556653e+03  1.361910442262742e+03  8.445807799714856e+01  -5.649545409325948e+01  -1.422410327922039e-04  1.469889661977079e-04  2.217370281829110e-05
  2.600000000000001e-01  -2.115174469697780e+03  -2.023647135455717e+03  -1.137160332001747e+03  1.390283990929257e+03  1.229827504523493e+02  -6.841861056778757e+01  -1.479361379804814e-04  1.427795779066849e-04  1.494028230892315e-05
  2.650000000000001e-01  -1.946368296758624e+03  -1.766431022453116e+03  -1.064286820537058e+03  1.299122208159139e+03  1.582139011525366e+02  -9.663812586420356e+01  -1.399018299627975e-04  1.207212008475900e-04  7.883701289583051e-06
  2.700000000000001e-01  -1.550681476407473e+03  -1.367402653552223e+03  -9.056396023978942e+02  1.132132439727070e+03  2.058368430447893e+02  -1.277819745480882e+02  -1.165090777037997e-04  9.691907561476178e-05  -1.458484102282843e-06
  2.750000000000001e-01  -8.965638096630385e+02  -8.172356275805221e+02  -6.516448602398169e+02  8.494321095016204e+02  2.560327369943645e+02  -1.672314319567832e+02  -7.580603984503385e-05  6.216526492639835e-05  -1.089485943902602e-05
  2.800000000000001e-01  3.502677011982252e+01  -1.142874406901672e+02  -2.977265582154748e+02  4.421700949091963e+02  3.062137069504496e+02  -2.111626005759401e+02  -1.663024849654815e-05  1.599685900842111e-05  -1.964198243101494e-05
  2.850000000000001e-01  1.242886115481404e+03  7.898305420822968e+02  1.752547516315251e+02  -1.040493621535433e+02  3.359429909943165e+02  -2.394075726636799e+02  6.105642790257421e-05  -4.735547303363992e-05  -2.497702141393240e-05
  2.900000000000001e-01  2.753181423176615e+03  1.799048507334977e+03  7.433146349643729e+02  -7.610033087906901e+02  3.783333324441769e+02  -2.802495673839983e+02  1.585654711402799e-04  -1.149605863438399e-04  -3.081627709066319e-05
  2.950000000000002e-01  4.555787366226982e+03  2.942538380560815e+03  1.420113764983105e+03  -1.542128925071112e+03  4.155418642835945e+02  -3.176457436119348e+02  2.751201574997386e-04  -1.931399305182684e-04  -3.459111469879694e-05
  3.000000000000002e-01  6.642020110622569e+03  4.206975930277730e+03  2.206231748410501e+03  -2.439728592139620e+03  4.467276770675635e+02  -3.495336289266798e+02  4.099704386695721e-04  -2.810716201716703e-04  -3.615420236566649e-05
  3.050000000000002e-01  8.971417119016009e+03  5.640091320942050e+03  3.113692946429296e+03  -3.412478939878934e+03  4.524536870985880e+02  -3.638115546395616e+02  5.618200373785676e-04  -3.769819916650977e-04  -3.518205112538439e-05
  3.100000000000002e-01  1.157844673575099e+04  7.092874435423098e+03  4.109671371814566e+03  -4.494584256144160e+03  4.705539905510909e+02  -3.874375861386113e+02  7.301270795914485e-04  -4.785456116867277e-04  -3.324289588681463e-05
  3.150000000000002e-01  1.441390490670555e+04  8.603693900102804e+03  5.199815751880440e+03  -5.651941637744494e+03  4.820270990194093e+02  -4.053916753898622e+02  9.127014419929601e-04  -5.855731686846702e-04  -2.967607986293593e-05
  3.200000000000002e-01  1.745314320457307e+04  1.014757407416521e+04  6.373337361208906e+03  -6.867503576815181e+03  4.866089156017867e+02  -4.187137894562053e+02  1.107825420951441e-03  -6.962420110364304e-04  -2.491749246378309e-05
  3.250000000000002e-01  2.067541253133418e+04  1.175554838785994e+04  7.629931541417987e+03  -8.070807760572149e+03  4.720461771308063e+02  -4.374373513900054e+02  1.316630498610156e-03  -8.022521373959003e-04  -2.121411505616991e-05
  3.300000000000002e-01  2.406656416669780e+04  1.328554721763000e+04  8.930699011858618e+03  -9.352392959727218e+03  4.655881228124734e+02  -4.507377603075835e+02  1.533169484350823e-03  -9.133704335840889e-04  -1.595172106841151e-05
  3.350000000000002e-01  2.760128179464303e+04  1.477215677557637e+04  1.027253720894923e+04  -1.064903203554959e+04  4.532116305085463e+02  -4.639235872553435e+02  1.758048113026590e-03  -1.022839517923016e-03  -1.093571913330454e-05
  3.400000000000002e-01  3.130420454937569e+04  1.624293147924274e+04  1.165993697006306e+04  -1.190550669192617e+04  4.317025233598698e+02  -4.957882329758440e+02  1.995502672222646e-03  -1.121539086931352e-03  -8.980804283553457e-06
  3.450000000000002e-01  3.510986564138912e+04  1.757872412066130e+04  1.304527387203791e+04  -1.321033401919265e+04  4.133513819381569e+02  -5.132176295726349e+02  2.235765785752996e-03  -1.223039695415793e-03  -5.642141640678940e-06
  3.500000000000002e-01  3.904298933472671e+04  1.881428475393910e+04  1.443331195727845e+04  -1.451020659920557e+04  3.927543082366103e+02  -5.329046787668987e+02  2.483062099008367e-03  -1.318978252839894e-03  -3.474748232149647e-06
  3.550000000000002e-01  4.310996835191444e+04  1.993698554249797e+04  1.581463845319755e+04  -1.580425864926308e+04  3.717399444608107e+02  -5.550807119589789e+02  2.737771464537072e-03  -1.408392447734567e-03  -2.576046628845411e-06
  3.600000000000002e-01  4.736926856323177e+04  2.097884529071679e+04  1.720905336996433e+04  -1.708245186931150e+04  3.549947972854087e+02  -5.887681840007676e+02  3.005709777105890e-03  -1.485688873192531e-03  -4.366239286321891e-06
  3.650000000000002e-01  5.173266276086579e+04  2.184721215300305e+04  1.855709229091488e+04  -1.838363239144452e+04  3.388572544490337e+02  -6.081216679123110e+02  3.276682257595170e-03  -1.561521112304190e-03  -5.227682451246961e-06
  3.700000000000002e-01  5.626193323612343e+04  2.258061043511383e+04  1.987908085764198e+04  -1.969236140917359e+04  3.261427898619962e+02  -6.263638807028890e+02  3.557016430576146e-03  -1.629788203066067e-03  -6.766634826158380e-06
  3.750000000000002e-01  6.096955222940954e+04  2.317636785399620e+04  2.117110086969164e+04  -2.101608999608570e+04  3.173966947800320e+02  -6.421775260276223e+02  3.847491132746282e-03  -1.690541318089949e-03  -8.628888789290278e-06
  3.800000000000002e-01  6.587296450319819e+04  2.366071379964267e+04  2.245399616150185e+04  -2.238074208592159e+04  3.169460744432443e+02  -6.480964809595725e+02  4.150188973463644e-03  -1.744320199725467e-03  -1.067917486257892e-05
  3.850000000000002e-01  7.095219798436252e+04  2.397390112512598e+04  2.367513811474113e+04  -2.376565338046251e+04  3.155933943709410e+02  -6.532744645482669e+02  4.461419811283801e-03  -1.792566627030793e-03  -1.195202867483280e-05
  3.900000000000002e-01  7.623423926545661e+04  2.415039791368509e+04  2.485914574525664e+04  -2.518861570062305e+04  3.170766902482947e+02  -6.560402881289834e+02  4.784092974955378e-03  -1.834688567313559e-03  -1.273945300545799e-05
  3.950000000000002e-01  8.172400702886615e+04  2.419402871228287e+04  2.600612049190776e+04  -2.665671300168405e+04  3.207891383149192e+02  -6.572759920707209e+02  5.118270998209829e-03  -1.871480374288874e-03  -1.290997377823411e-05
  4.000000000000002e-01  8.737561089999331e+04  2.411972224927126e+04  2.712694598239939e+04  -2.821647196768313e+04  3.330311164252547e+02  -6.448577739426798e+02  5.461436087857518e-03  -1.909297168072152e-03  -1.233263806034544e-05
  4.050000000000002e-01  9.327866932150161e+04  2.390891131975148e+04  2.820126431183533e+04  -2.979976970432654e+04  3.399947089144910e+02  -6.483938099859397e+02  5.817633587512500e-03  -1.939346885990330e-03  -1.143088936934096e-05
  4.100000000000003e-01  9.939943861396915e+04  2.358523749081064e+04  2.924606868603539e+04  -3.144606044642551e+04  3.485269878460148e+02  -6.555905368108082e+02  6.184933353175254e-03  -1.966932776532292e-03  -1.015587156520124e-05
  4.150000000000003e-01  1.056694512592332e+05  2.316378113695694e+04  3.027025167569688e+04  -3.321019467877860e+04  3.668734552743260e+02  -6.546144541324356e+02  6.559835200367946e-03  -2.001327549514126e-03  -8.666134140366617e-06
  4.200000000000003e-01  1.122440089638104e+05  2.264200605480040e+04  3.127203631677689e+04  -3.500375850777837e+04  3.797388677209253e+02  -6.737205969598625e+02  6.949520594148807e-03  -2.028105143347242e-03  -7.176827703774064e-06
  4.250000000000003e-01  1.190928156488472e+05  2.204488757433706e+04  3.226400134319738e+04  -3.688220366638521e+04  4.009082669345744e+02  -6.995347417793361e+02  7.352371850462105e-03  -2.056485087362001e-03  -5.342469763717895e-06
  4.300000000000003e-01  1.261537604964010e+05  2.136218204938285e+04  3.323277428621138e+04  -3.885141021065124e+04  4.285695851428884e+02  -7.252074229846014e+02  7.764047289409512e-03  -2.087219804989846e-03  -3.285481066752150e-06
  4.350000000000003e-01  1.332891814915903e+05  2.060686911711495e+04  3.419890261134460e+04  -4.094475015071039e+04  4.526336848437301e+02  -7.484108598043963e+02  8.178945044383048e-03  -2.128620240565856e-03  -2.585158742744412e-06
  4.400000000000003e-01  1.407164318282045e+05  1.979257192545586e+04  3.516697402905784e+04  -4.306791491416183e+04  4.627835295628167e+02  -7.673735007360542e+02  8.605077429531082e-03  -2.162383556232494e-03  -1.800858157089631e-06
  4.450000000000003e-01  1.484512691724063e+05  1.896948365462599e+04  3.619111446123659e+04  -4.526391347813282e+04  4.569964378660974e+02  -7.844220483452422e+02  9.045290925379649e-03  -2.198733884453661e-03  -3.151530614540763e-07
  4.500000000000003e-01  1.565885393410583e+05  1.816011711586760e+04  3.729378016990607e+04  -4.755943884410696e+04  4.420125489416298e+02  -8.003688116512196e+02  9.505165303757886e-03  -2.241215586681909e-03  3.641142759047392e-06
  4.550000000000003e-01  1.649800617616641e+05  1.736976524518318e+04  3.842802082667893e+04  -5.006237419309243e+04  4.330526685603096e+02  -7.958515856609793e+02  9.979636953333254e-03  -2.304168718143132e-03  6.680859950403340e-06
  4.600000000000003e-01  1.738390217272081e+05  1.655890125903396e+04  3.961529391246809e+04  -5.263374119090783e+04  4.217398036866803e+02  -8.084102612873826e+02  1.047526958282336e-02  -2.365797200357353e-03  1.410363562699331e-05
  4.650000000000003e-01  1.829742882641690e+05  1.571863103762384e+04  4.081062474692613e+04  -5.537137551551881e+04  4.245712121821537e+02  -8.212933471982711e+02  1.098498651528234e-02  -2.439480744525873e-03  2.226447198390713e-05
  4.700000000000003e-01  1.923055860931987e+05  1.483863826675347e+04  4.199818538676728e+04  -5.827458785632373e+04  4.408632129563709e+02  -8.328896068246889e+02  1.150442625334901e-02  -2.525333907218387e-03  2.971321801480300e-05
  4.750000000000003e-01  2.017849847178901e+05  1.401101058441570e+04  4.316051235442921e+04  -6.131181079218534e+04  4.665178848498581e+02  -8.624049894290199e+02  1.202969448132044e-02  -2.627347058941134e-03  3.031478856226941e-05
  4.800000000000003e-01  2.116144103995431e+05  1.313171699807889e+04  4.438263034059714e+04  -6.448398682606027e+04  5.064706940841135e+02  -8.815168467482342e+02  1.257345024153730e-02  -2.734604361783142e-03  3.447647694942651e-05
  4.850000000000003e-01  2.217868299484592e+05  1.229762713553482e+04  4.565699910013971e+04  -6.777279309882400e+04  5.548966197322283e+02  -9.007316354073347e+02  1.313516380036741e-02  -2.853166253705285e-03  3.658199532726597e-05
  4.900000000000003e-01  2.324639989455411e+05  1.167857523394556e+04  4.701136062422815e+04  -7.114828021252075e+04  6.229400379124089e+02  -9.554723251644903e+02  1.372071409241380e-02  -2.984689401903604e-03  3.283224280636614e-05
  4.950000000000003e-01  2.436054814419841e+05  1.104821582705045e+04  4.846845933033111e+04  -7.464627309095598e+04  6.913537117052971e+02  -9.807200186749186e+02  1.433391584647701e-02  -3.123485428583561e-03  3.138698892791490e-05
  5.000000000000003e-01  2.552710314710681e+05  1.053235213417252e+04  5.003157111582979e+04  -7.824940175761045e+04  7.553189752277824e+02  -1.010461929564436e+03  1.497560983516498e-02  -3.273059354295599e-03  2.695311054808159e-05
  5.050000000000003e-01  2.675012541831409e+05  1.013968195565668e+04  5.171845035403194e+04  -8.195566589326476e+04  8.058850090681780e+02  -1.058322941636531e+03  1.564741954956184e-02  -3.432881493832476e-03  1.890394198347584e-05
  5.100000000000003e-01  2.804537107903527e+05  1.005315580694510e+04  5.356522371077797e+04  -8.579934800633843e+04  8.737892987132007e+02  -1.141840444035274e+03  1.635221858934565e-02  -3.606723378141394e-03  1.026924485474395e-05
  5.150000000000003e-01  2.939059733608844e+05  9.910243059270369e+03  5.549986160124690e+04  -8.972351623651478e+04  8.838637958998788e+02  -1.231526770027659e+03  1.708586667078452e-02  -3.786254979372223e-03  5.517344357909212e-07
  5.200000000000004e-01  3.079919493509466e+05  9.878618674255993e+03  5.753022260425996e+04  -9.373088185550580e+04  8.583718347093628e+02  -1.333663740926721e+03  1.784989131855247e-02  -3.973163633298893e-03  -7.226792506807154e-06
  5.250000000000004e-01  3.227072028036926e+05  9.929707864547625e+03  5.962165188408772e+04  -9.783339917320921e+04  8.034198297297847e+02  -1.432845072932117e+03  1.864285723447559e-02  -4.167305343627712e-03  -1.176869047991057e-05
  5.300000000000004e-01  3.378366336094686e+05  1.010191402024779e+04  6.169480827273498e+04  -1.021734778679464e+05  7.743565104228837e+02  -1.521578386679672e+03  1.944912529884629e-02  -4.385156911052003e-03  -8.760724649785945e-06
  5.350000000000004e-01  3.534734281665389e+05  1.009046785434911e+04  6.372036466641097e+04  -1.065431012159788e+05  6.780531532109699e+02  -1.560088454693707e+03  2.027842762149252e-02  -4.598182533284530e-03  -2.470920079334282e-06
  5.400000000000004e-01  3.694612909664690e+05  9.974753489187131e+03  6.567670720459668e+04  -1.110694187361452e+05  5.636929626884196e+02  -1.553370915073910e+03  2.112027967890810e-02  -4.820144117688258e-03  8.136260675640161e-06
  5.450000000000004e-01  3.858471098652188e+05  9.768985188972247e+03  6.760566474813450e+04  -1.157814556068930e+05  4.290633859822136e+02  -1.522779166449833e+03  2.197895083974096e-02  -5.055017573840359e-03  2.036960794144499e-05
  5.500000000000004e-01  4.026343869972751e+05  9.582097703890006e+03  6.942822826185908e+04  -1.208296973105409e+05  3.213330906976297e+02  -1.478402569910941e+03  2.285345679895085e-02  -5.329148384909691e-03  3.722694653327119e-05
  5.550000000000004e-01  4.199567343421140e+05  9.215986854331291e+03  7.128191047039746e+04  -1.259853034169338e+05  1.614639578355968e+02  -1.414200724272290e+03  2.375355824435934e-02  -5.600265951074225e-03  4.993468885815301e-05
  5.600000000000004e-01  4.378142718157429e+05  8.834236212897542e+03  7.307831281911008e+04  -1.313834281722526e+05  -1.265631210464773e+00  -1.348878079141024e+03  2.467592917310290e-02  -5.892758523614385e-03  6.205542960114403e-05
  5.650000000000004e-01  4.562729597882785e+05  8.489308479247695e+03  7.479536828142435e+04  -1.370312000297303e+05  -1.560538550376442e+02  -1.267187995717923e+03  2.562372817716356e-02  -6.206714989764500e-03  7.530126026028026e-05
  5.700000000000004e-01  4.752550385344399e+05  8.186926503798364e+03  7.642510165714975e+04  -1.429471755130111e+05  -2.581260973837952e+02  -1.154036628642615e+03  2.659548538075950e-02  -6.551319827433404e-03  9.785782504687058e-05
  5.750000000000004e-01  4.950506281217232e+05  8.029762436277138e+03  7.810446491770221e+04  -1.490732558399862e+05  -3.876041948663984e+02  -1.014401362744824e+03  2.760689432717239e-02  -6.901437154947693e-03  1.151356820216008e-04
  5.800000000000004e-01  5.156742978765906e+05  8.075992301758448e+03  7.985755250779614e+04  -1.554525596975799e+05  -5.052808798497232e+02  -8.161720321463337e+02  2.866462994413820e-02  -7.269869243111076e-03  1.344178786115727e-04
  5.850000000000004e-01  5.372545921988834e+05  8.303761221988059e+03  8.182376244142870e+04  -1.621150223640157e+05  -5.684642967053411e+02  -5.817844076675366e+02  2.977254221361383e-02  -7.666638343524268e-03  1.636551027453002e-04
  5.900000000000004e-01  5.599635118558503e+05  8.846773199192205e+03  8.396013867432986e+04  -1.690328958184948e+05  -6.820776123792236e+02  -2.243841811151902e+02  3.095015177673902e-02  -8.074190294572977e-03  1.869177295992974e-04
  5.950000000000004e-01  5.837875120855790e+05  9.660733040942336e+03  8.631512355155245e+04  -1.761717953300175e+05  -8.373765377345843e+02  2.157165202225129e+02  3.219213081412649e-02  -8.500312729316286e-03  2.083221270921925e-04
  6.000000000000004e-01  6.089470685193820e+05  1.079211004034840e+04  8.896002053016239e+04  -1.835002832536994e+05  -1.037974815668234e+03  6.636010099168864e+02  3.350627785665568e-02  -8.941656172991322e-03  2.223206820350859e-04
  6.050000000000004e-01  6.358786979677906e+05  1.199843516557549e+04  9.193807674355409e+04  -1.913221484936015e+05  -1.085900112605403e+03  1.112283832125748e+03  3.490041913193553e-02  -9.409905863101619e-03  2.489969016524733e-04
  6.100000000000004e-01  6.643697502756683e+05  1.367197886386586e+04  9.527501200656795e+04  -1.991017822358411e+05  -1.287740816130054e+03  1.412545104165872e+03  3.638585853747467e-02  -9.872649893498873e-03  2.480021088477510e-04
  6.150000000000004e-01  6.948958541830638e+05  1.561714645515633e+04  9.900074410923193e+04  -2.070852985471449e+05  -1.429003923802692e+03  1.541716532711485e+03  3.797482320342374e-02  -1.033705454557631e-02  2.431556006842904e-04
  6.200000000000004e-01  7.273376342543996e+05  1.766962149908015e+04  1.029710804116627e+05  -2.153081213505913e+05  -1.469264021554527e+03  1.528292873065624e+03  3.965853208514885e-02  -1.079856533011730e-02  2.420160377358715e-04
  6.250000000000004e-01  7.597502518835276e+05  1.846091711333044e+04  1.063702057321306e+05  -2.241164238498152e+05  -1.304147002383182e+03  1.662875862451156e+03  4.131093027502716e-02  -1.128989030654235e-02  2.672769504604299e-04
  6.300000000000004e-01  7.939909372489451e+05  1.972893034769738e+04  1.100453116140741e+05  -2.327693685529443e+05  -1.165301155835223e+03  1.494356023507963e+03  4.306007857952913e-02  -1.173630912989691e-02  2.784278839991373e-04
  6.350000000000005e-01  8.284453599198007e+05  2.049896497825395e+04  1.134240058040135e+05  -2.415594056745293e+05  -9.983259577972956e+02  1.340796172877954e+03  4.480655407396634e-02  -1.216432847769788e-02  2.950366525534200e-04
  6.400000000000005e-01  8.628158269235713e+05  2.077404026788523e+04  1.164843933715962e+05  -2.503929707811459e+05  -8.625088615039633e+02  1.247754095892973e+03  4.653722749512793e-02  -1.257391784627317e-02  3.133221938692603e-04
  6.450000000000005e-01  8.962812539390534e+05  1.909415818975435e+04  1.186634713242770e+05  -2.600116871113051e+05  -6.039206630427855e+02  1.244733685719927e+03  4.816475335929672e-02  -1.305508448452704e-02  3.337554216283092e-04
  6.500000000000005e-01  9.312673703579990e+05  1.873014871482385e+04  1.214445415613133e+05  -2.691430883247451e+05  -6.143365898735358e+02  1.259253362578272e+03  4.990708956267809e-02  -1.346870108193679e-02  3.406004771908071e-04
  6.550000000000005e-01  9.671314652310499e+05  1.847651799493147e+04  1.243592812618559e+05  -2.784400277669851e+05  -7.198621533278405e+02  1.346788751333764e+03  5.169984895489391e-02  -1.390463545476571e-02  3.383013013590402e-04
  6.600000000000005e-01  1.004197333742009e+06  1.713508817068252e+04  1.270785218211083e+05  -2.893636837022594e+05  -7.580006776592923e+02  1.499870228507695e+03  5.349418291949876e-02  -1.448247349608132e-02  3.251555347557739e-04
  6.650000000000005e-01  1.043804690712043e+06  1.804571568802933e+04  1.308616814618693e+05  -2.997277938351534e+05  -1.024917872156289e+03  1.678450874020150e+03  5.549988432175067e-02  -1.502838075133980e-02  2.935975261394441e-04
  6.700000000000005e-01  1.086107413124708e+06  1.986993672935089e+04  1.353015760548069e+05  -3.108237830472555e+05  -1.248759715066511e+03  1.791571827074990e+03  5.765989506913109e-02  -1.565752106644377e-02  2.457957732211365e-04
  6.750000000000005e-01  1.131624055951915e+06  2.270579505872212e+04  1.405432342074528e+05  -3.228563788699703e+05  -1.348631233058314e+03  1.800045997060874e+03  5.999745901673770e-02  -1.638414971024426e-02  1.884979779514592e-04
  6.800000000000005e-01  1.180592354086707e+06  2.625815735191245e+04  1.467828239526117e+05  -3.374105265661185e+05  -1.672234636836578e+03  2.037403097795516e+03  6.246419618249971e-02  -1.727289492490462e-02  1.245423533351737e-04
  6.850000000000005e-01  1.233612454302269e+06  3.169789535218089e+04  1.540947493399228e+05  -3.515857714974548e+05  -1.601540398035620e+03  1.959341021714204e+03  6.521666596125475e-02  -1.818323217305023e-02  6.826989913723107e-05
  6.900000000000005e-01  1.290801618386058e+06  3.815075648895171e+04  1.624028870489963e+05  -3.668166523159049e+05  -1.366515643302076e+03  1.805849029246763e+03  6.819270121102237e-02  -1.918089266125373e-02  2.606005273263887e-05
  6.950000000000005e-01  1.352240982059822e+06  4.550178525318891e+04  1.716694348997887e+05  -3.830206910213393e+05  -1.022683133552503e+03  1.584161994051637e+03  7.139496742291064e-02  -2.024997890685258e-02  -6.463538821669453e-08
  7.000000000000005e-01  1.415696137676382e+06  5.334833112923953e+04  1.814916262139210e+05  -4.012505198876351e+05  -1.322223759457195e+03  1.846743640947799e+03  7.465368465290320e-02  -2.138459305486091e-02  -3.437176502163425e-05
  7.050000000000005e-01  1.483975187748348e+06  6.148639231500585e+04  1.918881565705131e+05  -4.189302807427334e+05  -9.182978108138516e+02  1.505409381368905e+03  7.820532612545841e-02  -2.252849706841509e-02  -2.864913667918832e-05
  7.100000000000005e-01  1.554923156081735e+06  6.934822651078914e+04  2.024040816536401e+05  -4.371824815245913e+05  -5.344566010633845e+02  1.147200539559339e+03  8.188077410081475e-02  -2.367959863346704e-02  -1.405763677783688e-06
  7.150000000000005e-01  1.627547284824862e+06  7.648654506577796e+04  2.126687412718990e+05  -4.558714631031315e+05  -2.315343628355627e+02  8.411979077497904e+02  8.561867901368637e-02  -2.480959884487378e-02  4.643305838809873e-05
  7.200000000000005e-01  1.697633738471724e+06  8.126747666230072e+04  2.215398384346386e+05  -4.758668710262584e+05  -4.797548874547392e+02  8.503666169572123e+02  8.913225084857536e-02  -2.595041114949672e-02  6.478306508354414e-05
  7.250000000000005e-01  1.771198846927668e+06  8.558975746790544e+04  2.304308601071723e+05  -4.951702934803176e+05  -3.351610201748103e+02  6.560765447513634e+02  9.285130086677469e-02  -2.701378486530298e-02  1.354478982172707e-04
  7.300000000000005e-01  1.844865879388082e+06  8.859594889236359e+04  2.386394275807846e+05  -5.148326052608389e+05  -3.800509553910588e+02  6.550167733191302e+02  9.654050952479572e-02  -2.803271604061065e-02  2.107481836028883e-04
  7.350000000000005e-01  1.917379366259707e+06  8.907501701091354e+04  2.455223383681102e+05  -5.361612473423550e+05  -5.916898555085010e+02  6.765166614382571e+02  1.000867478017349e-01  -2.917655690831840e-02  2.336678813430406e-04
  7.400000000000005e-01  1.993561832935564e+06  9.037715921132488e+04  2.529741074254400e+05  -5.572779860922595e+05  -8.086549336124980e+02  9.641415516473591e+02  1.038694025314271e-01  -3.021933525907448e-02  2.971338123525274e-04
  7.450000000000006e-01  2.072563738058289e+06  9.195145322267535e+04  2.606804184110187e+05  -5.797075800028051e+05  -1.144799091174306e+03  1.425622050263352e+03  1.078006712883165e-01  -3.132879446966190e-02  3.429391961957669e-04
  7.500000000000006e-01  2.156063927807510e+06  9.464074346373598e+04  2.691929081439083e+05  -6.040176136285148e+05  -1.529832987352435e+03  1.974116852967778e+03  1.119882784709374e-01  -3.257014974864335e-02  3.628441278947410e-04
  7.550000000000006e-01  2.247583058362267e+06  9.943728461205946e+04  2.793722515273703e+05  -6.319109653198901e+05  -1.663792236600007e+03  2.340311880238448e+03  1.166097766119090e-01  -3.423488175506577e-02  3.462518842834361e-04
  7.600000000000006e-01  2.346812134555851e+06  1.080125063340568e+05  2.918723932423739e+05  -6.617337485089264e+05  -1.976387124864602e+03  3.010639531410651e+03  1.217477885451191e-01  -3.594111245845465e-02  3.250275578668960e-04
  7.650000000000006e-01  2.456338963387878e+06  1.205314981943438e+05  3.071134331757687e+05  -6.952850352073601e+05  -2.174283579883010e+03  3.660182116641082e+03  1.275192584224227e-01  -3.797325162052727e-02  2.815396113747006e-04
  7.700000000000006e-01  2.577485147526507e+06  1.374393302363786e+05  3.254901304817565e+05  -7.331005183558026e+05  -2.203380195048866e+03  4.261884800801535e+03  1.340086536136784e-01  -4.038513169208038e-02  2.200970938182266e-04
  7.750000000000006e-01  2.713410935006810e+06  1.620646336188051e+05  3.486572377609444e+05  -7.749859183567262e+05  -2.232455981314469e+03  4.994922349037546e+03  1.413741564485911e-01  -4.327640622312312e-02  1.859625972637751e-04
  7.800000000000006e-01  2.859462516251923e+06  1.889265000195479e+05  3.741164197476911e+05  -8.214176314842264e+05  -2.004044368598154e+03  5.448208193414302e+03  1.494055042624957e-01  -4.644216212842600e-02  1.057082052983944e-04
  7.850000000000006e-01  3.017293723969418e+06  2.195693598713788e+05  4.026593301702818e+05  -8.724798249405471e+05  -1.569357826973241e+03  5.711419475389533e+03  1.581527036318304e-01  -5.001278461366581e-02  1.529558394944642e-05
  7.900000000000006e-01  3.185662076237225e+06  2.531104348131843e+05  4.336947264755557e+05  -9.278937185500291e+05  -9.367494586140139e+02  5.810297909543569e+03  1.675279448652872e-01  -5.395011826565319e-02  -8.180656949527285e-05
  7.950000000000006e-01  3.364966644874155e+06  2.933608764740315e+05  4.679948198450074e+05  -9.833689557549389e+05  -7.772950450251610e+02  5.887059496184344e+03  1.775532482336447e-01  -5.787660204346271e-02  -1.218714789460350e-04
  8.000000000000006e-01  3.548829445773493e+06  3.292319006414588e+05  5.014325973180170e+05  -1.044754589675841e+06  1.021378424125483e+02  5.552193996446564e+03  1.878090809157194e-01  -6.222094226050608e-02  -2.173969786468223e-04
  8.050000000000006e-01  3.736923840913620e+06  3.637488782241619e+05  5.344765688297414e+05  -1.108500106394528e+06  1.144967435258091e+03  5.126921925899297e+03  1.982560969167948e-01  -6.669080779139294e-02  -3.019833609064445e-04
  8.100000000000006e-01  3.929047691923152e+06  4.000761318400539e+05  5.675660198541923e+05  -1.168256131112271e+06  1.526758104432627e+03  4.372551259771030e+03  2.089520752521261e-01  -7.063207647712613e-02  -3.270570575352283e-04
  8.150000000000006e-01  4.118176907910432e+06  4.272476200154627e+05  5.967556465585248e+05  -1.233544203010452e+06  2.738538040583130e+03  3.728340189526128e+03  2.193272039207230e-01  -7.498491648237077e-02  -3.841870449893847e-04
  8.200000000000006e-01  4.303960061177012e+06  4.486083066157531e+05  6.225398624544902e+05  -1.298694257706061e+06  3.976427216934187e+03  3.111975718502379e+03  2.294004484151196e-01  -7.918061045022375e-02  -4.256414044249984e-04
  8.250000000000006e-01  4.484157947162872e+06  4.629496142081378e+05  6.441058689054018e+05  -1.362920666393043e+06  5.153976121899002e+03  2.559244712322586e+03  2.390315487551736e-01  -8.312395572469772e-02  -4.499263529793235e-04
  8.300000000000006e-01  4.661055960196698e+06  4.723808265222506e+05  6.619623573584583e+05  -1.419569585941453e+06  5.877344452504371e+03  1.335753999409630e+03  2.485435273706283e-01  -8.599674832959954e-02  -4.526777384342998e-04
  8.350000000000006e-01  4.825584748935874e+06  4.694902097200115e+05  6.730996050706805e+05  -1.480410554925040e+06  6.894739221541226e+03  9.727599433307316e+02  2.570784942245180e-01  -8.920118324635971e-02  -4.469300405442158e-04
  8.400000000000006e-01  4.980692206220875e+06  4.576891853764319e+05  6.785396515454148e+05  -1.539141885822120e+06  7.621004171243468e+03  7.923680634955188e+02  2.649608466576401e-01  -9.199619453787651e-02  -4.130221015480144e-04
  8.450000000000006e-01  5.126486045288158e+06  4.371940928044661e+05  6.781835530924510e+05  -1.595614921979130e+06  7.979485392783595e+03  7.584015450781716e+02  2.721895796192255e-01  -9.437308173358136e-02  -3.531693980390774e-04
  8.500000000000006e-01  5.269134839092070e+06  4.100721003361119e+05  6.733299054347632e+05  -1.645241983131539e+06  8.634948512695619e+03  -4.479328109451837e+01  2.793990271509234e-01  -9.561590831553532e-02  -3.504774507399002e-04
  8.550000000000006e-01  5.397981237824885e+06  3.730247073616687e+05  6.616350884463034e+05  -1.698389888440909e+06  8.589582991202449e+03  1.784295632570813e+02  2.854901528781943e-01  -9.720356298350123e-02  -2.716279701903354e-04
  8.600000000000007e-01  5.519618551140472e+06  3.289850398595936e+05  6.448360481543494e+05  -1.750399261740920e+06  8.298246268579966e+03  4.415197615200281e+02  2.910979896615123e-01  -9.842605817499230e-02  -1.813874506740183e-04
  8.650000000000007e-01  5.635394027175122e+06  2.789767599744421e+05  6.236043208842032e+05  -1.801862865202039e+06  7.808573674783924e+03  7.145911088181842e+02  2.963100882671644e-01  -9.932911974314695e-02  -8.774139639367414e-05
  8.700000000000007e-01  5.752282873800779e+06  2.257147970017194e+05  6.002409375309889e+05  -1.850693819545231e+06  8.361447976962132e+03  5.125532227384888e+02  3.017685210584442e-01  -9.953048100073503e-02  -9.701588602414405e-05
  8.750000000000007e-01  5.860745507660149e+06  1.672440471323299e+05  5.722082710532997e+05  -1.903763778080208e+06  7.734963313408489e+03  8.657504508987321e+02  3.064389077489849e-01  -1.000817376324913e-01  -3.260543872625059e-05
  8.800000000000007e-01  5.967845226063150e+06  1.065445769438857e+05  5.417552215055997e+05  -1.958492319455597e+06  7.039142268726509e+03  1.215777898156280e+03  3.109801852802209e-01  -1.005392847271045e-01  3.310908193692127e-06
  8.850000000000007e-01  6.075078510081122e+06  4.510806166868372e+04  5.095917193730801e+05  -2.015531171085296e+06  6.270298818652258e+03  1.506737980134790e+03  3.154609756816731e-01  -1.010083315985701e-01  1.068189975575221e-05
  8.900000000000007e-01  6.186952441316730e+06  -1.360007334253960e+04  4.780818052201997e+05  -2.074783858060181e+06  6.722817554998077e+03  1.468272890542872e+03  3.203331288966917e-01  -1.015118476787600e-01  -6.670814464141312e-05
  8.950000000000007e-01  6.297717674279094e+06  -7.158731651804999e+04  4.448172577344135e+05  -2.138549989723099e+06  5.677553422035996e+03  1.321508688913731e+03  3.247954921406229e-01  -1.024516501909841e-01  -1.016848041889037e-04
  9.000000000000007e-01  6.411863706279933e+06  -1.257303078237125e+05  4.119874719390931e+05  -2.206091941353556e+06  4.496546585941157e+03  7.540762448506135e+02  3.293207965173544e-01  -1.037398365535027e-01  -1.675819888603102e-04
  9.050000000000007e-01  6.530488450808418e+06  -1.733682673393106e+05  3.813166504604935e+05  -2.278432063717077e+06  4.560814469847033e+03  -3.056303598253986e+02  3.342014874747415e-01  -1.055478512114549e-01  -2.885824166215029e-04
  9.100000000000007e-01  6.651509326131917e+06  -2.171323906765995e+05  3.505099618274143e+05  -2.355332422176607e+06  3.229105626816436e+03  -2.071180747156144e+03  3.388750100652942e-01  -1.078286706025379e-01  -4.173578571404337e-04
  9.150000000000007e-01  6.775910126010504e+06  -2.547102314228737e+05  3.210557892459586e+05  -2.437284578130954e+06  1.984574026088224e+03  -4.494139691656346e+03  3.436715243137773e-01  -1.106547492698542e-01  -5.917487642437981e-04
  9.200000000000007e-01  6.902963045653494e+06  -2.856040739097174e+05  2.930261994914521e+05  -2.524536690547602e+06  8.822444619344158e+02  -7.476213893104842e+03  3.485897657296008e-01  -1.140812360033751e-01  -8.138002303309376e-04
  9.250000000000007e-01  7.029996514476868e+06  -3.082424687486663e+05  2.668442086430800e+05  -2.618734818000943e+06  8.348154086366526e+02  -1.081874605947659e+04  3.535914083548559e-01  -1.184036253659452e-01  -1.061439023881722e-03
  9.300000000000007e-01  7.158901642427603e+06  -3.248584019865199e+05  2.412838769764384e+05  -2.716963158743060e+06  2.123353139350648e+01  -1.466201334886305e+04  3.585328660584781e-01  -1.231759513934115e-01  -1.368018807923178e-03
  9.350000000000007e-01  7.287030823766652e+06  -3.338328637165183e+05  2.168365669081436e+05  -2.820206269090493e+06  -4.350557907252565e+02  -1.869708411878005e+04  3.634232005950495e-01  -1.286291305932458e-01  -1.710479860018891e-03
  9.400000000000007e-01  7.412842779027948e+06  -3.350100338194814e+05  1.931451265599866e+05  -2.928030493455383e+06  -5.307514819977332e+02  -2.279596183990177e+04  3.681729542143775e-01  -1.347568941626949e-01  -2.075965230952548e-03
  9.450000000000007e-01  7.531986394348825e+06  -3.283390231807838e+05  1.693229790371947e+05  -3.042308173638628e+06  -3.681092125128439e+02  -2.684956910481968e+04  3.724755112227660e-01  -1.418483987241189e-01  -2.378650140646808e-03
  9.500000000000007e-01  7.648971256443082e+06  -3.139958649321491e+05  1.459233842046475e+05  -3.157836072874451e+06  -1.767042766882347e+02  -3.075176248512288e+04  3.765644980408178e-01  -1.492906884085094e-01  -2.716934234477562e-03
  9.550000000000007e-01  7.760017289993468e+06  -2.915702308833367e+05  1.224035327344979e+05  -3.276036800272176e+06  1.852443044775010e+02  -3.428229131587561e+04  3.802083879466712e-01  -1.573347743330690e-01  -3.018147574733997e-03
  9.600000000000007e-01  7.864511611157729e+06  -2.606886375951786e+05  9.871801249120102e+04  -3.396101253770362e+06  7.069969682850833e+02  -3.737904893478187e+04  3.833003820561933e-01  -1.659703154314111e-01  -3.272044088403171e-03
  9.650000000000007e-01  7.958631858858671e+06  -2.222639671120286e+05  7.401726999592182e+04  -3.520352214761240e+06  5.586532430207985e+02  -4.037883011098982e+04  3.854531851727415e-01  -1.755457479226770e-01  -3.400767151961835e-03
  9.700000000000008e-01  8.048752234373662e+06  -1.735530412351645e+05  5.031025723394024e+04  -3.641869916305603e+06  1.229920836262109e+03  -4.282692117884613e+04  3.871209746215581e-01  -1.853454626279384e-01  -3.557109389683539e-03
  9.750000000000008e-01  8.131280642213672e+06  -1.160752101893167e+05  2.674369756018520e+04  -3.763072140640030e+06  2.246830516343527e+03  -4.505261806371463e+04  3.880254596726262e-01  -1.956202317644630e-01  -3.681638987835630e-03
  9.800000000000008e-01  8.201605330109372e+06  -5.311826802881668e+04  2.085249617739414e+03  -3.887299321474832e+06  2.234951255590245e+03  -4.729304578450644e+04  3.879157618171272e-01  -2.066472055218628e-01  -3.711240531156036e-03
  9.850000000000008e-01  8.266723136591612e+06  1.905883961550859e+04  -2.151737183626075e+04  -4.007459095457443e+06  4.039722507579047e+03  -4.899759316298184e+04  3.873556125572721e-01  -2.175943439185172e-01  -3.800721893330547e-03
  9.900000000000008e-01  8.322342272934575e+06  9.735662816848149e+04  -4.525646398516867e+04  -4.126991993184101e+06  6.408992408798395e+03  -5.033099840034769e+04  3.862062551549768e-01  -2.287082617582711e-01  -3.879400878222331e-03
  9.950000000000008e-01  8.367988195641872e+06  1.812658991887393e+05  -6.921678370366093e+04  -4.245892077976426e+06  9.258619405240042e+03  -5.114697998606855e+04  3.845665724920214e-01  -2.399219971997182e-01  -3.945576653031801e-03
  1.000000000000001e+00  8.403031724957833e+06  2.701811462719688e+05  -9.353165342451456e+04  -4.364478910720505e+06  1.232900797372468e+04  -5.144446056710721e+04  3.824672021099902e-01  -2.512323032374896e-01  -3.984511436153813e-03
  1.005000000000001e+00  8.425375454815531e+06  3.612873889257689e+05  -1.190226647769725e+05  -4.485299664131712e+06  1.391781611318890e+04  -5.141908589971980e+04  3.795104355979959e-01  -2.629418786433902e-01  -3.945879673818434e-03
  1.010000000000000e+00  8.442182624178244e+06  4.615953480228973e+05  -1.426742175967314e+05  -4.601120569507868e+06  1.756596430355042e+04  -5.070821874328117e+04  3.767189335842461e-01  -2.742004497359871e-01  -3.939331182611500e-03
  1.015000000000000e+00  8.450416642533148e+06  5.674498087332251e+05  -1.656375306092664e+05  -4.715178854834573e+06  2.126151691917189e+04  -4.980481088105871e+04  3.736522302484503e-01  -2.853794245066231e-01  -3.873949975565397e-03
  1.020000000000000e+00  8.448043834905932e+06  6.738199949301435e+05  -1.893496747114789e+05  -4.830507428062077e+06  2.297561219578430e+04  -4.873395542092626e+04  3.696688872278811e-01  -2.968233956774855e-01  -3.697377345293369e-03
  1.025000000000000e+00  8.442199550018853e+06  7.904171939514480e+05  -2.100695629687860e+05  -4.939081064952011e+06  2.650245889979819e+04  -4.758697137238596e+04  3.660153456211478e-01  -3.076998677577015e-01  -3.505090707523036e-03
  1.030000000000000e+00  8.431133645490313e+06  9.119772297613609e+05  -2.293265153259353e+05  -5.043679478570563e+06  2.980542898429620e+04  -4.644350714135364e+04  3.620594542747850e-01  -3.183220507614090e-01  -3.243051676685615e-03
  1.035000000000000e+00  8.415366904524252e+06  1.037428911973506e+06  -2.471269898351083e+05  -5.143881699043420e+06  3.283676634864047e+04  -4.518920595513236e+04  3.578342429434697e-01  -3.285879089820902e-01  -2.917394559758878e-03
  1.040000000000000e+00  8.392539204785911e+06  1.159999801174335e+06  -2.651882833232622e+05  -5.242885981444499e+06  3.438233050679014e+04  -4.321901254116849e+04  3.527375420993347e-01  -3.388327034063404e-01  -2.584137320403731e-03
  1.045000000000000e+00  8.369474665680445e+06  1.291696676820897e+06  -2.791434090531465e+05  -5.332362749593098e+06  3.695090682774516e+04  -4.142327362337555e+04  3.480261888462844e-01  -3.482435525786152e-01  -2.182030743101368e-03
  1.050000000000000e+00  8.344470487391535e+06  1.426152932355804e+06  -2.905062011757345e+05  -5.415278332436170e+06  3.902941779680172e+04  -3.943880604105331e+04  3.430239995287174e-01  -3.571700786748084e-01  -1.741439405985902e-03
  1.054999999999999e+00  8.318647841600912e+06  1.562531383699146e+06  -2.991883945851272e+05  -5.491010764183565e+06  4.063576800257239e+04  -3.740856400354266e+04  3.376924310322818e-01  -3.655485482757025e-01  -1.274371371475053e-03
  1.059999999999999e+00  8.289116532509375e+06  1.692906549179130e+06  -3.082466286461462e+05  -5.562864715644646e+06  4.143042910612117e+04  -3.490693115051854e+04  3.315678579436112e-01  -3.737602557136257e-01  -8.551034927971614e-04
  1.064999999999999e+00  8.262687254328941e+06  1.828602469867429e+06  -3.127353192227856e+05  -5.623756229566922e+06  4.252716544700408e+04  -3.311042483295990e+04  3.256950628718179e-01  -3.807983239693183e-01  -3.741999402996335e-04
  1.069999999999999e+00  8.236421112813413e+06  1.961918981158132e+06  -3.155189883361008e+05  -5.677597758022126e+06  4.340304558981858e+04  -3.151984245204836e+04  3.196238050337233e-01  -3.870465661896657e-01  8.531619975521158e-05
  1.074999999999999e+00  8.210177989371086e+06  2.092219845508532e+06  -3.169088328451485e+05  -5.724813634447758e+06  4.410860805422750e+04  -3.003682449060887e+04  3.134681725245300e-01  -3.925038085446055e-01  5.027835112440483e-04
  1.079999999999999e+00  8.179306470378316e+06  2.213853040244328e+06  -3.204176188842288e+05  -5.768662911045193e+06  4.467551199088227e+04  -2.793370321742434e+04  3.069811660081916e-01  -3.977797286296053e-01  8.587441148772501e-04
  1.084999999999999e+00  8.152396177448137e+06  2.339053394540315e+06  -3.196537341825658e+05  -5.803629804006186e+06  4.515845042103887e+04  -2.616007350252546e+04  3.009978092989173e-01  -4.018080268261038e-01  1.170539254021830e-03
  1.089999999999999e+00  8.124822662888699e+06  2.462810171336424e+06  -3.178680344552223e+05  -5.833252271513016e+06  4.538037288767407e+04  -2.393580517096189e+04  2.952470277454921e-01  -4.052586642715988e-01  1.420123291695074e-03
  1.094999999999999e+00  8.092972884944286e+06  2.581370400161021e+06  -3.180087167393240e+05  -5.859732547219972e+06  4.568668236753585e+04  -2.116520290192202e+04  2.893527119103893e-01  -4.087090209516732e-01  1.648573206685205e-03
  1.099999999999999e+00  8.063908357368000e+06  2.704817326356999e+06  -3.143062106751553e+05  -5.879279407659722e+06  4.541001371077323e+04  -1.833547864540203e+04  2.842091029737323e-01  -4.111784435179747e-01  1.803547450146465e-03
  1.104999999999998e+00  8.033191107261933e+06  2.827713095455457e+06  -3.100949230404255e+05  -5.894763673797439e+06  4.491443733052463e+04  -1.527233252948255e+04  2.794672625672879e-01  -4.132064692451902e-01  1.909473153978631e-03
  1.109999999999998e+00  8.000022135682375e+06  2.949136588959908e+06  -3.056134711385139e+05  -5.906826826051186e+06  4.435580824685155e+04  -1.197453263753729e+04  2.751699067638294e-01  -4.147619926997771e-01  1.965634128105557e-03
  1.114999999999998e+00  7.963322673487135e+06  3.065984565996202e+06  -3.026733023296816e+05  -5.915710292677335e+06  4.457479982701982e+04  -8.429741816667096e+03  2.708156791470341e-01  -4.160977338932629e-01  1.995256277283862e-03
  1.119999999999998e+00  7.925947248952597e+06  3.183873715900605e+06  -2.971474670178262e+05  -5.920432356008647e+06  4.399978827047371e+04  -4.873185116334273e+03  2.672847949606564e-01  -4.166400507476026e-01  1.980982652073505e-03
  1.124999999999998e+00  7.887424905468210e+06  3.299851967851328e+06  -2.907847598054620e+05  -5.920823461437153e+06  4.324552232404178e+04  -1.470043154826287e+03  2.639122507218250e-01  -4.167748890862011e-01  1.962940580061183e-03
  1.129999999999998e+00  7.848944125967180e+06  3.413461584241014e+06  -2.836915878896124e+05  -5.916080741654175e+06  4.232387144135106e+04  1.462110082427308e+03  2.605019607432774e-01  -4.164998992247821e-01  1.943212037560093e-03
  1.134999999999998e+00  7.811901675057020e+06  3.522550608334318e+06  -2.776463881273294e+05  -5.903888033082344e+06  4.207076231373149e+04  3.875168299861246e+03  2.567811826875618e-01  -4.157110151006742e-01  1.896936443515509e-03
  1.139999999999998e+00  7.776539981138107e+06  3.628111913446620e+06  -2.698301674045538e+05  -5.886644103617905e+06  4.112974426569999e+04  5.186000818327072e+03  2.529666520491837e-01  -4.143571312409151e-01  1.851761377443500e-03
  1.144999999999998e+00  7.743795723881355e+06  3.727163114038934e+06  -2.622476084695429e+05  -5.863012893645159e+06  4.044907717000324e+04  5.490971488575994e+03  2.487039315561113e-01  -4.123934325954533e-01  1.790629480057868e-03
  1.149999999999997e+00  7.713927755413844e+06  3.818606435260495e+06  -2.551336832872675e+05  -5.833070420852210e+06  4.009049131774405e+04  4.903613185060563e+03  2.439603540278776e-01  -4.097759883181768e-01  1.718344657583444e-03
  1.154999999999997e+00  7.686709448393648e+06  3.904111729709109e+06  -2.486791572053225e+05  -5.793954078911817e+06  4.037099316562118e+04  4.105175839738063e+03  2.392508711049483e-01  -4.063417905019917e-01  1.623661010927925e-03
  1.159999999999997e+00  7.662404203940856e+06  3.980890946740947e+06  -2.422133551147498e+05  -5.751803418408285e+06  4.036413560201831e+04  2.386973950251393e+03  2.338074863441232e-01  -4.024617264830518e-01  1.547983447225923e-03
  1.164999999999997e+00  7.640592652050371e+06  4.051280759638183e+06  -2.359738859296808e+05  -5.704520603656543e+06  4.021888476701396e+04  4.674931389198181e+02  2.280857189656921e-01  -3.981106661406119e-01  1.491096763498317e-03
  1.169999999999997e+00  7.620932509450546e+06  4.120431983722260e+06  -2.284767073386358e+05  -5.649303838486721e+06  4.026456627293654e+04  -1.114346647114475e+03  2.229604634148037e-01  -3.931257397095934e-01  1.430436308285911e-03
  1.174999999999997e+00  7.601927608786284e+06  4.181846245342559e+06  -2.212705041104014e+05  -5.594641098816334e+06  3.933368320397975e+04  -2.669462930835380e+03  2.173130810288633e-01  -3.880642468156018e-01  1.430090408964582e-03
  1.179999999999997e+00  7.582606372525000e+06  4.240565620140770e+06  -2.132504014400963e+05  -5.538160312095966e+06  3.769534142683064e+04  -3.603847604291923e+03  2.119969465706030e-01  -3.828589411952896e-01  1.456799600333296e-03
  1.184999999999997e+00  7.562316597266546e+06  4.298275065026410e+06  -2.039447124820936e+05  -5.480726488219531e+06  3.530919424164832e+04  -3.711331470357831e+03  2.072053790940920e-01  -3.776465085013652e-01  1.496925209592692e-03
  1.189999999999997e+00  7.544490893697278e+06  4.361625371222479e+06  -1.906910096766418e+05  -5.418750603104721e+06  3.337307096546747e+04  -3.070045266110629e+03  2.035864088404447e-01  -3.720602647675726e-01  1.501554250666104e-03
  1.194999999999997e+00  7.523507516163193e+06  4.421417602528304e+06  -1.772496277385768e+05  -5.361075904478908e+06  2.978925599570854e+04  -1.716053564866287e+03  2.000710815736894e-01  -3.670690536801052e-01  1.552596591686658e-03
  1.199999999999996e+00  7.503076978705801e+06  4.482983902545171e+06  -1.616933021512700e+05  -5.303483003670410e+06  2.586909866565619e+04  -9.741983324270096e+01  1.971931435976643e-01  -3.622801306377414e-01  1.586002940728219e-03
  1.204999999999996e+00  7.483780222272563e+06  4.544757161368201e+06  -1.447066029617997e+05  -5.246311340170469e+06  2.199402539046962e+04  1.486097059493738e+03  1.948948660885108e-01  -3.575674987242330e-01  1.579801265085576e-03
  1.209999999999996e+00  7.470449198084881e+06  4.608669989547453e+06  -1.249027912240068e+05  -5.186511774374311e+06  1.972623788673945e+04  3.117306130598239e+03  1.934751014308715e-01  -3.521166797755451e-01  1.530809747338512e-03
  1.214999999999996e+00  7.454788859769874e+06  4.663958518469478e+06  -1.071804056945961e+05  -5.131132005244040e+06  1.675168450322483e+04  4.252808867657553e+03  1.920740403927250e-01  -3.470580581530929e-01  1.451919616449426e-03
  1.219999999999996e+00  7.442163439323013e+06  4.713586641191436e+06  -8.952547404267083e+04  -5.076193919278587e+06  1.437173534387801e+04  4.845591139649150e+03  1.909056825917110e-01  -3.416507452336740e-01  1.367447027527883e-03
  1.224999999999996e+00  7.434076954047377e+06  4.757398181065829e+06  -7.144428897800000e+04  -5.020938677431107e+06  1.248986529205612e+04  4.741223768995020e+03  1.897675641746989e-01  -3.358764801155880e-01  1.325571788985206e-03
  1.229999999999996e+00  7.434349325076636e+06  4.800321085577393e+06  -5.047741615318182e+04  -4.961833760715330e+06  1.202828399729140e+04  4.614748138092403e+03  1.889514833886141e-01  -3.293268516306515e-01  1.348309792733767e-03
  1.234999999999996e+00  7.437501427125460e+06  4.834129110011718e+06  -3.024842573377107e+04  -4.903942753998515e+06  1.074500852456384e+04  3.382574666568160e+03  1.874734569259488e-01  -3.230213857380976e-01  1.444900142174810e-03
  1.239999999999996e+00  7.446489342224992e+06  4.864236693169443e+06  -8.593530597912810e+03  -4.844055778232297e+06  9.655635432267314e+03  1.966666149468836e+03  1.857126469801451e-01  -3.165298395921027e-01  1.605732768070990e-03
  1.244999999999995e+00  7.461431804401605e+06  4.895335455173985e+06  1.585800887524206e+04  -4.780310873719795e+06  9.601758403416168e+03  1.212563754525283e+03  1.842418427307642e-01  -3.095968356389207e-01  1.796981095203504e-03
  1.249999999999995e+00  7.479074908439560e+06  4.920211408743931e+06  3.981409348038177e+04  -4.717090592048259e+06  8.628540430804822e+03  4.581242496176694e+02  1.820639613973662e-01  -3.029974290959239e-01  2.017566240368598e-03
  1.254999999999995e+00  7.499214239535481e+06  4.943436747496560e+06  6.444508345379687e+04  -4.652899510120011e+06  7.686660515881738e+03  6.415885503965040e+02  1.798226023181796e-01  -2.964069708365130e-01  2.222985412501546e-03
  1.259999999999995e+00  7.520081422536913e+06  4.965173748843882e+06  8.939503822209880e+04  -4.588633184781464e+06  6.742526029494821e+03  1.934926127054015e+03  1.776736974206455e-01  -2.898565683728309e-01  2.396726303587041e-03
  1.264999999999995e+00  7.541654624190580e+06  4.988552959185553e+06  1.161205698943736e+05  -4.523902687727900e+06  6.266560229121867e+03  3.782758291742050e+03  1.760968004736106e-01  -2.831510196744989e-01  2.584703132166651e-03
  1.269999999999995e+00  7.561391991997759e+06  5.007700126820192e+06  1.412652986248677e+05  -4.461820628622949e+06  4.904559769172170e+03  6.521561093228069e+03  1.743564536235826e-01  -2.767944644572656e-01  2.708736844192928e-03
  1.274999999999995e+00  7.579644817875615e+06  5.025230065189666e+06  1.661081798997163e+05  -4.401741113394650e+06  3.330858761979367e+03  9.547443113650945e+03  1.729609536760284e-01  -2.705037084092963e-01  2.799797379941886e-03
  1.279999999999995e+00  7.595929318732812e+06  5.040389899259892e+06  1.903840905129134e+05  -4.344336436868256e+06  1.589397720679356e+03  1.253773480005573e+04  1.719748571398831e-01  -2.642308016261156e-01  2.858194042022112e-03
  1.284999999999995e+00  7.611834891125296e+06  5.055120446399781e+06  2.159381116972310e+05  -4.289556367196374e+06  2.546042293641237e+01  1.484222378382932e+04  1.714655002707093e-01  -2.578039370600176e-01  2.959410652431382e-03
  1.289999999999994e+00  7.624296298837528e+06  5.065344914228640e+06  2.397121052931738e+05  -4.238462739886289e+06  -2.007292004311806e+03  1.717686167277129e+04  1.712426408017816e-01  -2.515880394734982e-01  2.966016873341858e-03
  1.294999999999994e+00  7.635399314547095e+06  5.074205840438250e+06  2.639977864493816e+05  -4.190004497681585e+06  -4.123554804195485e+03  1.898841987336341e+04  1.713772491833070e-01  -2.454577801097497e-01  2.955901144131575e-03
  1.299999999999994e+00  7.645785761983184e+06  5.082561739818285e+06  2.893232358907207e+05  -4.143607068143087e+06  -6.281018671228560e+03  2.026132167972530e+04  1.717799775477475e-01  -2.394659516865246e-01  2.929345156540591e-03
  1.304999999999994e+00  7.658211068457007e+06  5.091972554178999e+06  3.173043087492148e+05  -4.099052828777291e+06  -8.374010763033593e+03  2.089217163040353e+04  1.721575011110896e-01  -2.335182629151008e-01  2.916999639370306e-03
  1.309999999999994e+00  7.669087761466429e+06  5.100033941454520e+06  3.452087080547076e+05  -4.055072404780962e+06  -1.049422721238198e+04  2.120788042100419e+04  1.727525439892770e-01  -2.278720522263696e-01  2.830994040089888e-03
  1.314999999999994e+00  7.680946572908306e+06  5.107599848243256e+06  3.743414745655751e+05  -4.011280044545997e+06  -1.246805811289230e+04  2.099441092590909e+04  1.733050999709870e-01  -2.223434426217668e-01  2.725617277895468e-03
  1.319999999999994e+00  7.694155989613149e+06  5.113843076781155e+06  4.043877315200386e+05  -3.967245017107972e+06  -1.427705290929089e+04  2.023120495419043e+04  1.737123508916103e-01  -2.168713454219727e-01  2.608955555408851e-03
  1.324999999999994e+00  7.709699884928145e+06  5.117648035237405e+06  4.354407254719023e+05  -3.923786667984795e+06  -1.628524162014409e+04  1.906336704112642e+04  1.737361720846148e-01  -2.114033197311015e-01  2.483587945133571e-03
  1.329999999999994e+00  7.726150471702563e+06  5.118887447785519e+06  4.662154288151759e+05  -3.878270738240415e+06  -1.797452045191935e+04  1.728513277008777e+04  1.736299269286642e-01  -2.059693834451465e-01  2.364618291128533e-03
  1.334999999999994e+00  7.744896030087857e+06  5.117210921124821e+06  4.971691299133898e+05  -3.831580981140919e+06  -1.958747970812945e+04  1.506700676473300e+04  1.731643099080937e-01  -2.005060117727285e-01  2.264215409132192e-03
  1.339999999999993e+00  7.764838668881672e+06  5.111492855126260e+06  5.281815219271062e+05  -3.785364231928729e+06  -2.163495668517711e+04  1.276945200198848e+04  1.723104378713017e-01  -1.950959931153446e-01  2.163852079535883e-03
  1.344999999999993e+00  7.787075114927962e+06  5.103718489757911e+06  5.591358795594082e+05  -3.736680651358308e+06  -2.310393861510695e+04  1.020623046793638e+04  1.711857192109561e-01  -1.896315164867239e-01  2.101612544326285e-03
  1.349999999999993e+00  7.811092070548314e+06  5.093800203643118e+06  5.904038324368638e+05  -3.687248511351604e+06  -2.442804520354911e+04  7.725289280223004e+03  1.697559477397321e-01  -1.842118075338618e-01  2.062114495012274e-03
  1.354999999999993e+00  7.836731502726951e+06  5.082558809859588e+06  6.220018423181225e+05  -3.637271820011290e+06  -2.564475875802797e+04  5.419529551308868e+03  1.680661020699026e-01  -1.789029604224062e-01  2.045449768023744e-03
  1.359999999999993e+00  7.861763787312597e+06  5.068834469472224e+06  6.530363091163416e+05  -3.588926230608639e+06  -2.756435202014109e+04  3.270252540101067e+03  1.662176002705030e-01  -1.738442428732377e-01  2.024487425974981e-03
  1.364999999999993e+00  7.889204490179055e+06  5.056198236262185e+06  6.842983555682347e+05  -3.539265465371325e+06  -2.863664358655234e+04  1.462430203626007e+03  1.642369021894469e-01  -1.688448828428829e-01  2.039894852248644e-03
  1.369999999999993e+00  7.916204058137433e+06  5.042870908501278e+06  7.146144542462598e+05  -3.490884663329375e+06  -2.951056953763855e+04  1.464454108402233e+02  1.622969608456716e-01  -1.639871544685871e-01  2.051830509867208e-03
  1.374999999999993e+00  7.941709131255320e+06  5.028947085920268e+06  7.436332216746389e+05  -3.444602288702617e+06  -3.012896438415221e+04  -5.278004372737944e+02  1.605433279672496e-01  -1.592716147091013e-01  2.043949578858967e-03
  1.379999999999993e+00  7.964491202650907e+06  5.013972687274604e+06  7.715110176196522e+05  -3.402637586185678e+06  -3.121345389071579e+04  -9.300917569911387e+02  1.589877144118390e-01  -1.548356163412625e-01  1.974719827690658e-03
  1.384999999999992e+00  7.985270935671907e+06  5.000620114241804e+06  7.981562717589801e+05  -3.362415263703305e+06  -3.124953288793160e+04  -9.755354255979576e+01  1.579076191679488e-01  -1.504814550342924e-01  1.892032603275355e-03
  1.389999999999992e+00  8.002849661648830e+06  4.988335608343667e+06  8.239305103866576e+05  -3.325896557030627e+06  -3.107734335386493e+04  1.576053309003336e+03  1.573183506668714e-01  -1.463569207915443e-01  1.769914171908623e-03
  1.394999999999992e+00  8.017393460065687e+06  4.977674131240019e+06  8.492951379086099e+05  -3.293179492000374e+06  -3.077386525274939e+04  3.983387928195838e+03  1.572365575133201e-01  -1.424890645811867e-01  1.616264970037658e-03
  1.399999999999992e+00  8.030199406236059e+06  4.967948932212898e+06  8.747517216914907e+05  -3.265227876735869e+06  -3.103390221386767e+04  6.243901237739437e+03  1.573459316036687e-01  -1.389259561403574e-01  1.404818916018081e-03
  1.404999999999992e+00  8.040413069365116e+06  4.960835278505053e+06  9.002652273923826e+05  -3.239440328449361e+06  -3.080211999813485e+04  9.378372091614743e+03  1.581243884801338e-01  -1.355511997893099e-01  1.238330344531375e-03
  1.409999999999992e+00  8.049414450420785e+06  4.954813361180257e+06  9.261741196695095e+05  -3.216599078998686e+06  -3.076896798332639e+04  1.245613038363489e+04  1.592166454677915e-01  -1.323762147558294e-01  1.094539415069294e-03
  1.414999999999992e+00  8.058684084033672e+06  4.947923357339988e+06  9.521114861782971e+05  -3.196837985857828e+06  -3.142126454288933e+04  1.486607747232825e+04  1.602209319429796e-01  -1.293631207549410e-01  9.286536032090123e-04
  1.419999999999992e+00  8.067428870259675e+06  4.941879004944584e+06  9.785700731489414e+05  -3.177928510682017e+06  -3.184750914249720e+04  1.730397122295775e+04  1.615910501367340e-01  -1.264364123229072e-01  8.595299678193443e-04
  1.424999999999992e+00  8.077313191553855e+06  4.934766891225647e+06  1.005098175779864e+06  -3.159979718737285e+06  -3.248130233847621e+04  1.916442262028675e+04  1.628888693064614e-01  -1.235620125849476e-01  8.344697242771762e-04
  1.429999999999992e+00  8.088879584670342e+06  4.925740633428283e+06  1.031332375231343e+06  -3.142418618755902e+06  -3.315146793518915e+04  2.049874338140110e+04  1.640021474805640e-01  -1.206833905666821e-01  8.373865978292970e-04
  1.434999999999991e+00  8.101828926589373e+06  4.912345882420378e+06  1.056162853167564e+06  -3.125392619108228e+06  -3.388464172629383e+04  2.158064008468889e+04  1.647685708523190e-01  -1.177760507551636e-01  7.858035843638626e-04
  1.439999999999991e+00  8.116595052202333e+06  4.896543664493097e+06  1.080400794304849e+06  -3.107837152374492e+06  -3.390261317481985e+04  2.240914749647538e+04  1.654051261328581e-01  -1.147053659713805e-01  7.785656519289849e-04
  1.444999999999991e+00  8.132787466984040e+06  4.876297544236023e+06  1.103051817286229e+06  -3.090377404022118e+06  -3.337870353206302e+04  2.321025493101754e+04  1.657604653394510e-01  -1.114584402142138e-01  7.386066940939066e-04
  1.449999999999991e+00  8.150058780116467e+06  4.851619485745967e+06  1.123937591883241e+06  -3.073133164174137e+06  -3.231447301725509e+04  2.410873235308221e+04  1.658690265663961e-01  -1.080382974666362e-01  6.636870375953834e-04
  1.454999999999991e+00  8.167059827686308e+06  4.822534405382870e+06  1.142684609273882e+06  -3.056472052771829e+06  -3.111338788546576e+04  2.517934069766137e+04  1.658813426763827e-01  -1.046009853998235e-01  5.454112968567384e-04
  1.459999999999991e+00  8.186088354762660e+06  4.791900873280554e+06  1.160713825842768e+06  -3.039822568623239e+06  -2.942744145276177e+04  2.630272457788177e+04  1.656839271257880e-01  -1.010239336093154e-01  4.462179236194665e-04
  1.464999999999991e+00  8.205969045992367e+06  4.760119735757149e+06  1.177759624077983e+06  -3.023621997253504e+06  -2.775604132956698e+04  2.754062660649007e+04  1.654142565961380e-01  -9.749828520872500e-02  3.504760416574739e-04
  1.469999999999991e+00  8.226479421045768e+06  4.728337618748916e+06  1.194046281342680e+06  -3.008034755900270e+06  -2.630968312233814e+04  2.884946666999898e+04  1.651592501740885e-01  -9.410606570915087e-02  2.703264402015430e-04
  1.474999999999991e+00  8.246929942858811e+06  4.697007566596538e+06  1.209564859507216e+06  -2.993448968293707e+06  -2.530081975835550e+04  2.990140360228389e+04  1.650760868114020e-01  -9.094624314075964e-02  2.127152097368123e-04
  1.479999999999990e+00  8.268498856538571e+06  4.667566469240062e+06  1.224814221671682e+06  -2.979592319284363e+06  -2.454633901493329e+04  3.107748682744604e+04  1.650174965422296e-01  -8.794219605566575e-02  1.752012534692085e-04
  1.484999999999990e+00  8.290213249549069e+06  4.639337067498957e+06  1.239436972960918e+06  -2.966982284341345e+06  -2.413488818428300e+04  3.207098672575831e+04  1.651343945449784e-01  -8.514213186728435e-02  1.514454282399163e-04
  1.489999999999990e+00  8.311892551663002e+06  4.611318880693725e+06  1.253335605080482e+06  -2.955972217462053e+06  -2.383376104690151e+04  3.258377615439166e+04  1.654755847882834e-01  -8.247802394095728e-02  1.237823471890332e-04
  1.494999999999990e+00  8.333191353815332e+06  4.583495194518986e+06  1.266190309981481e+06  -2.946715239962471e+06  -2.376613994823525e+04  3.287413532990681e+04  1.660000194047674e-01  -7.990192995024642e-02  1.018556779412474e-04
  1.499999999999990e+00  8.354125433739740e+06  4.554666154520722e+06  1.277967043870309e+06  -2.939407621591500e+06  -2.379902031468816e+04  3.257855017564773e+04  1.667350036316914e-01  -7.735537642293153e-02  8.246338760888695e-05
  1.504999999999990e+00  8.375200749487218e+06  4.524683651739328e+06  1.288881201224268e+06  -2.933844593263527e+06  -2.393961215923727e+04  3.161052089375919e+04  1.676299514409084e-01  -7.481850165560927e-02  7.529544467070036e-05
  1.509999999999990e+00  8.397389982243903e+06  4.494163422948894e+06  1.299584608713007e+06  -2.929277121418526e+06  -2.408556191778310e+04  3.024136744108067e+04  1.685925036912629e-01  -7.229905218568142e-02  9.509645387382618e-05
  1.514999999999990e+00  8.420010865333227e+06  4.462822063848110e+06  1.309838539183603e+06  -2.926146337958186e+06  -2.458351808844030e+04  2.821665148440440e+04  1.696546798364971e-01  -6.982122305686957e-02  1.583650297692106e-04
  1.519999999999990e+00  8.443734932472728e+06  4.431673086925265e+06  1.320304299374393e+06  -2.923681445177007e+06  -2.528644017044046e+04  2.598678947531428e+04  1.707500116787810e-01  -6.742845969148648e-02  2.667286990148481e-04
  1.524999999999989e+00  8.468470385886794e+06  4.401352843895412e+06  1.331163940590003e+06  -2.921564438824987e+06  -2.618598697711729e+04  2.388532385698358e+04  1.718573551843586e-01  -6.515911732334981e-02  4.204639460947870e-04
  1.529999999999989e+00  8.493814731367970e+06  4.372005919520087e+06  1.342064378772633e+06  -2.919405318132451e+06  -2.723796887739182e+04  2.250281482528996e+04  1.729186175639509e-01  -6.299215716713942e-02  6.119902810513571e-04
  1.534999999999989e+00  8.518949117804419e+06  4.343686296813329e+06  1.353013677900178e+06  -2.917801256234696e+06  -2.830996408103194e+04  2.160895165490809e+04  1.740522907811507e-01  -6.098097007367943e-02  8.067184559362800e-04
  1.539999999999989e+00  8.543069556810781e+06  4.315906834256699e+06  1.363337914146593e+06  -2.916640851880516e+06  -2.921205005767475e+04  2.172152584133083e+04  1.752345763603202e-01  -5.905735902339204e-02  9.873353467221659e-04
  1.544999999999989e+00  8.565087692388037e+06  4.287714377231427e+06  1.372358502271867e+06  -2.916320216918980e+06  -2.975510162433775e+04  2.294257749614870e+04  1.765019964272436e-01  -5.714514770551780e-02  1.132605880810378e-03
  1.549999999999989e+00  8.584289449778073e+06  4.257850545224885e+06  1.379394765926758e+06  -2.917075752680607e+06  -2.999133758577603e+04  2.514840125469383e+04  1.778175967505057e-01  -5.513252309778003e-02  1.222074568048663e-03
  1.554999999999989e+00  8.600566449523065e+06  4.226562383776208e+06  1.384746366336908e+06  -2.919226245841786e+06  -2.960363166810608e+04  2.804094930364055e+04  1.792678135578029e-01  -5.305283882356439e-02  1.278189098935505e-03
  1.559999999999989e+00  8.614281861185687e+06  4.193154546517357e+06  1.388255716291740e+06  -2.922642738268527e+06  -2.878429077913503e+04  3.127370064306086e+04  1.807474276317421e-01  -5.082459728893322e-02  1.307992113127669e-03
  1.564999999999989e+00  8.626288332075844e+06  4.157827590225006e+06  1.390397699297515e+06  -2.927107566618239e+06  -2.764021267436543e+04  3.446120254212975e+04  1.821852344612797e-01  -4.844806722427620e-02  1.324584462315300e-03
  1.569999999999989e+00  8.637245922135390e+06  4.121088923333932e+06  1.391905253576615e+06  -2.932297773240886e+06  -2.651740917719297e+04  3.727215705084142e+04  1.835526598464835e-01  -4.596531867038181e-02  1.319469182950463e-03
  1.574999999999988e+00  8.648740944793057e+06  4.083616318002956e+06  1.393220641867817e+06  -2.937942190542666e+06  -2.516583325817103e+04  3.946882238664532e+04  1.847336019773473e-01  -4.339156454725145e-02  1.352722788574679e-03
  1.579999999999988e+00  8.661485861021256e+06  4.046155887523722e+06  1.395061272247206e+06  -2.943639484676554e+06  -2.397564558244700e+04  4.085138241977680e+04  1.856982023538246e-01  -4.078760839688542e-02  1.411378961015912e-03
  1.584999999999988e+00  8.675224568953071e+06  4.009451281762953e+06  1.397879765731437e+06  -2.949226098328722e+06  -2.318980701821966e+04  4.141978494931477e+04  1.865398556899871e-01  -3.822798702486336e-02  1.477557805560185e-03
  1.589999999999988e+00  8.691442144796763e+06  3.973809334185958e+06  1.401756758385195e+06  -2.954458076574525e+06  -2.268193930894088e+04  4.111045735620441e+04  1.870889113945740e-01  -3.570306833347550e-02  1.592831014448445e-03
  1.594999999999988e+00  8.709297588302098e+06  3.939635060167389e+06  1.406817438187689e+06  -2.959334120135712e+06  -2.264965769179536e+04  4.008065095119416e+04  1.874781187345776e-01  -3.326972434580884e-02  1.721444889839727e-03
  1.599999999999988e+00  8.728424038062403e+06  3.907125351524606e+06  1.412944765786396e+06  -2.963846733150333e+06  -2.307792351721086e+04  3.854172326417785e+04  1.877610538829387e-01  -3.095214342972304e-02  1.840933548200885e-03
  1.604999999999988e+00  8.748106753478773e+06  3.876554954002938e+06  1.420166895422733e+06  -2.968014629098890e+06  -2.369734083038115e+04  3.695200345064520e+04  1.880326372864710e-01  -2.877930114985772e-02  1.906954766201260e-03
  1.609999999999988e+00  8.768478716678141e+06  3.847316198680703e+06  1.427903793056536e+06  -2.971969805972032e+06  -2.480736102556236e+04  3.516694088284420e+04  1.882375482720164e-01  -2.671338790659876e-02  1.955502614773325e-03
  1.614999999999988e+00  8.788695108773153e+06  3.819452310563654e+06  1.436209292107980e+06  -2.975818354610168e+06  -2.617827276355936e+04  3.358602830686641e+04  1.884800676478223e-01  -2.476578763327169e-02  1.952319662670142e-03
  1.619999999999987e+00  8.808396666672733e+06  3.792699476465309e+06  1.445062017324721e+06  -2.979689795401910e+06  -2.774795992900562e+04  3.236854503731652e+04  1.887855002983657e-01  -2.292066242265597e-02  1.901949293238426e-03
  1.624999999999987e+00  8.827447040481450e+06  3.766747423460056e+06  1.454633013047461e+06  -2.983650488936533e+06  -2.910229654154924e+04  3.169984107250420e+04  1.891167895998362e-01  -2.116920422907699e-02  1.818140752532550e-03
  1.629999999999987e+00  8.845266257352591e+06  3.741207319389201e+06  1.464661200966108e+06  -2.987951929130910e+06  -3.078515278191297e+04  3.148344172522661e+04  1.895719117787742e-01  -1.946970455750881e-02  1.711290754811639e-03
  1.634999999999987e+00  8.861778029846316e+06  3.715929644186891e+06  1.475408485991455e+06  -2.992613723767229e+06  -3.238139801491415e+04  3.188136115444305e+04  1.901178459700905e-01  -1.781455829231557e-02  1.587447792295303e-03
  1.639999999999987e+00  8.876745916653080e+06  3.690628874885077e+06  1.486783972695770e+06  -2.997712075212462e+06  -3.379682311067366e+04  3.288248835563241e+04  1.907529364622268e-01  -1.618268195041678e-02  1.457283403575817e-03
  1.644999999999987e+00  8.890138113203956e+06  3.664594594414832e+06  1.497941964788610e+06  -3.003198616481925e+06  -3.476493564400761e+04  3.414583439207236e+04  1.913873847001262e-01  -1.456637350720293e-02  1.360359029640896e-03
  1.649999999999987e+00  8.901228652661512e+06  3.638177703603714e+06  1.509443073819847e+06  -3.009333795227816e+06  -3.567113511314505e+04  3.602173882572282e+04  1.921918462535302e-01  -1.291515685237778e-02  1.242597880191904e-03
  1.654999999999987e+00  8.909958677213563e+06  3.610672616701743e+06  1.520285672759972e+06  -3.016098227578172e+06  -3.626657285428230e+04  3.819856595446975e+04  1.930783613586002e-01  -1.121495364615459e-02  1.130524085510300e-03
  1.659999999999987e+00  8.916656559876084e+06  3.581533735826367e+06  1.529392130391040e+06  -3.023339551192485e+06  -3.644120625775011e+04  4.021130749414363e+04  1.939550840955457e-01  -9.487771604592550e-03  1.060999700085581e-03
  1.664999999999986e+00  8.920178592315588e+06  3.550805446021426e+06  1.537315027881205e+06  -3.031582015336400e+06  -3.643601971278623e+04  4.255006563272150e+04  1.950015178381277e-01  -7.626579883397675e-03  9.589686894647917e-04
  1.669999999999986e+00  8.921320580741124e+06  3.518187117921303e+06  1.543325143165798e+06  -3.040623499894569e+06  -3.617763630841000e+04  4.475804080864750e+04  1.960988531211439e-01  -5.663012855065182e-03  8.652645743960412e-04
  1.674999999999986e+00  8.920863361226166e+06  3.483968380971660e+06  1.547580515927117e+06  -3.050311634350921e+06  -3.567852385618745e+04  4.675246808685460e+04  1.972014319305772e-01  -3.615851797761690e-03  7.782420806663513e-04
  1.679999999999986e+00  8.919443859705344e+06  3.448546934674100e+06  1.550141409871997e+06  -3.060451258416032e+06  -3.476307837617891e+04  4.847096227783206e+04  1.982956369956967e-01  -1.572419437610196e-03  7.123685621168872e-04
  1.684999999999986e+00  8.918283129946394e+06  3.412680826911803e+06  1.552124953266331e+06  -3.070901484734062e+06  -3.389309252176930e+04  4.992548104442113e+04  1.993099889825625e-01  5.414897925842332e-04  6.415734230487910e-04
  1.689999999999986e+00  8.918441765345242e+06  3.377078525345573e+06  1.553785981577777e+06  -3.081294672301672e+06  -3.294775749646316e+04  5.100559705908112e+04  2.001938295778818e-01  2.612088181365109e-03  5.917439270685270e-04
  1.694999999999986e+00  8.920568034686521e+06  3.342357225477267e+06  1.555576691194606e+06  -3.091445902753096e+06  -3.201089063093652e+04  5.169525555839761e+04  2.009272833274633e-01  4.592766539259632e-03  5.700025190910976e-04
  1.699999999999986e+00  8.923434854403634e+06  3.308650868451096e+06  1.557402897144468e+06  -3.101592879864291e+06  -3.103337295816751e+04  5.212942725835232e+04  2.016506147538542e-01  6.433810876994817e-03  5.833683660654812e-04
  1.704999999999986e+00  8.930354895065375e+06  3.277174064618718e+06  1.560283240924911e+06  -3.110889311015097e+06  -3.039728969864748e+04  5.213164765041526e+04  2.020817820578141e-01  8.128763873809390e-03  6.272379906261071e-04
  1.709999999999986e+00  8.939610810309513e+06  3.247699917073012e+06  1.563726543957049e+06  -3.119700687854427e+06  -3.000868943398287e+04  5.183176894866925e+04  2.023833055225541e-01  9.638458908322354e-03  7.094938713282570e-04
  1.714999999999985e+00  8.950724292752055e+06  3.220246193353047e+06  1.567563696641176e+06  -3.128111363538126e+06  -2.990187393596936e+04  5.132100783767513e+04  2.025962694940257e-01  1.095496650059180e-02  8.275476045292471e-04
  1.719999999999985e+00  8.962249231582645e+06  3.194563711084479e+06  1.571785022769649e+06  -3.136422714842985e+06  -2.998343449561377e+04  5.093528529115056e+04  2.028445135815073e-01  1.210988777691395e-02  9.601364953584283e-04
  1.724999999999985e+00  8.975416546061564e+06  3.170655561259953e+06  1.576004188883440e+06  -3.144467284373634e+06  -3.042262959805204e+04  5.034343807772853e+04  2.029942609987067e-01  1.308149722281907e-02  1.133446801374769e-03
  1.729999999999985e+00  8.988144474537238e+06  3.147911911974076e+06  1.580084279219080e+06  -3.152794189987093e+06  -3.104509395509640e+04  4.988034740159213e+04  2.032115483429854e-01  1.391771592144449e-02  1.328252900520722e-03
  1.734999999999985e+00  9.000166403782131e+06  3.126000548413371e+06  1.584387594092428e+06  -3.161430131057973e+06  -3.178047748704393e+04  4.975537416414510e+04  2.035012040783731e-01  1.469648889435770e-02  1.506365299926141e-03
  1.739999999999985e+00  9.010449634629054e+06  3.104378061755268e+06  1.587987921907484e+06  -3.170965699135779e+06  -3.261461338863696e+04  4.971254490231943e+04  2.039232176518354e-01  1.538108891594753e-02  1.722764193668047e-03
  1.744999999999985e+00  9.018597988663863e+06  3.082644599868053e+06  1.591209971062097e+06  -3.181487643863435e+06  -3.344840740180761e+04  4.999427676073009e+04  2.044941002530151e-01  1.605007910471866e-02  1.937847057164748e-03
  1.749999999999985e+00  9.024344272122003e+06  3.060338979936544e+06  1.593897870951588e+06  -3.193146940997261e+06  -3.423085061524446e+04  5.064563904017901e+04  2.052155612173062e-01  1.675008568051193e-02  2.138409404974126e-03
  1.754999999999985e+00  9.028663376581497e+06  3.037201410048019e+06  1.595990081166539e+06  -3.205498144646431e+06  -3.510169958924661e+04  5.152959891386004e+04  2.059795017999157e-01  1.755655820039373e-02  2.279601744826211e-03
  1.759999999999984e+00  9.029602134047385e+06  3.012896396612939e+06  1.597131554200339e+06  -3.219502966948732e+06  -3.574634821872700e+04  5.285621075632369e+04  2.069521877501192e-01  1.840835691256896e-02  2.415926292808724e-03
  1.764999999999984e+00  9.028762056553349e+06  2.987583075688883e+06  1.597586339040701e+06  -3.234481889230572e+06  -3.630238428837212e+04  5.454762663348904e+04  2.079854976869291e-01  1.935429945322640e-02  2.497453692954375e-03
  1.769999999999984e+00  9.026742148363380e+06  2.961413625972095e+06  1.597466458518216e+06  -3.250209831022370e+06  -3.680733245678355e+04  5.655959288883511e+04  2.090254453169245e-01  2.039087734751148e-02  2.516952371664721e-03
  1.774999999999984e+00  9.024043578774247e+06  2.934373440118373e+06  1.596641792830025e+06  -3.266293527318432e+06  -3.751454582737296e+04  5.849085032410888e+04  2.100207977603948e-01  2.153247202395702e-02  2.473020508759099e-03
  1.779999999999984e+00  9.020609822208293e+06  2.906944551213495e+06  1.595689769360984e+06  -3.283075013323503e+06  -3.801105375852451e+04  6.095732518643537e+04  2.109959473992212e-01  2.271118444832181e-02  2.370928028747268e-03
  1.784999999999984e+00  9.017005858813135e+06  2.879159750831169e+06  1.594503819884158e+06  -3.300119630850812e+06  -3.859442518780003e+04  6.352836840501602e+04  2.118935258961951e-01  2.394109810450529e-02  2.214664770955280e-03
  1.789999999999984e+00  9.013504466696484e+06  2.851285966395903e+06  1.593176822843734e+06  -3.317252382680680e+06  -3.934601095064708e+04  6.607007292919942e+04  2.126960906686670e-01  2.519472001934673e-02  2.019467361930191e-03
  1.794999999999984e+00  9.009910419296728e+06  2.823547267215702e+06  1.591688046161143e+06  -3.334378915486601e+06  -4.028320952916628e+04  6.831310377092918e+04  2.134535104127686e-01  2.643671158865396e-02  1.796350321019968e-03
  1.799999999999984e+00  9.007214770230070e+06  2.796371049580854e+06  1.590416782964377e+06  -3.351319977378892e+06  -4.150691758192862e+04  7.053835992606045e+04  2.140620404952492e-01  2.764178806822996e-02  1.568647722738761e-03
  1.804999999999984e+00  9.005187083215745e+06  2.769926992777352e+06  1.589310076245952e+06  -3.367990431167363e+06  -4.309829583271840e+04  7.239624125014032e+04  2.145712174381326e-01  2.878257613323982e-02  1.354120139151483e-03
  1.809999999999983e+00  9.003715325111609e+06  2.744600883605671e+06  1.588748742082366e+06  -3.384508522942416e+06  -4.475983262965501e+04  7.393221776125851e+04  2.150563656238564e-01  2.981502964558518e-02  1.144085277589780e-03
  1.814999999999983e+00  9.003858254937425e+06  2.720642310910473e+06  1.588710020976558e+06  -3.400402939961536e+06  -4.701643018511512e+04  7.500907204103410e+04  2.153759058959535e-01  3.073416507677998e-02  9.852107965030099e-04
  1.819999999999983e+00  9.005572459004877e+06  2.698424806688136e+06  1.589553981106225e+06  -3.415753550239972e+06  -4.956400247496067e+04  7.565559578901711e+04  2.155967389351139e-01  3.150090653036979e-02  8.611899521708502e-04
  1.824999999999983e+00  9.009177345551223e+06  2.678223775209434e+06  1.591496577561493e+06  -3.430492593830268e+06  -5.228646058318201e+04  7.596105680350347e+04  2.157185638045967e-01  3.209224375628961e-02  7.649870675155138e-04
  1.829999999999983e+00  9.014406319771845e+06  2.659769937143315e+06  1.594591378113173e+06  -3.445015718175227e+06  -5.466346145303349e+04  7.619388174145859e+04  2.158139567275458e-01  3.251021344939003e-02  6.882991630334426e-04
  1.834999999999983e+00  9.021589846180489e+06  2.643167146218847e+06  1.598510441241815e+06  -3.458823072078786e+06  -5.727643014090165e+04  7.616999160522068e+04  2.157965277941186e-01  3.276883215606417e-02  6.245274984081124e-04
  1.839999999999983e+00  9.029711027780604e+06  2.627664544524792e+06  1.602941875249474e+06  -3.472556856572053e+06  -5.955874588431209e+04  7.620370703242709e+04  2.157891957772618e-01  3.290379206361162e-02  5.527278788702748e-04
  1.844999999999983e+00  9.037849489048915e+06  2.612464461703826e+06  1.607326837005197e+06  -3.486617002814670e+06  -6.133933625634580e+04  7.639650839396063e+04  2.158617763079368e-01  3.296735536703150e-02  4.631125414020563e-04
  1.849999999999983e+00  9.045564002412830e+06  2.596653425473905e+06  1.611136127704513e+06  -3.501457290999200e+06  -6.220541038834291e+04  7.675379798252333e+04  2.160376056449276e-01  3.300606314434151e-02  3.624578372272620e-04
  1.854999999999982e+00  9.051775393388782e+06  2.580072388324177e+06  1.614019247580148e+06  -3.517036699806637e+06  -6.258733268994513e+04  7.737237623329442e+04  2.163920923268662e-01  3.306621541508688e-02  2.111515631015297e-04
  1.859999999999982e+00  9.056233187807446e+06  2.562036671887740e+06  1.615653485514067e+06  -3.533744853112128e+06  -6.213548119816880e+04  7.824342306189955e+04  2.169406124495871e-01  3.318422236942026e-02  2.496990023243087e-05
  1.864999999999982e+00  9.058884515334038e+06  2.542355328993984e+06  1.615949632532215e+06  -3.551641646866805e+06  -6.086109010270221e+04  7.930107760911612e+04  2.176761600433912e-01  3.338034903304711e-02  -1.877302688533969e-04
  1.869999999999982e+00  9.060474073510556e+06  2.521002974918309e+06  1.614913522032458e+06  -3.570553954039885e+06  -5.885881294250304e+04  8.021176057003925e+04  2.184882870262363e-01  3.363905150712307e-02  -3.934366024271099e-04
  1.874999999999982e+00  9.059880863211608e+06  2.498165215250948e+06  1.612677406943095e+06  -3.590644918787972e+06  -5.635056852930447e+04  8.121439828398313e+04  2.195190962979166e-01  3.400217890886446e-02  -6.044638019442723e-04
  1.879999999999982e+00  9.058193387812827e+06  2.474175400683208e+06  1.609453291070086e+06  -3.611585945674730e+06  -5.348057768409630e+04  8.196457198329340e+04  2.206341409625399e-01  3.442964623205199e-02  -7.784200008395508e-04
  1.884999999999982e+00  9.055814985498911e+06  2.449443117775830e+06  1.605403790938292e+06  -3.633112584791290e+06  -5.047749139669981e+04  8.230471220761789e+04  2.217818073234431e-01  3.489642007052127e-02  -8.939504473714316e-04
  1.889999999999982e+00  9.052895896625658e+06  2.424070447957453e+06  1.600367776944125e+06  -3.654930629999822e+06  -4.757664451774546e+04  8.220354158980673e+04  2.228901904838134e-01  3.537624763109996e-02  -9.530361770626057e-04
  1.894999999999982e+00  9.049611129260443e+06  2.398909401340686e+06  1.594876397698302e+06  -3.676929275657567e+06  -4.484808769570824e+04  8.165024727665559e+04  2.240129255216556e-01  3.585615755161165e-02  -9.343111969879266e-04
  1.899999999999981e+00  9.046133553407384e+06  2.374049142293545e+06  1.588767146179259e+06  -3.698821136088836e+06  -4.247941087088460e+04  8.062125689784881e+04  2.250758453845652e-01  3.630562619641955e-02  -8.431474087430835e-04
  1.904999999999981e+00  9.042049219564259e+06  2.349342611017096e+06  1.582102954899509e+06  -3.720519447920795e+06  -4.054355087884471e+04  7.948705592888834e+04  2.260764141509060e-01  3.673384276828986e-02  -7.181658028726498e-04
  1.909999999999981e+00  9.038364935554026e+06  2.325931335608069e+06  1.575258520879837e+06  -3.741671553010296e+06  -3.912856100280706e+04  7.784568618724203e+04  2.269810660321065e-01  3.707733163983689e-02  -5.085777504060143e-04
  1.914999999999981e+00  9.034925290143857e+06  2.303701361054870e+06  1.568413757961781e+06  -3.762166759793164e+06  -3.826453286530374e+04  7.601297100386793e+04  2.277682440949142e-01  3.734032048743499e-02  -2.496484638294277e-04
  1.919999999999981e+00  9.032050731675502e+06  2.282958473453644e+06  1.561931619272348e+06  -3.781823092073693e+06  -3.793445922104657e+04  7.413289630934354e+04  2.284144676460520e-01  3.750937045513170e-02  4.410913389348228e-05
  1.924999999999981e+00  9.029390908975679e+06  2.263374240063266e+06  1.556251173684732e+06  -3.800695693871585e+06  -3.796738200591801e+04  7.277980426076938e+04  2.289564117396170e-01  3.762437648232878e-02  3.096348545886808e-04
  1.929999999999981e+00  9.028698318948984e+06  2.246298526426262e+06  1.551591853125493e+06  -3.818226307947241e+06  -3.845762302162329e+04  7.127740787602724e+04  2.292644718291058e-01  3.758179543225112e-02  6.192297517950073e-04
  1.934999999999981e+00  9.029450279824952e+06  2.231183636423278e+06  1.548249085105692e+06  -3.834580890355048e+06  -3.917205319592959e+04  7.019419929779893e+04  2.293847574501877e-01  3.743513417149105e-02  9.055441532458482e-04
  1.939999999999981e+00  9.031526655686468e+06  2.217832367004445e+06  1.546292483654116e+06  -3.849836188444651e+06  -3.997027212308672e+04  6.965414180723688e+04  2.293328164737142e-01  3.720276512408466e-02  1.150126203372682e-03
  1.944999999999981e+00  9.033940043264266e+06  2.205244340428375e+06  1.545455467384518e+06  -3.864351145518605e+06  -4.074079404024156e+04  6.975560502986086e+04  2.291966285381645e-01  3.695105653525426e-02  1.325492518149423e-03
  1.949999999999980e+00  9.037573649190681e+06  2.194262605252165e+06  1.545746065638221e+06  -3.877913876319842e+06  -4.143500211317446e+04  7.028045737482069e+04  2.288867557317568e-01  3.662369396335258e-02  1.464442117697302e-03
  1.954999999999980e+00  9.040828526804700e+06  2.183524084179738e+06  1.546590903622110e+06  -3.891113775196708e+06  -4.197308601624279e+04  7.133577722006416e+04  2.285314375549227e-01  3.631113693905302e-02  1.539098279224886e-03
  1.959999999999980e+00  9.042915036951043e+06  2.172403466146727e+06  1.547515033384412e+06  -3.904285774124365e+06  -4.235432478020387e+04  7.280366489332657e+04  2.281866087620602e-01  3.605104081854700e-02  1.553675740230156e-03
  1.964999999999980e+00  9.043906787742317e+06  2.160529244550786e+06  1.548192521770272e+06  -3.917487777050546e+06  -4.270211942347218e+04  7.423218200368529e+04  2.278552201546644e-01  3.585066353453131e-02  1.524334703366732e-03
  1.969999999999980e+00  9.042181517669983e+06  2.147349014632320e+06  1.548142939583687e+06  -3.931400917935629e+06  -4.289011200213771e+04  7.600481801058441e+04  2.276362548567292e-01  3.576868229270971e-02  1.449239043523080e-03
  1.974999999999980e+00  9.037913864676369e+06  2.132599457617221e+06  1.547208794342145e+06  -3.946070496289824e+06  -4.305958961989552e+04  7.772601199123634e+04  2.275327270530364e-01  3.580898851134470e-02  1.345578676255841e-03
  1.979999999999980e+00  9.032272598248195e+06  2.116660559597159e+06  1.545514693749104e+06  -3.961279577413463e+06  -4.331766757699129e+04  7.895148869047994e+04  2.274737089031502e-01  3.592700523356782e-02  1.232296580305664e-03
  1.984999999999980e+00  9.023108942132926e+06  2.098745353473492e+06  1.542701498938720e+06  -3.977803487563901e+06  -4.359692602025314e+04  8.015962880358705e+04  2.276080645909228e-01  3.620745757310497e-02  1.107857797713341e-03
  1.989999999999980e+00  9.011974126754923e+06  2.079534596270205e+06  1.539131472203501e+06  -3.995249295436416e+06  -4.399230018008127e+04  8.095544789071518e+04  2.278437794605309e-01  3.658664473916423e-02  9.870624680172635e-04
  1.994999999999979e+00  8.999317712050257e+06  2.059365464401842e+06  1.534962062695063e+06  -4.013540583628051e+06  -4.451765841917431e+04  8.127623524593312e+04  2.281592542723314e-01  3.703858349665023e-02  8.722646800646593e-04
  1.999999999999979e+00  8.985804150567029e+06  2.038669681401387e+06  1.530313228209952e+06  -4.032598347991656e+06  -4.507735737188172e+04  8.104785103527458e+04  2.285181029421808e-01  3.751568122942797e-02  7.575087954846192e-04
