TITLE = "Temporal Signal for receiver number 00006"
VARIABLES = "Time","s_xx","s_yy","s_zz","s_xy","s_yz","s_xz","v1","v2","v3"
# x1       -3.000000000000e+03
# x2       -1.000000000000e+03
# x3       -7.500000000000e+03
# cell-global-id 789
  0.000000000000000e+00  0.000000000000000e+00  0.000000000000000e+00  0.000000000000000e+00  0.000000000000000e+00  0.000000000000000e+00  0.000000000000000e+00  0.000000000000000e+00  0.000000000000000e+00  0.000000000000000e+00
  5.000000000000000e-03  0.000000000000000e+00  0.000000000000000e+00  0.000000000000000e+00  0.000000000000000e+00  0.000000000000000e+00  0.000000000000000e+00  0.000000000000000e+00  0.000000000000000e+00  0.000000000000000e+00
  1.000000000000000e-02  0.000000000000000e+00  0.000000000000000e+00  0.000000000000000e+00  0.000000000000000e+00  0.000000000000000e+00  0.000000000000000e+00  0.000000000000000e+00  0.000000000000000e+00  0.000000000000000e+00
  1.500000000000000e-02  -4.827665079444736e-01  -1.116390362553408e-01  -9.548727052237890e-02  3.766206269576824e-02  -4.380829576411414e-02  3.189179821245606e-02  -4.883590936683564e-08  -1.137826255993490e-09  6.756331437558847e-09
  2.000000000000000e-02  -3.515912798224941e+00  -9.015245150855618e-01  -8.638880563732165e-01  4.635490718408342e-01  -2.869161708658493e-01  2.695836207216847e-01  -3.044099135485335e-07  2.218544353910907e-08  1.952468947131251e-08
  2.500000000000000e-02  -1.565639702784877e+01  -2.607442035533955e+00  -3.388075947839752e+00  2.156114646154574e-01  -1.436798098748250e+00  2.143221613987665e+00  -1.395311705999366e-06  6.850057396177433e-09  6.161988799074132e-08
  3.000000000000000e-02  -2.729517416749949e+01  -3.611059070200932e-01  -2.716666595956780e+00  -5.617023615769476e+00  -3.849420320309771e+00  7.478045668961396e+00  -2.645956171531461e-06  2.748895639505195e-08  1.160935641466410e-07
  3.500000000000000e-02  -3.393857898487070e+01  5.423058469629228e+00  4.244214718105204e+00  -1.518618069022532e+01  -7.535619460719783e+00  1.440641437339535e+01  -3.400116097831520e-06  5.896683467347518e-07  1.987566607397510e-09
  4.000000000000000e-02  -2.451157996279051e+01  1.473948011422748e+01  1.850503725462301e+01  -1.911217752906055e+01  -1.003055347280854e+01  1.067678940697965e+01  -3.032539015138401e-06  1.425212506300133e-06  -8.723687951583244e-07
  4.500000000000000e-02  -1.076621456676558e+01  2.351202430544833e+01  3.717253777592837e+01  -3.001538119671412e+01  -1.366763082802951e+01  1.155145855567024e+01  -1.789358820754180e-06  2.070447681166709e-06  -1.095945079341762e-06
  5.000000000000000e-02  8.775087026673866e+00  3.070871342929417e+01  5.766395520314133e+01  -3.630926042128468e+01  -1.703228831663642e+01  4.878298212585714e+00  3.346550933230942e-08  2.027489790123932e-06  -1.345645108472130e-06
  5.499999999999999e-02  3.862953735693255e+01  3.877281684420323e+01  7.728647058664305e+01  -3.950623738786413e+01  -2.034367664716222e+01  -1.079009013611743e+01  2.502974747889311e-06  9.228745277599825e-07  -1.971894170034179e-06
  5.999999999999999e-02  8.424954563336416e+01  4.171283389209228e+01  9.651948532032128e+01  -4.735313070389479e+01  -2.291568746907145e+01  -2.195197527406113e+01  6.531619476004235e-06  -2.432475445914900e-07  -3.221539459348179e-06
  6.499999999999999e-02  9.417115853831460e+01  3.276850096311292e+01  8.470602161579608e+01  -5.138253070630631e+01  -2.157024832857551e+01  -3.788432946729579e+01  8.027154230894125e-06  -2.670431512997363e-06  -3.798336518128003e-06
  6.999999999999999e-02  8.543371183324695e+01  1.447823117340793e+01  4.959274935767265e+01  -6.072986884707072e+01  -1.596972690785451e+01  -4.619059984299632e+01  7.655780015007392e-06  -5.213998065625894e-06  -3.324566307207699e-06
  7.500000000000000e-02  4.965667524457127e+01  -1.112519894163953e+01  -3.817712035147227e+00  -7.224610566555610e+01  -8.302192409075909e+00  -4.201475570002573e+01  4.342006383692030e-06  -6.919605291246645e-06  -1.141421235438908e-06
  8.000000000000000e-02  -4.825631811348886e+01  -4.216291146559809e+01  -5.917566386748263e+01  -6.563922062788160e+01  -5.596556441349833e+00  -3.520494916450313e+01  -1.422108686217473e-06  -6.745779852666412e-06  7.911080217650069e-07
  8.500000000000001e-02  -1.159969399582337e+02  -5.386520871309199e+01  -1.084876485640656e+02  -6.165170024043967e+01  -5.326548539765864e+00  -2.213642776973773e+01  -9.623354112680186e-06  -5.578985814016517e-06  5.030667225803946e-06
  9.000000000000001e-02  -1.669942763544741e+02  -4.137693878822355e+01  -1.263598597380702e+02  -4.169216570442627e+01  -1.640853076504393e+01  -1.310051804105295e+01  -1.796475408935106e-05  -2.153693221118347e-06  8.665974105348962e-06
  9.500000000000001e-02  -1.942092137735723e+02  -1.164558873813075e+01  -1.149961499267921e+02  -1.068973083677952e+01  -3.214595215623157e+01  -2.712089030794547e+01  -2.251114242221924e-05  8.007467866697930e-07  9.804033616958528e-06
  1.000000000000000e-01  -1.287378240061577e+02  6.678712238355629e+01  -4.318342050206830e+01  3.059822966280402e+01  -6.497706638357359e+01  -4.806665136413567e+01  -2.362787789234902e-05  6.637559489007625e-06  9.122093380116951e-06
  1.050000000000000e-01  7.275114146212955e+00  1.740449000089829e+02  7.252119306244188e+01  7.959644545870508e+01  -1.056315919241734e+02  -9.193391446801432e+01  -1.838867453281295e-05  1.274629035231420e-05  4.796615431750022e-06
  1.100000000000000e-01  2.148398744152832e+02  2.969842475449890e+02  2.196172587017611e+02  1.281212104913318e+02  -1.465391592457593e+02  -1.588871783842897e+02  -6.263339516797688e-06  1.787542222793056e-05  -2.865352731067734e-06
  1.150000000000000e-01  4.810695134889763e+02  4.087270509778180e+02  3.647400624853305e+02  1.444458584127458e+02  -1.729026649206413e+02  -2.328033616247251e+02  1.120316046992830e-05  2.029258024406144e-05  -1.069641808392016e-05
  1.200000000000000e-01  7.789680941381819e+02  5.102182866643143e+02  5.211433943793362e+02  1.753221039701938e+02  -1.957662350858641e+02  -3.287984341265184e+02  3.229064781035766e-05  2.233538542231131e-05  -2.214569449439480e-05
  1.250000000000000e-01  1.076630974612096e+03  5.690348968494062e+02  6.535741623255473e+02  1.960411519421473e+02  -2.010283065862832e+02  -4.324938830302754e+02  5.390914736148281e-05  2.166529907596541e-05  -3.342640552753159e-05
  1.300000000000000e-01  1.338906163772711e+03  5.708683152429097e+02  7.472119957059527e+02  2.070301737546945e+02  -1.879982930712262e+02  -5.362453444158065e+02  7.263488686458537e-05  1.829311535525052e-05  -4.297897176384817e-05
  1.350000000000000e-01  1.518481112128793e+03  5.220915720010523e+02  7.850337255768807e+02  1.936641473063013e+02  -1.647759550525330e+02  -6.109658568953674e+02  8.418081816227032e-05  1.561497020831586e-05  -4.993711601255795e-05
  1.400000000000000e-01  1.612354567686365e+03  3.994137534357019e+02  7.796542369081681e+02  1.920261134281150e+02  -1.252421413171070e+02  -6.920096793033483e+02  8.864144261186367e-05  8.065738506813696e-06  -5.326319485753280e-05
  1.450000000000000e-01  1.598941517945512e+03  2.239436266557810e+02  7.255535877876530e+02  1.797838808340768e+02  -7.845433044618551e+01  -7.529078149127540e+02  8.382760589837694e-05  -1.602036299360901e-06  -5.197521000412956e-05
  1.500000000000000e-01  1.477543725385234e+03  1.268347611111079e+01  6.307659282877307e+02  1.533474561876719e+02  -2.939418935624924e+01  -7.884194027149696e+02  6.980251811051804e-05  -1.283670271728936e-05  -4.614230608267313e-05
  1.550000000000001e-01  1.270089447823501e+03  -1.898535545572126e+02  5.232626884847591e+02  1.138303218291376e+02  9.494780303576260e+00  -7.873619156982118e+02  4.867012328331875e-05  -2.166486484095813e-05  -3.854578451755520e-05
  1.600000000000001e-01  9.936236818980234e+02  -4.063957413592874e+02  3.917210554209316e+02  5.375640541652371e+01  5.301305360613242e+01  -7.716803671717865e+02  2.177743520912153e-05  -3.462819659179069e-05  -2.553556956381718e-05
  1.650000000000001e-01  6.799570140698272e+02  -5.944609309538579e+02  2.597291819912895e+02  -2.834131570270852e+01  9.133235438043864e+01  -7.286837543604746e+02  -8.118701517530700e-06  -4.686623508039885e-05  -1.061646173903458e-05
  1.700000000000001e-01  3.795898281974612e+02  -7.146986365491007e+02  1.652593930854189e+02  -1.066483567616923e+02  1.128427262006061e+02  -6.734916282310173e+02  -3.565713946283507e-05  -5.538363018095854e-05  2.877433645008656e-06
  1.750000000000001e-01  8.805737575756110e+01  -8.024463703281646e+02  6.511453872663273e+01  -2.138660662918928e+02  1.403912962805706e+02  -5.964909440119023e+02  -6.252515275182028e-05  -6.347234837254493e-05  1.768038178577861e-05
  1.800000000000001e-01  -1.546587736403405e+02  -8.292735952085851e+02  -1.002360333757844e+01  -3.226451458570610e+02  1.623926923582405e+02  -5.063548083891470e+02  -8.498194741024988e-05  -6.760074112277254e-05  3.057475224411259e-05
  1.850000000000001e-01  -3.288020435274369e+02  -7.933982091107090e+02  -5.581518270410002e+01  -4.203523044748124e+02  1.780410464004070e+02  -4.100672721079863e+02  -1.014474899875633e-04  -6.704019909341012e-05  4.075818329551715e-05
  1.900000000000001e-01  -4.312196242382636e+02  -6.860264632200810e+02  -5.136308468621325e+01  -4.576494423349957e+02  1.793200277296201e+02  -3.488424888258183e+02  -1.075653436072322e-04  -6.072786025584372e-05  4.588185302671330e-05
  1.950000000000001e-01  -4.529640675608433e+02  -5.343372716305545e+02  -3.620767107042330e+01  -4.919909475601795e+02  1.803113693284908e+02  -2.661698600119070e+02  -1.102294666266789e-04  -4.982771753390607e-05  4.930968357302157e-05
  2.000000000000001e-01  -3.871539811765269e+02  -3.271295707525119e+02  1.687897194610038e+01  -4.824431263632941e+02  1.695191765084300e+02  -1.964323802938646e+02  -1.061107230939772e-04  -3.392453918791892e-05  4.939470771012958e-05
  2.050000000000001e-01  -2.364812323491803e+02  -6.812037455508613e+01  1.112988025577561e+02  -4.243675907608323e+02  1.449391917963344e+02  -1.455637758399186e+02  -9.576242008665108e-05  -1.359053439713096e-05  4.631629167312877e-05
  2.100000000000001e-01  -5.149507337912154e+01  2.137576910592907e+02  2.348055150068852e+02  -2.898212079235119e+02  1.188469496408953e+02  -1.443385681720297e+02  -7.845479034654173e-05  9.482793879393588e-06  3.984912586028178e-05
  2.150000000000001e-01  2.478515462634269e+02  5.498337191157459e+02  4.064172912503519e+02  -1.466502095079353e+02  7.117873765800307e+01  -1.350535360861724e+02  -5.869011967439670e-05  3.470677138536499e-05  3.251455266554069e-05
  2.200000000000001e-01  6.110459545245444e+02  9.130097338658346e+02  6.186252798607281e+02  2.719162540735064e+01  1.137147282236941e+01  -1.500820516927662e+02  -3.542583525812910e-05  6.058173954869483e-05  2.352512354447083e-05
  2.250000000000001e-01  1.022123404592775e+03  1.287869598055888e+03  8.636032481056053e+02  2.185692132239053e+02  -5.718032376431977e+01  -1.887222722587892e+02  -9.804732549331214e-06  8.549094124018160e-05  1.345281638496742e-05
  2.300000000000001e-01  1.431797558463747e+03  1.607909269423674e+03  1.088590203926090e+03  4.264193823712178e+02  -1.022495380239978e+02  -2.517573160427934e+02  1.820403509816839e-05  1.056147606904174e-04  4.577475613893122e-06
  2.350000000000001e-01  1.891943316687629e+03  1.939545410938883e+03  1.355612371518858e+03  6.033085160547341e+02  -1.715270710357330e+02  -3.213179397280821e+02  4.509445267571749e-05  1.234786377172222e-04  -5.513715753109828e-06
  2.400000000000001e-01  2.331720173610752e+03  2.216222095023256e+03  1.609148589194346e+03  7.525996458759140e+02  -2.355538510557183e+02  -4.045161425715391e+02  7.029663980601830e-05  1.359355383785984e-04  -1.525501797103321e-05
  2.450000000000001e-01  2.707936533767930e+03  2.372463602117229e+03  1.799141409002967e+03  8.737444738596314e+02  -2.697979708753141e+02  -4.899973850907953e+02  9.397694476396766e-05  1.407481267899895e-04  -2.226676190062840e-05
  2.500000000000001e-01  3.021005569384814e+03  2.466754608708059e+03  1.969686161092257e+03  9.295871561773719e+02  -3.133527661152249e+02  -5.825247446830382e+02  1.104667138545638e-04  1.397163787016059e-04  -3.047744888263718e-05
  2.550000000000001e-01  3.215263958744236e+03  2.441959311200042e+03  2.069351285104180e+03  9.228885664026284e+02  -3.432019687607413e+02  -6.764313995013575e+02  1.194506826912495e-04  1.307291204957879e-04  -3.750951982859255e-05
  2.600000000000001e-01  3.260307307767594e+03  2.285223326175017e+03  2.083723578925069e+03  8.449061226048960e+02  -3.590131417838395e+02  -7.680567174487720e+02  1.189261841475214e-04  1.134944664013182e-04  -4.318826387669351e-05
  2.650000000000001e-01  3.113588670381219e+03  1.953375187218471e+03  2.001050011740823e+03  7.093264062861999e+02  -3.586402535880140e+02  -8.440539418780608e+02  1.082242482110294e-04  8.942454001117082e-05  -4.721445600731668e-05
  2.700000000000001e-01  2.772085542442135e+03  1.512597229283423e+03  1.822159656606970e+03  4.727034642945355e+02  -3.533745978350036e+02  -9.237188708135441e+02  8.245315128104644e-05  5.588046986987731e-05  -5.072878415841535e-05
  2.750000000000001e-01  2.206730535401361e+03  9.327362189562017e+02  1.538745010659095e+03  1.485796429862740e+02  -3.399950056666441e+02  -9.962011792046214e+02  4.192168353724860e-05  1.432026984343906e-05  -5.286427722261743e-05
  2.800000000000001e-01  1.401145993044595e+03  2.185352028374956e+02  1.151258944095237e+03  -2.647208498785955e+02  -3.213452409759605e+02  -1.061206820556640e+03  -1.460826751485991e-05  -3.482321516153770e-05  -5.370171679193326e-05
  2.850000000000001e-01  3.236131908727483e+02  -6.546599552222586e+02  6.751729227466803e+02  -7.537936484077064e+02  -3.061934358439244e+02  -1.112647553159028e+03  -8.685872406857615e-05  -9.070382649837673e-05  -5.473716808635435e-05
  2.900000000000001e-01  -9.846347048334478e+02  -1.609411250597183e+03  9.157111307701547e+01  -1.351586440091601e+03  -2.854920297796876e+02  -1.165389956480140e+03  -1.770082292771801e-04  -1.548949496438601e-04  -5.373650170196731e-05
  2.950000000000002e-01  -2.550549948101764e+03  -2.671449626835962e+03  -5.850567033415484e+02  -2.037213990291832e+03  -2.658224732999038e+02  -1.213677992286088e+03  -2.843675083807122e-04  -2.255643030910308e-04  -5.172832969252185e-05
  3.000000000000002e-01  -4.373042075226414e+03  -3.831236834164887e+03  -1.350157935558341e+03  -2.806987073322084e+03  -2.479028750018585e+02  -1.259385055091096e+03  -4.087490846447877e-04  -3.024080962193290e-04  -4.882134555632927e-05
  3.050000000000002e-01  -6.447691231037127e+03  -5.089582052438211e+03  -2.177573994004830e+03  -3.666139739987167e+03  -2.419323236595502e+02  -1.302934656874623e+03  -5.459018306391698e-04  -3.868978724597361e-04  -4.814297414680546e-05
  3.100000000000002e-01  -8.759424682647195e+03  -6.403494094204694e+03  -3.103328658990212e+03  -4.598036974399844e+03  -2.294216346391079e+02  -1.349780014282120e+03  -7.021836476840743e-04  -4.749089558701577e-04  -4.461981082214485e-05
  3.150000000000002e-01  -1.130983467264233e+04  -7.781045634771330e+03  -4.104154801207791e+03  -5.598982977444402e+03  -2.180853450106502e+02  -1.400118856195602e+03  -8.738558357289225e-04  -5.674669789326243e-04  -4.074299371117388e-05
  3.200000000000002e-01  -1.408906057093268e+04  -9.207855981341942e+03  -5.174360239862177e+03  -6.663790979526948e+03  -2.071690205895701e+02  -1.455726101222093e+03  -1.060120693577754e-03  -6.640178431581234e-04  -3.672165464106081e-05
  3.250000000000002e-01  -1.709235887426110e+04  -1.065872378800299e+04  -6.288534072668525e+03  -7.807704146548804e+03  -2.125755951189394e+02  -1.512715880528882e+03  -1.255701705568717e-03  -7.639813554816872e-04  -3.650293648233863e-05
  3.300000000000002e-01  -2.030715401466425e+04  -1.213049299166343e+04  -7.481647509904295e+03  -8.985148015371198e+03  -2.043359932646215e+02  -1.578944709302948e+03  -1.469630439833082e-03  -8.645006383320290e-04  -3.298693097371797e-05
  3.350000000000002e-01  -2.372501436106624e+04  -1.359925588221336e+04  -8.722898135993733e+03  -1.020929065718529e+04  -1.965874373450701e+02  -1.651535684182529e+03  -1.696192735936176e-03  -9.661000326120074e-04  -2.966506653540333e-05
  3.400000000000002e-01  -2.735174402885661e+04  -1.502703183099273e+04  -9.991621026938959e+03  -1.149344259792164e+04  -2.099988674191057e+02  -1.717102934525633e+03  -1.931030941230327e-03  -1.065435633107245e-03  -2.960588084265101e-05
  3.450000000000002e-01  -3.114956733128056e+04  -1.642326430615132e+04  -1.130205886858050e+04  -1.279589207761731e+04  -2.088103002811292e+02  -1.795335021202950e+03  -2.181395219045806e-03  -1.164280734034153e-03  -2.674178717734234e-05
  3.500000000000002e-01  -3.512227908385592e+04  -1.775137868096050e+04  -1.262569541682375e+04  -1.412920256839728e+04  -2.130235657411409e+02  -1.875495585868164e+03  -2.442179880731660e-03  -1.260839411229449e-03  -2.403524271987073e-05
  3.550000000000002e-01  -3.926193024983966e+04  -1.898955737965039e+04  -1.394910515859469e+04  -1.548832522212956e+04  -2.253993361299649e+02  -1.955343169673729e+03  -2.712729894283350e-03  -1.353921968293617e-03  -2.142943064766904e-05
  3.600000000000002e-01  -4.355881492051288e+04  -2.009553640264132e+04  -1.525986330047514e+04  -1.689144548014164e+04  -2.648010506299643e+02  -2.010093964121993e+03  -2.989081972638285e-03  -1.437492701881264e-03  -2.105225138634074e-05
  3.650000000000002e-01  -4.799474411173947e+04  -2.109297160267913e+04  -1.654606496852874e+04  -1.829454633565440e+04  -2.970372957104458e+02  -2.080326271275963e+03  -3.276892859141122e-03  -1.520277801349092e-03  -1.850258553210978e-05
  3.700000000000002e-01  -5.257241102349481e+04  -2.194593102381489e+04  -1.779472069846207e+04  -1.971485014673416e+04  -3.418826911338663e+02  -2.144642353802435e+03  -3.572541552511639e-03  -1.597267770236606e-03  -1.588507695021245e-05
  3.750000000000002e-01  -5.728533907928694e+04  -2.264137818828584e+04  -1.899708858590453e+04  -2.115310853148777e+04  -3.994641051431045e+02  -2.201742020141355e+03  -3.875642117725435e-03  -1.668025121511249e-03  -1.316351153438749e-05
  3.800000000000002e-01  -6.211023571994707e+04  -2.316242307903167e+04  -2.014990000931801e+04  -2.263560084391501e+04  -4.720595990197072e+02  -2.228980941371257e+03  -4.181192619871218e-03  -1.727465682422931e-03  -1.290872215034611e-05
  3.850000000000002e-01  -6.708341888283845e+04  -2.352924816354013e+04  -2.124763274672443e+04  -2.411686756153276e+04  -5.440634119057424e+02  -2.273441655562855e+03  -4.498423523981155e-03  -1.786093768049093e-03  -1.044087548605605e-05
  3.900000000000002e-01  -7.219202584564961e+04  -2.372699820421966e+04  -2.229153495236698e+04  -2.562753950324484e+04  -6.214450395819026e+02  -2.313076708944617e+03  -4.823044474937251e-03  -1.839088028112861e-03  -8.059685193886354e-06
  3.950000000000002e-01  -7.744137389369939e+04  -2.375908751649761e+04  -2.328459539504138e+04  -2.717520632207033e+04  -7.005476997321193e+02  -2.350051163286009e+03  -5.155342948433520e-03  -1.887058742546593e-03  -5.921130229269042e-06
  4.000000000000002e-01  -8.284099469720897e+04  -2.365814009547106e+04  -2.423558665141181e+04  -2.877016655035345e+04  -7.671583305256188e+02  -2.379395787569837e+03  -5.489807163218133e-03  -1.927043313908273e-03  -7.643776554403619e-06
  4.050000000000002e-01  -8.841404671712060e+04  -2.339990522445920e+04  -2.515327967199189e+04  -3.040535787693668e+04  -8.310365210053302e+02  -2.426685769003057e+03  -5.838846140816847e-03  -1.968262510186784e-03  -6.740797769669233e-06
  4.100000000000003e-01  -9.416664864320065e+04  -2.300886894318771e+04  -2.604370228817374e+04  -3.210000223225934e+04  -8.855638186891065e+02  -2.482409080348928e+03  -6.197194920170359e-03  -2.007294509277385e-03  -6.565660923740366e-06
  4.150000000000003e-01  -1.001373125136366e+05  -2.253956426004385e+04  -2.691434607265115e+04  -3.384125243089740e+04  -9.164925898515110e+02  -2.556741030617746e+03  -6.558710604995886e-03  -2.041571731574708e-03  -1.148756433397805e-05
  4.200000000000003e-01  -1.063122224219425e+05  -2.194199001779129e+04  -2.778813344360117e+04  -3.566388327729177e+04  -9.402314781804395e+02  -2.646478162674714e+03  -6.937593736760281e-03  -2.079952058519693e-03  -1.343060692844736e-05
  4.250000000000003e-01  -1.127174514615059e+05  -2.125684548092031e+04  -2.866053168136817e+04  -3.756150274439310e+04  -9.519702297918556e+02  -2.755683382893509e+03  -7.327457189608929e-03  -2.119023836819364e-03  -1.664293819691279e-05
  4.300000000000003e-01  -1.193581302148757e+05  -2.049267406986030e+04  -2.952966674191348e+04  -3.952953237806776e+04  -9.553317763643942e+02  -2.891812776272810e+03  -7.727507268523786e-03  -2.159210305364037e-03  -2.190867143174366e-05
  4.350000000000003e-01  -1.263501070011917e+05  -1.973885853173707e+04  -3.044099766512965e+04  -4.153797146224539e+04  -9.302997478607712e+02  -3.056405323865536e+03  -8.134816964570983e-03  -2.199221679538391e-03  -3.224656117168760e-05
  4.400000000000003e-01  -1.335494311864789e+05  -1.889112883281916e+04  -3.136765561296333e+04  -4.365689760555662e+04  -9.038267028336207e+02  -3.234777028428817e+03  -8.559782418231604e-03  -2.245903859933708e-03  -3.940465481189272e-05
  4.450000000000003e-01  -1.410521708720415e+05  -1.803572934008641e+04  -3.234821801350436e+04  -4.587656093443579e+04  -8.555069147656528e+02  -3.422481142698422e+03  -9.000343970241112e-03  -2.297866531456395e-03  -4.576680222244172e-05
  4.500000000000003e-01  -1.488678185864335e+05  -1.718342591475489e+04  -3.337280731467639e+04  -4.820672103822901e+04  -7.932614762179608e+02  -3.618508751060500e+03  -9.457679488129599e-03  -2.355909780604756e-03  -5.223975185364075e-05
  4.550000000000003e-01  -1.570880849759227e+05  -1.637652828828625e+04  -3.442799952342384e+04  -5.058831832618783e+04  -7.291746719727513e+02  -3.848798063119953e+03  -9.926958820565794e-03  -2.414596250734651e-03  -6.610348459327126e-05
  4.600000000000003e-01  -1.655155829751664e+05  -1.551107385595605e+04  -3.547990321274391e+04  -5.312901428878406e+04  -6.800507268606732e+02  -4.089227018117334e+03  -1.041611292605950e-02  -2.482853179310117e-03  -7.870866794578952e-05
  4.650000000000003e-01  -1.742572425257293e+05  -1.461391717633924e+04  -3.649779591372496e+04  -5.576718680623633e+04  -6.649366326464053e+02  -4.363559011873039e+03  -1.092030551374657e-02  -2.554209792420803e-03  -9.751930914650753e-05
  4.700000000000003e-01  -1.833590339354269e+05  -1.370184763095458e+04  -3.750212505629391e+04  -5.850665994869386e+04  -6.826764505061440e+02  -4.662662768956401e+03  -1.144170840233879e-02  -2.629354408799868e-03  -1.210260871106488e-04
  4.750000000000003e-01  -1.930088275050619e+05  -1.288775612005249e+04  -3.865998040649363e+04  -6.130522511910299e+04  -6.958209486479667e+02  -4.956827860850626e+03  -1.198431621837270e-02  -2.706370843051442e-03  -1.441832771405380e-04
  4.800000000000003e-01  -2.029749967555924e+05  -1.202301476761534e+04  -3.974388310777881e+04  -6.428054690683217e+04  -7.521882474521474e+02  -5.244996817311549e+03  -1.254872810885894e-02  -2.794670687142855e-03  -1.685075818266389e-04
  4.850000000000003e-01  -2.134488602391390e+05  -1.121749680553230e+04  -4.089878632718300e+04  -6.739048533736359e+04  -8.187159491451941e+02  -5.505580190147410e+03  -1.313902400167041e-02  -2.892106515850576e-03  -1.895796490136710e-04
  4.900000000000003e-01  -2.244946631265697e+05  -1.050535896627927e+04  -4.219876958670044e+04  -7.059483541841120e+04  -8.852170809937237e+02  -5.698998409971112e+03  -1.375582944612255e-02  -2.994081605672981e-03  -2.052424674889045e-04
  4.950000000000003e-01  -2.360024004216321e+05  -9.791730017791298e+03  -4.347625168389345e+04  -7.398319910530858e+04  -9.800735601005899e+02  -5.885829608919276e+03  -1.439969845974462e-02  -3.111981141199472e-03  -2.172366840764997e-04
  5.000000000000003e-01  -2.480441675905169e+05  -9.113563629999930e+03  -4.481741537570944e+04  -7.750404719757347e+04  -1.093452186646764e+03  -6.045095411151629e+03  -1.506983107215240e-02  -3.241991281516100e-03  -2.225063570805060e-04
  5.050000000000003e-01  -2.606051587993244e+05  -8.474954446457332e+03  -4.622779070772550e+04  -8.116869787645391e+04  -1.214659979116111e+03  -6.173617572875354e+03  -1.576647355437363e-02  -3.385682209886808e-03  -2.202085665434466e-04
  5.100000000000003e-01  -2.735742585879734e+05  -7.869723277904638e+03  -4.769418923504754e+04  -8.503344704891444e+04  -1.323714823948177e+03  -6.193357239000685e+03  -1.648368158207894e-02  -3.541821936031986e-03  -2.117883287670348e-04
  5.150000000000003e-01  -2.869743158052650e+05  -7.273697636497730e+03  -4.922101399473419e+04  -8.905166885257071e+04  -1.413615922022543e+03  -6.262520402785974e+03  -1.722310437108494e-02  -3.717995576114239e-03  -1.958307917681844e-04
  5.200000000000004e-01  -3.007573544503695e+05  -6.721071875016427e+03  -5.083378739423845e+04  -9.322571344804180e+04  -1.459037245430073e+03  -6.319020158950713e+03  -1.797969468528390e-02  -3.909254050694326e-03  -1.747380723121454e-04
  5.250000000000004e-01  -3.148524745988436e+05  -6.204357022990100e+03  -5.248635159420743e+04  -9.753644858676026e+04  -1.463036951110195e+03  -6.377794745502840e+03  -1.874542126898636e-02  -4.115618779369775e-03  -1.513184566220703e-04
  5.300000000000004e-01  -3.291945545395015e+05  -5.726723720078793e+03  -5.408348227206001e+04  -1.020820719841789e+05  -1.460967470063062e+03  -6.322741081405008e+03  -1.951780812582771e-02  -4.329909815445258e-03  -1.330192020671360e-04
  5.350000000000004e-01  -3.441247263435930e+05  -5.432872959978328e+03  -5.582595130516626e+04  -1.066417021793773e+05  -1.392719935399462e+03  -6.360150071108489e+03  -2.031021053261148e-02  -4.563451819690510e-03  -1.098111926399286e-04
  5.400000000000004e-01  -3.596405973255937e+05  -5.328975457348924e+03  -5.764767945378494e+04  -1.113816257442821e+05  -1.289875586264585e+03  -6.339113979106653e+03  -2.112403896360503e-02  -4.815332375102120e-03  -8.253468074938868e-05
  5.450000000000004e-01  -3.758517501433728e+05  -5.421282768193032e+03  -5.955209684810507e+04  -1.163465535570398e+05  -1.165536862070701e+03  -6.232384259191026e+03  -2.196988314251946e-02  -5.083530520510875e-03  -5.358220855243439e-05
  5.500000000000004e-01  -3.929026617763570e+05  -5.615405951663603e+03  -6.143156573731902e+04  -1.214207266609957e+05  -1.115756628556421e+03  -6.061141178260835e+03  -2.287429068701302e-02  -5.343202867416159e-03  -4.505250575900851e-05
  5.550000000000004e-01  -4.105923300893609e+05  -5.918731061828079e+03  -6.339483351920800e+04  -1.268600027963270e+05  -1.016821158225880e+03  -5.837406126928952e+03  -2.379953581413809e-02  -5.634027104730028e-03  -2.879697732278389e-05
  5.600000000000004e-01  -4.289707534094581e+05  -6.187431701190012e+03  -6.527209076319595e+04  -1.325274530695385e+05  -9.789500989720625e+02  -5.634781886655765e+03  -2.475884609458937e-02  -5.928132922417199e-03  -3.182389016987275e-05
  5.650000000000004e-01  -4.480232105207407e+05  -6.378146886315159e+03  -6.703572868561141e+04  -1.383541585607087e+05  -1.016713103262452e+03  -5.535110977036003e+03  -2.574523158217237e-02  -6.222707985527418e-03  -5.785794290833510e-05
  5.700000000000004e-01  -4.677660583699236e+05  -6.464055276250981e+03  -6.870167372916837e+04  -1.441481833240808e+05  -1.178074197183945e+03  -5.528094750345111e+03  -2.676632908679007e-02  -6.511952925059556e-03  -9.689854462494899e-05
  5.750000000000004e-01  -4.884441816035111e+05  -6.583785846097815e+03  -7.041377309580408e+04  -1.501887140423915e+05  -1.359439090309690e+03  -5.636528709511961e+03  -2.780831848885542e-02  -6.814070886199661e-03  -1.468400867821195e-04
  5.800000000000004e-01  -5.101687432595118e+05  -6.772477746632723e+03  -7.229559062107171e+04  -1.562615586791952e+05  -1.576192868010731e+03  -5.823593922743850e+03  -2.888827070374175e-02  -7.122893551759361e-03  -1.895879335992443e-04
  5.850000000000004e-01  -5.335009963527021e+05  -7.121930712725152e+03  -7.437109180517886e+04  -1.623980552941595e+05  -1.926956011013497e+03  -5.830884717441477e+03  -3.005950179594830e-02  -7.444545574608375e-03  -2.087144198889978e-04
  5.900000000000004e-01  -5.581615399716756e+05  -7.886147532896682e+03  -7.703073443569455e+04  -1.687883022029805e+05  -2.105367781441444e+03  -5.784770374058106e+03  -3.129195466711836e-02  -7.794341597028245e-03  -1.954455616273362e-04
  5.950000000000004e-01  -5.841821018511878e+05  -8.996045618502618e+03  -8.011633784991599e+04  -1.754309903735730e+05  -2.211161002497111e+03  -5.507413898402830e+03  -3.261193091907726e-02  -8.171650988090104e-03  -1.467220494616283e-04
  6.000000000000004e-01  -6.114308718498779e+05  -1.036325295375253e+04  -8.354548630076143e+04  -1.823264440060848e+05  -2.253658896225161e+03  -5.024534531249074e+03  -3.400460003417136e-02  -8.573468406635535e-03  -7.031300050993179e-05
  6.050000000000004e-01  -6.398219244016206e+05  -1.175455615332841e+04  -8.688312665005910e+04  -1.894691562930516e+05  -2.399437874663890e+03  -4.328280812937624e+03  -3.547140887101582e-02  -8.979984473136792e-03  3.565091352065889e-06
  6.100000000000004e-01  -6.688992869886950e+05  -1.336195664417531e+04  -9.076458955514700e+04  -1.969902671808729e+05  -2.283360425472429e+03  -3.588136627104662e+03  -3.694929217301584e-02  -9.426987733018999e-03  1.029327841275579e-04
  6.150000000000004e-01  -6.988348355736309e+05  -1.505077391608111e+04  -9.479791065507381e+04  -2.048878212210798e+05  -2.091433075642038e+03  -2.824653429104473e+03  -3.844870588292555e-02  -9.901716378533676e-03  1.967750974193276e-04
  6.200000000000004e-01  -7.294233972138395e+05  -1.677338829864459e+04  -9.882358001469132e+04  -2.132050402317048e+05  -1.837896309513960e+03  -2.111849132475418e+03  -3.995657192839774e-02  -1.040383888867024e-02  2.673070047902433e-04
  6.250000000000004e-01  -7.600589710402432e+05  -1.786475895538348e+04  -1.021269131323274e+05  -2.217731882784399e+05  -1.873069970436517e+03  -1.595868088016058e+03  -4.146572713388583e-02  -1.088670686538950e-02  2.856036940093805e-04
  6.300000000000004e-01  -7.914841431717082e+05  -1.933059764682406e+04  -1.057411509953572e+05  -2.307949459696801e+05  -1.649009737061725e+03  -1.281393190981249e+03  -4.296052825624066e-02  -1.141838077074472e-02  2.742716497832699e-04
  6.350000000000005e-01  -8.232303496819615e+05  -2.061586354133857e+04  -1.089945918153290e+05  -2.400583895184197e+05  -1.480678552669623e+03  -1.250612029050400e+03  -4.444262486181946e-02  -1.195129391903199e-02  2.099207501835766e-04
  6.400000000000005e-01  -8.555023789742772e+05  -2.174328177675862e+04  -1.119940847174956e+05  -2.494817652885166e+05  -1.374942451508366e+03  -1.510862095006072e+03  -4.592794824931089e-02  -1.247966024180948e-02  1.046587950969766e-04
  6.450000000000005e-01  -8.892342621131770e+05  -2.244270192827195e+04  -1.148615264979591e+05  -2.588446649145088e+05  -1.670480836691917e+03  -1.991481065751997e+03  -4.752481409611240e-02  -1.298001549900601e-02  -8.809350748127208e-07
  6.500000000000005e-01  -9.241533138288289e+05  -2.374483049272043e+04  -1.180278698063478e+05  -2.685524794560675e+05  -1.673752000332278e+03  -2.644676782281533e+03  -4.914414599058294e-02  -1.351747843825705e-02  -1.286644797302924e-04
  6.550000000000005e-01  -9.609926885427408e+05  -2.528145097895759e+04  -1.214918043906382e+05  -2.784327285705520e+05  -1.734155839545581e+03  -3.403060043161938e+03  -5.087986355546294e-02  -1.406913664160020e-02  -2.417529900606789e-04
  6.600000000000005e-01  -1.001105360763510e+06  -2.721312018881656e+04  -1.256139897404416e+05  -2.887132137011497e+05  -2.048631391700272e+03  -3.935631919342354e+03  -5.288425496355484e-02  -1.465004125817669e-02  -3.035238376162568e-04
  6.650000000000005e-01  -1.044035585533789e+06  -3.019190298350457e+04  -1.307723748415025e+05  -2.996693905485229e+05  -2.000897304693797e+03  -4.372385402410104e+03  -5.501069408738835e-02  -1.531006157234327e-02  -3.182203760941900e-04
  6.700000000000005e-01  -1.091306147299135e+06  -3.441266413321681e+04  -1.373465643368195e+05  -3.116430937200930e+05  -1.796954505767874e+03  -4.340014340957793e+03  -5.742381206149934e-02  -1.606988263283627e-02  -2.481385905475880e-04
  6.750000000000005e-01  -1.143445879062395e+06  -4.010402946618453e+04  -1.454396427479214e+05  -3.250444472557399e+05  -1.417937071412964e+03  -3.593959231569366e+03  -6.015966170771069e-02  -1.695585409276952e-02  -9.411139946299054e-05
  6.800000000000005e-01  -1.199642389661503e+06  -4.602775191749392e+04  -1.537410866304938e+05  -3.395078783760088e+05  -1.501455768460909e+03  -2.475075290183661e+03  -6.312722517212362e-02  -1.790286190849624e-02  6.054468837173888e-05
  6.850000000000005e-01  -1.260240621109667e+06  -5.375213917970168e+04  -1.638011067684740e+05  -3.558449172299943e+05  -1.004889834474595e+03  -4.717191359315262e+02  -6.635332627657806e-02  -1.901842095740732e-02  3.121455835881408e-04
  6.900000000000005e-01  -1.323809118707724e+06  -6.180636964827546e+04  -1.742121978639681e+05  -3.736589491775017e+05  -5.239535192676483e+02  2.134841464336842e+03  -6.974131804361219e-02  -2.021495527648237e-02  5.677565336931169e-04
  6.950000000000005e-01  -1.389155923296184e+06  -6.952337245737181e+04  -1.845188648303294e+05  -3.927138954308493e+05  -9.234356090224216e+01  5.160082094459962e+03  -7.319957932037929e-02  -2.145024688615063e-02  7.990836399538596e-04
  7.000000000000005e-01  -1.454075242000901e+06  -7.585054027431300e+04  -1.937127577656709e+05  -4.111718615173994e+05  8.719373100763283e+01  7.452580174481767e+03  -7.651061500644925e-02  -2.264872033503874e-02  1.008275555062598e-03
  7.050000000000005e-01  -1.519898429543978e+06  -8.186242766549153e+04  -2.030792815123551e+05  -4.316272874053129e+05  6.280795026242372e+02  1.062004141900754e+04  -7.990854703050292e-02  -2.388541700548225e-02  1.166823789358809e-03
  7.100000000000005e-01  -1.584951886941630e+06  -8.642790686711599e+04  -2.114636987896582e+05  -4.524955699299535e+05  1.138349818446341e+03  1.353153780388537e+04  -8.320185653747803e-02  -2.507497379028660e-02  1.247092793506439e-03
  7.150000000000005e-01  -1.648986731218693e+06  -8.959751061131636e+04  -2.188286388676051e+05  -4.735608995142196e+05  1.655685288094248e+03  1.591361996894641e+04  -8.636306220283407e-02  -2.621420771768647e-02  1.247370130831592e-03
  7.200000000000005e-01  -1.712086812356329e+06  -9.253856137876397e+04  -2.258142362543272e+05  -4.927516447544764e+05  2.412188924086917e+03  1.676998045805068e+04  -8.938466007154561e-02  -2.734120020239193e-02  1.280904438984479e-03
  7.250000000000005e-01  -1.775803073579722e+06  -9.420972501252063e+04  -2.320456443350779e+05  -5.139806088971513e+05  3.060376292701330e+03  1.774999797145902e+04  -9.241290982427490e-02  -2.843734605328611e-02  1.153247457430915e-03
  7.300000000000005e-01  -1.840707388543766e+06  -9.574482079691419e+04  -2.381440457211823e+05  -5.355944033196210e+05  3.735488426283263e+03  1.791959933097012e+04  -9.545683788149222e-02  -2.953817983648040e-02  9.732282948354107e-04
  7.350000000000005e-01  -1.909685430900190e+06  -9.870479616298078e+04  -2.452625954922934e+05  -5.558422956462146e+05  4.308285354913449e+03  1.670462120962700e+04  -9.873240803542246e-02  -3.068009329179500e-02  8.392170701410756e-04
  7.400000000000005e-01  -1.981991605095044e+06  -1.012445875540056e+05  -2.523794719611239e+05  -5.790286546722318e+05  4.617113499610095e+03  1.554206443103160e+04  -1.021803782574083e-01  -3.185830297529945e-02  5.693754333405395e-04
  7.450000000000006e-01  -2.060205550012055e+06  -1.048426936618444e+05  -2.606911714325565e+05  -6.036024401512317e+05  4.626887951569708e+03  1.393002045801793e+04  -1.059961319400803e-01  -3.309170727660466e-02  2.701230659297020e-04
  7.500000000000006e-01  -2.145953768744324e+06  -1.097811403936324e+05  -2.705616801185682e+05  -6.298695489009728e+05  4.202444343503358e+03  1.200492760959483e+04  -1.102958454054309e-01  -3.439214413286103e-02  -5.903789270523551e-05
  7.550000000000006e-01  -2.243468720340554e+06  -1.179990893596062e+05  -2.834896106641068e+05  -6.565606243140104e+05  3.257163285163588e+03  9.135667367262182e+03  -1.153002969944582e-01  -3.592383885874128e-02  -3.168995295083403e-04
  7.600000000000006e-01  -2.348217033561919e+06  -1.267730284034131e+05  -2.976509744012463e+05  -6.873710269457619e+05  1.907548918236781e+03  6.826911443296830e+03  -1.207810461291949e-01  -3.750901953499780e-02  -6.760210277850077e-04
  7.650000000000006e-01  -2.463954053523031e+06  -1.382667222028151e+05  -3.146052078027548e+05  -7.207582798172978e+05  2.671196564632307e+02  4.418304721887480e+03  -1.269473395398026e-01  -3.928159603423286e-02  -1.027232437214836e-03
  7.700000000000006e-01  -2.591189966991629e+06  -1.530163657676316e+05  -3.346774334971532e+05  -7.569627487847317e+05  -1.466991019748500e+03  1.952377959169816e+03  -1.338209670698831e-01  -4.130132942718005e-02  -1.347589631834385e-03
  7.750000000000006e-01  -2.731787929060273e+06  -1.720359578955553e+05  -3.585301641377523e+05  -7.961755182928751e+05  -3.387687576567434e+03  -1.052339048261706e+03  -1.414256216580442e-01  -4.382876443026344e-02  -1.536310972908565e-03
  7.800000000000006e-01  -2.881134783203727e+06  -1.937942701705925e+05  -3.847710510474791e+05  -8.392773975431317e+05  -4.873230519870652e+03  -3.353004823943668e+03  -1.496276329199350e-01  -4.648794301553629e-02  -1.752956007410266e-03
  7.850000000000006e-01  -3.040917788483885e+06  -2.197048797453591e+05  -4.141311440441560e+05  -8.858310591116899e+05  -5.776974435180467e+03  -5.500717816047591e+03  -1.584497114644712e-01  -4.952495705660900e-02  -1.879091661108339e-03
  7.900000000000006e-01  -3.210025820058129e+06  -2.495937829311055e+05  -4.460538717371803e+05  -9.360147008942140e+05  -5.986450178468068e+03  -7.325468074982667e+03  -1.678225086553817e-01  -5.295303616166963e-02  -1.912554533123794e-03
  7.950000000000006e-01  -3.387036610522268e+06  -2.797550598475901e+05  -4.785659540014674e+05  -9.904805818590750e+05  -6.869102527038738e+03  -9.223773363604469e+03  -1.775840296838275e-01  -5.674051107850626e-02  -1.891096627750875e-03
  8.000000000000006e-01  -3.569269426896190e+06  -3.138451449631942e+05  -5.122853306758919e+05  -1.047542318348706e+06  -6.182242426786312e+03  -1.029103937882172e+04  -1.877041186215672e-01  -6.072362025576410e-02  -1.829449416321232e-03
  8.050000000000006e-01  -3.755021662474517e+06  -3.484520812624121e+05  -5.452363663345120e+05  -1.107280360625043e+06  -5.095746494614071e+03  -1.106555434786081e+04  -1.979972165715686e-01  -6.489012325340343e-02  -1.739591873426263e-03
  8.100000000000006e-01  -3.942170426589950e+06  -3.777131029279421e+05  -5.757076174802522e+05  -1.169244020146628e+06  -5.010350287709561e+03  -1.220597214141943e+04  -2.082769801219349e-01  -6.905006906245571e-02  -1.624140572384401e-03
  8.150000000000006e-01  -4.127886815702871e+06  -4.082918067187858e+05  -6.040034442748738e+05  -1.232040791971856e+06  -3.354078123133086e+03  -1.283407285953321e+04  -2.184621698537941e-01  -7.322749833960635e-02  -1.515557433918211e-03
  8.200000000000006e-01  -4.310146492393744e+06  -4.348281544865345e+05  -6.282503910558814e+05  -1.295324277245950e+06  -1.535630885183236e+03  -1.359698233442835e+04  -2.283868046015484e-01  -7.728490282156732e-02  -1.416195282788986e-03
  8.250000000000006e-01  -4.486689371514532e+06  -4.557299283236243e+05  -6.474158885359638e+05  -1.358070940544333e+06  2.897740958492202e+02  -1.493087994465137e+04  -2.378871763739306e-01  -8.110987838352433e-02  -1.345232794222011e-03
  8.300000000000006e-01  -4.658320524642867e+06  -4.656872806904107e+05  -6.621318427293062e+05  -1.419804960984889e+06  1.363324695244303e+03  -1.643040847482001e+04  -2.470305839266576e-01  -8.451223379541523e-02  -1.224966041075384e-03
  8.350000000000006e-01  -4.819939817376336e+06  -4.726625974456034e+05  -6.704841366159271e+05  -1.479273115442848e+06  3.463684778923442e+03  -1.927718000041830e+04  -2.554253686518311e-01  -8.767002221331535e-02  -1.173705282779431e-03
  8.400000000000006e-01  -4.972304262887348e+06  -4.715732734838461e+05  -6.730080152178813e+05  -1.535919205356550e+06  5.628266024516050e+03  -2.357527148253672e+04  -2.631470528731923e-01  -9.043874939345058e-02  -1.110490998020319e-03
  8.450000000000006e-01  -5.115909934494194e+06  -4.622760812662620e+05  -6.698207977852479e+05  -1.589864122556362e+06  7.742111644690453e+03  -2.898570635004795e+04  -2.702837016771620e-01  -9.281384320947236e-02  -1.022897987955618e-03
  8.500000000000006e-01  -5.256588539666257e+06  -4.408218723207230e+05  -6.626230900959296e+05  -1.643990289520505e+06  9.208775774131060e+03  -3.223690585846589e+04  -2.773286157329661e-01  -9.471002428855654e-02  -9.080308895114155e-04
  8.550000000000006e-01  -5.385517652313823e+06  -4.145299378381766e+05  -6.481641817711906e+05  -1.693931311629141e+06  1.070928513778266e+04  -3.855974736618294e+04  -2.835164992810583e-01  -9.627306069012836e-02  -8.274921977027634e-04
  8.600000000000007e-01  -5.507730935592913e+06  -3.790909511220210e+05  -6.279426135062200e+05  -1.741915145654448e+06  1.133226427133483e+04  -4.536283755679505e+04  -2.893024000394386e-01  -9.740855839701767e-02  -7.658272594376846e-04
  8.650000000000007e-01  -5.624091567151574e+06  -3.348146172645545e+05  -6.026393487416256e+05  -1.788203777833387e+06  1.104435739718921e+04  -5.253692071967820e+04  -2.947196347246822e-01  -9.815206448775766e-02  -7.115364316907598e-04
  8.700000000000007e-01  -5.742761367895558e+06  -2.831455267593557e+05  -5.768754514398760e+05  -1.838249754860119e+06  1.137823635867539e+04  -5.629351535207695e+04  -3.002530718655278e-01  -9.882435050490353e-02  -6.361866538954788e-04
  8.750000000000007e-01  -5.852239067771745e+06  -2.262420130007049e+05  -5.451398740543431e+05  -1.883899488997720e+06  1.023582838949824e+04  -6.325269501554035e+04  -3.051397044923541e-01  -9.915305207667284e-02  -5.295913906428448e-04
  8.800000000000007e-01  -5.960174718057579e+06  -1.644029033882482e+05  -5.113975008694275e+05  -1.930431711690503e+06  8.435533974355238e+03  -6.937097123097384e+04  -3.099503143010074e-01  -9.940100526179783e-02  -3.698785395615843e-04
  8.850000000000007e-01  -6.068309319117733e+06  -9.913519863222698e+04  -4.764883229311180e+05  -1.979104802801721e+06  5.926462714790441e+03  -7.400354583698680e+04  -3.148100708355162e-01  -9.968301277842653e-02  -1.570596116598130e-04
  8.900000000000007e-01  -6.182252486821333e+06  -3.560137181706032e+04  -4.439273427698535e+05  -2.037192190115563e+06  5.534750618600929e+03  -7.458005627855205e+04  -3.199657329865035e-01  -1.005482625414469e-01  -7.080231372933352e-06
  8.950000000000007e-01  -6.293253472171586e+06  3.131776316081034e+04  -4.080369732028471e+05  -2.093333758068536e+06  2.008132306339999e+03  -7.561136781784751e+04  -3.249809792762547e-01  -1.012090354174827e-01  2.543833176949383e-04
  9.000000000000007e-01  -6.406821800873712e+06  9.748826185542274e+04  -3.724201208535716e+05  -2.154017468035544e+06  -2.092470642498607e+03  -7.442975404654138e+04  -3.301110467186469e-01  -1.021839254487319e-01  5.559408492260756e-04
  9.050000000000007e-01  -6.523027805643916e+06  1.562205853198205e+05  -3.400452556940816e+05  -2.225156729686915e+06  -2.755181788022634e+03  -7.108442927755958e+04  -3.352621867099241e-01  -1.041263554669023e-01  7.442316904658986e-04
  9.100000000000007e-01  -6.640211542182459e+06  2.148863897068981e+05  -3.067196234294135e+05  -2.295513482286469e+06  -6.549160179883086e+03  -6.681660296102443e+04  -3.403252290012184e-01  -1.060438844600783e-01  1.161751507550709e-03
  9.150000000000007e-01  -6.759983953454320e+06  2.675352403181668e+05  -2.754411745685375e+05  -2.371430764438943e+06  -9.951679069418611e+03  -6.073627746039364e+04  -3.453968049316661e-01  -1.086177067914461e-01  1.659450342279203e-03
  9.200000000000007e-01  -6.881072087047826e+06  3.132491532068230e+05  -2.461696104364069e+05  -2.453134363822487e+06  -1.276977894300217e+04  -5.354267954219502e+04  -3.504363998489669e-01  -1.119078085050603e-01  2.219262742642177e-03
  9.250000000000007e-01  -6.997858019581089e+06  3.453462768879565e+05  -2.200677084082556e+05  -2.545134868047296e+06  -1.138551239650265e+04  -4.669579493459845e+04  -3.551022572979549e-01  -1.163885585930048e-01  2.516122612749262e-03
  9.300000000000007e-01  -7.117484562570827e+06  3.735608166738585e+05  -1.947546497152542e+05  -2.638064600333032e+06  -1.282814727710792e+04  -3.831765155498464e+04  -3.597819254814825e-01  -1.212163254865411e-01  3.126626136023292e-03
  9.350000000000007e-01  -7.236483385320423e+06  3.921056505683551e+05  -1.714541618275596e+05  -2.736809349999534e+06  -1.388805281259800e+04  -2.893022396531154e+04  -3.642542492367405e-01  -1.269009074904509e-01  3.716028240489157e-03
  9.400000000000007e-01  -7.354902301511207e+06  4.006053210517393e+05  -1.499522444081374e+05  -2.841400862960965e+06  -1.479574298476617e+04  -1.823743331577908e+04  -3.684957327954807e-01  -1.334230851979298e-01  4.256157717463393e-03
  9.450000000000007e-01  -7.461468847921830e+06  3.944008189697184e+05  -1.296341401292555e+05  -2.955088104871047e+06  -1.175292588136699e+04  -8.091762812332297e+03  -3.721228884766827e-01  -1.408359205321540e-01  4.424797849581255e-03
  9.500000000000007e-01  -7.575147190704322e+06  3.830248794163283e+05  -1.104935437637972e+05  -3.069965994180165e+06  -1.242114179287022e+04  4.539392722981950e+03  -3.757641489296830e-01  -1.487757339457868e-01  4.844458541259007e-03
  9.550000000000007e-01  -7.684840512217117e+06  3.623476349520903e+05  -9.242185134776427e+04  -3.189579904695664e+06  -1.258563621211221e+04  1.684565628767459e+04  -3.791085091744774e-01  -1.573453190131809e-01  5.181708630363014e-03
  9.600000000000007e-01  -7.788646437769589e+06  3.326165307876365e+05  -7.518286637810277e+04  -3.313173093364726e+06  -1.217162537898132e+04  2.807105779608721e+04  -3.820430506409115e-01  -1.664771858481132e-01  5.385734286211305e-03
  9.650000000000007e-01  -7.873324842522009e+06  2.904562254467056e+05  -5.709106974504232e+04  -3.439991477007123e+06  -8.556948726543711e+03  3.672205380339789e+04  -3.839249233920776e-01  -1.760850703146956e-01  5.221025774723781e-03
  9.700000000000008e-01  -7.963464086280941e+06  2.434959401993541e+05  -3.973306339552871e+04  -3.567834909389474e+06  -8.231465900238556e+03  4.608031195103586e+04  -3.857207238021267e-01  -1.861471589508215e-01  5.161711670985236e-03
  9.750000000000008e-01  -8.046284586342417e+06  1.879806547875096e+05  -2.222845352697662e+04  -3.697206465906067e+06  -7.890538795075254e+03  5.466187790894780e+04  -3.868437767855182e-01  -1.966301178301718e-01  4.947285058137229e-03
  9.800000000000008e-01  -8.107751037188007e+06  1.226908249160879e+05  -2.686124138768172e+03  -3.826260603745455e+06  -5.197901983191860e+03  6.123420397422442e+04  -3.867785065787981e-01  -2.072396290866477e-01  4.502838659021172e-03
  9.850000000000008e-01  -8.174522095843643e+06  5.183391718432366e+04  1.601464057421965e+04  -3.956187845198006e+06  -5.205421906024836e+03  6.864116779643457e+04  -3.865996266267800e-01  -2.182899703242997e-01  4.129578775097616e-03
  9.900000000000008e-01  -8.233895120219515e+06  -2.656243232941188e+04  3.444981922779349e+04  -4.086016678091247e+06  -4.917559878328701e+03  7.514980571504288e+04  -3.858135890334867e-01  -2.295629847619638e-01  3.687641594661404e-03
  9.950000000000008e-01  -8.286161330296822e+06  -1.122614772273613e+05  5.209264223855564e+04  -4.215673454398856e+06  -3.882847375473596e+03  8.046772642548339e+04  -3.845354953156888e-01  -2.409858215851247e-01  3.245863134094932e-03
  1.000000000000001e+00  -8.329421181700454e+06  -2.045956279810493e+05  6.909035402887414e+04  -4.345336260695301e+06  -1.636032515178738e+03  8.417654351275727e+04  -3.829273991097241e-01  -2.524306353086039e-01  2.867105429834386e-03
  1.005000000000001e+00  -8.352795058503401e+06  -3.018964356696132e+05  8.835404050566630e+04  -4.473175099104424e+06  1.107779282623513e+03  8.792948761129830e+04  -3.804789680105550e-01  -2.634147024350860e-01  2.588560839990309e-03
  1.010000000000000e+00  -8.383410361073438e+06  -4.063447301323595e+05  1.036268694723253e+05  -4.601359367724111e+06  4.512202467426119e+03  8.905372978255953e+04  -3.784180216344097e-01  -2.748749022104562e-01  2.302427311718669e-03
  1.015000000000000e+00  -8.406888720834935e+06  -5.155657282342422e+05  1.190053541844977e+05  -4.727975361385148e+06  8.009439303772014e+03  8.928612254417919e+04  -3.760325342965387e-01  -2.861794622495348e-01  1.973372997237866e-03
  1.020000000000000e+00  -8.411287376251103e+06  -6.272400634210382e+05  1.376513480956246e+05  -4.848185145284098e+06  1.071594737741079e+04  9.121936757851925e+04  -3.723211566269869e-01  -2.967224535986966e-01  1.814878889248735e-03
  1.025000000000000e+00  -8.422315613107251e+06  -7.429185325308656e+05  1.540318013413153e+05  -4.966565064553529e+06  1.337646751281042e+04  8.997083152890761e+04  -3.691020840398877e-01  -3.074831872506097e-01  1.473273279582630e-03
  1.030000000000000e+00  -8.426907505829485e+06  -8.612868516870202e+05  1.703799385813162e+05  -5.079367961990102e+06  1.590967825029928e+04  8.814449486557560e+04  -3.652316669267404e-01  -3.178586890033244e-01  1.126056818587056e-03
  1.035000000000000e+00  -8.425096358862054e+06  -9.824014437255249e+05  1.861521626599789e+05  -5.185898440972060e+06  1.877172899509752e+04  8.583453937117931e+04  -3.607025429019443e-01  -3.278281792461788e-01  8.177784715382336e-04
  1.040000000000000e+00  -8.411289609657504e+06  -1.105409566866915e+06  2.046637703023826e+05  -5.281342510703196e+06  2.044421559904415e+04  8.475281224252723e+04  -3.552613770815957e-01  -3.370550701685791e-01  9.552244112175272e-04
  1.045000000000000e+00  -8.399059865109751e+06  -1.230797225128946e+06  2.189903052215630e+05  -5.374767506939678e+06  2.373213666521634e+04  8.115626842350046e+04  -3.501042008384104e-01  -3.461956017191441e-01  7.765770472855679e-04
  1.050000000000000e+00  -8.380197043279556e+06  -1.357743603785645e+06  2.322552043910765e+05  -5.462451587457669e+06  2.740430919387172e+04  7.729253732499077e+04  -3.447511315717461e-01  -3.548437218865780e-01  6.216229889818772e-04
  1.054999999999999e+00  -8.355774436574371e+06  -1.485565507303654e+06  2.448696202610967e+05  -5.544553264569412e+06  3.084122676304521e+04  7.340304875735844e+04  -3.393466313994882e-01  -3.629564549198050e-01  4.492961612199546e-04
  1.059999999999999e+00  -8.328884549332608e+06  -1.612808789242314e+06  2.623816313193914e+05  -5.617036462563997e+06  2.991426884657954e+04  7.204792338505594e+04  -3.337220479394118e-01  -3.702504314297306e-01  6.656662426803390e-04
  1.064999999999999e+00  -8.299189584821416e+06  -1.740884897231339e+06  2.741195993266474e+05  -5.688123722514916e+06  3.157321851860338e+04  6.804962404699779e+04  -3.285208803334164e-01  -3.772236514378258e-01  3.809307613486669e-04
  1.069999999999999e+00  -8.267619865957264e+06  -1.869511282139512e+06  2.851614665852399e+05  -5.753343534391953e+06  3.261917035117742e+04  6.371989663840705e+04  -3.233414891153266e-01  -3.836312314080105e-01  9.470243423976916e-05
  1.074999999999999e+00  -8.235237700628947e+06  -1.999394908730991e+06  2.949030998711673e+05  -5.812734490281583e+06  3.335887987832000e+04  5.913553726237934e+04  -3.181861146656651e-01  -3.895369695139929e-01  -1.308736744116998e-04
  1.079999999999999e+00  -8.208793100770343e+06  -2.130886547250061e+06  3.071248687241685e+05  -5.862309746066905e+06  3.003279183566072e+04  5.636069454638176e+04  -3.128549836871620e-01  -3.947648336835392e-01  4.706616386833933e-05
  1.084999999999999e+00  -8.176856503686240e+06  -2.262991032546708e+06  3.124766551268609e+05  -5.909502300352142e+06  3.071904246284423e+04  5.080945930849957e+04  -3.078253798047385e-01  -3.997436764993473e-01  -1.015325595758286e-04
  1.089999999999999e+00  -8.144463260140041e+06  -2.395332586586096e+06  3.163371183064579e+05  -5.949785299119254e+06  3.139943986362196e+04  4.530138954118161e+04  -3.026747795810250e-01  -4.042061997590836e-01  -1.815108570787523e-04
  1.094999999999999e+00  -8.119912045054854e+06  -2.527431175475106e+06  3.225661971902349e+05  -5.978733443406930e+06  2.815970367326877e+04  4.074907078919179e+04  -2.972511216793369e-01  -4.078900914337612e-01  6.690054095735775e-05
  1.099999999999999e+00  -8.085428798198040e+06  -2.655858598124548e+06  3.237100308652108e+05  -6.002877088500780e+06  2.889103467049831e+04  3.394535981872815e+04  -2.917652577943599e-01  -4.111828474352802e-01  -1.237781681502262e-05
  1.104999999999998e+00  -8.047303896078235e+06  -2.781161911676997e+06  3.243473967253162e+05  -6.018383125910024e+06  3.010161998417920e+04  2.667815201472647e+04  -2.859360629740473e-01  -4.138255948487760e-01  -6.606253605773888e-05
  1.109999999999998e+00  -8.005099058030733e+06  -2.902959937078517e+06  3.245058911297892e+05  -6.026315339934136e+06  3.183677405368247e+04  1.950023791249576e+04  -2.799581285771937e-01  -4.158261377856512e-01  -1.202327186228525e-04
  1.114999999999998e+00  -7.976249583152706e+06  -3.021326804328184e+06  3.265564105082546e+05  -6.024642608268829e+06  2.833385666629842e+04  1.223675221422656e+04  -2.745237758883425e-01  -4.171196825954180e-01  5.737508971187721e-05
  1.119999999999998e+00  -7.928066347275412e+06  -3.133855858722718e+06  3.252913500769309e+05  -6.020578863399002e+06  2.996413819126840e+04  5.851231989842665e+03  -2.687216272115358e-01  -4.178227246990224e-01  -1.361048288279113e-04
  1.124999999999998e+00  -7.876938204515019e+06  -3.241992640971072e+06  3.239364391215255e+05  -6.011456074944246e+06  3.117798536295270e+04  6.468865952359371e+02  -2.630808440515920e-01  -4.178445473448311e-01  -3.793719597112728e-04
  1.129999999999998e+00  -7.824992213632047e+06  -3.346511513681653e+06  3.221352734603017e+05  -5.997252433206064e+06  3.168424692896041e+04  -3.547872185161961e+03  -2.575874984734479e-01  -4.172466228432192e-01  -6.495574009939895e-04
  1.134999999999998e+00  -7.795125834820613e+06  -3.448337929776553e+06  3.206537328110328e+05  -5.974604973613346e+06  2.662375293152248e+04  -9.350333714913915e+03  -2.528259670872772e-01  -4.161639174317255e-01  -7.137723974793222e-04
  1.139999999999998e+00  -7.745998954182540e+06  -3.547747795026609e+06  3.162575767420768e+05  -5.950419593243115e+06  2.628075749566636e+04  -1.231108257316217e+04  -2.474069365770214e-01  -4.145574814452212e-01  -1.015698546131297e-03
  1.144999999999998e+00  -7.700462963133355e+06  -3.645712853047336e+06  3.111925042846684e+05  -5.920865570123432e+06  2.539658152717729e+04  -1.432270205247009e+04  -2.420347834950388e-01  -4.125549479965366e-01  -1.238923264501943e-03
  1.149999999999997e+00  -7.659637281161644e+06  -3.742432197075516e+06  3.054151490449579e+05  -5.886006815130119e+06  2.417921708347158e+04  -1.540390639742788e+04  -2.367649077555821e-01  -4.102143658771305e-01  -1.372376224322153e-03
  1.154999999999997e+00  -7.637967175845298e+06  -3.837065459901790e+06  2.990038104997509e+05  -5.843689575946850e+06  1.989870469083197e+04  -1.974387445433217e+04  -2.322737922400097e-01  -4.075404660317517e-01  -1.451831745599448e-03
  1.159999999999997e+00  -7.601199783924251e+06  -3.928445241495155e+06  2.921571821704959e+05  -5.798574800893525e+06  1.876621150404519e+04  -2.002027700286156e+04  -2.270546244611083e-01  -4.044815454551184e-01  -1.581344535177232e-03
  1.164999999999997e+00  -7.566324225016169e+06  -4.015990205749511e+06  2.850887673522861e+05  -5.748008269324674e+06  1.750644445101718e+04  -2.011312311207607e+04  -2.219615982843466e-01  -4.010680367406655e-01  -1.662315904356522e-03
  1.169999999999997e+00  -7.546642674815437e+06  -4.099112103405949e+06  2.764736300694853e+05  -5.692267533529464e+06  1.412452253727768e+04  -2.419052696041370e+04  -2.180933383064753e-01  -3.972280621928803e-01  -1.880774045750237e-03
  1.174999999999997e+00  -7.511794588887654e+06  -4.175794875715224e+06  2.689909552384957e+05  -5.635243958184703e+06  1.262104992414943e+04  -2.284723833428017e+04  -2.134343178690025e-01  -3.930005640704874e-01  -2.019779172576596e-03
  1.179999999999997e+00  -7.477948951338815e+06  -4.247103287639052e+06  2.610724616604975e+05  -5.575900421872579e+06  1.112652992782031e+04  -2.102063493898181e+04  -2.091725619216905e-01  -3.883634489415680e-01  -2.049660781876081e-03
  1.184999999999997e+00  -7.446638321425602e+06  -4.314051509135859e+06  2.517685620560038e+05  -5.515371731419359e+06  9.987336924234902e+03  -1.869347260001969e+04  -2.054161176362610e-01  -3.833700854658270e-01  -1.931679354373206e-03
  1.189999999999997e+00  -7.428883065396163e+06  -4.375993591345571e+06  2.376021890330729e+05  -5.454772892976340e+06  8.467532386764242e+03  -2.035548515328939e+04  -2.029323655557176e-01  -3.780305792754721e-01  -2.149475433776139e-03
  1.194999999999997e+00  -7.405102409393325e+06  -4.436361882522655e+06  2.244272770050144e+05  -5.393915019889261e+06  8.200102093206118e+03  -1.646628327401932e+04  -1.998292944037177e-01  -3.724840924816051e-01  -1.820617494442368e-03
  1.199999999999996e+00  -7.387555686171107e+06  -4.494606326735908e+06  2.088765107708115e+05  -5.331687194501017e+06  8.246885506519522e+03  -1.319920578101646e+04  -1.970005111232350e-01  -3.667200645773591e-01  -1.395416072024069e-03
  1.204999999999996e+00  -7.376674172664091e+06  -4.551256442207646e+06  1.905306837841954e+05  -5.267926524819365e+06  8.542001675773594e+03  -1.066686767933779e+04  -1.943491780057804e-01  -3.608038982394238e-01  -9.287498136998269e-04
  1.209999999999996e+00  -7.374549289414391e+06  -4.603076544089037e+06  1.668439940474064e+05  -5.204937789941253e+06  9.026360870649589e+03  -1.189126148890716e+04  -1.924756552745962e-01  -3.546450548985692e-01  -1.019877780696342e-03
  1.214999999999996e+00  -7.372124371723794e+06  -4.655391207784354e+06  1.453790223503768e+05  -5.139946105813594e+06  9.375722377963422e+03  -8.824060603995109e+03  -1.900407542817431e-01  -3.484271578631303e-01  -6.000154865592840e-04
  1.219999999999996e+00  -7.373108246394370e+06  -4.705184837497013e+06  1.226485004769314e+05  -5.074259605122718e+06  9.826682047367800e+03  -6.232466537063024e+03  -1.879150478671648e-01  -3.420769858891821e-01  -2.844583507871528e-04
  1.224999999999996e+00  -7.376902761569429e+06  -4.752054132746834e+06  9.888129376709883e+04  -5.008281197369421e+06  1.016367116665126e+04  -4.326605122537680e+03  -1.861556160028171e-01  -3.356064844079626e-01  -1.076444135349816e-04
  1.229999999999996e+00  -7.382260855581562e+06  -4.793890965284478e+06  7.144578393338977e+04  -4.945026630324841e+06  1.151436231066750e+04  -4.850893106079812e+03  -1.850665358899121e-01  -3.289835504880398e-01  -5.158564703323994e-04
  1.234999999999996e+00  -7.390184984808099e+06  -4.834656381039364e+06  4.790800471412669e+04  -4.879043926721575e+06  1.068057627861624e+04  -3.336194769507336e+03  -1.837594849260641e-01  -3.223623754391329e-01  -6.337437266948937e-04
  1.239999999999996e+00  -7.401164917861690e+06  -4.872055556634027e+06  2.434951780746270e+04  -4.813054584945083e+06  8.535941156443341e+03  -1.799193859435727e+03  -1.826769295463416e-01  -3.157051294194577e-01  -9.652285214318148e-04
  1.244999999999995e+00  -7.412472856840553e+06  -4.904900030545361e+06  -3.130965523480385e+03  -4.749290092520636e+06  8.073042453417037e+03  -1.948024731142733e+03  -1.819074503907424e-01  -3.089975288100909e-01  -1.748819926855149e-03
  1.249999999999995e+00  -7.429538647522837e+06  -4.936999118608933e+06  -2.697273775234742e+04  -4.683051850340805e+06  3.997673563548695e+03  4.645512800244688e+02  -1.807799199272410e-01  -3.023289251855808e-01  -2.197798250069971e-03
  1.254999999999995e+00  -7.449895735882066e+06  -4.966551019430172e+06  -5.200522423333032e+04  -4.617245240838234e+06  -1.067188535052100e+02  2.937092091594063e+03  -1.796188780430531e-01  -2.956824956511208e-01  -2.566243296893649e-03
  1.259999999999995e+00  -7.472122093157043e+06  -4.993515210987858e+06  -7.839292938575451e+04  -4.552577772783934e+06  -3.490490222586076e+03  5.134115323624350e+03  -1.785133516780597e-01  -2.890409491347339e-01  -2.810897575920628e-03
  1.264999999999995e+00  -7.489181778845930e+06  -5.017307136447241e+06  -1.087425328198856e+05  -4.491076715393476e+06  -3.138984228147972e+03  5.418695746525920e+03  -1.776015886571417e-01  -2.823784065378458e-01  -3.285560082211368e-03
  1.269999999999995e+00  -7.512857327667041e+06  -5.040836733418221e+06  -1.371104026284330e+05  -4.428832135170718e+06  -4.560364616023404e+03  7.216191623448768e+03  -1.765494699423493e-01  -2.758827140642897e-01  -3.301478773550227e-03
  1.274999999999995e+00  -7.537550273900675e+06  -5.062891917434027e+06  -1.667954216258388e+05  -4.367506096960442e+06  -4.799821747914492e+03  8.310508623247850e+03  -1.755279268156076e-01  -2.695041489608315e-01  -3.314960635126640e-03
  1.279999999999995e+00  -7.562626944697631e+06  -5.082817847207330e+06  -1.967866757920011e+05  -4.306997782870910e+06  -4.277060040124291e+03  8.842207238943569e+03  -1.744888916766705e-01  -2.632094605576891e-01  -3.386656751704684e-03
  1.284999999999995e+00  -7.578550606852258e+06  -5.098933975867612e+06  -2.272037418405580e+05  -4.249285195759204e+06  -1.817506873894233e+03  9.413282583347633e+03  -1.734394426216829e-01  -2.570161851171106e-01  -3.632567938032245e-03
  1.289999999999994e+00  -7.601695896099336e+06  -5.112647664081675e+06  -2.552958879247010e+05  -4.190308872839038e+06  -8.061406785780496e+02  9.182796790209621e+03  -1.723778387731373e-01  -2.508100591795984e-01  -3.718134221495539e-03
  1.294999999999994e+00  -7.623532594763472e+06  -5.123112180072215e+06  -2.831962511768269e+05  -4.132372267327291e+06  5.890510948969949e+02  8.291482608648821e+03  -1.713331988413765e-01  -2.446198469934601e-01  -3.804150844082575e-03
  1.299999999999994e+00  -7.644337476278379e+06  -5.130485522297558e+06  -3.112258007054344e+05  -4.075601557631890e+06  2.188810567463084e+03  6.885517126160710e+03  -1.703256107502358e-01  -2.384665437127395e-01  -3.855462969091034e-03
  1.304999999999994e+00  -7.657037989184959e+06  -5.134931491625153e+06  -3.403904727845322e+05  -4.021263327423738e+06  5.047414145159950e+03  6.877555077365965e+03  -1.693211948076550e-01  -2.326166327747637e-01  -3.824470139500330e-03
  1.309999999999994e+00  -7.677219539564611e+06  -5.136205342933577e+06  -3.679225463047820e+05  -3.967108695760329e+06  6.152547260848451e+03  5.609418293276461e+03  -1.684934822510357e-01  -2.265012236613815e-01  -3.816453493616138e-03
  1.314999999999994e+00  -7.696797192049084e+06  -5.133291217256270e+06  -3.950109833130172e+05  -3.915101381066907e+06  6.452856497661699e+03  4.588507762903274e+03  -1.678488169287201e-01  -2.203493095910843e-01  -3.843534782691900e-03
  1.319999999999994e+00  -7.715888862714045e+06  -5.126197828839897e+06  -4.219270563345125e+05  -3.865484827107653e+06  5.720929648448577e+03  3.683814776420840e+03  -1.674150826588731e-01  -2.141759721635981e-01  -3.893329105611499e-03
  1.324999999999994e+00  -7.728505649244584e+06  -5.117155436574693e+06  -4.488629496785654e+05  -3.818299628347506e+06  5.388316682104632e+03  5.200259910383580e+03  -1.668809967575453e-01  -2.083568181074097e-01  -3.818194282026963e-03
  1.329999999999994e+00  -7.749222308087983e+06  -5.104632864852641e+06  -4.762636084720469e+05  -3.772906271346809e+06  2.711338318301290e+03  4.183148973473910e+03  -1.667709919778578e-01  -2.022819309296333e-01  -3.848317348529388e-03
  1.334999999999994e+00  -7.771881822502673e+06  -5.090936680004622e+06  -5.049335470213986e+05  -3.729503089093711e+06  -7.180759994775298e+02  2.881615011281136e+03  -1.667204244757520e-01  -1.963962421054695e-01  -3.851676794984443e-03
  1.339999999999993e+00  -7.790325833069349e+06  -5.077543604495190e+06  -5.331090615612400e+05  -3.687367323553087e+06  -3.491635477307191e+03  4.162803777756597e+03  -1.662165980514021e-01  -1.910372545581661e-01  -3.629635419305260e-03
  1.344999999999993e+00  -7.818451730065607e+06  -5.064179180865441e+06  -5.638715341753497e+05  -3.646744508629311e+06  -7.554621229074157e+03  2.277948471606304e+03  -1.660792592823316e-01  -1.855992865276179e-01  -3.524311892621726e-03
  1.349999999999993e+00  -7.848818514279815e+06  -5.051205283985146e+06  -5.951922537771210e+05  -3.607931375982092e+06  -1.171388767118624e+04  3.850363186332812e+02  -1.658628150352999e-01  -1.804310435515597e-01  -3.362654643770538e-03
  1.354999999999993e+00  -7.881015541211818e+06  -5.038678399818726e+06  -6.265613181310194e+05  -3.570703267964574e+06  -1.589749802670997e+04  -1.420344221289708e+03  -1.655243060016255e-01  -1.755279279146368e-01  -3.150772694960607e-03
  1.359999999999993e+00  -7.906318473422006e+06  -5.026153041632461e+06  -6.558125229356699e+05  -3.533633034297452e+06  -1.889967284090818e+04  -1.403040456115067e+03  -1.647183981114094e-01  -1.710367581596558e-01  -2.774812477356114e-03
  1.364999999999993e+00  -7.939872404840153e+06  -5.014114896824809e+06  -6.864730161151071e+05  -3.498487512720248e+06  -2.275261728418658e+04  -3.486307522229103e+03  -1.641824067498473e-01  -1.665215535100134e-01  -2.554718896432144e-03
  1.369999999999993e+00  -7.972510726670427e+06  -5.001549041983027e+06  -7.163604060007615e+05  -3.464586782579522e+06  -2.633026749684263e+04  -5.256797792454106e+03  -1.635527562567301e-01  -1.621815339784076e-01  -2.323711610245585e-03
  1.374999999999993e+00  -8.002925254122977e+06  -4.987975214774632e+06  -7.455858118037855e+05  -3.432269452459984e+06  -2.934593844739161e+04  -6.486840027359428e+03  -1.629439598425377e-01  -1.579647798276440e-01  -2.072832220466524e-03
  1.379999999999993e+00  -8.023659247866859e+06  -4.973384347669258e+06  -7.738297458283545e+05  -3.400680419336322e+06  -3.090967919915851e+04  -6.381059790778035e+03  -1.623254065507088e-01  -1.539560642815428e-01  -1.742591832803627e-03
  1.384999999999992e+00  -8.049109569004174e+06  -4.957912208352913e+06  -8.025245949912014e+05  -3.371902179675572e+06  -3.249614647825273e+04  -6.301723616748725e+03  -1.620418409169087e-01  -1.499206247498133e-01  -1.447435695866693e-03
  1.389999999999992e+00  -8.071707547200960e+06  -4.941907281247725e+06  -8.307847641801424e+05  -3.345048446406264e+06  -3.310466328072453e+04  -5.456794192658494e+03  -1.619837649717052e-01  -1.460115663746569e-01  -1.102639428452371e-03
  1.394999999999992e+00  -8.091834907496635e+06  -4.926001234251942e+06  -8.588225100763557e+05  -3.319942376141364e+06  -3.286059517584438e+04  -4.253231611757071e+03  -1.621698564965340e-01  -1.422585884137020e-01  -7.526569759234355e-04
  1.399999999999992e+00  -8.106160826763459e+06  -4.910396008260539e+06  -8.863738146571374e+05  -3.295387223613085e+06  -3.283054730762371e+04  -2.345876000619852e+03  -1.623168429047701e-01  -1.386728690067726e-01  -4.498053604159046e-04
  1.404999999999992e+00  -8.123719836907734e+06  -4.895666423305149e+06  -9.140531498391603e+05  -3.273100309198423e+06  -3.249115216089641e+04  -8.180207096331173e+02  -1.628944514478319e-01  -1.352039478351570e-01  -2.819011353184673e-04
  1.409999999999992e+00  -8.139297746953522e+06  -4.880977447339304e+06  -9.412360109542310e+05  -3.252031020040127e+06  -3.277082712918440e+04  3.807172905937422e+02  -1.635970772081637e-01  -1.318553189701743e-01  -2.805257787100839e-04
  1.414999999999992e+00  -8.152211145943555e+06  -4.865292534024943e+06  -9.667780074015452e+05  -3.231357599459943e+06  -3.449717697051469e+04  2.569471729434584e+03  -1.639664645621044e-01  -1.284390681646697e-01  -3.110364744211978e-04
  1.419999999999992e+00  -8.166855438296187e+06  -4.850378772014031e+06  -9.933543010798231e+05  -3.211876900523446e+06  -3.602533679957681e+04  2.255676962183058e+03  -1.646710093912938e-01  -1.252201022105026e-01  -4.973577847355933e-04
  1.424999999999992e+00  -8.181158392596574e+06  -4.835146446969323e+06  -1.019360676165356e+06  -3.193081809985179e+06  -3.783996945708420e+04  7.599508919969754e+02  -1.653166618731415e-01  -1.220587592762274e-01  -7.047160106506439e-04
  1.429999999999992e+00  -8.195045338312747e+06  -4.819312619925277e+06  -1.044398847150968e+06  -3.174920284135075e+06  -3.949503603503140e+04  -1.851962957692113e+03  -1.659057112757656e-01  -1.189233148197993e-01  -9.070307861209573e-04
  1.434999999999991e+00  -8.209064572337102e+06  -4.802045376751720e+06  -1.067474679955321e+06  -3.157528770734418e+06  -4.081285720157030e+04  -2.732052867268723e+03  -1.660873838103707e-01  -1.156228092839070e-01  -8.650478011203537e-04
  1.439999999999991e+00  -8.222876180878868e+06  -4.784912610589782e+06  -1.090436339661209e+06  -3.140298927858260e+06  -4.111509476574275e+04  -6.711822073951999e+03  -1.666019606693218e-01  -1.125638667833486e-01  -9.907861933454408e-04
  1.444999999999991e+00  -8.236817858333242e+06  -4.766969696145428e+06  -1.111962877865363e+06  -3.123397552795601e+06  -4.044545572954811e+04  -1.089104273492872e+04  -1.670350914493219e-01  -1.095420877285490e-01  -1.059734151000222e-03
  1.449999999999991e+00  -8.250563010989805e+06  -4.747984107722914e+06  -1.131944304203061e+06  -3.106986560803270e+06  -3.866665399585645e+04  -1.506064746091733e+04  -1.673933575160619e-01  -1.065454484357680e-01  -1.052185692126791e-03
  1.454999999999991e+00  -8.264809029915000e+06  -4.727369845630788e+06  -1.150075391945114e+06  -3.091378803792325e+06  -3.648204494899631e+04  -1.769946649254128e+04  -1.674993251643304e-01  -1.034774956366991e-01  -7.649968788044651e-04
  1.459999999999991e+00  -8.277896583253114e+06  -4.705348266685618e+06  -1.166980686001533e+06  -3.075984616574929e+06  -3.302711451364897e+04  -2.204644349567324e+04  -1.677830190515968e-01  -1.005302036111225e-01  -6.554604736234751e-04
  1.464999999999991e+00  -8.289882597817149e+06  -4.681380403950262e+06  -1.181531709771774e+06  -3.061283255930836e+06  -2.912330850947835e+04  -2.603075245914115e+04  -1.679390614890195e-01  -9.753773291067723e-02  -4.894022111564803e-04
  1.469999999999991e+00  -8.301035440645407e+06  -4.655776311124831e+06  -1.193778380966017e+06  -3.047365258042797e+06  -2.500562566095920e+04  -2.953432688885557e+04  -1.679827246445325e-01  -9.451118657897192e-02  -2.843248467896631e-04
  1.474999999999991e+00  -8.314941385495282e+06  -4.628259683388135e+06  -1.204664897223129e+06  -3.034211588852224e+06  -2.262161299181122e+04  -3.213807265777084e+04  -1.680764695800551e-01  -9.154976028754308e-02  -7.778018890105026e-05
  1.479999999999990e+00  -8.325375475824336e+06  -4.600325018730373e+06  -1.213632954018085e+06  -3.022154573499591e+06  -1.922902206482461e+04  -3.444225664670334e+04  -1.681109268705629e-01  -8.854197666100422e-02  4.252392306881690e-05
  1.484999999999990e+00  -8.334916867446650e+06  -4.572194416219255e+06  -1.221915527317672e+06  -3.011324207124049e+06  -1.638143179953700e+04  -3.596758894480416e+04  -1.681910460019565e-01  -8.558478659851614e-02  1.225056103049076e-04
  1.489999999999990e+00  -8.349142214763218e+06  -4.544467262089282e+06  -1.230597560610945e+06  -3.001086360947631e+06  -1.574852746944618e+04  -3.686439969737510e+04  -1.684460745388565e-01  -8.282593594128528e-02  1.715955368530868e-04
  1.494999999999990e+00  -8.359362299056169e+06  -4.518749276967233e+06  -1.240559016543605e+06  -2.992273339545511e+06  -1.390230434897931e+04  -3.722750313986156e+04  -1.686748237797370e-01  -8.013883423693141e-02  1.739482553874181e-04
  1.499999999999990e+00  -8.370575694823883e+06  -4.494917557095736e+06  -1.251842809453429e+06  -2.984320181624993e+06  -1.267138848372786e+04  -3.684337305307735e+04  -1.690105092770705e-01  -7.766076217098071e-02  1.257293890147399e-04
  1.504999999999990e+00  -8.382818611727228e+06  -4.472501517898296e+06  -1.263925092958033e+06  -2.977248641010099e+06  -1.204777868911934e+04  -3.588947077722822e+04  -1.694945127839508e-01  -7.537669974696479e-02  3.571793825649333e-05
  1.509999999999990e+00  -8.399058240093671e+06  -4.450695815201933e+06  -1.274381034302249e+06  -2.970990786793565e+06  -1.268420175115766e+04  -3.422654347474648e+04  -1.700763153865026e-01  -7.312442509698813e-02  2.831722606482650e-05
  1.514999999999990e+00  -8.412034876108376e+06  -4.428913305587959e+06  -1.286348828272178e+06  -2.966000795213743e+06  -1.293070097577431e+04  -3.285881236284980e+04  -1.708591916007721e-01  -7.103905735213958e-02  -1.321857257303704e-04
  1.519999999999990e+00  -8.425922118997838e+06  -4.406279313426190e+06  -1.297558382822823e+06  -2.961725573113620e+06  -1.395966047131343e+04  -3.162899013682487e+04  -1.717624328591104e-01  -6.900393394374861e-02  -3.244729961204363e-04
  1.524999999999989e+00  -8.440440394129636e+06  -4.381798813525246e+06  -1.307350050777894e+06  -2.958166151447377e+06  -1.574210235200001e+04  -3.070118047124977e+04  -1.727533371380328e-01  -6.693729388638216e-02  -5.106522976927838e-04
  1.529999999999989e+00  -8.456123098262429e+06  -4.354844079923086e+06  -1.314289184202751e+06  -2.956108041317919e+06  -1.754317547406641e+04  -2.933039021452303e+04  -1.736422841095413e-01  -6.454121134138925e-02  -5.653192549535449e-04
  1.534999999999989e+00  -8.470945253248710e+06  -4.324982961088406e+06  -1.321366483617124e+06  -2.954155866688358e+06  -1.980666301414475e+04  -2.968247626975556e+04  -1.747363882481950e-01  -6.227112045895301e-02  -6.552921110748723e-04
  1.539999999999989e+00  -8.486466879466470e+06  -4.292733256625504e+06  -1.327085678741930e+06  -2.952644588685069e+06  -2.203013988779487e+04  -3.079795601492241e+04  -1.758023140872037e-01  -5.989583645659471e-02  -6.392896423479005e-04
  1.544999999999989e+00  -8.502637093078917e+06  -4.258443368749592e+06  -1.331715312277822e+06  -2.951568150029354e+06  -2.399838015274625e+04  -3.234884144004987e+04  -1.768164196966377e-01  -5.742133870187516e-02  -5.484154934021364e-04
  1.549999999999989e+00  -8.519914388473051e+06  -4.222651290237368e+06  -1.336394027368235e+06  -2.951839609261570e+06  -2.484939072365368e+04  -3.331195259222030e+04  -1.777138277288397e-01  -5.470832808654493e-02  -4.805734385861312e-04
  1.554999999999989e+00  -8.536890748097884e+06  -4.185053250729653e+06  -1.339660279595849e+06  -2.951796761251105e+06  -2.625184639648935e+04  -3.461534660008186e+04  -1.786835653262348e-01  -5.212219888801221e-02  -3.862027693748472e-04
  1.559999999999989e+00  -8.554375739318028e+06  -4.146751271193076e+06  -1.342417772998363e+06  -2.952234530343875e+06  -2.730315296877301e+04  -3.518926713410552e+04  -1.795839773326049e-01  -4.950233760064486e-02  -3.087704388219319e-04
  1.564999999999989e+00  -8.572674960909655e+06  -4.108460074235850e+06  -1.345018416419549e+06  -2.953010023326210e+06  -2.790469394693318e+04  -3.497044784394833e+04  -1.803987587685982e-01  -4.689597190707721e-02  -2.340963734271201e-04
  1.569999999999989e+00  -8.592291080650760e+06  -4.070866812430295e+06  -1.349667223423124e+06  -2.954572138846534e+06  -2.751078406464373e+04  -3.503520185404861e+04  -1.812901455216998e-01  -4.431579802820579e-02  -2.608761132181960e-04
  1.574999999999988e+00  -8.612175716343591e+06  -4.033800291347108e+06  -1.352643191486360e+06  -2.955922830747407e+06  -2.727195555522290e+04  -3.377156982685560e+04  -1.820070627436776e-01  -4.187312066005202e-02  -1.653062311124836e-04
  1.579999999999988e+00  -8.632870174711490e+06  -3.997919131527200e+06  -1.355755966519601e+06  -2.957543235381286e+06  -2.652056603506698e+04  -3.202614990995259e+04  -1.826724036710332e-01  -3.951179558136187e-02  -6.903539895054584e-05
  1.584999999999988e+00  -8.653715291783405e+06  -3.963179183647511e+06  -1.361666496965884e+06  -2.960102841118775e+06  -2.544426540126367e+04  -3.141707970924349e+04  -1.836031143084726e-01  -3.725882132623931e-02  -1.826198845488106e-04
  1.589999999999988e+00  -8.674499332241727e+06  -3.929482674121486e+06  -1.365392884372615e+06  -2.962671331782193e+06  -2.446036442922509e+04  -2.922333627442006e+04  -1.842943936236117e-01  -3.510112363829537e-02  -1.532417045604518e-04
  1.594999999999988e+00  -8.694748799678661e+06  -3.896821139539460e+06  -1.369795584575447e+06  -2.965879110340767e+06  -2.360364476928286e+04  -2.702939473672408e+04  -1.850573073737077e-01  -3.302415464363530e-02  -2.057288325582743e-04
  1.599999999999988e+00  -8.714328233194172e+06  -3.865173022214700e+06  -1.375179262830809e+06  -2.969733556579526e+06  -2.315820290514017e+04  -2.494718822486443e+04  -1.859097387278041e-01  -3.103540232626322e-02  -3.643420138796497e-04
  1.604999999999988e+00  -8.732633558799107e+06  -3.834066282854952e+06  -1.382744306565952e+06  -2.974820000864706e+06  -2.350338949483531e+04  -2.396300365837066e+04  -1.870102793290457e-01  -2.913123487048228e-02  -6.990178874938757e-04
  1.609999999999988e+00  -8.750286297581084e+06  -3.804047769331436e+06  -1.389467746042096e+06  -2.979938035141087e+06  -2.417578376411881e+04  -2.237365842628516e+04  -1.879865907884049e-01  -2.729785190298519e-02  -9.751209188153130e-04
  1.614999999999988e+00  -8.766775343681643e+06  -3.774618082490992e+06  -1.397080063058678e+06  -2.985582748509862e+06  -2.527614919562513e+04  -2.149849183238907e+04  -1.890584227323105e-01  -2.551956699137305e-02  -1.303753966856524e-03
  1.619999999999987e+00  -8.781971072686113e+06  -3.745635928882176e+06  -1.405578050373252e+06  -2.991682178945390e+06  -2.653706264830951e+04  -2.163869927901784e+04  -1.902087593162101e-01  -2.377686125276968e-02  -1.642205046204088e-03
  1.624999999999987e+00  -8.796154000216119e+06  -3.717016677715143e+06  -1.415025100871968e+06  -2.998518928935949e+06  -2.775356162090355e+04  -2.249808470855521e+04  -1.912865954030701e-01  -2.204895356432867e-02  -1.886343992607760e-03
  1.629999999999987e+00  -8.809902747731997e+06  -3.689480725766155e+06  -1.425404441497162e+06  -3.004732112565458e+06  -2.847631944313816e+04  -2.496727214702303e+04  -1.923694415087624e-01  -2.039446644229720e-02  -2.089314702925274e-03
  1.634999999999987e+00  -8.823793185308471e+06  -3.662937526781891e+06  -1.437181567124845e+06  -3.010500981052228e+06  -2.869904110154872e+04  -2.876315733442742e+04  -1.933270399188686e-01  -1.879841520446178e-02  -2.226334178329209e-03
  1.639999999999987e+00  -8.837961396120146e+06  -3.637038142459866e+06  -1.449937411737336e+06  -3.015736475952389e+06  -2.857294311461546e+04  -3.341675220007719e+04  -1.941080488633298e-01  -1.724341508385032e-02  -2.299495004726323e-03
  1.644999999999987e+00  -8.851490910389321e+06  -3.610863911200725e+06  -1.461399032604361e+06  -3.021116475472513e+06  -2.831498167716715e+04  -3.707105447122922e+04  -1.946663805410937e-01  -1.563761076214709e-02  -2.192229027511755e-03
  1.649999999999987e+00  -8.864388423032125e+06  -3.583842446977105e+06  -1.473722960397524e+06  -3.025998709082729e+06  -2.783454538613504e+04  -4.209281242708567e+04  -1.952300552838098e-01  -1.401076337914442e-02  -2.163283184759549e-03
  1.654999999999987e+00  -8.875186481361523e+06  -3.554763532832340e+06  -1.484901102928517e+06  -3.031449068618626e+06  -2.728470252602493e+04  -4.674491307204759e+04  -1.957766233060637e-01  -1.225245885201094e-02  -2.086886826362125e-03
  1.659999999999987e+00  -8.883444022121307e+06  -3.523991490929760e+06  -1.493275631469696e+06  -3.037832987136710e+06  -2.658430034056072e+04  -5.002023315614513e+04  -1.963495671049771e-01  -1.038959316328469e-02  -1.877632046864797e-03
  1.664999999999986e+00  -8.889375822644684e+06  -3.490574371360749e+06  -1.501730351695614e+06  -3.044996587965989e+06  -2.576246180400750e+04  -5.350858045726493e+04  -1.970039947280731e-01  -8.393379352128942e-03  -1.741506378135668e-03
  1.669999999999986e+00  -8.893289343462637e+06  -3.455680639821307e+06  -1.508762590854562e+06  -3.053052460826836e+06  -2.476019898976324e+04  -5.596137002447775e+04  -1.976749975581388e-01  -6.311424162241713e-03  -1.550441256674685e-03
  1.674999999999986e+00  -8.896218250786645e+06  -3.420342782104437e+06  -1.514320694928105e+06  -3.061639742838685e+06  -2.347524368590171e+04  -5.747802865667202e+04  -1.983118228842157e-01  -4.214433115991365e-03  -1.285437552465237e-03
  1.679999999999986e+00  -8.899182883174226e+06  -3.385535165000139e+06  -1.518339699145206e+06  -3.070301668350329e+06  -2.201896692751292e+04  -5.897648474389684e+04  -1.990146258426302e-01  -2.315822634973783e-03  -1.012667046198953e-03
  1.684999999999986e+00  -8.902219166269949e+06  -3.351121109235896e+06  -1.521149216628346e+06  -3.079267197336539e+06  -2.044575414655073e+04  -5.936629831356536e+04  -1.995228275861452e-01  -3.261757958456842e-04  -7.023796857116203e-04
  1.689999999999986e+00  -8.905922799434803e+06  -3.317897625366325e+06  -1.522323691260522e+06  -3.088262997442681e+06  -1.907435552516205e+04  -5.911236950302235e+04  -1.999459203636537e-01  1.578627300935142e-03  -4.288069155464801e-04
  1.694999999999986e+00  -8.910774526458083e+06  -3.286138275098328e+06  -1.522392035106513e+06  -3.097217075981547e+06  -1.824782149794343e+04  -5.832622903449806e+04  -2.002792585254729e-01  3.371772912090428e-03  -2.468394935420338e-04
  1.699999999999986e+00  -8.917582894405687e+06  -3.255863076294876e+06  -1.523239360640469e+06  -3.105566485201024e+06  -1.857034470548858e+04  -5.832475729830647e+04  -2.006628356978375e-01  4.911603422831565e-03  -2.562155207861853e-04
  1.704999999999986e+00  -8.926087223479996e+06  -3.227916533806511e+06  -1.523177058616992e+06  -3.114054177355433e+06  -1.929784214348485e+04  -5.704722112722590e+04  -2.007470710922520e-01  6.465086169525317e-03  -2.796491628539370e-04
  1.709999999999986e+00  -8.936601158676159e+06  -3.201880805051254e+06  -1.523842553260375e+06  -3.122305727154295e+06  -2.085357084308468e+04  -5.581145804830765e+04  -2.007380390771519e-01  7.867180327261311e-03  -4.031300604331456e-04
  1.714999999999985e+00  -8.948820627684861e+06  -3.177533539052070e+06  -1.525655834054808e+06  -3.130372965030121e+06  -2.314684572871396e+04  -5.479193963183447e+04  -2.006780310182165e-01  9.130592532805926e-03  -6.097045166865844e-04
  1.719999999999985e+00  -8.961860362066956e+06  -3.154576814439472e+06  -1.529249785407699e+06  -3.137908032892538e+06  -2.588832880165586e+04  -5.470558014471126e+04  -2.006441891477427e-01  1.031078347441840e-02  -8.363632798315142e-04
  1.724999999999985e+00  -8.975552437516699e+06  -3.132929489781141e+06  -1.533555399455116e+06  -3.146059018104434e+06  -2.892775396991335e+04  -5.417954529058209e+04  -2.005751988864050e-01  1.139300072260514e-02  -1.104975481035569e-03
  1.729999999999985e+00  -8.989159297456646e+06  -3.111869612416323e+06  -1.539092186398137e+06  -3.154435536673361e+06  -3.215689566551013e+04  -5.408989048238131e+04  -2.006148469361263e-01  1.240285624131819e-02  -1.396304082280785e-03
  1.734999999999985e+00  -9.001023532763327e+06  -3.091069042210480e+06  -1.544959797566809e+06  -3.163120441633889e+06  -3.477892592006052e+04  -5.433967041062290e+04  -2.007142367816551e-01  1.350145346676058e-02  -1.577570667503114e-03
  1.739999999999985e+00  -9.012259432099912e+06  -3.069834985281415e+06  -1.551313293296794e+06  -3.172706833141669e+06  -3.768179775918482e+04  -5.455417927857865e+04  -2.010390877365115e-01  1.447755782399806e-02  -1.853663774614547e-03
  1.744999999999985e+00  -9.021481233459665e+06  -3.047479481752852e+06  -1.557264136949277e+06  -3.183224670983709e+06  -4.033153573541221e+04  -5.477273241822436e+04  -2.015743877315594e-01  1.549916802949369e-02  -2.113251355558316e-03
  1.749999999999985e+00  -9.028404417835556e+06  -3.023755030342726e+06  -1.562352695157346e+06  -3.194815236064713e+06  -4.249353418762316e+04  -5.494066041349832e+04  -2.023085430525738e-01  1.660377516615702e-02  -2.320372950094614e-03
  1.754999999999985e+00  -9.031711219323309e+06  -2.999021183287345e+06  -1.565975809846283e+06  -3.207592684243276e+06  -4.302954151783002e+04  -5.497893553921094e+04  -2.031356125261463e-01  1.785736241926823e-02  -2.353801854598897e-03
  1.759999999999984e+00  -9.034654611151844e+06  -2.972790255908479e+06  -1.569115879918763e+06  -3.221191685964819e+06  -4.357328690682898e+04  -5.532837598828456e+04  -2.041699405066504e-01  1.909578748110454e-02  -2.392269332048700e-03
  1.764999999999984e+00  -9.036408661602587e+06  -2.945760482411993e+06  -1.571295397722195e+06  -3.235533368651417e+06  -4.317934985691196e+04  -5.581821228022971e+04  -2.052472224639404e-01  2.040743688571126e-02  -2.309842737202430e-03
  1.769999999999984e+00  -9.037376557567187e+06  -2.918160403517988e+06  -1.572467764734700e+06  -3.250479743217065e+06  -4.195374889542042e+04  -5.639672324111508e+04  -2.063257767353982e-01  2.177223146812001e-02  -2.114154850362275e-03
  1.774999999999984e+00  -9.037082035090590e+06  -2.890214087587749e+06  -1.573385795935874e+06  -3.265987473757579e+06  -3.987749646674800e+04  -5.740747557026817e+04  -2.075072212949301e-01  2.305925372080674e-02  -1.899748303766383e-03
  1.779999999999984e+00  -9.037321300095849e+06  -2.861735268282153e+06  -1.572677675112784e+06  -3.281851007586421e+06  -3.788606998912973e+04  -5.817119159830971e+04  -2.085753557975325e-01  2.444041053443476e-02  -1.598579490851865e-03
  1.784999999999984e+00  -9.037238333119752e+06  -2.833086477188133e+06  -1.571044929228717e+06  -3.298070656132108e+06  -3.585589599132185e+04  -5.885745108557222e+04  -2.096162920551490e-01  2.581374265686921e-02  -1.278957065154802e-03
  1.789999999999984e+00  -9.037082963743841e+06  -2.804572862661530e+06  -1.568854361342202e+06  -3.314501401879617e+06  -3.400582126262622e+04  -5.954430522337266e+04  -2.106288937172376e-01  2.713981943917568e-02  -9.735227540552904e-04
  1.794999999999984e+00  -9.038215210967055e+06  -2.776780164136280e+06  -1.567765721565020e+06  -3.330775713429645e+06  -3.287848470735086e+04  -6.103106253505579e+04  -2.117295138811327e-01  2.821119513955924e-02  -8.313977214572718e-04
  1.799999999999984e+00  -9.039274564356437e+06  -2.749732766462903e+06  -1.565359925550165e+06  -3.347121847432232e+06  -3.210853498488736e+04  -6.170177482401569e+04  -2.125982788199341e-01  2.933682870447593e-02  -6.336406096093857e-04
  1.804999999999984e+00  -9.041099805218488e+06  -2.723831808194931e+06  -1.563253861040380e+06  -3.363263867785964e+06  -3.201198875734340e+04  -6.227817813593048e+04  -2.134064905399776e-01  3.031395036797723e-02  -5.247357729463136e-04
  1.809999999999983e+00  -9.045079980215561e+06  -2.699316407645239e+06  -1.562038834678382e+06  -3.379032866511412e+06  -3.291582827305581e+04  -6.345284389366244e+04  -2.142380568801756e-01  3.102210984075333e-02  -5.725327853634443e-04
  1.814999999999983e+00  -9.048486135591775e+06  -2.676142535351573e+06  -1.560373450728349e+06  -3.394717540387996e+06  -3.411213490340057e+04  -6.372010262582556e+04  -2.148976204360722e-01  3.169532965123473e-02  -6.069073275238311e-04
  1.819999999999983e+00  -9.052713122535650e+06  -2.654355611253566e+06  -1.559323667296784e+06  -3.410096254980615e+06  -3.576024021575992e+04  -6.403985622204334e+04  -2.155291402017151e-01  3.219383594589140e-02  -7.044055729317456e-04
  1.824999999999983e+00  -9.058035958482869e+06  -2.633992229161946e+06  -1.559136469076268e+06  -3.425129240629177e+06  -3.772653821243547e+04  -6.452362572837327e+04  -2.161134572004128e-01  3.251893595733154e-02  -8.418037708284252e-04
  1.829999999999983e+00  -9.064503252613615e+06  -2.614785401828068e+06  -1.559045640888816e+06  -3.440329053290926e+06  -3.998184090578920e+04  -6.516449507112436e+04  -2.166117684050564e-01  3.275759382654374e-02  -9.865727974816610e-04
  1.834999999999983e+00  -9.071140759421408e+06  -2.596480619326837e+06  -1.560188765252816e+06  -3.455145168388128e+06  -4.212735547322720e+04  -6.592904602177450e+04  -2.171033619273053e-01  3.285385466064969e-02  -1.118688192549175e-03
  1.839999999999983e+00  -9.077906086293772e+06  -2.578505261399740e+06  -1.561887764170420e+06  -3.470116466744161e+06  -4.424976404780010e+04  -6.690809814938845e+04  -2.176067938234748e-01  3.287998031512897e-02  -1.245027214749177e-03
  1.844999999999983e+00  -9.084185213980772e+06  -2.560390029250016e+06  -1.563821308144079e+06  -3.485525619589635e+06  -4.626425727488814e+04  -6.801437362144855e+04  -2.181466694963816e-01  3.288576344745553e-02  -1.347019575004563e-03
  1.849999999999983e+00  -9.089151736653268e+06  -2.541762349491528e+06  -1.564379986315620e+06  -3.502020651207353e+06  -4.776128432191310e+04  -6.866701628457867e+04  -2.186273998684667e-01  3.302992117874742e-02  -1.344871186463737e-03
  1.854999999999982e+00  -9.093514704591226e+06  -2.522486395854142e+06  -1.565788054703234e+06  -3.518651699196360e+06  -4.911821368481105e+04  -6.989927201828272e+04  -2.192544095451105e-01  3.307986694209442e-02  -1.337853359657362e-03
  1.859999999999982e+00  -9.096688508813379e+06  -2.502367720802546e+06  -1.566473351071627e+06  -3.536044315104593e+06  -5.004534514623961e+04  -7.116878771839439e+04  -2.199124356274623e-01  3.318619901344681e-02  -1.258292099392326e-03
  1.864999999999982e+00  -9.098686781823481e+06  -2.481405984214348e+06  -1.566173413987647e+06  -3.554196490087778e+06  -5.050696991615754e+04  -7.238412198409237e+04  -2.205819973959961e-01  3.335776212694996e-02  -1.107111135533378e-03
  1.869999999999982e+00  -9.099379282454804e+06  -2.459818347544754e+06  -1.564680813574841e+06  -3.573047327443241e+06  -5.007104467466038e+04  -7.323404819971517e+04  -2.211959527016941e-01  3.363624881322587e-02  -9.006376208240353e-04
  1.874999999999982e+00  -9.099101030759797e+06  -2.437364150195802e+06  -1.562451673178597e+06  -3.592446968185012e+06  -4.958388616558207e+04  -7.439339036468040e+04  -2.218882233115275e-01  3.390803735134001e-02  -6.583604482243322e-04
  1.879999999999982e+00  -9.097843987720821e+06  -2.414528896542273e+06  -1.559263441564571e+06  -3.612385661638265e+06  -4.870211521607817e+04  -7.534832978689596e+04  -2.225572465174615e-01  3.422313783406855e-02  -3.906283619974380e-04
  1.884999999999982e+00  -9.095710914051915e+06  -2.391502986309386e+06  -1.555317324104995e+06  -3.632752358735346e+06  -4.757760966097654e+04  -7.592230356104106e+04  -2.231956633031039e-01  3.456409078863268e-02  -1.274811709369226e-04
  1.889999999999982e+00  -9.093099743411370e+06  -2.368781485215038e+06  -1.551560971989083e+06  -3.652954116533882e+06  -4.623481172296426e+04  -7.615828147688560e+04  -2.238067240482544e-01  3.488365050291745e-02  6.741655227366818e-05
  1.894999999999982e+00  -9.089748104870651e+06  -2.345833051848891e+06  -1.546749726704809e+06  -3.673777638920240e+06  -4.507398059798248e+04  -7.591922576118256e+04  -2.243836570842171e-01  3.523652756252563e-02  2.680977459231916e-04
  1.899999999999981e+00  -9.086038776814701e+06  -2.323065710994508e+06  -1.541572779840204e+06  -3.694728560965198e+06  -4.399763864090777e+04  -7.517542731739319e+04  -2.249201690391492e-01  3.558990570633627e-02  4.248275124137965e-04
  1.904999999999981e+00  -9.081770246629864e+06  -2.300598952236020e+06  -1.536903107416442e+06  -3.715481865450085e+06  -4.322019656915585e+04  -7.430600697795689e+04  -2.254827107326429e-01  3.591589286129161e-02  4.764911895765114e-04
  1.909999999999981e+00  -9.077278015155088e+06  -2.278201983872472e+06  -1.531075148905690e+06  -3.736625863662690e+06  -4.259355853739627e+04  -7.268635968166680e+04  -2.259746348761994e-01  3.627649933059320e-02  5.189998783815666e-04
  1.914999999999981e+00  -9.072612938083814e+06  -2.256144673244267e+06  -1.525021510554611e+06  -3.757727162237579e+06  -4.215452639532153e+04  -7.072579787958755e+04  -2.264494700429497e-01  3.663340831001149e-02  4.985055126559248e-04
  1.919999999999981e+00  -9.068020989715569e+06  -2.234668388223771e+06  -1.519109494958321e+06  -3.778670371903903e+06  -4.183985152077822e+04  -6.863962145391165e+04  -2.268978215812157e-01  3.697798703466554e-02  4.195613866582620e-04
  1.924999999999981e+00  -9.063367124174064e+06  -2.214328959259194e+06  -1.514902913111105e+06  -3.799300496912051e+06  -4.199968465814672e+04  -6.699729882218172e+04  -2.273153557872860e-01  3.727861195419069e-02  2.763262920968702e-04
  1.929999999999981e+00  -9.060277409895927e+06  -2.195251268680053e+06  -1.510694217637646e+06  -3.819365799366176e+06  -4.179955635067674e+04  -6.523855494610032e+04  -2.276071667651478e-01  3.754286095206330e-02  1.285907462978751e-04
  1.934999999999981e+00  -9.058596064469878e+06  -2.177865420665339e+06  -1.508074802926664e+06  -3.838651962480535e+06  -4.154107491990986e+04  -6.397160279162740e+04  -2.277794175101761e-01  3.773204642145041e-02  -4.222437199966387e-05
  1.939999999999981e+00  -9.058454353172822e+06  -2.162309662141392e+06  -1.507299684424355e+06  -3.857033520317821e+06  -4.125158558291395e+04  -6.327716642858903e+04  -2.278173246347023e-01  3.783343279966219e-02  -2.290948969884718e-04
  1.944999999999981e+00  -9.059319017215319e+06  -2.148973485195450e+06  -1.508329935296045e+06  -3.874407717465149e+06  -4.123121007770664e+04  -6.316953627445575e+04  -2.277009117904350e-01  3.783488441466182e-02  -3.553648610956153e-04
  1.949999999999980e+00  -9.061584916607376e+06  -2.136624133422776e+06  -1.510376181549407e+06  -3.890921306276366e+06  -4.093360092263002e+04  -6.347625964101767e+04  -2.274993229123368e-01  3.777146100525468e-02  -5.318075424101164e-04
  1.954999999999980e+00  -9.064043022108465e+06  -2.125156201243910e+06  -1.513313704523016e+06  -3.906746683454277e+06  -4.073152498739598e+04  -6.416079850192423e+04  -2.272380580802320e-01  3.765411179980071e-02  -7.043835164254201e-04
  1.959999999999980e+00  -9.065895420818062e+06  -2.113971080178918e+06  -1.516540182816602e+06  -3.922134311199170e+06  -4.063592657932956e+04  -6.509080203787121e+04  -2.269645490281940e-01  3.751747906616215e-02  -8.591501512489473e-04
  1.964999999999980e+00  -9.066392595750701e+06  -2.102847823213665e+06  -1.518796919030212e+06  -3.937265861054676e+06  -4.054964496059650e+04  -6.598428451935841e+04  -2.266811062085396e-01  3.738627794564450e-02  -8.950823759578134e-04
  1.969999999999980e+00  -9.064840641544521e+06  -2.090271800245304e+06  -1.520845031831285e+06  -3.952667253865606e+06  -4.060259582360586e+04  -6.702708733459159e+04  -2.265221989687286e-01  3.732183559782060e-02  -9.963768041387968e-04
  1.974999999999980e+00  -9.060792813806823e+06  -2.076362144408062e+06  -1.521789002012897e+06  -3.968448597815100e+06  -4.074494270189648e+04  -6.803945142367772e+04  -2.264628666224995e-01  3.733986626696185e-02  -1.047986575636851e-03
  1.979999999999980e+00  -9.054408606303947e+06  -2.061241527385984e+06  -1.521054888807167e+06  -3.984611409170860e+06  -4.079373672273930e+04  -6.878807088408248e+04  -2.264988651271606e-01  3.740403403442851e-02  -1.017553020249718e-03
  1.984999999999980e+00  -9.045312420488112e+06  -2.044254368136953e+06  -1.519505178967754e+06  -4.001475879322405e+06  -4.106532446304756e+04  -6.956962680350052e+04  -2.266633696004680e-01  3.760357567655177e-02  -9.967983560232238e-04
  1.989999999999980e+00  -9.034202816007191e+06  -2.026080249693398e+06  -1.516807979708942e+06  -4.018817314046051e+06  -4.137577439289802e+04  -7.018497553253577e+04  -2.269076286044595e-01  3.787911248682212e-02  -9.273759960582467e-04
  1.994999999999979e+00  -9.021570855061419e+06  -2.007063867196070e+06  -1.513177032802587e+06  -4.036511215259464e+06  -4.168623006619440e+04  -7.058627672054163e+04  -2.272150324525506e-01  3.820376231232595e-02  -8.205460566155891e-04
  1.999999999999979e+00  -9.007662358360821e+06  -1.987485091081780e+06  -1.509047378973935e+06  -4.054494064603760e+06  -4.185197484448060e+04  -7.066544130736229e+04  -2.276763570516829e-01  3.849685703788090e-02  -7.312501738444920e-04
